1:ItNr	2:Metric	2:Metric0	2:Metric1	3a:Time	3b:StepSize	4:||Gradient0||	4:||Gradient1||	4:||Gradient||	Time0[ms]	Time1[ms]	Time[ms]
0	-0.429811	-0.429813	0.000000	0.000000	1589.327614	0.001328	0.000000	0.001328	9.1	41.9	472.6
1	-0.438869	-0.438870	0.000000	0.000000	1589.327614	0.001641	0.000000	0.001641	9.4	42.1	52.4
2	-0.437042	-0.437043	0.000000	0.000000	1589.327614	0.001334	0.000000	0.001334	9.0	41.5	51.6
3	-0.436940	-0.436942	0.000000	1.000000	1517.085452	0.001764	0.000000	0.001764	9.5	42.2	52.6
4	-0.440354	-0.440355	0.000000	0.826458	1529.147807	0.001578	0.000000	0.001578	9.7	41.9	52.5
5	-0.435952	-0.435954	0.000000	1.818410	1462.673364	0.001278	0.000000	0.001278	9.2	44.0	54.2
6	-0.433878	-0.433879	0.000000	1.277387	1498.195481	0.001484	0.000000	0.001484	14.7	69.6	85.3
7	-0.439435	-0.439436	0.000000	0.736364	1535.485905	0.001912	0.000000	0.001912	10.0	54.4	65.4
8	-0.435073	-0.435075	0.000000	0.195341	1574.680047	0.001343	0.000000	0.001343	10.0	46.6	57.6
9	-0.432304	-0.432305	0.000000	0.000000	1589.327614	0.001699	0.000000	0.001699	10.1	44.4	55.6
10	-0.437660	-0.437661	0.000000	0.073078	1583.816085	0.001300	0.000000	0.001299	10.1	42.3	53.4
11	-0.444629	-0.444630	0.000000	0.000000	1589.327614	0.001314	0.000000	0.001314	10.1	43.3	54.5
12	-0.434760	-0.434762	0.000000	0.983350	1518.234447	0.001511	0.000000	0.001511	9.8	48.4	59.1
13	-0.435891	-0.435893	0.000000	1.978397	1452.489492	0.001892	0.000000	0.001892	12.8	67.8	81.8
14	-0.443882	-0.443883	0.000000	1.439241	1487.388958	0.001341	0.000000	0.001341	10.6	51.1	62.7
15	-0.442513	-0.442514	0.000000	2.439241	1423.931744	0.001857	0.000000	0.001857	10.9	48.2	60.2
16	-0.433660	-0.433661	0.000000	1.898218	1457.575402	0.001237	0.000000	0.001237	10.4	43.0	54.3
17	-0.440940	-0.440942	0.000000	1.357208	1492.846476	0.002352	0.000000	0.002352	9.5	65.5	76.0
18	-0.443504	-0.443506	0.000000	2.357208	1428.932739	0.001618	0.000000	0.001618	12.0	53.9	67.2
19	-0.444117	-0.444119	0.000000	3.357208	1370.267037	0.001551	0.000000	0.001551	9.2	41.3	51.4
20	-0.448242	-0.448244	0.000000	4.357111	1316.233550	0.001339	0.000000	0.001339	9.6	42.4	52.9
21	-0.447875	-0.447877	0.000000	5.356976	1266.301574	0.001583	0.000000	0.001583	9.7	44.4	55.1
22	-0.443368	-0.443369	0.000000	4.819728	1292.650313	0.001651	0.000000	0.001651	9.5	39.9	50.3
23	-0.451988	-0.451990	0.000000	5.819728	1244.452572	0.001317	0.000000	0.001317	9.4	46.1	56.5
24	-0.442565	-0.442566	0.000000	6.819728	1199.719836	0.001446	0.000000	0.001446	10.7	49.9	61.5
25	-0.445702	-0.445703	0.000000	7.819728	1158.091413	0.001637	0.000000	0.001637	11.5	55.5	68.0
26	-0.443126	-0.443127	0.000000	7.278705	1180.247806	0.001395	0.000000	0.001395	11.4	53.0	65.6
27	-0.447836	-0.447838	0.000000	8.278705	1139.937013	0.001520	0.000000	0.001520	10.9	50.6	62.5
28	-0.444221	-0.444222	0.000000	9.278705	1102.288871	0.001393	0.000000	0.001393	11.0	49.0	61.0
29	-0.442266	-0.442268	0.000000	10.278705	1067.047999	0.001099	0.000000	0.001099	10.3	51.0	62.3
30	-0.447442	-0.447444	0.000000	11.278578	1033.994747	0.001289	0.000000	0.001289	10.0	51.9	63.0
31	-0.442381	-0.442383	0.000000	12.275827	1003.006788	0.001876	0.000000	0.001876	11.3	52.5	65.0
32	-0.451904	-0.451906	0.000000	13.275827	973.743984	0.002631	0.000000	0.002631	9.7	41.3	51.9
33	-0.443338	-0.443340	0.000000	14.275827	946.140266	0.002400	0.000000	0.002400	9.5	42.5	52.9
34	-0.447603	-0.447605	0.000000	15.275827	920.058427	0.002226	0.000000	0.002226	9.9	44.7	55.5
35	-0.441845	-0.441847	0.000000	16.275827	895.375985	0.001513	0.000000	0.001513	10.6	48.4	60.0
36	-0.446606	-0.446608	0.000000	17.275827	871.983257	0.001902	0.000000	0.001902	11.2	47.0	59.2
37	-0.441436	-0.441437	0.000000	18.275827	849.781732	0.002363	0.000000	0.002363	9.7	42.9	53.5
38	-0.447692	-0.447694	0.000000	19.275827	828.682680	0.001574	0.000000	0.001574	9.2	43.4	53.7
39	-0.441422	-0.441423	0.000000	20.174822	810.589538	0.001685	0.000000	0.001685	9.3	42.4	52.7
40	-0.440352	-0.440354	0.000000	21.174397	791.377764	0.001475	0.000000	0.001475	9.3	45.1	55.4
41	-0.442328	-0.442330	0.000000	22.174397	773.047971	0.001037	0.000000	0.001037	9.7	43.4	54.0
42	-0.440628	-0.440630	0.000000	23.174396	755.548074	0.001352	0.000000	0.001352	9.2	40.9	51.0
43	-0.446730	-0.446732	0.000000	22.633422	764.915482	0.001777	0.000000	0.001777	9.9	43.3	54.2
44	-0.444589	-0.444591	0.000000	23.633422	747.777753	0.001590	0.000000	0.001590	9.4	41.5	51.9
45	-0.449565	-0.449567	0.000000	24.633422	731.391128	0.001618	0.000000	0.001618	9.1	43.9	54.0
46	-0.447114	-0.447115	0.000000	25.633378	715.707960	0.001106	0.000000	0.001106	9.4	43.3	53.6
47	-0.446941	-0.446943	0.000000	25.092357	724.108771	0.001134	0.000000	0.001134	10.0	45.5	56.5
48	-0.438412	-0.438414	0.000000	25.071134	724.442327	0.001212	0.000000	0.001212	10.3	46.5	57.7
49	-0.447850	-0.447852	0.000000	25.238324	721.822868	0.001155	0.000000	0.001155	10.0	46.1	57.0
50	-0.442891	-0.442893	0.000000	26.238216	706.544038	0.001387	0.000000	0.001387	9.3	43.9	54.1
51	-0.447885	-0.447887	0.000000	25.697693	714.722242	0.001302	0.000000	0.001302	9.2	42.3	52.5
52	-0.441523	-0.441525	0.000000	26.697636	699.738654	0.001940	0.000000	0.001940	10.5	42.4	53.9
53	-0.447305	-0.447307	0.000000	27.697636	685.369607	0.001051	0.000000	0.001051	9.5	41.6	52.1
54	-0.456792	-0.456794	0.000000	28.697636	671.578818	0.001192	0.000000	0.001192	9.6	43.2	53.8
55	-0.445191	-0.445193	0.000000	29.693045	658.391694	0.002075	0.000000	0.002075	9.4	43.0	53.3
56	-0.443954	-0.443956	0.000000	30.693045	645.655138	0.001747	0.000000	0.001747	9.8	47.5	58.3
57	-0.441324	-0.441326	0.000000	31.693045	633.402000	0.001578	0.000000	0.001578	9.6	43.5	54.1
58	-0.452206	-0.452208	0.000000	32.693045	621.605277	0.001461	0.000000	0.001461	9.4	39.7	50.0
59	-0.446628	-0.446630	0.000000	33.693045	610.239933	0.001313	0.000000	0.001313	8.9	43.8	53.7
60	-0.447413	-0.447415	0.000000	33.152022	616.336727	0.001598	0.000000	0.001598	10.7	44.4	56.0
61	-0.446281	-0.446283	0.000000	34.152022	605.161493	0.001756	0.000000	0.001756	9.8	43.4	54.2
62	-0.449793	-0.449795	0.000000	35.152022	594.384294	0.001021	0.000000	0.001021	9.9	43.6	54.5
63	-0.443757	-0.443759	0.000000	36.152021	583.984241	0.001453	0.000000	0.001453	9.5	44.5	54.9
64	-0.440774	-0.440776	0.000000	37.152021	573.941869	0.001857	0.000000	0.001857	9.5	43.4	53.9
65	-0.457804	-0.457806	0.000000	38.152021	564.239042	0.001244	0.000000	0.001244	9.2	43.9	54.1
66	-0.448599	-0.448600	0.000000	39.151761	554.861224	0.002141	0.000000	0.002141	9.4	43.9	54.2
67	-0.448143	-0.448145	0.000000	40.151761	545.787712	0.002862	0.000000	0.002862	11.1	46.9	59.0
68	-0.452679	-0.452681	0.000000	41.151761	537.006179	0.001754	0.000000	0.001754	9.5	40.3	50.8
69	-0.450537	-0.450539	0.000000	42.151761	528.502756	0.001239	0.000000	0.001239	10.0	44.6	55.6
70	-0.441972	-0.441974	0.000000	41.610738	533.069579	0.001684	0.000000	0.001684	9.4	43.2	53.8
71	-0.453692	-0.453694	0.000000	42.610738	524.689397	0.001040	0.000000	0.001040	9.1	42.6	52.7
72	-0.451591	-0.451593	0.000000	42.647848	524.383481	0.001319	0.000000	0.001319	9.8	42.8	53.6
73	-0.447131	-0.447134	0.000000	43.472745	517.674252	0.001645	0.000000	0.001645	9.8	45.2	55.9
74	-0.449110	-0.449112	0.000000	44.472745	509.767538	0.001202	0.000000	0.001202	9.6	43.1	53.7
75	-0.451143	-0.451145	0.000000	44.008483	513.408069	0.001554	0.000000	0.001554	9.4	46.4	56.8
76	-0.447259	-0.447261	0.000000	43.467478	517.716545	0.001294	0.000000	0.001294	9.3	48.5	58.8
77	-0.452844	-0.452847	0.000000	42.926729	522.095849	0.000983	0.000000	0.000983	9.9	44.2	55.0
78	-0.433074	-0.433076	0.000000	42.388462	526.529260	0.001799	0.000000	0.001799	9.6	43.9	54.4
79	-0.457078	-0.457080	0.000000	43.292302	519.127154	0.001146	0.000000	0.001146	10.3	47.2	58.5
80	-0.443376	-0.443378	0.000000	42.798402	523.146015	0.001503	0.000000	0.001503	9.8	42.5	53.2
81	-0.450466	-0.450468	0.000000	42.257429	527.619927	0.001369	0.000000	0.001369	9.1	41.7	51.8
82	-0.457451	-0.457453	0.000000	41.716802	532.168076	0.001293	0.000000	0.001293	9.7	43.7	54.3
83	-0.435942	-0.435944	0.000000	41.177807	536.781230	0.001663	0.000000	0.001663	9.6	44.1	54.6
84	-0.449216	-0.449218	0.000000	42.177807	528.284873	0.001199	0.000000	0.001199	10.1	43.6	54.7
85	-0.451996	-0.451998	0.000000	41.636784	532.847915	0.001904	0.000000	0.001904	9.5	44.1	54.6
86	-0.450126	-0.450128	0.000000	42.636784	524.474646	0.002189	0.000000	0.002189	9.4	41.4	51.7
87	-0.445481	-0.445483	0.000000	43.636784	516.360464	0.001685	0.000000	0.001685	9.2	44.3	54.5
88	-0.450623	-0.450626	0.000000	44.636784	508.493526	0.001828	0.000000	0.001828	9.7	45.5	56.2
89	-0.447291	-0.447293	0.000000	45.636784	500.862703	0.001775	0.000000	0.001775	9.0	44.9	54.8
90	-0.451831	-0.451833	0.000000	46.636784	493.457521	0.001549	0.000000	0.001549	10.1	40.8	51.9
91	-0.450239	-0.450241	0.000000	47.636784	486.268118	0.001182	0.000000	0.001182	9.8	43.8	54.6
92	-0.450341	-0.450343	0.000000	47.300396	488.663052	0.001646	0.000000	0.001646	9.6	41.3	51.8
93	-0.457041	-0.457043	0.000000	46.759537	492.563577	0.001690	0.000000	0.001690	9.6	43.4	53.9
94	-0.447395	-0.447397	0.000000	47.759537	485.400010	0.002131	0.000000	0.002131	9.7	43.0	53.6
95	-0.455485	-0.455488	0.000000	47.218745	489.247928	0.002161	0.000000	0.002161	9.9	41.9	52.8
96	-0.447103	-0.447105	0.000000	48.218745	482.179786	0.001439	0.000000	0.001439	9.8	45.0	55.7
97	-0.452554	-0.452556	0.000000	49.218745	475.312962	0.002170	0.000000	0.002170	10.8	68.2	79.9
98	-0.457828	-0.457830	0.000000	50.218745	468.638975	0.001709	0.000000	0.001709	11.0	53.0	65.1
99	-0.444343	-0.444345	0.000000	51.218745	462.149816	0.001556	0.000000	0.001556	10.4	47.2	58.7
100	-0.450531	-0.450533	0.000000	50.677722	465.638119	0.001616	0.000000	0.001616	10.0	43.2	54.1
101	-0.449581	-0.449584	0.000000	51.677722	459.231230	0.001428	0.000000	0.001428	10.0	43.7	54.7
102	-0.442761	-0.442763	0.000000	52.677722	452.998260	0.001727	0.000000	0.001727	9.5	42.7	53.2
103	-0.445475	-0.445477	0.000000	52.136699	456.349279	0.001126	0.000000	0.001126	9.6	42.6	53.2
104	-0.450589	-0.450592	0.000000	53.135178	450.203003	0.001264	0.000000	0.001264	9.6	41.1	51.7
105	-0.452181	-0.452184	0.000000	54.133065	444.223590	0.001489	0.000000	0.001489	9.8	42.4	53.1
106	-0.449778	-0.449780	0.000000	55.133065	438.388759	0.001419	0.000000	0.001419	9.2	43.8	53.9
107	-0.448025	-0.448027	0.000000	56.133065	432.705220	0.001386	0.000000	0.001386	9.7	43.9	54.6
108	-0.451825	-0.451827	0.000000	57.133065	427.167165	0.001379	0.000000	0.001379	10.4	42.3	53.7
109	-0.447218	-0.447220	0.000000	56.592042	430.145657	0.001781	0.000000	0.001781	9.8	41.7	52.5
110	-0.454799	-0.454801	0.000000	57.592042	424.672512	0.001326	0.000000	0.001326	9.7	41.9	52.5
111	-0.457768	-0.457770	0.000000	58.592042	419.336897	0.000976	0.000000	0.000976	9.8	42.3	53.2
112	-0.450001	-0.450003	0.000000	58.051020	422.206823	0.002070	0.000000	0.002070	9.2	43.0	53.3
113	-0.448063	-0.448065	0.000000	59.051020	416.932601	0.001206	0.000000	0.001206	9.7	42.0	52.7
114	-0.450286	-0.450288	0.000000	60.050994	411.788655	0.001661	0.000000	0.001661	9.2	44.0	54.2
115	-0.452678	-0.452680	0.000000	59.512646	414.542081	0.001273	0.000000	0.001273	9.8	42.5	53.3
116	-0.447783	-0.447785	0.000000	60.512626	409.456567	0.002204	0.000000	0.002204	10.3	42.3	53.5
117	-0.447296	-0.447298	0.000000	61.512623	404.494231	0.001865	0.000000	0.001865	9.4	41.0	51.3
118	-0.454527	-0.454529	0.000000	62.512623	399.650721	0.001568	0.000000	0.001568	9.6	44.2	54.8
119	-0.450148	-0.450151	0.000000	61.971600	402.256676	0.001473	0.000000	0.001473	9.4	43.2	53.6
120	-0.448439	-0.448442	0.000000	61.430577	404.896835	0.001279	0.000000	0.001279	9.7	43.0	53.6
121	-0.449480	-0.449483	0.000000	62.430577	400.043736	0.001216	0.000000	0.001216	10.3	41.9	53.1
122	-0.445750	-0.445752	0.000000	61.906373	402.573152	0.001578	0.000000	0.001578	9.4	43.6	53.9
123	-0.448558	-0.448561	0.000000	62.906251	397.775845	0.001365	0.000000	0.001365	9.4	41.9	52.2
124	-0.452185	-0.452187	0.000000	63.906251	393.090962	0.001445	0.000000	0.001445	9.1	42.4	52.5
125	-0.455109	-0.455111	0.000000	63.365228	395.611801	0.001639	0.000000	0.001639	9.7	42.2	52.8
126	-0.450236	-0.450239	0.000000	64.365228	390.977458	0.001310	0.000000	0.001310	9.7	43.4	54.0
127	-0.445802	-0.445804	0.000000	65.365225	386.450447	0.001393	0.000000	0.001393	9.5	41.9	52.5
128	-0.456247	-0.456250	0.000000	66.365225	382.027058	0.001317	0.000000	0.001317	9.2	43.1	53.3
129	-0.449398	-0.449400	0.000000	67.161241	378.577699	0.001367	0.000000	0.001367	9.4	43.1	56.4
130	-0.460446	-0.460448	0.000000	68.161241	374.331709	0.002103	0.000000	0.002103	9.2	42.0	52.3
131	-0.445163	-0.445165	0.000000	69.161241	370.179906	0.002428	0.000000	0.002428	9.3	41.5	51.8
132	-0.453804	-0.453807	0.000000	70.161241	366.119190	0.001466	0.000000	0.001466	10.5	42.2	53.6
133	-0.446123	-0.446125	0.000000	71.161241	362.146597	0.001211	0.000000	0.001211	9.4	43.9	54.2
134	-0.451179	-0.451182	0.000000	72.161241	358.259287	0.001498	0.000000	0.001498	9.2	42.2	52.4
135	-0.451290	-0.451292	0.000000	73.161158	354.454857	0.001878	0.000000	0.001878	9.7	43.6	54.3
136	-0.455569	-0.455571	0.000000	74.161158	350.730072	0.001140	0.000000	0.001140	9.8	43.6	54.4
137	-0.447979	-0.447981	0.000000	75.161158	347.082756	0.001277	0.000000	0.001277	10.0	42.1	53.1
138	-0.449645	-0.449648	0.000000	76.161044	343.510922	0.001148	0.000000	0.001148	9.9	44.0	54.9
139	-0.453939	-0.453941	0.000000	76.624210	341.881179	0.001486	0.000000	0.001487	9.7	42.7	53.3
140	-0.443517	-0.443520	0.000000	77.281514	339.594685	0.002021	0.000000	0.002021	9.7	41.4	52.1
141	-0.452900	-0.452903	0.000000	78.281514	336.174162	0.001689	0.000000	0.001689	10.8	45.8	57.6
142	-0.451430	-0.451433	0.000000	79.281514	332.821858	0.001396	0.000000	0.001396	9.4	43.9	54.4
143	-0.450628	-0.450630	0.000000	78.740491	334.627186	0.001344	0.000000	0.001343	9.5	44.4	54.9
144	-0.457087	-0.457090	0.000000	79.740491	331.305510	0.001573	0.000000	0.001573	10.0	42.4	53.5
145	-0.457156	-0.457159	0.000000	80.737670	328.058230	0.001902	0.000000	0.001902	10.0	42.6	53.6
146	-0.456943	-0.456945	0.000000	81.737670	324.865066	0.002349	0.000000	0.002349	9.1	44.2	54.2
147	-0.451111	-0.451113	0.000000	82.737670	321.733464	0.002121	0.000000	0.002121	9.4	44.4	54.8
148	-0.454148	-0.454150	0.000000	83.737670	318.661662	0.001467	0.000000	0.001467	9.4	44.9	55.3
149	-0.452597	-0.452599	0.000000	84.737670	315.647961	0.002044	0.000000	0.002044	9.6	41.8	52.4
150	-0.450526	-0.450529	0.000000	85.737670	312.690730	0.002409	0.000000	0.002409	9.7	43.8	54.5
151	-0.459069	-0.459071	0.000000	86.737670	309.788396	0.001874	0.000000	0.001874	9.1	43.5	53.5
152	-0.448111	-0.448114	0.000000	87.737670	306.939444	0.001667	0.000000	0.001667	9.3	44.5	54.8
153	-0.448727	-0.448729	0.000000	88.737670	304.142415	0.002265	0.000000	0.002265	9.0	44.0	54.0
154	-0.450208	-0.450211	0.000000	89.737670	301.395902	0.001984	0.000000	0.001984	9.0	44.1	54.1
155	-0.447441	-0.447443	0.000000	90.737670	298.698550	0.001417	0.000000	0.001417	9.7	45.6	56.2
156	-0.442981	-0.442983	0.000000	91.737670	296.049049	0.001261	0.000000	0.001261	9.7	42.8	53.4
157	-0.451453	-0.451455	0.000000	92.275663	294.642988	0.001342	0.000000	0.001342	9.7	46.6	57.3
158	-0.454531	-0.454533	0.000000	91.734640	296.057005	0.001153	0.000000	0.001153	10.8	45.1	57.0
159	-0.453852	-0.453854	0.000000	92.734640	293.453954	0.001877	0.000000	0.001877	10.9	55.7	67.6
160	-0.450185	-0.450188	0.000000	92.193708	294.856316	0.001362	0.000000	0.001362	11.5	71.2	84.1
161	-0.445899	-0.445901	0.000000	93.193668	292.274348	0.001778	0.000000	0.001778	11.4	48.7	61.1
162	-0.450889	-0.450891	0.000000	94.193668	289.737105	0.001361	0.000000	0.001361	10.2	45.0	56.2
163	-0.461082	-0.461084	0.000000	95.193668	287.243535	0.000972	0.000000	0.000972	9.4	49.1	59.5
164	-0.458363	-0.458366	0.000000	94.652645	288.587260	0.001321	0.000000	0.001321	11.1	45.4	57.5
165	-0.458820	-0.458822	0.000000	94.115989	289.932616	0.001151	0.000000	0.001151	9.1	42.0	52.0
166	-0.447134	-0.447137	0.000000	93.591949	291.258505	0.001487	0.000000	0.001487	9.9	41.4	52.2
167	-0.452725	-0.452727	0.000000	94.591949	288.738792	0.001428	0.000000	0.001428	9.5	42.3	52.7
168	-0.455601	-0.455603	0.000000	95.590004	286.267079	0.001133	0.000000	0.001133	9.0	43.4	53.4
169	-0.453331	-0.453333	0.000000	96.584525	283.845854	0.002814	0.000000	0.002814	9.1	42.9	52.9
170	-0.452676	-0.452678	0.000000	97.584525	281.452238	0.001102	0.000000	0.001102	8.9	42.0	51.9
171	-0.455065	-0.455067	0.000000	98.584525	279.098654	0.001872	0.000000	0.001872	9.5	43.0	53.5
172	-0.447040	-0.447043	0.000000	98.043503	280.367084	0.001398	0.000000	0.001398	9.2	42.7	52.9
173	-0.448819	-0.448822	0.000000	99.043503	278.031538	0.001670	0.000000	0.001670	8.9	43.6	53.6
174	-0.442882	-0.442884	0.000000	100.043503	275.734583	0.001627	0.000000	0.001627	9.5	40.3	50.7
175	-0.445684	-0.445686	0.000000	101.043503	273.475269	0.001637	0.000000	0.001637	9.4	42.5	52.8
176	-0.456898	-0.456900	0.000000	101.682263	272.051388	0.001026	0.000000	0.001026	9.3	41.1	51.5
177	-0.454147	-0.454150	0.000000	102.681204	269.854098	0.001567	0.000000	0.001567	9.3	44.1	54.4
178	-0.450622	-0.450624	0.000000	102.140181	271.039717	0.001191	0.000000	0.001191	9.5	40.2	50.7
179	-0.452247	-0.452249	0.000000	101.603074	272.227105	0.000969	0.000000	0.000969	9.2	42.9	53.1
180	-0.452614	-0.452616	0.000000	102.468203	270.319638	0.001089	0.000000	0.001089	8.8	42.1	51.9
181	-0.451128	-0.451130	0.000000	102.806312	269.581408	0.000915	0.000000	0.000915	9.1	45.0	55.1
182	-0.452666	-0.452668	0.000000	102.433923	270.394711	0.000779	0.000000	0.000779	9.3	46.8	57.1
183	-0.452698	-0.452701	0.000000	103.247162	268.624887	0.001081	0.000000	0.001081	11.0	53.0	65.0
184	-0.453989	-0.453992	0.000000	104.195643	266.589788	0.001280	0.000000	0.001280	11.3	49.8	62.5
185	-0.451918	-0.451921	0.000000	103.654647	267.746776	0.001269	0.000000	0.001269	15.1	60.6	76.8
186	-0.453772	-0.453774	0.000000	104.654647	265.615962	0.002338	0.000000	0.002338	9.1	42.3	52.4
187	-0.448173	-0.448176	0.000000	104.113805	266.764167	0.001414	0.000000	0.001414	9.4	41.9	52.3
188	-0.457537	-0.457540	0.000000	105.113805	264.648902	0.001691	0.000000	0.001691	9.3	41.5	51.9
189	-0.452011	-0.452013	0.000000	106.113805	262.566918	0.001385	0.000000	0.001385	10.1	44.3	55.3
190	-0.452871	-0.452873	0.000000	107.113805	260.517436	0.001381	0.000000	0.001381	9.6	45.8	56.3
191	-0.449799	-0.449801	0.000000	106.572782	261.622263	0.001394	0.000000	0.001394	9.3	42.2	52.4
192	-0.458015	-0.458017	0.000000	106.031759	262.736502	0.002046	0.000000	0.002046	9.2	655.4	665.6
193	-0.449094	-0.449097	0.000000	105.490736	263.860272	0.002268	0.000000	0.002268	8.9	41.8	51.7
194	-0.457339	-0.457341	0.000000	106.490736	261.790629	0.001727	0.000000	0.001727	9.7	42.2	52.9
195	-0.450707	-0.450709	0.000000	107.490736	259.753201	0.001327	0.000000	0.001327	9.4	40.5	51.0
196	-0.454028	-0.454031	0.000000	108.490736	257.747241	0.001594	0.000000	0.001594	9.4	43.2	53.5
197	-0.457738	-0.457740	0.000000	107.949713	258.828649	0.001603	0.000000	0.001603	9.3	42.3	52.6
198	-0.452522	-0.452524	0.000000	108.949713	256.836889	0.001471	0.000000	0.001471	9.2	43.3	53.5
199	-0.448838	-0.448840	0.000000	109.949713	254.875549	0.001816	0.000000	0.001816	9.5	41.7	52.2
200	-0.451084	-0.451087	0.000000	110.949713	252.943938	0.000978	0.000000	0.000978	9.4	43.7	54.0
201	-0.450603	-0.450606	0.000000	111.949712	251.041385	0.001608	0.000000	0.001608	9.4	45.8	56.2
202	-0.447181	-0.447184	0.000001	111.460666	251.968232	0.001558	0.000000	0.001558	9.5	45.1	55.5
203	-0.450425	-0.450428	0.000001	110.919643	253.001593	0.001726	0.000000	0.001726	9.9	40.7	51.5
204	-0.449252	-0.449254	0.000000	111.919643	251.098175	0.001171	0.000000	0.001171	9.1	43.6	53.6
205	-0.450146	-0.450149	0.000000	112.919643	249.223184	0.001066	0.000000	0.001066	9.5	42.5	53.0
206	-0.450740	-0.450742	0.000001	112.378621	250.234106	0.001451	0.000000	0.001451	9.4	42.2	52.5
207	-0.455713	-0.455716	0.000000	113.378620	248.371949	0.001767	0.000000	0.001767	9.5	43.1	53.6
208	-0.453343	-0.453346	0.000001	114.378620	246.537302	0.000905	0.000000	0.000905	9.4	41.2	51.5
209	-0.456727	-0.456730	0.000001	113.837598	247.526509	0.001486	0.000000	0.001486	9.6	40.5	51.0
210	-0.455488	-0.455491	0.000000	114.837035	245.705303	0.001362	0.000000	0.001362	9.3	41.6	51.9
211	-0.449692	-0.449694	0.000001	115.680610	244.188842	0.000965	0.000000	0.000965	9.5	42.2	52.7
212	-0.455454	-0.455457	0.000001	115.707328	244.141119	0.001715	0.000000	0.001715	9.7	40.9	51.6
213	-0.451686	-0.451689	0.000000	115.166305	245.111153	0.000901	0.000000	0.000901	9.2	43.1	53.2
214	-0.453494	-0.453497	0.000000	116.166305	243.324189	0.001020	0.000000	0.001020	9.1	39.9	50.0
215	-0.447859	-0.447861	0.000000	115.763816	244.040280	0.001412	0.000000	0.001412	9.8	42.3	53.1
216	-0.445704	-0.445706	0.000000	115.222793	245.009510	0.001358	0.000000	0.001358	9.3	43.6	53.8
217	-0.447410	-0.447412	0.000000	116.222793	243.224023	0.001706	0.000000	0.001706	9.2	41.8	52.1
218	-0.454196	-0.454198	0.000000	115.681770	244.186769	0.001069	0.000000	0.001069	9.1	41.6	51.6
219	-0.450300	-0.450303	0.000001	116.681770	242.413210	0.001178	0.000000	0.001178	10.4	47.7	59.1
220	-0.449611	-0.449614	0.000000	117.681770	240.665228	0.001074	0.000000	0.001074	9.2	46.8	57.0
221	-0.457639	-0.457641	0.000000	118.681770	238.942275	0.001293	0.000000	0.001292	9.6	47.0	57.6
222	-0.450761	-0.450764	0.000001	119.681768	237.243820	0.001200	0.000000	0.001200	10.1	48.5	59.6
223	-0.449806	-0.449809	0.000001	119.140745	238.159715	0.001225	0.000000	0.001225	11.3	56.9	69.2
224	-0.455289	-0.455291	0.000001	118.608448	239.067766	0.001461	0.000000	0.001461	11.2	50.8	63.1
225	-0.452925	-0.452928	0.000001	119.532455	237.495886	0.001107	0.000000	0.001107	10.4	47.7	59.1
226	-0.452373	-0.452375	0.000001	118.992216	238.412398	0.001606	0.000000	0.001606	10.4	43.9	55.3
227	-0.450671	-0.450674	0.000000	119.991833	236.722080	0.001210	0.000000	0.001210	9.8	45.5	56.2
228	-0.456479	-0.456481	0.000000	120.991833	235.054927	0.000997	0.000000	0.000997	10.2	42.7	53.9
229	-0.452523	-0.452526	0.000001	121.991831	233.411095	0.001263	0.000000	0.001263	10.0	43.4	54.4
230	-0.452532	-0.452535	0.000001	121.450814	234.297573	0.001089	0.000000	0.001089	9.7	43.0	53.6
231	-0.456912	-0.456914	0.000001	122.450813	232.664279	0.000896	0.000000	0.000896	9.4	43.8	54.3
232	-0.448262	-0.448264	0.000000	121.909804	233.545068	0.001507	0.000000	0.001507	9.6	45.9	56.4
233	-0.447615	-0.447617	0.000001	121.368781	234.432574	0.001524	0.000000	0.001524	9.4	42.9	53.2
234	-0.452078	-0.452080	0.000001	122.351329	232.825745	0.001145	0.000000	0.001145	10.1	41.2	52.4
235	-0.451573	-0.451576	0.000001	121.865839	233.616939	0.002217	0.000000	0.002217	9.6	45.5	56.1
236	-0.443488	-0.443491	0.000001	121.324891	234.504869	0.001775	0.000000	0.001775	9.0	43.9	53.9
237	-0.456489	-0.456492	0.000001	122.324891	232.868692	0.001038	0.000000	0.001038	9.4	44.0	54.3
238	-0.447260	-0.447263	0.000001	123.324890	231.255189	0.000985	0.000000	0.000985	9.6	42.9	53.5
239	-0.454560	-0.454562	0.000001	122.784004	232.125125	0.001576	0.000000	0.001576	10.2	42.1	53.2
240	-0.466310	-0.466313	0.000001	122.855803	232.009270	0.000977	0.000000	0.000977	9.6	41.0	51.6
241	-0.454849	-0.454852	0.000001	123.855803	230.407613	0.001914	0.000000	0.001914	9.6	41.1	51.7
242	-0.454076	-0.454079	0.000001	124.851447	228.834754	0.001174	0.000000	0.001174	9.2	42.6	52.7
243	-0.453137	-0.453140	0.000001	125.851447	227.276480	0.000879	0.000000	0.000879	9.6	42.7	53.4
244	-0.454411	-0.454414	0.000001	126.851447	225.739285	0.001223	0.000000	0.001223	9.4	44.1	54.5
245	-0.452217	-0.452219	0.000001	126.313535	226.563566	0.001170	0.000000	0.001170	9.7	42.5	53.2
246	-0.457436	-0.457438	0.000001	127.313529	225.035976	0.001561	0.000000	0.001561	9.3	42.2	52.5
247	-0.458196	-0.458199	0.000001	128.313528	223.528841	0.001357	0.000000	0.001357	8.9	41.3	51.2
248	-0.453024	-0.453026	0.000001	127.772505	224.341721	0.001139	0.000000	0.001139	9.1	41.7	51.8
249	-0.455069	-0.455071	0.000001	127.231682	225.160233	0.001934	0.000000	0.001934	9.6	43.6	54.2
250	-0.456854	-0.456856	0.000001	128.231682	223.651436	0.001863	0.000000	0.001863	8.8	42.3	52.1
251	-0.457793	-0.457796	0.000001	129.231682	222.162726	0.001323	0.000000	0.001323	10.2	42.9	54.1
252	-0.450604	-0.450607	0.000001	130.231682	220.693703	0.001065	0.000000	0.001065	9.4	44.7	55.1
253	-0.459598	-0.459601	0.000001	129.691262	221.485170	0.001417	0.000000	0.001417	9.8	41.6	52.3
254	-0.454762	-0.454765	0.000001	130.691262	220.025066	0.001387	0.000000	0.001387	9.8	43.6	54.4
255	-0.452699	-0.452702	0.000001	130.152793	220.808886	0.001315	0.000000	0.001315	9.4	43.4	53.7
256	-0.455000	-0.455002	0.000001	131.152793	219.357655	0.001088	0.000000	0.001088	9.1	43.6	53.7
257	-0.451319	-0.451322	0.000001	132.152653	217.925574	0.001450	0.000000	0.001450	9.9	42.6	53.4
258	-0.452224	-0.452227	0.000001	133.068269	216.630459	0.001255	0.000000	0.001255	9.4	46.1	56.6
259	-0.454812	-0.454815	0.000001	134.068269	215.233459	0.001300	0.000000	0.001300	10.0	42.8	53.8
260	-0.450911	-0.450914	0.000001	133.527246	215.987023	0.001279	0.000000	0.001279	8.9	42.2	52.1
261	-0.453943	-0.453946	0.000001	134.522315	214.605086	0.001194	0.000000	0.001194	9.7	43.3	54.0
262	-0.451670	-0.451673	0.000001	135.360864	213.454179	0.001186	0.000000	0.001186	9.2	42.5	52.7
263	-0.453218	-0.453220	0.000001	136.360864	212.097717	0.001107	0.000000	0.001107	9.5	40.2	50.7
264	-0.453064	-0.453066	0.000001	135.821964	212.826565	0.001297	0.000000	0.001297	9.4	43.9	54.2
265	-0.449325	-0.449328	0.000001	135.281391	213.562726	0.000875	0.000000	0.000875	9.5	44.5	54.9
266	-0.453979	-0.453982	0.000001	134.740412	214.304557	0.001245	0.000000	0.001245	9.3	43.6	53.9
267	-0.453367	-0.453370	0.000001	134.200375	215.050253	0.001255	0.000000	0.001255	9.4	42.7	53.1
268	-0.447012	-0.447015	0.000001	135.200375	213.673494	0.001411	0.000000	0.001411	10.4	51.6	62.9
269	-0.446083	-0.446085	0.000001	134.659352	214.416156	0.001543	0.000000	0.001543	18.7	68.7	88.5
270	-0.448081	-0.448083	0.000001	134.161564	215.104044	0.001436	0.000000	0.001436	10.1	51.3	62.4
271	-0.451567	-0.451570	0.000001	135.161518	213.726661	0.001294	0.000000	0.001294	10.6	46.2	57.8
272	-0.445991	-0.445994	0.000001	136.161518	212.366744	0.001778	0.000000	0.001778	9.9	46.3	57.2
273	-0.451673	-0.451675	0.000001	135.620495	213.100334	0.001202	0.000000	0.001202	9.7	46.7	57.3
274	-0.446896	-0.446898	0.000001	135.081232	213.836599	0.002057	0.000000	0.002057	10.1	47.8	58.9
275	-0.453214	-0.453216	0.000001	134.540225	214.580375	0.001883	0.000000	0.001883	9.4	45.2	55.5
276	-0.458894	-0.458896	0.000001	135.540225	213.209607	0.001271	0.000000	0.001271	9.1	44.9	55.0
277	-0.448944	-0.448946	0.000001	136.540225	211.856241	0.001402	0.000000	0.001402	10.1	43.5	54.6
278	-0.453899	-0.453902	0.000001	137.540225	210.519948	0.001342	0.000000	0.001342	9.5	41.1	51.5
279	-0.450883	-0.450886	0.000001	138.540206	209.200431	0.001023	0.000000	0.001023	9.7	43.5	54.2
280	-0.454506	-0.454509	0.000001	139.540206	207.897328	0.001025	0.000000	0.001025	9.3	41.0	51.3
281	-0.454221	-0.454224	0.000001	140.397885	206.792547	0.001825	0.000000	0.001825	9.6	42.1	52.6
282	-0.454894	-0.454897	0.000001	141.372619	205.551158	0.001153	0.000000	0.001153	9.4	42.1	52.5
283	-0.457268	-0.457271	0.000001	140.831597	206.238340	0.000841	0.000000	0.000841	9.0	45.0	55.0
284	-0.456594	-0.456597	0.000001	141.831529	204.971850	0.001531	0.000000	0.001531	9.5	42.8	53.3
285	-0.454050	-0.454053	0.000001	142.799356	203.760752	0.001151	0.000000	0.001151	9.4	41.2	51.5
286	-0.454190	-0.454192	0.000001	143.799356	202.524335	0.001184	0.000000	0.001184	9.5	44.7	55.2
287	-0.455831	-0.455834	0.000001	144.799355	201.302833	0.001137	0.000000	0.001137	9.5	43.9	54.3
288	-0.454287	-0.454289	0.000001	145.281698	200.718902	0.001101	0.000000	0.001101	9.4	44.4	54.9
289	-0.454890	-0.454892	0.000001	145.765198	200.136961	0.001315	0.000000	0.001315	9.8	43.4	54.1
290	-0.451322	-0.451324	0.000001	146.765198	198.944002	0.001678	0.000000	0.001678	9.4	43.4	53.8
291	-0.451779	-0.451782	0.000001	146.233240	199.576830	0.001380	0.000000	0.001380	9.4	44.2	54.7
292	-0.452075	-0.452078	0.000001	147.233240	198.390519	0.001351	0.000000	0.001351	9.5	44.6	55.1
293	-0.454140	-0.454143	0.000001	146.692217	199.030584	0.001366	0.000000	0.001366	9.9	43.9	54.7
294	-0.455285	-0.455287	0.000001	147.676785	197.868840	0.001621	0.000000	0.001621	9.8	41.4	52.1
295	-0.452037	-0.452040	0.000001	147.231797	198.392222	0.000895	0.000000	0.000895	10.4	43.7	55.1
296	-0.455098	-0.455100	0.000001	146.944533	198.731565	0.001566	0.000000	0.001566	10.1	43.5	54.6
297	-0.450426	-0.450429	0.000001	146.403993	199.373260	0.001637	0.000000	0.001637	9.6	43.7	54.3
298	-0.451803	-0.451806	0.000001	147.403993	198.189362	0.001804	0.000000	0.001804	8.9	41.1	50.9
299	-0.451131	-0.451134	0.000001	148.403993	197.019440	0.001619	0.000000	0.001619	9.6	42.9	53.5
300	-0.452292	-0.452295	0.000001	149.403993	195.863250	0.000861	0.000000	0.000860	9.4	42.2	52.6
301	-0.454183	-0.454186	0.000001	148.862970	196.487086	0.000911	0.000000	0.000911	9.5	42.8	53.4
302	-0.455519	-0.455521	0.000001	148.322559	197.114195	0.001288	0.000000	0.001288	9.4	46.2	56.6
303	-0.454590	-0.454592	0.000001	147.782963	197.744366	0.001120	0.000000	0.001120	9.5	44.5	55.0
304	-0.452288	-0.452290	0.000001	147.241944	198.380256	0.001504	0.000000	0.001503	9.6	42.9	53.5
305	-0.463403	-0.463405	0.000001	146.700922	199.020253	0.001603	0.000000	0.001603	9.2	47.8	57.9
306	-0.446439	-0.446442	0.000001	147.586553	197.974745	0.001022	0.000000	0.001022	10.2	47.2	58.4
307	-0.450891	-0.450894	0.000001	147.045552	198.612099	0.000971	0.000000	0.000971	9.7	43.0	53.7
308	-0.451576	-0.451579	0.000001	146.817904	198.881520	0.001781	0.000000	0.001781	9.3	43.5	53.7
309	-0.451487	-0.451490	0.000001	146.398783	199.379466	0.001514	0.000000	0.001514	9.5	43.9	54.4
310	-0.449136	-0.449139	0.000001	147.398783	198.195493	0.001015	0.000000	0.001015	9.1	46.2	56.3
311	-0.457688	-0.457691	0.000001	148.389737	197.036022	0.001343	0.000000	0.001343	9.7	43.2	53.9
312	-0.458875	-0.458878	0.000001	147.848714	197.667362	0.001784	0.000000	0.001784	9.9	41.8	52.7
313	-0.447438	-0.447441	0.000001	148.848707	196.503585	0.001498	0.000000	0.001498	10.1	43.4	54.4
314	-0.459052	-0.459054	0.000001	149.848707	195.353424	0.001668	0.000000	0.001668	9.6	43.0	53.7
315	-0.452795	-0.452798	0.000001	150.848707	194.216648	0.001087	0.000000	0.001087	9.4	43.2	53.5
316	-0.452119	-0.452121	0.000001	151.848707	193.093026	0.001543	0.000000	0.001543	9.6	44.3	54.9
317	-0.447700	-0.447703	0.000001	151.307684	193.699312	0.001939	0.000000	0.001939	9.6	42.0	52.5
318	-0.450499	-0.450502	0.000001	152.305228	192.584380	0.001406	0.000000	0.001406	9.7	41.5	52.1
319	-0.450679	-0.450682	0.000001	153.305228	191.479512	0.001759	0.000000	0.001759	9.3	42.9	53.2
320	-0.454867	-0.454869	0.000001	154.305228	190.387248	0.001477	0.000000	0.001477	9.2	46.4	56.6
321	-0.457820	-0.457823	0.000001	155.305228	189.307375	0.001353	0.000000	0.001353	9.0	42.6	52.6
322	-0.452317	-0.452320	0.000001	154.764205	189.890086	0.001551	0.000000	0.001551	9.8	41.6	52.4
323	-0.454767	-0.454769	0.000001	154.249726	190.447543	0.001772	0.000000	0.001772	9.2	41.3	51.5
324	-0.449056	-0.449059	0.000001	153.708751	191.037253	0.001553	0.000000	0.001553	9.2	42.7	52.8
325	-0.452568	-0.452571	0.000001	153.167728	191.630678	0.001712	0.000000	0.001712	9.9	43.7	54.6
326	-0.452599	-0.452602	0.000001	154.167728	190.536694	0.001370	0.000000	0.001370	9.2	43.5	53.6
327	-0.453799	-0.453802	0.000001	153.628464	191.125084	0.000891	0.000000	0.000891	9.5	43.9	54.3
328	-0.450621	-0.450624	0.000001	154.628459	190.036854	0.001237	0.000000	0.001237	9.7	44.1	54.7
329	-0.454546	-0.454549	0.000001	154.087436	190.624071	0.001458	0.000000	0.001458	9.3	42.2	52.5
330	-0.452200	-0.452202	0.000001	154.144523	190.561938	0.001162	0.000000	0.001162	9.3	44.4	54.7
331	-0.457528	-0.457531	0.000001	153.603500	191.152410	0.001788	0.000000	0.001788	9.6	45.4	55.9
332	-0.453268	-0.453271	0.000001	154.603500	190.063864	0.001566	0.000000	0.001566	9.9	46.4	57.3
333	-0.451293	-0.451296	0.000001	155.597234	188.994353	0.001154	0.000000	0.001154	10.0	45.0	56.0
334	-0.455776	-0.455779	0.000001	156.574970	187.953741	0.001855	0.000000	0.001855	10.0	43.6	54.6
335	-0.449936	-0.449939	0.000001	156.033947	188.528135	0.001282	0.000000	0.001282	9.5	56.2	66.6
336	-0.450854	-0.450856	0.000001	157.033947	187.469190	0.001995	0.000000	0.001995	12.9	65.5	80.0
337	-0.446601	-0.446603	0.000001	158.033947	186.422075	0.001792	0.000000	0.001792	9.4	44.0	54.5
338	-0.454029	-0.454032	0.000001	159.033947	185.386592	0.000896	0.000000	0.000896	9.4	44.8	55.3
339	-0.450329	-0.450332	0.000001	158.492937	185.945366	0.000757	0.000000	0.000757	9.9	42.5	53.4
340	-0.452777	-0.452780	0.000001	158.781351	185.647064	0.002207	0.000000	0.002207	9.7	43.6	54.2
341	-0.460527	-0.460530	0.000001	158.240349	186.207403	0.002014	0.000000	0.002014	9.7	43.9	54.6
342	-0.454013	-0.454016	0.000001	159.240349	185.174297	0.001463	0.000000	0.001463	10.3	45.5	56.8
343	-0.462406	-0.462409	0.000001	160.240349	184.152591	0.001847	0.000000	0.001847	9.8	43.3	54.0
344	-0.451859	-0.451862	0.000001	161.240349	183.142098	0.001461	0.000000	0.001461	9.1	46.0	56.1
345	-0.452343	-0.452346	0.000001	162.240349	182.142634	0.001101	0.000000	0.001101	8.9	40.6	50.5
346	-0.450688	-0.450691	0.000001	163.239785	181.154574	0.001165	0.000000	0.001165	9.1	43.4	53.4
347	-0.451751	-0.451753	0.000001	162.873463	181.515480	0.000955	0.000000	0.000955	9.4	42.8	53.1
348	-0.446320	-0.446323	0.000001	162.333071	182.050515	0.000856	0.000000	0.000856	9.1	41.1	51.1
349	-0.451068	-0.451071	0.000001	161.797307	182.584090	0.001266	0.000000	0.001266	9.7	41.4	52.0
350	-0.449496	-0.449499	0.000001	162.797307	181.590691	0.001214	0.000000	0.001214	9.0	42.2	52.2
351	-0.453731	-0.453734	0.000001	162.975097	181.415205	0.001343	0.000000	0.001343	10.0	42.9	53.8
352	-0.449241	-0.449243	0.000001	162.434074	181.950273	0.000939	0.000000	0.000939	8.9	43.7	53.5
353	-0.447642	-0.447645	0.000001	161.896356	182.485210	0.001018	0.000000	0.001018	9.5	42.3	52.7
354	-0.457282	-0.457285	0.000001	161.739351	182.641997	0.001280	0.000000	0.001280	9.6	49.6	60.1
355	-0.448774	-0.448777	0.000001	161.202818	183.179822	0.001285	0.000000	0.001285	10.3	48.5	59.7
356	-0.446174	-0.446177	0.000001	160.662736	183.724415	0.001230	0.000000	0.001230	11.5	46.7	59.2
357	-0.464279	-0.464282	0.000001	160.377122	184.013725	0.001572	0.000000	0.001572	9.6	58.1	68.6
358	-0.454050	-0.454053	0.000001	161.366428	183.015483	0.001074	0.000000	0.001074	11.0	46.9	58.8
359	-0.451625	-0.451628	0.000001	162.366428	182.017397	0.001144	0.000000	0.001144	9.4	39.9	50.3
360	-0.456448	-0.456451	0.000001	161.833880	182.547567	0.001583	0.000000	0.001583	9.9	42.4	53.3
361	-0.447863	-0.447865	0.000001	162.833880	181.554564	0.001431	0.000000	0.001431	9.1	42.9	52.9
362	-0.453584	-0.453587	0.000001	163.833879	180.572306	0.001365	0.000000	0.001365	8.8	43.0	52.8
363	-0.454666	-0.454669	0.000001	164.833875	179.600624	0.001156	0.000000	0.001156	9.1	41.6	51.7
364	-0.450960	-0.450963	0.000001	164.294589	180.123338	0.000983	0.000000	0.000983	9.6	43.0	53.5
365	-0.456542	-0.456545	0.000001	163.821753	180.584154	0.001542	0.000000	0.001542	10.2	42.5	53.7
366	-0.454031	-0.454034	0.000001	164.821719	179.612373	0.001507	0.000000	0.001507	9.2	42.0	52.1
367	-0.448229	-0.448232	0.000001	164.280696	180.136844	0.000836	0.000000	0.000836	9.7	41.1	51.8
368	-0.455716	-0.455718	0.000001	164.969887	179.469270	0.001653	0.000000	0.001653	8.9	42.3	52.1
369	-0.458602	-0.458605	0.000001	164.475381	179.947762	0.001300	0.000000	0.001300	9.4	42.7	52.9
370	-0.461961	-0.461964	0.000001	165.475381	178.982768	0.001162	0.000000	0.001162	9.0	43.8	53.7
371	-0.451429	-0.451432	0.000001	165.880246	178.595013	0.001996	0.000000	0.001996	9.3	45.0	55.3
372	-0.443469	-0.443472	0.000001	166.880246	177.644434	0.001535	0.000000	0.001535	9.2	43.1	53.3
373	-0.451660	-0.451663	0.000001	167.880246	176.703920	0.001409	0.000000	0.001409	9.5	41.6	52.1
374	-0.459644	-0.459647	0.000001	168.518494	176.108828	0.001580	0.000000	0.001580	9.2	40.9	51.1
375	-0.456218	-0.456221	0.000001	169.518494	175.184462	0.001307	0.000000	0.001307	9.6	43.7	54.3
376	-0.444024	-0.444027	0.000001	168.980481	175.680574	0.002380	0.000000	0.002380	9.1	40.5	50.5
377	-0.452310	-0.452313	0.000001	168.439458	176.182302	0.002788	0.000000	0.002788	9.4	42.4	52.7
378	-0.457491	-0.457494	0.000001	169.439458	175.257167	0.001356	0.000000	0.001356	9.0	41.5	51.5
379	-0.451378	-0.451381	0.000001	170.439458	174.341696	0.001085	0.000000	0.001085	9.1	41.8	51.9
380	-0.455371	-0.455374	0.000001	169.898435	174.835796	0.001054	0.000000	0.001054	10.3	44.0	55.2
381	-0.454329	-0.454332	0.000001	170.550862	174.240302	0.001132	0.000000	0.001132	9.2	42.1	52.3
382	-0.457125	-0.457128	0.000001	170.016192	174.728014	0.000774	0.000000	0.000774	9.2	42.6	52.8
383	-0.449135	-0.449138	0.000001	169.475220	175.224262	0.001570	0.000000	0.001570	9.3	39.9	50.2
384	-0.451469	-0.451472	0.000001	169.947309	174.791046	0.001618	0.000000	0.001618	9.0	43.9	53.8
385	-0.460255	-0.460258	0.000001	170.680785	174.122199	0.001865	0.000000	0.001865	9.2	42.2	52.4
386	-0.451299	-0.451302	0.000001	171.680785	173.218517	0.001731	0.000000	0.001731	9.3	40.6	50.9
387	-0.459812	-0.459815	0.000001	172.680785	172.324166	0.001353	0.000000	0.001353	9.3	41.7	51.9
388	-0.458006	-0.458009	0.000001	172.172306	172.777768	0.001585	0.000000	0.001585	10.3	41.4	52.7
389	-0.447273	-0.447276	0.000001	171.631283	173.263031	0.001519	0.000000	0.001518	9.7	42.8	53.4
390	-0.458964	-0.458967	0.000001	172.631283	172.368222	0.001679	0.000000	0.001679	9.2	41.3	51.4
391	-0.455662	-0.455665	0.000001	173.631283	171.482608	0.001015	0.000000	0.001015	9.4	41.6	51.9
392	-0.452196	-0.452199	0.000001	174.613769	170.621322	0.001612	0.000000	0.001612	9.2	42.4	52.4
393	-0.448986	-0.448989	0.000001	174.488265	170.730862	0.001780	0.000000	0.001780	9.5	39.8	50.4
394	-0.462107	-0.462110	0.000001	175.488265	169.861950	0.000835	0.000000	0.000835	8.8	41.7	51.5
395	-0.443261	-0.443264	0.000001	174.947255	170.330939	0.001666	0.000000	0.001666	9.2	39.8	49.9
396	-0.447482	-0.447485	0.000001	174.423656	170.787307	0.001085	0.000000	0.001085	9.2	43.7	53.8
397	-0.455947	-0.455950	0.000001	175.423656	169.917822	0.001917	0.000000	0.001917	9.6	41.9	52.6
398	-0.454430	-0.454433	0.000001	176.423656	169.057146	0.001821	0.000000	0.001821	9.3	43.3	53.6
399	-0.463409	-0.463412	0.000001	177.423656	168.205145	0.002184	0.000000	0.002184	9.2	42.8	53.0
400	-0.452349	-0.452352	0.000001	178.423656	167.361689	0.001202	0.000000	0.001202	8.7	44.3	53.9
401	-0.453057	-0.453060	0.000001	179.423656	166.526649	0.001873	0.000000	0.001873	9.1	44.2	54.3
402	-0.453917	-0.453920	0.000001	178.882634	166.977387	0.001467	0.000000	0.001467	9.6	43.9	54.5
403	-0.456703	-0.456706	0.000001	179.410987	166.537176	0.001267	0.000000	0.001267	10.1	43.7	54.7
404	-0.457610	-0.457613	0.000001	180.410987	165.710324	0.001391	0.000000	0.001391	9.5	42.7	53.1
405	-0.456261	-0.456264	0.000001	179.871165	166.155654	0.001222	0.000000	0.001222	8.9	44.6	54.4
406	-0.456220	-0.456223	0.000001	180.871165	165.332576	0.001312	0.000000	0.001312	9.0	44.6	54.6
407	-0.456216	-0.456219	0.000001	181.267511	165.008605	0.001248	0.000000	0.001248	9.0	44.1	54.0
408	-0.459700	-0.459703	0.000001	182.267511	164.196825	0.001625	0.000000	0.001625	9.5	41.2	51.7
409	-0.461010	-0.461013	0.000001	181.726488	164.635022	0.001709	0.000000	0.001709	9.0	43.9	53.9
410	-0.449105	-0.449108	0.000001	182.726488	163.826904	0.001760	0.000000	0.001760	9.1	41.3	51.3
411	-0.452315	-0.452318	0.000001	182.185465	164.263127	0.001634	0.000000	0.001634	9.4	43.2	53.5
412	-0.454046	-0.454049	0.000001	183.185465	163.458647	0.001631	0.000000	0.001631	9.1	43.9	54.0
413	-0.458785	-0.458788	0.000001	184.185418	162.662046	0.001724	0.000000	0.001724	9.6	42.9	53.5
414	-0.450600	-0.450603	0.000001	183.644395	163.092079	0.002542	0.000000	0.002541	9.6	42.7	53.2
415	-0.445193	-0.445196	0.000001	184.644395	162.299001	0.001567	0.000000	0.001567	9.9	44.8	55.8
416	-0.450794	-0.450797	0.000001	185.644395	161.513598	0.001205	0.000000	0.001205	9.2	45.2	55.3
417	-0.454949	-0.454952	0.000001	186.644395	160.735761	0.000964	0.000000	0.000964	9.6	50.5	61.1
418	-0.459685	-0.459688	0.000001	187.079164	160.399913	0.001577	0.000000	0.001577	11.1	59.7	71.7
419	-0.451133	-0.451136	0.000001	188.079164	159.632740	0.001514	0.000000	0.001514	11.6	50.3	62.9
420	-0.461225	-0.461228	0.000001	189.079164	158.872871	0.001660	0.000000	0.001660	9.7	48.0	58.7
421	-0.458850	-0.458853	0.000001	190.079164	158.120201	0.001810	0.000000	0.001810	9.5	44.5	54.9
422	-0.456901	-0.456904	0.000001	191.079161	157.374632	0.001157	0.000000	0.001157	9.2	46.7	56.9
423	-0.465297	-0.465300	0.000001	192.079161	156.636058	0.000949	0.000000	0.000949	9.5	44.0	54.4
424	-0.451255	-0.451258	0.000001	191.673337	156.934952	0.001283	0.000000	0.001283	9.5	44.8	55.3
425	-0.460763	-0.460766	0.000001	191.132314	157.335199	0.001714	0.000000	0.001714	10.0	46.8	57.8
426	-0.451761	-0.451764	0.000001	192.132314	156.596995	0.001202	0.000000	0.001202	9.2	43.4	53.7
427	-0.452497	-0.452500	0.000001	193.132314	155.865686	0.001289	0.000000	0.001289	9.6	40.6	51.2
428	-0.462187	-0.462190	0.000001	194.132311	155.141176	0.001264	0.000000	0.001264	9.7	42.6	53.3
429	-0.459944	-0.459947	0.000001	195.132311	154.423370	0.001147	0.000000	0.001147	9.2	42.5	52.6
430	-0.457598	-0.457601	0.000001	196.129597	153.714097	0.001275	0.000000	0.001275	8.8	43.9	53.6
431	-0.450551	-0.450554	0.000001	197.129594	153.009407	0.001499	0.000000	0.001499	9.3	43.1	53.5
432	-0.455267	-0.455270	0.000001	197.224139	152.943116	0.001523	0.000000	0.001523	10.5	47.2	58.6
433	-0.453531	-0.453534	0.000001	198.224139	152.245460	0.001281	0.000000	0.001281	10.1	45.4	56.4
434	-0.451524	-0.451527	0.000001	197.683130	152.622106	0.001354	0.000000	0.001354	10.2	46.4	57.6
435	-0.458942	-0.458945	0.000001	198.683130	151.927368	0.001940	0.000000	0.001940	9.9	47.6	58.5
436	-0.451017	-0.451020	0.000001	199.683096	151.238950	0.000957	0.000000	0.000957	11.2	54.1	66.4
437	-0.452180	-0.452183	0.000001	200.683089	150.556725	0.001726	0.000000	0.001726	10.7	57.3	69.1
438	-0.446530	-0.446533	0.000001	200.142068	150.925060	0.001927	0.000000	0.001927	10.2	56.3	67.6
439	-0.456286	-0.456289	0.000001	201.142068	150.245652	0.001049	0.000000	0.001049	11.6	54.7	67.4
440	-0.448625	-0.448628	0.000001	200.601045	150.612466	0.001166	0.000000	0.001166	11.7	82.0	94.7
441	-0.454937	-0.454940	0.000001	200.242901	150.856275	0.001456	0.000000	0.001456	10.1	53.7	64.8
442	-0.457548	-0.457551	0.000001	199.702764	151.225473	0.001772	0.000000	0.001772	10.6	53.3	64.9
443	-0.454752	-0.454755	0.000001	200.702764	150.543364	0.000921	0.000000	0.000921	10.4	51.7	63.1
444	-0.450812	-0.450815	0.000001	200.161766	150.911618	0.001076	0.000000	0.001076	10.5	48.1	59.5
445	-0.450983	-0.450986	0.000001	199.621667	151.281061	0.001613	0.000000	0.001613	11.5	54.9	67.5
446	-0.459115	-0.459118	0.000001	200.621569	150.598518	0.001412	0.000000	0.001412	12.5	51.9	65.4
447	-0.455083	-0.455086	0.000001	201.621569	149.922040	0.001301	0.000000	0.001301	10.0	43.6	54.6
448	-0.464318	-0.464321	0.000001	202.621569	149.251613	0.002252	0.000000	0.002252	9.2	43.1	53.3
449	-0.459287	-0.459290	0.000001	202.080546	149.613583	0.002277	0.000000	0.002277	10.1	45.6	56.6
450	-0.450521	-0.450524	0.000001	203.080546	148.945906	0.001171	0.000000	0.001171	10.0	44.9	55.9
451	-0.450860	-0.450863	0.000001	204.080131	148.284434	0.001760	0.000000	0.001760	10.0	46.5	57.5
452	-0.448907	-0.448910	0.000001	205.080131	147.628541	0.001813	0.000000	0.001813	10.7	49.0	60.7
453	-0.458414	-0.458417	0.000001	205.213485	147.541513	0.001070	0.000000	0.001070	9.9	47.6	58.5
454	-0.460069	-0.460073	0.000001	204.672462	147.895227	0.001907	0.000000	0.001907	10.0	45.8	56.8
455	-0.469131	-0.469135	0.000001	205.672462	147.242764	0.001829	0.000000	0.001829	9.6	43.3	53.8
456	-0.455052	-0.455055	0.000001	206.672462	146.596034	0.000865	0.000000	0.000865	10.1	42.9	53.9
457	-0.457837	-0.457840	0.000001	206.131440	146.945222	0.001297	0.000000	0.001297	9.9	43.1	53.9
458	-0.445803	-0.445806	0.000001	205.670694	147.243913	0.001334	0.000000	0.001334	9.3	43.5	53.8
459	-0.455908	-0.455911	0.000001	205.129678	147.596194	0.002208	0.000000	0.002208	9.8	42.6	53.4
460	-0.449735	-0.449738	0.000001	204.588655	147.950170	0.002118	0.000000	0.002118	9.8	42.7	53.5
461	-0.452452	-0.452455	0.000001	205.588655	147.297224	0.001245	0.000000	0.001245	9.5	41.5	52.0
462	-0.455190	-0.455193	0.000001	206.588655	146.650016	0.001450	0.000000	0.001450	9.4	41.4	51.8
463	-0.457682	-0.457685	0.000001	206.047632	146.999463	0.001567	0.000000	0.001567	9.1	42.9	52.9
464	-0.459777	-0.459780	0.000001	205.870314	147.114355	0.001032	0.000000	0.001032	9.6	41.1	51.7
465	-0.451073	-0.451076	0.000001	206.870302	146.468757	0.001094	0.000000	0.001094	9.6	41.6	52.2
466	-0.457635	-0.457638	0.000001	207.870232	145.828838	0.001464	0.000000	0.001464	9.7	40.8	51.4
467	-0.452884	-0.452887	0.000001	208.870232	145.194442	0.001192	0.000000	0.001192	9.7	43.2	53.9
468	-0.457184	-0.457187	0.000001	208.329209	145.536978	0.002106	0.000000	0.002106	9.8	40.8	51.6
469	-0.451660	-0.451663	0.000001	209.329209	144.905113	0.001388	0.000000	0.001388	9.5	42.5	53.0
470	-0.464761	-0.464764	0.000001	210.329209	144.278710	0.001379	0.000000	0.001379	9.0	41.8	51.7
471	-0.465160	-0.465163	0.000001	211.329123	143.657754	0.001598	0.000000	0.001598	9.8	42.5	53.2
472	-0.453955	-0.453958	0.000001	212.329123	143.042067	0.001601	0.000000	0.001601	9.4	44.5	54.9
473	-0.447643	-0.447646	0.000001	211.788100	143.374511	0.001295	0.000000	0.001295	9.2	42.5	52.6
474	-0.453935	-0.453938	0.000001	211.365042	143.635547	0.001691	0.000000	0.001691	9.4	44.2	54.6
475	-0.451697	-0.451700	0.000001	212.365042	143.020050	0.001055	0.000000	0.001055	9.6	41.0	51.6
476	-0.454901	-0.454904	0.000001	211.824019	143.352391	0.001204	0.000000	0.001204	9.5	44.3	54.8
477	-0.453298	-0.453301	0.000001	212.824019	142.739314	0.002016	0.000000	0.002016	10.1	48.2	59.4
478	-0.456978	-0.456981	0.000001	212.282996	143.070350	0.001616	0.000000	0.001616	10.5	47.0	58.5
479	-0.450569	-0.450572	0.000001	213.282996	142.459677	0.001626	0.000000	0.001626	10.1	43.9	55.0
480	-0.453149	-0.453152	0.000001	212.741975	142.789415	0.001172	0.000000	0.001172	9.6	43.1	53.6
481	-0.447752	-0.447755	0.000001	213.741953	142.181146	0.001416	0.000000	0.001416	9.5	43.2	53.6
482	-0.458574	-0.458577	0.000001	213.200930	142.509596	0.001384	0.000000	0.001384	9.5	40.9	51.3
483	-0.458058	-0.458061	0.000001	214.200930	141.903690	0.002402	0.000000	0.002402	9.0	41.4	51.4
484	-0.455921	-0.455924	0.000001	215.200930	141.302915	0.001116	0.000000	0.001116	9.4	43.3	53.6
485	-0.460943	-0.460946	0.000001	216.200930	140.707205	0.001373	0.000000	0.001373	9.2	41.4	51.6
486	-0.451052	-0.451056	0.000001	215.846609	140.917702	0.001182	0.000000	0.001182	9.0	44.2	54.1
487	-0.457819	-0.457823	0.000001	215.491417	141.129350	0.001207	0.000000	0.001207	9.6	42.8	53.4
488	-0.457524	-0.457527	0.000001	216.124639	140.752475	0.001044	0.000000	0.001044	9.6	41.2	51.8
489	-0.457284	-0.457287	0.000001	217.124374	140.161544	0.001444	0.000000	0.001444	9.1	41.0	51.1
490	-0.451617	-0.451620	0.000001	216.590627	140.476416	0.001604	0.000000	0.001604	9.0	43.9	53.9
491	-0.456630	-0.456633	0.000001	217.590627	139.887641	0.001296	0.000000	0.001296	9.1	42.1	52.1
492	-0.459702	-0.459705	0.000001	217.049604	140.205568	0.001101	0.000000	0.001101	9.8	42.2	53.0
493	-0.453089	-0.453092	0.000001	218.025067	139.633388	0.001394	0.000000	0.001394	9.7	42.8	53.4
494	-0.454414	-0.454417	0.000001	218.554522	139.324775	0.001518	0.000000	0.001518	9.4	44.6	55.0
495	-0.451150	-0.451153	0.000001	219.554522	138.745593	0.000880	0.000000	0.000880	9.1	43.8	53.9
496	-0.449833	-0.449836	0.000001	219.013527	139.058329	0.001280	0.000000	0.001280	9.4	44.3	54.6
497	-0.454062	-0.454065	0.000001	220.013523	138.481358	0.001341	0.000000	0.001341	9.4	42.0	52.3
498	-0.463209	-0.463213	0.000001	221.013514	137.909158	0.001167	0.000000	0.001167	9.8	42.4	53.1
499	-0.455101	-0.455104	0.000001	220.472492	138.218145	0.001316	0.000000	0.001316	9.5	43.2	53.6
500	-0.452328	-0.452331	0.000001	221.472492	137.648108	0.000969	0.000000	0.000969	10.0	43.2	54.1
501	-0.451933	-0.451936	0.000001	221.046771	137.890209	0.001210	0.000000	0.001210	9.3	43.9	54.1
502	-0.456377	-0.456380	0.000001	220.531424	138.184421	0.001276	0.000000	0.001276	9.4	44.0	54.4
503	-0.454235	-0.454238	0.000001	221.531424	137.614662	0.001336	0.000000	0.001336	10.1	43.9	55.0
504	-0.458186	-0.458189	0.000001	222.519900	137.056068	0.001334	0.000000	0.001334	9.1	45.7	55.8
505	-0.455664	-0.455667	0.000001	223.519900	136.495557	0.001279	0.000000	0.001279	9.1	42.7	52.8
506	-0.470431	-0.470434	0.000001	224.519900	135.939612	0.001235	0.000000	0.001235	9.4	43.0	53.3
507	-0.449489	-0.449492	0.000001	225.518974	135.388686	0.001062	0.000000	0.001062	9.1	43.6	53.6
508	-0.454555	-0.454558	0.000001	226.515017	134.843858	0.000802	0.000000	0.000802	9.2	43.0	53.1
509	-0.455277	-0.455280	0.000001	225.974293	135.139085	0.001528	0.000000	0.001528	9.4	41.2	51.6
510	-0.452866	-0.452869	0.000001	226.970474	134.596186	0.001095	0.000000	0.001095	10.5	42.9	54.4
511	-0.446334	-0.446337	0.000001	227.956260	134.063228	0.001934	0.000000	0.001934	9.3	40.6	50.8
512	-0.453855	-0.453858	0.000001	228.956260	133.526882	0.001304	0.000000	0.001304	9.1	47.3	57.4
513	-0.453892	-0.453896	0.000001	229.956259	132.994810	0.001451	0.000000	0.001451	10.6	52.6	64.2
514	-0.461803	-0.461806	0.000001	229.420672	133.279252	0.000928	0.000000	0.000928	9.6	43.2	53.8
515	-0.449900	-0.449903	0.000001	228.928419	133.541756	0.001275	0.000000	0.001275	9.5	41.9	52.4
516	-0.456650	-0.456653	0.000001	228.387439	133.831439	0.001714	0.000000	0.001714	9.7	44.0	54.8
517	-0.453507	-0.453511	0.000001	229.386931	133.297212	0.001099	0.000000	0.001099	9.6	46.4	57.1
518	-0.451254	-0.451257	0.000001	228.847233	133.585149	0.001344	0.000000	0.001344	9.1	43.0	53.0
519	-0.449008	-0.449011	0.000001	229.847233	133.052614	0.001694	0.000000	0.001694	9.4	42.0	52.3
520	-0.451256	-0.451259	0.000001	229.323197	133.331151	0.001163	0.000000	0.001163	9.4	42.8	53.1
521	-0.454097	-0.454100	0.000001	228.782176	133.619942	0.001376	0.000000	0.001376	9.5	43.4	53.9
522	-0.465027	-0.465030	0.000001	229.775554	133.090644	0.001271	0.000000	0.001271	11.0	50.5	62.5
523	-0.461739	-0.461742	0.000001	229.234535	133.378392	0.000734	0.000000	0.000734	10.5	59.7	71.2
524	-0.454138	-0.454141	0.000001	230.234527	132.847504	0.001268	0.000000	0.001268	13.4	55.5	70.1
525	-0.455468	-0.455471	0.000001	231.181147	132.348830	0.001291	0.000000	0.001291	9.8	42.7	53.4
526	-0.451703	-0.451707	0.000001	230.796134	132.551200	0.001123	0.000000	0.001123	9.5	42.9	53.3
527	-0.456656	-0.456659	0.000001	230.258747	132.834698	0.001851	0.000000	0.001851	10.4	47.1	58.5
528	-0.455947	-0.455951	0.000001	231.247651	132.313937	0.001497	0.000000	0.001497	9.6	43.7	54.4
529	-0.444831	-0.444834	0.000001	232.247651	131.791469	0.001302	0.000000	0.001302	9.7	44.0	54.7
530	-0.455161	-0.455165	0.000001	233.233702	131.280312	0.001186	0.000000	0.001186	9.2	43.6	53.7
531	-0.459193	-0.459196	0.000001	234.233702	130.765959	0.000980	0.000000	0.000980	9.9	42.5	53.4
532	-0.452083	-0.452086	0.000001	233.692706	131.043721	0.001172	0.000000	0.001172	9.5	42.4	52.8
533	-0.454978	-0.454981	0.000001	234.690265	130.532462	0.001208	0.000000	0.001208	9.2	41.9	52.0
534	-0.462179	-0.462182	0.000001	235.685809	130.026198	0.000819	0.000000	0.000819	9.4	40.8	51.2
535	-0.451850	-0.451854	0.000001	236.685809	129.521606	0.001705	0.000000	0.001705	9.1	44.1	54.1
536	-0.443643	-0.443646	0.000001	237.685809	129.020915	0.001907	0.000000	0.001907	9.5	41.0	51.4
537	-0.463097	-0.463100	0.000001	238.685809	128.524081	0.001108	0.000000	0.001108	9.0	41.6	51.6
538	-0.442330	-0.442333	0.000001	238.144786	128.792404	0.001188	0.000000	0.001188	9.6	41.6	52.2
539	-0.459687	-0.459690	0.000001	238.606905	128.563144	0.001051	0.000000	0.001051	9.4	41.1	51.4
540	-0.456095	-0.456098	0.000001	239.235395	128.252653	0.001613	0.000000	0.001613	9.4	42.0	52.4
541	-0.454537	-0.454540	0.000001	239.954957	127.899007	0.001685	0.000000	0.001685	9.3	43.2	53.5
542	-0.460774	-0.460777	0.000001	239.413934	128.164724	0.001675	0.000000	0.001675	9.1	41.0	51.1
543	-0.455136	-0.455139	0.000001	238.872911	128.431547	0.001094	0.000000	0.001094	9.6	42.0	52.6
544	-0.455603	-0.455606	0.000001	238.392397	128.669461	0.001826	0.000000	0.001826	9.3	41.4	51.8
545	-0.455020	-0.455023	0.000001	237.851830	128.938165	0.001901	0.000000	0.001901	9.4	41.2	51.5
546	-0.458402	-0.458405	0.000001	238.851830	128.441966	0.001196	0.000000	0.001196	9.0	41.8	51.8
547	-0.455504	-0.455507	0.000001	238.311976	128.709365	0.002050	0.000000	0.002050	9.7	42.7	53.4
548	-0.453253	-0.453257	0.000001	239.311976	128.214923	0.001606	0.000000	0.001606	9.7	42.3	53.0
549	-0.448537	-0.448540	0.000001	240.311976	127.724264	0.001271	0.000000	0.001270	9.0	40.2	50.2
550	-0.455384	-0.455387	0.000001	241.311976	127.237347	0.001510	0.000000	0.001510	9.3	42.9	53.2
551	-0.446889	-0.446892	0.000001	240.770953	127.500318	0.000914	0.000000	0.000914	9.7	42.1	52.7
552	-0.461827	-0.461831	0.000001	240.229998	127.764346	0.001350	0.000000	0.001350	9.3	42.9	53.2
553	-0.447249	-0.447252	0.000001	241.229998	127.277124	0.001059	0.000000	0.001059	9.5	46.7	57.2
554	-0.454104	-0.454108	0.000001	242.229998	126.793603	0.001311	0.000000	0.001311	9.8	39.6	50.4
555	-0.449030	-0.449033	0.000001	241.688975	127.054742	0.001174	0.000000	0.001174	9.1	44.0	54.1
556	-0.454753	-0.454756	0.000001	241.149761	127.316080	0.001164	0.000000	0.001164	9.1	41.2	51.2
557	-0.449092	-0.449095	0.000001	240.757851	127.506700	0.001020	0.000000	0.001020	9.5	42.1	52.5
558	-0.447523	-0.447526	0.000001	240.216838	127.770783	0.002417	0.000000	0.002417	9.5	40.2	50.7
559	-0.456776	-0.456779	0.000001	241.216838	127.283511	0.001334	0.000000	0.001334	9.7	42.0	52.7
560	-0.450491	-0.450494	0.000001	240.675815	127.546674	0.001955	0.000000	0.001955	9.3	42.6	52.7
561	-0.454490	-0.454493	0.000001	241.675815	127.061107	0.001430	0.000000	0.001430	9.3	42.8	53.0
562	-0.450802	-0.450805	0.000001	241.567204	127.113666	0.001602	0.000000	0.001602	9.2	42.7	52.9
563	-0.456358	-0.456361	0.000001	242.567204	126.631384	0.001268	0.000000	0.001268	9.1	42.0	52.1
564	-0.459039	-0.459042	0.000001	243.567204	126.152748	0.001100	0.000000	0.001100	9.6	40.6	51.1
565	-0.456481	-0.456484	0.000001	244.567022	125.677803	0.001388	0.000000	0.001388	9.5	46.1	56.6
566	-0.449536	-0.449539	0.000001	244.025999	125.934361	0.001525	0.000000	0.001525	9.6	39.9	50.4
567	-0.450937	-0.450940	0.000001	243.484976	126.191969	0.001068	0.000000	0.001068	8.9	40.6	50.4
568	-0.457167	-0.457170	0.000001	242.944118	126.450554	0.001349	0.000000	0.001349	9.4	41.0	51.6
569	-0.455378	-0.455381	0.000001	242.437701	126.693635	0.001534	0.000000	0.001534	9.5	41.5	52.0
570	-0.445656	-0.445660	0.000001	243.437701	126.214529	0.001385	0.000000	0.001385	9.2	42.4	52.6
571	-0.459486	-0.459489	0.000001	244.437701	125.739033	0.001637	0.000000	0.001637	9.7	40.3	51.1
572	-0.458055	-0.458059	0.000001	243.896678	125.995842	0.001250	0.000000	0.001250	9.1	41.6	51.7
573	-0.451885	-0.451888	0.000001	243.355655	126.253701	0.001291	0.000000	0.001291	9.6	41.9	52.4
574	-0.455978	-0.455981	0.000001	244.355655	125.777911	0.001018	0.000000	0.001018	9.3	41.3	51.6
575	-0.455283	-0.455286	0.000001	243.836876	126.024293	0.001405	0.000000	0.001405	9.5	40.7	51.2
576	-0.451862	-0.451865	0.000001	244.833704	125.551724	0.001328	0.000000	0.001328	9.4	44.7	55.3
577	-0.452208	-0.452211	0.000001	244.292700	125.807759	0.001607	0.000000	0.001607	9.3	43.6	53.9
578	-0.456673	-0.456677	0.000001	245.292436	125.335441	0.001410	0.000000	0.001410	9.1	43.8	53.9
579	-0.451924	-0.451927	0.000001	246.292436	124.866533	0.001346	0.000000	0.001346	9.4	40.4	50.8
580	-0.455693	-0.455696	0.000001	245.889512	125.055045	0.001901	0.000000	0.001901	9.1	40.6	50.8
581	-0.457740	-0.457743	0.000001	245.788291	125.102491	0.001916	0.000000	0.001916	9.4	42.7	53.0
582	-0.451609	-0.451612	0.000001	246.788291	124.635322	0.002269	0.000000	0.002269	9.1	43.1	53.2
583	-0.448801	-0.448804	0.000001	246.248272	124.887168	0.001666	0.000000	0.001666	9.2	43.6	53.7
584	-0.459403	-0.459406	0.000001	247.248272	124.421602	0.001080	0.000000	0.001080	9.3	43.8	54.1
585	-0.457518	-0.457522	0.000001	247.352448	124.373301	0.000874	0.000000	0.000874	9.2	41.2	51.3
586	-0.454923	-0.454926	0.000001	246.811427	124.624555	0.001157	0.000000	0.001157	9.4	42.1	52.5
587	-0.458455	-0.458458	0.000001	247.811400	124.160954	0.001232	0.000000	0.001232	9.2	40.7	50.9
588	-0.464874	-0.464878	0.000001	248.811400	123.700777	0.000999	0.000000	0.000999	9.7	40.0	50.7
589	-0.454097	-0.454100	0.000001	248.270377	123.949319	0.000926	0.000000	0.000926	9.5	41.2	51.6
590	-0.463316	-0.463319	0.000001	247.729668	124.198716	0.001205	0.000000	0.001205	9.1	42.5	52.6
591	-0.457176	-0.457179	0.000001	248.649883	123.774872	0.001390	0.000000	0.001390	9.3	42.9	53.2
592	-0.459650	-0.459653	0.000001	249.649870	123.317554	0.000960	0.000000	0.000960	9.8	41.8	52.6
593	-0.446174	-0.446178	0.000001	249.112953	123.562678	0.001940	0.000000	0.001940	9.7	43.7	54.4
594	-0.457152	-0.457155	0.000001	249.976610	123.168859	0.001114	0.000000	0.001114	9.0	41.9	51.9
595	-0.454909	-0.454913	0.000001	250.976610	122.715993	0.000936	0.000000	0.000936	9.0	41.8	51.8
596	-0.459110	-0.459113	0.000001	251.967834	122.270377	0.001627	0.000000	0.001627	9.6	41.7	52.3
597	-0.453616	-0.453619	0.000001	251.426853	122.513179	0.001102	0.000000	0.001102	9.3	42.5	52.7
598	-0.455628	-0.455631	0.000001	250.885830	122.756967	0.002554	0.000000	0.002554	9.4	43.4	53.8
599	-0.456569	-0.456573	0.000001	251.885830	122.307120	0.000972	0.000000	0.000972	9.4	43.2	53.6
600	-0.455351	-0.455355	0.000001	252.885830	121.860558	0.001732	0.000000	0.001732	9.8	44.6	55.3
601	-0.452256	-0.452259	0.000001	252.344807	122.101752	0.000999	0.000000	0.000999	10.0	42.6	53.6
602	-0.451020	-0.451023	0.000001	253.344806	121.656686	0.001406	0.000000	0.001406	9.7	43.3	53.9
603	-0.452037	-0.452040	0.000001	254.344790	121.214859	0.000992	0.000000	0.000992	9.8	44.4	55.2
604	-0.455658	-0.455662	0.000001	255.344790	120.776223	0.001654	0.000000	0.001654	9.3	43.5	53.8
605	-0.445686	-0.445689	0.000001	256.344005	120.341090	0.001704	0.000000	0.001704	10.1	42.1	53.2
606	-0.455286	-0.455289	0.000001	257.344005	119.908743	0.001627	0.000000	0.001627	9.3	43.1	53.3
607	-0.458430	-0.458433	0.000001	256.904178	120.098518	0.001786	0.000000	0.001786	9.5	41.1	51.6
608	-0.461259	-0.461262	0.000001	257.904178	119.667909	0.001256	0.000000	0.001256	9.2	43.8	54.0
609	-0.458453	-0.458457	0.000001	257.369213	119.897885	0.001929	0.000000	0.001929	14.7	71.6	87.3
610	-0.450034	-0.450037	0.000001	256.828240	120.131344	0.001259	0.000000	0.001259	11.6	54.9	67.5
611	-0.463215	-0.463219	0.000001	257.828152	119.700538	0.001702	0.000000	0.001702	10.9	54.8	66.9
612	-0.448139	-0.448143	0.000001	258.828152	119.272774	0.001581	0.000000	0.001581	10.0	44.7	55.8
613	-0.453709	-0.453712	0.000001	258.287129	119.503824	0.000973	0.000000	0.000973	9.5	41.7	52.2
614	-0.464280	-0.464283	0.000001	258.532418	119.398960	0.001649	0.000000	0.001649	9.4	43.5	53.9
615	-0.455297	-0.455300	0.000001	259.531489	118.973738	0.002241	0.000000	0.002241	9.9	42.5	53.5
616	-0.465227	-0.465230	0.000001	260.531489	118.551143	0.001669	0.000000	0.001669	9.4	39.7	50.0
617	-0.456855	-0.456858	0.000001	261.531489	118.131540	0.002054	0.000000	0.002054	9.0	43.3	53.3
618	-0.455615	-0.455618	0.000001	260.990466	118.358185	0.001813	0.000000	0.001813	9.1	43.9	53.9
619	-0.460129	-0.460132	0.000001	261.990466	117.939944	0.001084	0.000000	0.001084	9.5	44.5	55.0
620	-0.452351	-0.452355	0.000001	261.449443	118.165855	0.001229	0.000000	0.001229	9.8	43.2	54.0
621	-0.451527	-0.451530	0.000001	260.908420	118.392632	0.001650	0.000000	0.001650	9.4	41.7	52.1
622	-0.452901	-0.452905	0.000001	261.908420	117.974148	0.001094	0.000000	0.001094	9.3	41.5	51.7
623	-0.451679	-0.451682	0.000001	262.908419	117.558613	0.001604	0.000000	0.001604	9.2	43.1	53.3
624	-0.459045	-0.459048	0.000001	262.371920	117.781183	0.001805	0.000000	0.001805	8.9	42.8	52.6
625	-0.453233	-0.453237	0.000001	262.633451	117.672580	0.001211	0.000000	0.001211	9.6	41.8	52.3
626	-0.460481	-0.460484	0.000001	263.633451	117.259162	0.001097	0.000000	0.001097	9.3	42.6	52.8
627	-0.464896	-0.464899	0.000001	264.633407	116.848657	0.001638	0.000000	0.001638	9.8	43.9	54.6
628	-0.454395	-0.454398	0.000001	264.092384	117.070402	0.001257	0.000000	0.001257	9.3	40.8	51.1
629	-0.457856	-0.457859	0.000001	263.551361	117.292990	0.001415	0.000000	0.001415	9.3	42.1	52.4
630	-0.454417	-0.454421	0.000001	264.551361	116.882230	0.001667	0.000000	0.001667	9.3	43.5	53.8
631	-0.451279	-0.451283	0.000001	264.010353	117.104096	0.001009	0.000000	0.001009	9.6	41.9	52.5
632	-0.456818	-0.456821	0.000001	263.469338	117.326810	0.001405	0.000000	0.001405	9.0	41.5	51.5
633	-0.457088	-0.457091	0.000001	262.928315	117.550375	0.001190	0.000000	0.001190	9.7	43.8	54.5
634	-0.455602	-0.455606	0.000001	262.387292	117.774794	0.001373	0.000000	0.001373	9.3	43.3	53.5
635	-0.451218	-0.451221	0.000001	262.649475	117.665932	0.001141	0.000000	0.001141	9.4	40.1	50.5
636	-0.458024	-0.458027	0.000001	263.638395	117.257125	0.001441	0.000000	0.001441	9.2	42.1	52.3
637	-0.456222	-0.456225	0.000001	264.638395	116.846616	0.001347	0.000000	0.001347	9.3	41.1	51.4
638	-0.459051	-0.459054	0.000001	265.638395	116.438971	0.001144	0.000000	0.001144	9.3	43.2	53.6
639	-0.456274	-0.456277	0.000001	266.638071	116.034292	0.001139	0.000000	0.001139	9.6	40.2	50.7
640	-0.453748	-0.453751	0.000001	267.638071	115.632286	0.000986	0.000000	0.000986	9.8	41.2	52.0
641	-0.451968	-0.451971	0.000001	267.137288	115.833255	0.001664	0.000000	0.001664	9.2	42.7	52.9
642	-0.459492	-0.459495	0.000001	266.598369	116.050310	0.000984	0.000000	0.000984	8.9	44.0	53.8
643	-0.455275	-0.455278	0.000001	266.237475	116.196119	0.002177	0.000000	0.002177	9.7	44.1	54.8
644	-0.463205	-0.463209	0.000001	267.237469	115.792995	0.000909	0.000000	0.000909	9.2	44.6	54.8
645	-0.460344	-0.460348	0.000001	266.696624	116.010676	0.001516	0.000000	0.001516	9.0	44.7	54.7
646	-0.453224	-0.453228	0.000001	267.696624	115.608833	0.001583	0.000000	0.001583	9.8	42.6	53.3
647	-0.454889	-0.454892	0.000001	268.696624	115.209765	0.001554	0.000000	0.001554	9.7	45.5	56.1
648	-0.460425	-0.460428	0.000001	269.696624	114.813442	0.001314	0.000000	0.001314	10.0	42.8	53.7
649	-0.448892	-0.448896	0.000001	270.696624	114.419836	0.001164	0.000000	0.001164	9.1	42.7	52.7
650	-0.463508	-0.463511	0.000001	271.696623	114.028920	0.001484	0.000000	0.001484	8.9	57.6	67.5
651	-0.456492	-0.456495	0.000001	271.155600	114.240082	0.000993	0.000000	0.000993	11.2	60.4	72.6
652	-0.448055	-0.448059	0.000001	270.615279	114.451753	0.001371	0.000000	0.001371	9.4	43.8	54.2
653	-0.459986	-0.459989	0.000001	270.075677	114.663926	0.001746	0.000000	0.001746	9.3	43.9	54.2
654	-0.446055	-0.446059	0.000001	269.534655	114.877449	0.001697	0.000000	0.001697	9.8	42.5	53.2
655	-0.454587	-0.454590	0.000001	270.534655	114.483405	0.001388	0.000000	0.001388	9.1	43.3	53.3
656	-0.450443	-0.450446	0.000001	271.534655	114.092055	0.000927	0.000000	0.000927	10.0	40.9	51.9
657	-0.458094	-0.458097	0.000001	271.043039	114.284114	0.000965	0.000000	0.000965	8.9	47.2	57.1
658	-0.458300	-0.458303	0.000001	270.915337	114.334109	0.001198	0.000000	0.001198	9.5	40.3	50.8
659	-0.454074	-0.454077	0.000001	271.915337	113.943777	0.000980	0.000000	0.000980	9.1	43.1	53.1
660	-0.457937	-0.457940	0.000001	272.915337	113.556102	0.001033	0.000000	0.001033	9.5	42.9	53.4
661	-0.451927	-0.451930	0.000001	272.374340	113.765505	0.000894	0.000000	0.000894	9.9	42.1	52.9
662	-0.450513	-0.450516	0.000001	273.118317	113.477733	0.000956	0.000000	0.000956	9.5	44.3	54.8
663	-0.458233	-0.458236	0.000001	273.900400	113.176788	0.001309	0.000000	0.001309	9.5	43.1	53.5
664	-0.450557	-0.450561	0.000001	273.359378	113.384802	0.001102	0.000000	0.001102	8.9	42.0	52.0
665	-0.450193	-0.450197	0.000001	272.818355	113.593584	0.001564	0.000000	0.001564	9.8	42.7	53.5
666	-0.455531	-0.455535	0.000001	273.816193	113.209114	0.000860	0.000000	0.000860	9.1	41.7	51.8
667	-0.453676	-0.453679	0.000001	273.275198	113.417237	0.001670	0.000000	0.001670	9.2	41.9	52.2
668	-0.454179	-0.454183	0.000001	273.326533	113.397455	0.001342	0.000000	0.001342	9.4	41.1	51.4
669	-0.455703	-0.455707	0.000001	272.785510	113.606283	0.001431	0.000000	0.001431	9.5	43.0	53.5
670	-0.454204	-0.454207	0.000001	273.678096	113.262168	0.001190	0.000000	0.001190	9.0	41.8	51.8
671	-0.459093	-0.459096	0.000001	274.678060	112.879122	0.001281	0.000000	0.001281	9.2	42.4	52.6
672	-0.456638	-0.456641	0.000001	274.168627	113.073941	0.001533	0.000000	0.001533	9.4	43.9	54.3
673	-0.460962	-0.460966	0.000001	275.168627	112.692152	0.001044	0.000000	0.001044	9.8	42.9	53.7
674	-0.448802	-0.448805	0.000001	276.014233	112.371315	0.001773	0.000000	0.001773	9.7	42.9	53.5
675	-0.459436	-0.459440	0.000001	277.014233	111.994248	0.001238	0.000000	0.001238	9.7	43.1	53.8
676	-0.456330	-0.456334	0.000001	278.014233	111.619703	0.000882	0.000000	0.000882	9.4	45.7	56.0
677	-0.449627	-0.449630	0.000001	279.014223	111.247659	0.001161	0.000000	0.001161	9.4	42.7	53.0
678	-0.461463	-0.461466	0.000001	279.960947	110.897710	0.001300	0.000000	0.001300	9.4	45.0	55.4
679	-0.456998	-0.457001	0.000001	280.960947	110.530452	0.001062	0.000000	0.001062	9.3	42.9	53.2
680	-0.460472	-0.460475	0.000001	280.419924	110.728845	0.000940	0.000000	0.000940	9.7	42.2	52.9
681	-0.452175	-0.452178	0.000001	281.388102	110.374316	0.001531	0.000000	0.001531	9.5	43.5	53.9
682	-0.455164	-0.455168	0.000001	282.388097	110.010512	0.001401	0.000000	0.001401	9.0	48.7	58.7
683	-0.451345	-0.451348	0.000001	281.857714	110.203169	0.001634	0.000000	0.001634	10.4	48.0	59.4
684	-0.456607	-0.456611	0.000001	282.854155	109.841775	0.000920	0.000000	0.000920	9.7	50.2	60.8
685	-0.460663	-0.460667	0.000001	283.751439	109.518367	0.001184	0.000000	0.001184	9.8	45.9	56.7
686	-0.458166	-0.458169	0.000001	284.520184	109.242799	0.001468	0.000000	0.001468	9.9	47.9	58.8
687	-0.460457	-0.460460	0.000001	283.979161	109.436592	0.001242	0.000000	0.001242	10.1	57.1	68.3
688	-0.455150	-0.455153	0.000001	284.898474	109.107703	0.001535	0.000000	0.001535	13.4	51.7	66.2
689	-0.454079	-0.454082	0.000001	284.357451	109.301017	0.001904	0.000000	0.001904	9.7	43.3	54.0
690	-0.452186	-0.452190	0.000001	283.816428	109.495017	0.001466	0.000000	0.001466	9.6	46.0	56.5
691	-0.454470	-0.454473	0.000001	284.816428	109.136975	0.001585	0.000000	0.001585	9.3	42.9	53.1
692	-0.462259	-0.462262	0.000001	285.816427	108.781268	0.000960	0.000000	0.000960	9.3	42.1	52.4
693	-0.458847	-0.458850	0.000001	285.331759	108.953378	0.002283	0.000000	0.002283	9.5	44.1	54.5
694	-0.462937	-0.462940	0.000001	286.331759	108.598864	0.002013	0.000000	0.002013	9.3	44.7	55.0
695	-0.452930	-0.452933	0.000001	287.331759	108.246650	0.001182	0.000000	0.001182	9.6	49.3	59.9
696	-0.463904	-0.463907	0.000001	286.837878	108.420316	0.001212	0.000000	0.001212	10.4	51.7	63.2
697	-0.449179	-0.449182	0.000001	287.834002	108.070613	0.001444	0.000000	0.001444	11.6	48.2	60.8
698	-0.458287	-0.458290	0.000001	288.833996	107.721813	0.001765	0.000000	0.001766	11.0	43.2	55.2
699	-0.448208	-0.448212	0.000001	289.833996	107.375256	0.001499	0.000000	0.001499	9.3	42.1	52.4
700	-0.455177	-0.455180	0.000001	289.292974	107.562474	0.001821	0.000000	0.001821	9.6	40.7	51.2
701	-0.453807	-0.453811	0.000001	288.753014	107.749976	0.001004	0.000000	0.001004	9.2	45.6	55.8
702	-0.460188	-0.460191	0.000001	289.750718	107.404031	0.001089	0.000000	0.001089	9.5	47.1	57.6
703	-0.461784	-0.461787	0.000001	290.750718	107.059513	0.002332	0.000000	0.002332	9.1	43.8	53.9
704	-0.456366	-0.456369	0.000001	291.750718	106.717197	0.001410	0.000000	0.001410	9.7	42.2	52.9
705	-0.462933	-0.462936	0.000001	291.209695	106.902125	0.001882	0.000000	0.001882	9.7	41.8	52.4
706	-0.457041	-0.457044	0.000001	292.209695	106.560814	0.001263	0.000000	0.001263	9.4	41.1	51.5
707	-0.455229	-0.455233	0.000001	293.209695	106.221674	0.001199	0.000000	0.001199	9.2	43.9	54.1
708	-0.444747	-0.444751	0.000001	294.209695	105.884687	0.001099	0.000000	0.001099	9.5	43.0	53.5
709	-0.462207	-0.462210	0.000001	294.995583	105.621349	0.001024	0.000000	0.001024	9.8	44.5	55.3
710	-0.451171	-0.451174	0.000001	295.979128	105.293620	0.001294	0.000000	0.001294	9.3	41.2	51.4
711	-0.466807	-0.466810	0.000001	295.467840	105.463733	0.001195	0.000000	0.001195	9.4	42.6	53.0
712	-0.458125	-0.458128	0.000001	294.926817	105.644339	0.001227	0.000000	0.001227	9.4	42.1	52.5
713	-0.450840	-0.450843	0.000001	295.426514	105.477507	0.001358	0.000000	0.001358	9.2	43.1	53.2
714	-0.445687	-0.445691	0.000001	294.935854	105.641317	0.001080	0.000000	0.001081	9.4	43.6	54.0
715	-0.453659	-0.453663	0.000001	294.394832	105.822533	0.001221	0.000000	0.001221	9.5	42.1	52.6
716	-0.462662	-0.462665	0.000001	294.357850	105.834942	0.002010	0.000000	0.002010	9.4	43.8	54.2
717	-0.455574	-0.455577	0.000001	293.816835	106.016821	0.001561	0.000000	0.001561	9.4	41.3	51.7
718	-0.458218	-0.458221	0.000001	294.816835	105.681130	0.001192	0.000000	0.001192	9.5	42.8	53.2
719	-0.453728	-0.453731	0.000001	295.816835	105.347558	0.001452	0.000000	0.001452	9.4	41.6	52.0
720	-0.452616	-0.452619	0.000001	295.275812	105.527766	0.001130	0.000000	0.001130	9.3	41.3	51.6
721	-0.461961	-0.461965	0.000001	296.274438	105.195616	0.001609	0.000000	0.001609	9.7	42.9	53.6
722	-0.449313	-0.449316	0.000001	297.226456	104.880909	0.001871	0.000000	0.001871	9.5	43.9	54.3
723	-0.463575	-0.463578	0.000001	298.226456	104.552362	0.001683	0.000000	0.001683	9.7	43.4	54.1
724	-0.455973	-0.455977	0.000001	299.223958	104.226680	0.002071	0.000000	0.002071	9.7	42.9	53.5
725	-0.454609	-0.454613	0.000001	300.223958	103.902212	0.001266	0.000000	0.001266	9.0	44.5	54.5
726	-0.459750	-0.459753	0.000001	301.223958	103.579759	0.002110	0.000000	0.002110	9.5	43.9	54.4
727	-0.445253	-0.445257	0.000001	302.223801	103.259351	0.001879	0.000000	0.001879	9.5	44.4	54.9
728	-0.461050	-0.461054	0.000001	303.223801	102.940869	0.001349	0.000000	0.001349	9.6	44.0	54.5
729	-0.450094	-0.450097	0.000001	304.223801	102.624346	0.001804	0.000000	0.001804	9.8	43.3	54.1
730	-0.460813	-0.460816	0.000001	305.223801	102.309763	0.002051	0.000000	0.002051	9.5	40.3	50.7
731	-0.454236	-0.454239	0.000001	306.223801	101.997103	0.001731	0.000000	0.001731	9.5	58.5	69.0
732	-0.462307	-0.462310	0.000001	307.223801	101.686349	0.001222	0.000000	0.001222	11.1	661.5	673.7
733	-0.462435	-0.462439	0.000001	308.205328	101.383170	0.001260	0.000000	0.001260	9.6	43.3	53.8
734	-0.456640	-0.456643	0.000001	307.728006	101.530382	0.001284	0.000000	0.001284	9.3	42.5	52.8
735	-0.450123	-0.450126	0.000001	308.728005	101.222460	0.001267	0.000000	0.001267	10.1	43.3	54.3
736	-0.457658	-0.457662	0.000001	309.666532	100.935162	0.001796	0.000000	0.001796	9.4	43.6	54.0
737	-0.453673	-0.453676	0.000001	310.666532	100.630835	0.001632	0.000000	0.001632	9.4	45.3	55.7
738	-0.452050	-0.452053	0.000001	310.125509	100.795254	0.001246	0.000000	0.001246	9.6	42.4	52.9
739	-0.450120	-0.450124	0.000001	311.125056	100.491906	0.001382	0.000000	0.001382	9.6	41.0	51.6
740	-0.454058	-0.454062	0.000001	312.125056	100.190242	0.001150	0.000000	0.001150	9.5	42.0	52.6
741	-0.454052	-0.454055	0.000001	311.584034	100.353223	0.000960	0.000000	0.000960	9.7	43.0	53.7
742	-0.449990	-0.449994	0.000001	311.937382	100.246718	0.001259	0.000000	0.001259	9.0	42.8	52.8
743	-0.457705	-0.457709	0.000001	312.924390	99.950410	0.001103	0.000000	0.001103	9.2	44.7	54.9
744	-0.462914	-0.462917	0.000001	312.383367	100.112613	0.001944	0.000000	0.001944	9.9	43.1	53.9
745	-0.454123	-0.454126	0.000001	313.383367	99.813218	0.001479	0.000000	0.001479	9.9	43.5	54.4
746	-0.455815	-0.455818	0.000001	314.383367	99.515608	0.001039	0.000000	0.001039	9.1	42.5	52.6
747	-0.453956	-0.453959	0.000001	315.383367	99.219769	0.001038	0.000000	0.001038	9.5	44.1	54.5
748	-0.456487	-0.456490	0.000001	315.202990	99.273001	0.001062	0.000000	0.001062	9.6	44.3	54.9
749	-0.453016	-0.453019	0.000001	314.808855	99.389517	0.001235	0.000000	0.001235	9.8	41.3	52.1
750	-0.452509	-0.452513	0.000001	315.808853	99.094426	0.001117	0.000000	0.001117	9.5	41.6	52.1
751	-0.461427	-0.461431	0.000001	315.267900	99.253839	0.000972	0.000000	0.000972	9.6	42.0	52.6
752	-0.461053	-0.461056	0.000001	314.726877	99.413786	0.000987	0.000000	0.000987	9.6	41.4	51.9
753	-0.456989	-0.456992	0.000001	314.185854	99.574250	0.000988	0.000000	0.000988	9.5	57.2	67.7
754	-0.452493	-0.452496	0.000001	314.135129	99.589321	0.000615	0.000000	0.000615	9.6	42.4	53.0
755	-0.455751	-0.455755	0.000001	314.943152	99.349785	0.001814	0.000000	0.001814	9.6	44.3	55.0
756	-0.457961	-0.457964	0.000001	315.943112	99.054940	0.001391	0.000000	0.001391	9.4	43.2	53.6
757	-0.447061	-0.447064	0.000001	316.943112	98.761829	0.001409	0.000000	0.001409	9.2	41.9	52.2
758	-0.448560	-0.448563	0.000001	316.402089	98.920193	0.001251	0.000000	0.001251	9.2	42.5	52.7
759	-0.456517	-0.456520	0.000001	317.402089	98.627878	0.001223	0.000000	0.001223	9.5	44.2	54.6
760	-0.451225	-0.451228	0.000001	316.861087	98.785806	0.001861	0.000000	0.001861	9.5	45.4	55.9
761	-0.448936	-0.448939	0.000001	316.320064	98.944248	0.000781	0.000000	0.000781	9.5	42.1	52.6
762	-0.457201	-0.457205	0.000001	316.771024	98.812146	0.001634	0.000000	0.001634	9.7	42.8	53.5
763	-0.450708	-0.450711	0.000001	316.238813	98.968086	0.001513	0.000000	0.001513	9.2	41.7	51.8
764	-0.453115	-0.453118	0.000001	315.697790	99.127113	0.001151	0.000000	0.001151	9.2	42.0	52.3
765	-0.459792	-0.459795	0.000001	315.779858	99.102957	0.000765	0.000000	0.000765	9.2	45.1	55.3
766	-0.461910	-0.461914	0.000001	315.240142	99.262032	0.001521	0.000000	0.001521	9.6	43.7	54.2
767	-0.462343	-0.462347	0.000001	314.731552	99.412402	0.001226	0.000000	0.001226	9.3	43.1	53.4
768	-0.460286	-0.460290	0.000001	315.731552	99.117174	0.001764	0.000000	0.001764	9.0	42.3	52.2
769	-0.455493	-0.455496	0.000001	316.731552	98.823695	0.001236	0.000000	0.001236	9.9	46.6	57.5
770	-0.443688	-0.443691	0.000001	316.190529	98.982258	0.001618	0.000000	0.001618	9.3	46.5	56.8
771	-0.463355	-0.463359	0.000001	317.190529	98.689576	0.001263	0.000000	0.001263	10.6	44.5	56.0
772	-0.458713	-0.458716	0.000001	318.190529	98.398620	0.001075	0.000000	0.001075	9.8	44.0	54.8
773	-0.458265	-0.458268	0.000001	319.190044	98.109514	0.001215	0.000000	0.001215	9.9	45.4	56.3
774	-0.457767	-0.457770	0.000001	318.649024	98.265791	0.001287	0.000000	0.001287	9.6	45.6	56.2
775	-0.454013	-0.454016	0.000001	318.108002	98.422567	0.001698	0.000000	0.001698	9.4	44.5	55.0
776	-0.451517	-0.451520	0.000001	319.108002	98.133180	0.000851	0.000000	0.000851	10.3	46.0	57.3
777	-0.451258	-0.451261	0.000001	318.593156	98.281957	0.001455	0.000000	0.001455	9.6	41.4	51.9
778	-0.458465	-0.458469	0.000001	319.592645	97.993543	0.001861	0.000000	0.001861	9.3	42.6	53.0
779	-0.457241	-0.457245	0.000001	320.592645	97.706670	0.001278	0.000000	0.001278	9.3	44.9	55.2
780	-0.463670	-0.463673	0.000001	320.411236	97.758587	0.000814	0.000000	0.000814	9.2	40.9	51.0
781	-0.460025	-0.460028	0.000001	319.870620	97.913630	0.001607	0.000000	0.001607	9.4	48.0	58.3
782	-0.454057	-0.454060	0.000001	319.329597	98.069284	0.001006	0.000000	0.001006	10.2	51.2	62.4
783	-0.455536	-0.455540	0.000001	320.329597	97.781968	0.001046	0.000000	0.001046	11.6	48.1	61.0
784	-0.454013	-0.454017	0.000001	319.788805	97.937137	0.001077	0.000000	0.001077	10.0	41.3	52.2
785	-0.452369	-0.452372	0.000001	320.788804	97.650594	0.001037	0.000000	0.001037	9.6	42.4	52.9
786	-0.453134	-0.453138	0.000001	321.788786	97.365729	0.001152	0.000000	0.001152	10.1	41.7	52.8
787	-0.452809	-0.452813	0.000001	321.247784	97.519638	0.001994	0.000000	0.001994	9.7	41.6	52.3
788	-0.460965	-0.460968	0.000001	322.247784	97.235529	0.001725	0.000000	0.001725	9.5	43.4	53.8
789	-0.454155	-0.454158	0.000001	323.247784	96.953071	0.001713	0.000000	0.001713	9.4	41.5	51.9
790	-0.457919	-0.457922	0.000001	324.247784	96.672249	0.001579	0.000000	0.001579	9.5	45.4	55.8
791	-0.461870	-0.461874	0.000001	325.247784	96.393050	0.001419	0.000000	0.001419	9.9	42.3	53.3
792	-0.457587	-0.457590	0.000001	324.712349	96.542342	0.001515	0.000000	0.001515	9.3	42.4	52.6
793	-0.456451	-0.456454	0.000001	324.171327	96.693663	0.001661	0.000000	0.001661	9.7	42.8	53.5
794	-0.455844	-0.455847	0.000001	325.171327	96.414340	0.001151	0.000000	0.001151	9.5	44.0	54.4
795	-0.454070	-0.454074	0.000001	326.170407	96.136880	0.001497	0.000000	0.001497	9.4	41.9	52.3
796	-0.457379	-0.457383	0.000001	325.629384	96.286932	0.001729	0.000000	0.001729	9.0	43.0	52.9
797	-0.466104	-0.466107	0.000001	326.629384	96.009950	0.001386	0.000000	0.001386	9.4	41.6	51.9
798	-0.452537	-0.452540	0.000001	327.629384	95.734558	0.001230	0.000000	0.001230	9.3	41.8	52.1
799	-0.457191	-0.457194	0.000001	327.091847	95.882395	0.001181	0.000000	0.001180	10.0	42.0	53.0
800	-0.447286	-0.447290	0.000001	328.091847	95.607732	0.001109	0.000000	0.001109	9.4	41.7	52.1
801	-0.454886	-0.454890	0.000001	329.011969	95.356396	0.001318	0.000000	0.001318	9.7	41.3	51.9
802	-0.449546	-0.449549	0.000001	329.053603	95.345054	0.001609	0.000000	0.001609	10.4	44.3	55.8
803	-0.458800	-0.458803	0.000001	328.512581	95.492642	0.000834	0.000000	0.000834	9.8	42.1	52.9
804	-0.456481	-0.456484	0.000001	329.510464	95.220780	0.001225	0.000000	0.001225	9.3	43.0	53.3
805	-0.449105	-0.449108	0.000001	330.510464	94.949890	0.001486	0.000000	0.001486	9.4	42.4	52.8
806	-0.453931	-0.453934	0.000001	330.170404	95.041836	0.001499	0.000000	0.001499	9.7	41.0	51.7
807	-0.452128	-0.452131	0.000001	331.144566	94.778915	0.001457	0.000000	0.001457	9.5	43.4	53.9
808	-0.458819	-0.458822	0.000001	330.603543	94.924754	0.001236	0.000000	0.001236	9.9	42.1	53.0
809	-0.450783	-0.450787	0.000001	331.595666	94.657658	0.001010	0.000000	0.001010	9.5	41.5	52.0
810	-0.447840	-0.447843	0.000001	331.074642	94.797739	0.001098	0.000000	0.001098	10.4	42.6	54.0
811	-0.462138	-0.462142	0.000001	330.533619	94.943636	0.001860	0.000000	0.001860	9.6	43.7	54.2
812	-0.457632	-0.457635	0.000001	331.533619	94.674318	0.000881	0.000000	0.000881	9.8	43.0	53.9
813	-0.457091	-0.457094	0.000001	332.533619	94.406524	0.002235	0.000000	0.002235	9.9	43.5	54.5
814	-0.459674	-0.459677	0.000001	333.530369	94.141103	0.001374	0.000000	0.001374	9.0	42.2	52.2
815	-0.459122	-0.459125	0.000001	334.530369	93.876312	0.001525	0.000000	0.001525	9.7	42.5	53.2
816	-0.456968	-0.456971	0.000001	335.523295	93.614864	0.001342	0.000000	0.001342	9.3	41.4	51.7
817	-0.454942	-0.454945	0.000001	336.523294	93.353022	0.001280	0.000000	0.001280	9.0	43.0	53.0
818	-0.452836	-0.452839	0.000001	335.982272	93.494502	0.001131	0.000000	0.001131	9.3	60.1	70.3
819	-0.451403	-0.451406	0.000001	336.982272	93.233332	0.000800	0.000000	0.000800	12.0	44.0	57.0
820	-0.452499	-0.452502	0.000001	336.539408	93.348815	0.001539	0.000000	0.001539	9.3	44.1	54.4
821	-0.455374	-0.455378	0.000001	337.144039	93.191220	0.001164	0.000000	0.001164	9.5	45.7	56.1
822	-0.458256	-0.458259	0.000001	338.144039	92.931738	0.001200	0.000000	0.001200	9.7	41.3	52.0
823	-0.464006	-0.464009	0.000001	337.603016	93.071944	0.001519	0.000000	0.001519	9.6	40.3	50.8
824	-0.459028	-0.459031	0.000001	338.603014	92.813126	0.001822	0.000000	0.001822	9.6	41.7	52.2
825	-0.464495	-0.464498	0.000001	338.061991	92.952974	0.001580	0.000000	0.001580	10.0	42.0	52.9
826	-0.456925	-0.456928	0.000001	339.061991	92.694816	0.001300	0.000000	0.001300	9.2	42.4	52.6
827	-0.451896	-0.451899	0.000001	338.520968	92.834307	0.001443	0.000000	0.001443	8.9	43.3	53.2
828	-0.457590	-0.457594	0.000001	339.520968	92.576806	0.001281	0.000000	0.001281	9.2	42.4	52.6
829	-0.448408	-0.448412	0.000001	338.979945	92.715942	0.001939	0.000000	0.001939	9.5	43.6	54.1
830	-0.459130	-0.459133	0.000001	339.979945	92.459097	0.001563	0.000000	0.001563	9.4	44.3	54.6
831	-0.455651	-0.455654	0.000001	340.979945	92.203671	0.000956	0.000000	0.000956	9.5	42.3	52.8
832	-0.455204	-0.455208	0.000001	340.438931	92.341685	0.001307	0.000000	0.001307	9.0	42.6	52.6
833	-0.449116	-0.449119	0.000001	341.128712	92.165793	0.001459	0.000000	0.001459	9.1	43.8	53.9
834	-0.454122	-0.454125	0.000001	342.128712	91.911983	0.001789	0.000000	0.001789	9.4	43.4	53.8
835	-0.456509	-0.456513	0.000001	341.607334	92.044139	0.001642	0.000000	0.001642	9.3	42.3	52.6
836	-0.457451	-0.457455	0.000001	341.066311	92.181677	0.000766	0.000000	0.000766	9.2	41.4	51.5
837	-0.454490	-0.454494	0.000001	342.066304	91.927782	0.002056	0.000000	0.002056	10.2	44.2	55.4
838	-0.453616	-0.453620	0.000001	341.525281	92.064972	0.001135	0.000000	0.001135	9.0	41.7	51.7
839	-0.455052	-0.455056	0.000001	342.525281	91.811716	0.000933	0.000000	0.000933	9.6	40.6	51.2
840	-0.453894	-0.453898	0.000001	343.525280	91.559850	0.001342	0.000000	0.001342	9.6	41.3	51.8
841	-0.453116	-0.453119	0.000001	342.984262	91.695942	0.001647	0.000000	0.001647	9.5	44.5	55.0
842	-0.459202	-0.459206	0.000001	343.115827	91.662810	0.001913	0.000000	0.001913	9.5	43.2	53.7
843	-0.452534	-0.452538	0.000001	344.115827	91.411759	0.001361	0.000000	0.001361	9.9	44.1	55.0
844	-0.463855	-0.463859	0.000001	343.575608	91.547210	0.001862	0.000000	0.001862	10.3	43.6	54.8
845	-0.453859	-0.453863	0.000001	343.034585	91.683266	0.001262	0.000000	0.001262	9.2	42.6	52.8
846	-0.453395	-0.453398	0.000001	344.028655	91.433589	0.000708	0.000000	0.000708	9.3	43.8	54.1
847	-0.461305	-0.461309	0.000001	343.493477	91.567839	0.001961	0.000000	0.001961	9.2	42.0	52.2
848	-0.460378	-0.460382	0.000001	342.952461	91.703954	0.001409	0.000000	0.001409	10.3	42.9	54.2
849	-0.453852	-0.453856	0.000001	343.952448	91.452681	0.002031	0.000000	0.002031	9.8	45.9	56.8
850	-0.449979	-0.449982	0.000001	344.952448	91.202778	0.001692	0.000000	0.001692	9.5	43.1	53.5
851	-0.452957	-0.452960	0.000001	345.952448	90.954237	0.000963	0.000000	0.000963	9.9	44.6	55.6
852	-0.453928	-0.453931	0.000001	345.411437	91.088532	0.001230	0.000000	0.001231	9.9	41.2	52.1
853	-0.453945	-0.453948	0.000001	344.870415	91.223227	0.001576	0.000000	0.001576	9.4	44.4	54.8
854	-0.452565	-0.452569	0.000001	345.870415	90.974575	0.001163	0.000000	0.001163	9.1	45.0	55.1
855	-0.455372	-0.455375	0.000001	345.329392	91.108933	0.001223	0.000000	0.001223	9.6	42.4	53.0
856	-0.457596	-0.457599	0.000001	346.329246	90.860938	0.001695	0.000000	0.001695	9.1	44.7	54.7
857	-0.452585	-0.452589	0.000001	347.219518	90.641257	0.001086	0.000000	0.001086	9.8	41.3	52.1
858	-0.464990	-0.464993	0.000001	348.219518	90.395763	0.001067	0.000000	0.001067	9.1	42.9	52.9
859	-0.455821	-0.455824	0.000001	349.218828	90.151763	0.001317	0.000000	0.001317	8.8	42.1	51.9
860	-0.456095	-0.456098	0.000001	348.677805	90.283700	0.001223	0.000000	0.001223	9.2	45.3	55.5
861	-0.455579	-0.455582	0.000001	349.677805	90.040136	0.001263	0.000000	0.001263	9.1	43.5	53.8
862	-0.453682	-0.453685	0.000001	349.137462	90.171580	0.001185	0.000000	0.001185	9.5	40.7	51.1
863	-0.448138	-0.448141	0.000001	350.136673	89.928811	0.001383	0.000000	0.001383	9.5	43.4	53.9
864	-0.456056	-0.456059	0.000001	351.136658	89.687160	0.001533	0.000000	0.001533	9.3	42.0	52.3
865	-0.459424	-0.459427	0.000001	351.909612	89.501259	0.001414	0.000000	0.001414	9.7	45.1	55.7
866	-0.453249	-0.453252	0.000001	352.909605	89.261895	0.001422	0.000000	0.001422	9.8	41.3	52.1
867	-0.453367	-0.453370	0.000001	353.909605	89.023806	0.002001	0.000000	0.002001	9.1	42.0	52.1
868	-0.451171	-0.451174	0.000001	353.368582	89.152460	0.001286	0.000000	0.001286	9.6	45.0	55.5
869	-0.458093	-0.458096	0.000001	354.223170	88.949411	0.001415	0.000000	0.001415	11.2	51.1	63.4
870	-0.457295	-0.457298	0.000001	354.737924	88.827552	0.001280	0.000000	0.001280	11.0	49.0	61.0
871	-0.450898	-0.450901	0.000001	355.737924	88.591771	0.001852	0.000000	0.001852	10.0	44.1	55.3
872	-0.466444	-0.466448	0.000001	356.737922	88.357239	0.001137	0.000000	0.001137	9.8	42.6	53.3
873	-0.452873	-0.452876	0.000001	357.737919	88.123946	0.001472	0.000000	0.001472	9.5	43.0	53.4
874	-0.459472	-0.459475	0.000001	357.705477	88.131495	0.001288	0.000000	0.001288	9.3	41.9	52.2
875	-0.460732	-0.460736	0.000001	357.164454	88.257581	0.001099	0.000000	0.001099	9.3	42.9	53.1
876	-0.466194	-0.466197	0.000001	358.164454	88.024812	0.001119	0.000000	0.001119	9.3	43.7	54.0
877	-0.453642	-0.453646	0.000001	359.164154	87.793337	0.001164	0.000000	0.001164	10.0	42.7	53.6
878	-0.455761	-0.455764	0.000001	358.750609	87.888944	0.001061	0.000000	0.001061	9.7	43.4	54.0
879	-0.459634	-0.459637	0.000001	358.211628	88.013862	0.001653	0.000000	0.001653	9.4	43.7	54.1
880	-0.454935	-0.454938	0.000001	359.211617	87.782378	0.001678	0.000000	0.001678	9.4	40.3	50.8
881	-0.460932	-0.460935	0.000001	358.671795	87.907188	0.001597	0.000000	0.001597	9.9	44.2	55.1
882	-0.460248	-0.460251	0.000001	359.671161	87.676408	0.000995	0.000000	0.000995	9.4	44.6	55.0
883	-0.458824	-0.458827	0.000001	359.130138	87.801194	0.001288	0.000000	0.001288	9.4	44.0	54.4
884	-0.459692	-0.459695	0.000001	360.130138	87.570823	0.001432	0.000000	0.001432	9.7	40.1	50.9
885	-0.453360	-0.453364	0.000001	359.589116	87.695308	0.001217	0.000000	0.001217	9.2	40.7	50.9
886	-0.451443	-0.451446	0.000001	359.048093	87.820148	0.001188	0.000000	0.001188	8.8	41.9	51.6
887	-0.453031	-0.453035	0.000001	359.397915	87.739387	0.001568	0.000000	0.001568	9.1	40.6	50.7
888	-0.460801	-0.460805	0.000001	358.856949	87.864339	0.001295	0.000000	0.001295	8.8	41.4	51.1
889	-0.457667	-0.457671	0.000001	359.856944	87.633639	0.001114	0.000000	0.001114	9.2	41.8	51.9
890	-0.455686	-0.455689	0.000001	360.856944	87.404145	0.001150	0.000000	0.001150	9.4	42.2	52.6
891	-0.457034	-0.457037	0.000001	360.316484	87.528028	0.000911	0.000000	0.000911	8.8	40.3	50.0
892	-0.454588	-0.454591	0.000001	359.775702	87.652336	0.001771	0.000000	0.001771	8.8	40.5	50.2
893	-0.453072	-0.453076	0.000001	360.775631	87.422761	0.001110	0.000000	0.001110	9.5	40.6	51.1
894	-0.453842	-0.453846	0.000001	361.775630	87.194370	0.001507	0.000000	0.001507	9.1	40.5	50.6
895	-0.443210	-0.443213	0.000001	362.185251	87.101160	0.002038	0.000000	0.002038	9.0	39.7	49.7
896	-0.456939	-0.456943	0.000001	361.644228	87.224313	0.002191	0.000000	0.002191	8.8	43.4	53.0
897	-0.459032	-0.459035	0.000001	362.644228	86.996956	0.001475	0.000000	0.001475	9.0	40.8	50.8
898	-0.451477	-0.451480	0.000001	362.348551	87.064056	0.001327	0.000000	0.001327	9.3	39.7	50.0
899	-0.459427	-0.459431	0.000001	363.348530	86.837538	0.001089	0.000000	0.001089	9.1	44.5	54.6
900	-0.456282	-0.456285	0.000001	362.807511	86.959945	0.001034	0.000000	0.001034	8.9	40.0	49.7
901	-0.458748	-0.458752	0.000001	363.807492	86.733966	0.000974	0.000000	0.000974	8.9	40.6	50.5
902	-0.462150	-0.462153	0.000001	364.805835	86.509526	0.001782	0.000000	0.001782	9.2	41.4	51.5
903	-0.453641	-0.453644	0.000001	364.264812	86.631010	0.001428	0.000000	0.001428	9.2	39.8	50.0
904	-0.456413	-0.456416	0.000001	363.723789	86.752836	0.001410	0.000000	0.001410	9.2	40.0	50.1
905	-0.451128	-0.451132	0.000001	364.723789	86.527927	0.001139	0.000000	0.001139	9.4	42.2	52.5
906	-0.454464	-0.454468	0.000001	364.182768	86.649463	0.001319	0.000000	0.001319	9.7	39.6	50.2
907	-0.464183	-0.464186	0.000001	363.641773	86.771334	0.001171	0.000000	0.001171	9.3	41.1	51.4
908	-0.458843	-0.458846	0.000001	364.507453	86.576484	0.001535	0.000000	0.001535	9.3	38.5	48.9
909	-0.455537	-0.455540	0.000001	363.966430	86.698157	0.002417	0.000000	0.002417	9.3	50.3	60.5
910	-0.454007	-0.454010	0.000001	364.966430	86.473531	0.001162	0.000000	0.001162	11.8	45.3	58.0
911	-0.458111	-0.458114	0.000001	365.966430	86.250065	0.001447	0.000000	0.001447	9.4	40.1	50.5
912	-0.453963	-0.453966	0.000001	366.964529	86.028174	0.001332	0.000000	0.001332	9.6	40.0	50.6
913	-0.458791	-0.458795	0.000001	366.481162	86.135490	0.001738	0.000000	0.001738	9.2	41.8	52.0
914	-0.454514	-0.454518	0.000001	366.017587	86.238665	0.001267	0.000000	0.001267	9.7	41.4	52.1
915	-0.455080	-0.455083	0.000001	367.017587	86.016410	0.001205	0.000000	0.001205	9.0	40.8	50.7
916	-0.453171	-0.453175	0.000001	368.017586	85.795298	0.001072	0.000000	0.001072	9.4	41.4	51.7
917	-0.454867	-0.454870	0.000001	369.015655	85.575744	0.001471	0.000000	0.001471	9.1	41.6	51.8
918	-0.456492	-0.456496	0.000001	368.475026	85.694531	0.001316	0.000000	0.001316	9.1	39.3	49.3
919	-0.463153	-0.463157	0.000001	368.466529	85.696401	0.002016	0.000000	0.002016	9.3	43.0	53.2
920	-0.453376	-0.453379	0.000001	367.925506	85.815611	0.001781	0.000000	0.001781	9.2	56.4	66.6
921	-0.457653	-0.457656	0.000001	368.925506	85.595529	0.001220	0.000000	0.001220	13.7	56.1	71.2
922	-0.455640	-0.455643	0.000001	369.925502	85.376573	0.000984	0.000000	0.000984	9.3	41.7	52.0
923	-0.456107	-0.456110	0.000001	370.925502	85.158735	0.001744	0.000000	0.001744	8.8	40.3	50.0
924	-0.453918	-0.453921	0.000001	370.384528	85.276442	0.001135	0.000000	0.001135	9.3	41.0	51.2
925	-0.457897	-0.457900	0.000001	371.375283	85.061117	0.001207	0.000000	0.001207	9.1	41.7	51.7
926	-0.456363	-0.456366	0.000001	370.834595	85.178492	0.001224	0.000000	0.001224	8.7	40.6	50.3
927	-0.463495	-0.463499	0.000001	371.832808	84.962048	0.000982	0.000000	0.000982	9.8	43.6	54.4
928	-0.451710	-0.451713	0.000001	372.832724	84.746335	0.001195	0.000000	0.001195	9.0	40.0	49.9
929	-0.455559	-0.455562	0.000001	373.789402	84.540972	0.001160	0.000000	0.001160	9.2	39.6	49.7
930	-0.453066	-0.453069	0.000001	374.786326	84.328027	0.002372	0.000000	0.002372	9.0	39.9	49.8
931	-0.454294	-0.454297	0.000001	375.786326	84.115499	0.001900	0.000000	0.001900	8.8	41.8	51.5
932	-0.446195	-0.446198	0.000001	376.786326	83.904040	0.001534	0.000000	0.001534	8.7	41.7	51.4
933	-0.458926	-0.458929	0.000001	376.395254	83.986609	0.001341	0.000000	0.001341	8.8	44.3	54.0
934	-0.462484	-0.462487	0.000001	377.395254	83.775797	0.001240	0.000000	0.001240	9.0	39.5	49.4
935	-0.445277	-0.445281	0.000001	378.359885	83.573441	0.001160	0.000000	0.001160	8.7	40.7	50.4
936	-0.460643	-0.460647	0.000001	377.818862	83.686814	0.001004	0.000000	0.001004	9.3	42.5	52.7
937	-0.457756	-0.457760	0.000001	377.277840	83.800494	0.001200	0.000000	0.001200	8.8	43.7	53.6
938	-0.456734	-0.456737	0.000001	376.746254	83.912493	0.001441	0.000000	0.001441	9.5	45.3	55.8
939	-0.443748	-0.443752	0.000001	377.224597	83.811699	0.001697	0.000000	0.001697	8.8	40.6	50.3
940	-0.457074	-0.457078	0.000001	378.224562	83.601770	0.000584	0.000000	0.000584	9.1	42.2	52.3
941	-0.463038	-0.463041	0.000001	379.224353	83.392926	0.001694	0.000000	0.001694	8.9	40.6	50.4
942	-0.459109	-0.459113	0.000001	379.554150	83.324264	0.001224	0.000000	0.001224	8.7	38.3	47.9
943	-0.457187	-0.457190	0.000001	380.554150	83.116760	0.001532	0.000000	0.001532	9.1	40.9	50.9
944	-0.463634	-0.463637	0.000001	380.026874	83.226043	0.001880	0.000000	0.001880	9.3	40.3	50.5
945	-0.462281	-0.462285	0.000001	381.026874	83.019027	0.001518	0.000000	0.001518	9.5	40.9	51.3
946	-0.457855	-0.457858	0.000001	380.486708	83.130722	0.001154	0.000000	0.001154	8.8	39.5	49.3
947	-0.460769	-0.460772	0.000001	381.486708	82.924179	0.001387	0.000000	0.001387	8.6	41.1	50.7
948	-0.458196	-0.458199	0.000001	382.486708	82.718660	0.001055	0.000000	0.001055	9.0	40.9	50.8
949	-0.462377	-0.462380	0.000001	381.945686	82.829724	0.001360	0.000000	0.001360	9.1	41.1	51.1
950	-0.459318	-0.459321	0.000001	382.898866	82.634250	0.002087	0.000000	0.002087	8.9	41.5	51.3
951	-0.456385	-0.456388	0.000001	383.898866	82.430164	0.001339	0.000000	0.001339	9.2	41.2	51.3
952	-0.460038	-0.460041	0.000001	384.898866	82.227083	0.000962	0.000000	0.000962	8.8	40.5	50.2
953	-0.457218	-0.457222	0.000001	385.059827	82.194489	0.001358	0.000000	0.001358	10.0	42.2	53.1
954	-0.451476	-0.451480	0.000001	384.519660	82.303975	0.001548	0.000000	0.001548	10.3	39.3	50.5
955	-0.448802	-0.448805	0.000001	383.978822	82.413889	0.001194	0.000000	0.001194	8.9	49.3	59.1
956	-0.452723	-0.452726	0.000001	384.830070	82.241022	0.000994	0.000000	0.000994	10.1	46.3	57.4
957	-0.451327	-0.451331	0.000001	384.289047	82.350806	0.001602	0.000000	0.001602	10.0	46.8	57.8
958	-0.454644	-0.454648	0.000001	385.200370	82.166050	0.000864	0.000000	0.000864	9.1	41.9	52.1
959	-0.466722	-0.466725	0.000001	386.200320	81.964277	0.001425	0.000000	0.001425	9.2	41.9	52.0
960	-0.456476	-0.456479	0.000001	385.659313	82.073320	0.001387	0.000000	0.001387	9.5	42.5	52.9
961	-0.458335	-0.458338	0.000001	386.659313	81.871992	0.001224	0.000000	0.001224	9.3	43.8	54.1
962	-0.461697	-0.461700	0.000001	387.659304	81.671651	0.001970	0.000000	0.001970	9.7	45.2	55.8
963	-0.461285	-0.461289	0.000001	387.118283	81.779918	0.001880	0.000000	0.001880	9.6	41.3	51.9
964	-0.453424	-0.453428	0.000001	386.577260	81.888474	0.001456	0.000000	0.001456	9.1	41.8	51.9
965	-0.453483	-0.453486	0.000001	387.577260	81.688051	0.001362	0.000000	0.001362	9.1	43.6	53.7
966	-0.457376	-0.457380	0.000001	387.036237	81.796362	0.001115	0.000000	0.001114	9.9	41.2	52.0
967	-0.463995	-0.463999	0.000001	388.033555	81.596924	0.001027	0.000000	0.001027	9.6	43.9	54.5
968	-0.450856	-0.450860	0.000001	389.033283	81.397977	0.001095	0.000000	0.001095	9.0	40.7	50.7
969	-0.461726	-0.461730	0.000001	390.013696	81.203814	0.001083	0.000000	0.001083	9.6	43.0	53.5
970	-0.455790	-0.455794	0.000001	390.215252	81.164013	0.001104	0.000000	0.001104	9.8	43.4	54.2
971	-0.455259	-0.455262	0.000001	391.215252	80.967115	0.001035	0.000000	0.001035	9.5	40.3	50.8
972	-0.453231	-0.453235	0.000001	392.215252	80.771171	0.001250	0.000000	0.001250	9.7	41.4	52.1
973	-0.462760	-0.462764	0.000001	393.214554	80.576309	0.001735	0.000000	0.001735	9.4	41.7	52.1
974	-0.456267	-0.456270	0.000001	394.207455	80.383624	0.001580	0.000000	0.001580	9.7	43.5	54.2
975	-0.449983	-0.449986	0.000001	395.207455	80.190490	0.001827	0.000000	0.001827	9.7	43.1	53.8
976	-0.451626	-0.451629	0.000001	394.666432	80.294865	0.000936	0.000000	0.000936	9.5	43.6	54.1
977	-0.463427	-0.463431	0.000001	394.138721	80.396933	0.001573	0.000000	0.001573	9.5	43.2	53.7
978	-0.450979	-0.450982	0.000001	393.597698	80.501846	0.001950	0.000000	0.001950	9.0	44.1	54.0
979	-0.456334	-0.456338	0.000001	394.597698	80.308144	0.001728	0.000000	0.001728	9.1	43.2	53.2
980	-0.446167	-0.446171	0.000001	395.597698	80.115373	0.001631	0.000000	0.001631	9.6	43.1	53.6
981	-0.460825	-0.460829	0.000001	396.597698	79.923525	0.002369	0.000000	0.002369	9.7	41.3	52.0
982	-0.455152	-0.455156	0.000001	396.056678	80.027204	0.001423	0.000000	0.001423	9.6	41.6	52.2
983	-0.462508	-0.462512	0.000001	397.056678	79.835777	0.001206	0.000000	0.001206	9.2	42.3	52.4
984	-0.455449	-0.455453	0.000001	396.515666	79.939228	0.001259	0.000000	0.001259	9.6	43.1	53.6
985	-0.459121	-0.459124	0.000001	395.974643	80.042949	0.001857	0.000000	0.001857	9.7	40.5	51.2
986	-0.455090	-0.455093	0.000001	395.433620	80.146939	0.001281	0.000000	0.001281	9.5	43.7	54.2
987	-0.462577	-0.462581	0.000001	396.424644	79.956659	0.001763	0.000000	0.001763	9.3	42.8	53.0
988	-0.454426	-0.454429	0.000001	395.883621	80.060425	0.001257	0.000000	0.001257	9.5	41.4	51.9
989	-0.452468	-0.452472	0.000001	395.342612	80.164458	0.001363	0.000000	0.001363	9.5	42.5	53.0
990	-0.449420	-0.449423	0.000001	396.301737	79.980208	0.002081	0.000000	0.002081	9.0	43.6	53.6
991	-0.452007	-0.452011	0.000001	397.301737	79.789006	0.001888	0.000000	0.001888	9.5	41.6	52.1
992	-0.446262	-0.446265	0.000001	398.301737	79.598716	0.001182	0.000000	0.001182	9.7	40.5	51.1
993	-0.467324	-0.467327	0.000001	399.301737	79.409331	0.001025	0.000000	0.001025	9.5	41.2	51.7
994	-0.457784	-0.457787	0.000001	400.301642	79.220863	0.001070	0.000000	0.001070	9.0	43.3	53.3
995	-0.459933	-0.459937	0.000001	400.482112	79.186943	0.001961	0.000000	0.001961	8.9	43.9	53.9
996	-0.464487	-0.464491	0.000001	399.941907	79.288565	0.001388	0.000000	0.001388	9.5	64.0	74.5
997	-0.460026	-0.460029	0.000001	399.400884	79.390604	0.001635	0.000000	0.001635	9.7	40.5	51.1
998	-0.460613	-0.460617	0.000001	400.400884	79.202207	0.002564	0.000000	0.002564	9.4	41.6	51.9
999	-0.453755	-0.453758	0.000001	401.400884	79.014702	0.001042	0.000000	0.001042	9.6	42.8	53.5
