1:ItNr	2:Metric	2:Metric0	2:Metric1	3a:Time	3b:StepSize	4:||Gradient0||	4:||Gradient1||	4:||Gradient||	Time0[ms]	Time1[ms]	Time[ms]
0	-0.353972	-0.354002	0.000006	0.000000	481.629180	0.009741	0.000000	0.009741	13.8	45.2	6460.9
1	-0.353668	-0.353698	0.000006	0.000000	481.629180	0.011856	0.000000	0.011856	13.2	44.5	60.2
2	-0.348250	-0.348281	0.000006	0.000000	481.629180	0.010356	0.000000	0.010356	14.4	44.8	62.0
3	-0.345435	-0.345467	0.000006	0.000000	481.629180	0.012306	0.000000	0.012306	12.9	44.7	60.1
4	-0.350524	-0.350556	0.000006	0.000000	481.629180	0.010186	0.000000	0.010186	12.1	45.1	59.5
5	-0.349667	-0.349700	0.000007	1.000000	459.736944	0.011272	0.000000	0.011272	12.0	47.1	61.1
6	-0.350875	-0.350908	0.000007	2.000000	439.748382	0.010303	0.000000	0.010303	11.9	47.0	61.1
7	-0.351492	-0.351525	0.000007	1.098708	457.683449	0.010337	0.000000	0.010337	11.6	44.6	58.4
8	-0.352381	-0.352415	0.000007	2.098707	437.869226	0.011088	0.000000	0.011087	11.6	47.9	61.6
9	-0.344761	-0.344796	0.000007	1.379689	451.937149	0.009939	0.000000	0.009939	11.1	44.1	57.4
10	-0.348248	-0.348284	0.000007	2.379669	432.607178	0.011177	0.000000	0.011177	11.3	46.2	59.7
11	-0.361131	-0.361167	0.000007	1.478385	449.952821	0.009523	0.000000	0.009523	13.1	45.1	60.9
12	-0.350288	-0.350324	0.000007	2.478206	430.791558	0.011252	0.000000	0.011252	13.5	44.3	60.4
13	-0.344535	-0.344572	0.000007	3.478196	413.192736	0.011566	0.000000	0.011566	11.7	44.4	59.1
14	-0.348841	-0.348877	0.000007	2.576904	428.988170	0.011694	0.000000	0.011694	12.1	45.2	59.8
15	-0.353636	-0.353674	0.000008	1.675926	446.033064	0.011716	0.000000	0.011715	13.8	46.0	61.9
16	-0.345953	-0.345991	0.000008	0.776232	464.461104	0.009795	0.000000	0.009795	13.2	44.5	59.8
17	-0.351579	-0.351618	0.000008	0.589832	468.471114	0.009198	0.000000	0.009198	12.6	46.4	61.2
18	-0.349043	-0.349083	0.000008	0.551280	469.309147	0.009596	0.000000	0.009596	13.3	46.5	63.1
19	-0.356297	-0.356337	0.000008	1.549891	448.526018	0.012016	0.000000	0.012016	13.2	44.1	59.5
20	-0.359205	-0.359246	0.000008	0.846687	462.963225	0.013252	0.000000	0.013252	13.3	46.8	62.7
21	-0.355984	-0.356025	0.000008	1.466628	450.188286	0.010029	0.000000	0.010029	13.1	44.0	59.7
22	-0.349859	-0.349901	0.000008	2.465963	431.016313	0.010744	0.000000	0.010744	13.2	43.6	59.6
23	-0.352388	-0.352431	0.000009	1.564687	448.231919	0.010661	0.000000	0.010661	12.7	42.8	57.6
24	-0.354701	-0.354744	0.000009	2.541189	429.638993	0.011045	0.000000	0.011045	11.9	45.0	59.2
25	-0.346858	-0.346902	0.000009	1.639897	446.742882	0.011981	0.000000	0.011981	11.9	47.5	61.6
26	-0.354789	-0.354833	0.000009	0.738606	465.265011	0.009969	0.000000	0.009969	11.6	45.6	59.1
27	-0.354847	-0.354892	0.000009	1.682454	445.904698	0.010130	0.000000	0.010130	11.6	44.2	58.8
28	-0.356782	-0.356826	0.000009	0.781162	464.355985	0.009844	0.000000	0.009843	11.2	47.8	61.2
29	-0.352193	-0.352239	0.000009	1.781161	443.972658	0.009878	0.000000	0.009878	11.5	43.6	57.2
30	-0.355204	-0.355249	0.000009	2.780270	425.319516	0.010677	0.000000	0.010677	11.2	44.1	58.4
31	-0.352320	-0.352365	0.000009	3.780270	408.155882	0.011927	0.000000	0.011927	11.5	42.0	55.8
32	-0.347838	-0.347884	0.000009	4.780270	392.323779	0.011735	0.000000	0.011735	12.7	43.0	57.9
33	-0.364474	-0.364519	0.000009	5.731472	378.363477	0.010448	0.000000	0.010448	12.3	47.5	62.4
34	-0.360600	-0.360646	0.000009	5.275174	384.934184	0.011942	0.000000	0.011942	11.5	47.2	61.5
35	-0.346818	-0.346865	0.000010	4.373882	398.607228	0.010015	0.000000	0.010015	13.3	44.1	60.0
36	-0.357765	-0.357815	0.000010	3.472590	413.287391	0.011408	0.000000	0.011408	14.2	45.6	62.3
37	-0.361450	-0.361500	0.000010	2.571302	429.090115	0.011682	0.000000	0.011682	12.6	44.2	59.6
38	-0.362777	-0.362826	0.000010	1.673280	446.085114	0.010593	0.000000	0.010593	16.6	49.0	67.8
39	-0.360830	-0.360880	0.000010	2.673195	427.243251	0.009283	0.000000	0.009283	14.6	55.5	72.8
40	-0.354966	-0.355016	0.000010	2.033571	439.107449	0.011976	0.000000	0.011976	13.2	55.9	71.4
41	-0.348603	-0.348654	0.000010	3.033571	420.836863	0.010251	0.000000	0.010251	12.5	48.8	63.5
42	-0.345798	-0.345851	0.000011	2.132279	437.233734	0.009576	0.000000	0.009576	11.7	46.9	60.6
43	-0.355704	-0.355757	0.000011	3.132279	419.115523	0.009830	0.000000	0.009830	11.5	45.0	58.4
44	-0.353464	-0.353518	0.000011	2.239886	435.209226	0.010148	0.000000	0.010149	11.5	47.4	61.2
45	-0.354410	-0.354463	0.000011	1.340333	452.733307	0.009859	0.000000	0.009858	11.3	48.3	61.8
46	-0.357102	-0.357156	0.000011	0.441434	471.713455	0.011462	0.000000	0.011463	10.9	44.4	57.4
47	-0.356605	-0.356659	0.000011	1.441434	450.693699	0.010582	0.000000	0.010582	11.5	46.5	60.1
48	-0.362853	-0.362907	0.000011	0.540141	469.551827	0.009910	0.000000	0.009910	12.9	67.5	82.9
49	-0.365701	-0.365755	0.000011	0.000000	481.629180	0.010551	0.000000	0.010551	13.1	51.1	66.4
50	-0.362300	-0.362353	0.000011	0.984677	460.057374	0.013587	0.000000	0.013587	12.5	51.8	66.6
51	-0.355997	-0.356052	0.000011	0.083385	479.724338	0.010694	0.000000	0.010693	13.0	48.1	63.7
52	-0.364296	-0.364352	0.000011	0.993814	459.866255	0.011093	0.000000	0.011093	13.8	52.5	69.1
53	-0.349864	-0.349920	0.000011	1.993814	439.866691	0.010230	0.000000	0.010230	13.8	52.1	68.2
54	-0.347828	-0.347886	0.000012	2.992688	421.553964	0.011014	0.000000	0.011014	11.6	49.0	62.8
55	-0.345176	-0.345233	0.000012	2.091396	438.007855	0.012035	0.000000	0.012035	11.2	50.5	63.7
56	-0.359434	-0.359491	0.000011	1.190104	455.798358	0.010773	0.000000	0.010773	11.5	44.1	57.7
57	-0.352142	-0.352201	0.000012	1.368146	452.170359	0.010929	0.000000	0.010929	10.9	44.3	57.4
58	-0.363445	-0.363504	0.000012	0.466854	471.154866	0.009365	0.000000	0.009365	11.2	47.3	61.5
59	-0.349827	-0.349887	0.000012	1.466841	450.184014	0.011279	0.000000	0.011279	13.1	45.8	61.0
60	-0.346930	-0.346991	0.000012	0.565555	468.998497	0.010337	0.000000	0.010337	12.0	42.9	58.0
61	-0.354089	-0.354151	0.000012	0.000000	481.629180	0.011383	0.000000	0.011383	13.5	46.2	62.2
62	-0.357688	-0.357751	0.000012	0.000000	481.629180	0.010031	0.000000	0.010031	12.6	43.9	59.2
63	-0.354906	-0.354969	0.000013	0.000000	481.629180	0.009412	0.000000	0.009412	13.6	43.4	59.2
64	-0.362234	-0.362298	0.000013	0.000000	481.629180	0.011032	0.000000	0.011031	11.7	44.1	58.2
65	-0.359537	-0.359603	0.000013	0.000000	481.629180	0.010248	0.000000	0.010248	11.2	45.1	58.7
66	-0.362685	-0.362751	0.000013	1.000000	459.736944	0.010415	0.000000	0.010415	11.3	682.6	696.0
67	-0.354282	-0.354349	0.000013	0.098718	479.375701	0.011421	0.000000	0.011421	13.4	46.4	62.4
68	-0.359012	-0.359082	0.000014	0.000000	481.629180	0.010809	0.000000	0.010808	13.4	46.4	62.6
69	-0.368030	-0.368101	0.000014	0.000000	481.629180	0.009603	0.000000	0.009603	11.8	46.8	60.7
70	-0.359277	-0.359349	0.000014	0.000000	481.629180	0.009317	0.000000	0.009317	10.8	46.0	59.2
71	-0.366647	-0.366719	0.000014	0.470557	471.073600	0.010743	0.000000	0.010743	12.1	43.6	59.0
72	-0.363339	-0.363415	0.000015	1.470518	450.110362	0.009546	0.000000	0.009546	12.3	44.0	58.9
73	-0.364098	-0.364174	0.000015	0.569243	468.918312	0.011567	0.000000	0.011567	13.3	46.2	62.3
74	-0.358554	-0.358629	0.000015	1.569235	448.141582	0.010346	0.000000	0.010346	12.7	46.5	61.9
75	-0.357255	-0.357331	0.000015	0.856978	462.745252	0.010689	0.000000	0.010688	13.9	46.8	63.3
76	-0.359503	-0.359583	0.000016	0.000000	481.629180	0.011167	0.000001	0.011167	14.7	45.2	62.2
77	-0.366122	-0.366202	0.000016	0.000000	481.629180	0.009899	0.000001	0.009898	13.4	44.5	59.9
78	-0.357878	-0.357959	0.000016	0.000000	481.629180	0.010005	0.000001	0.010005	13.7	43.7	59.9
79	-0.361355	-0.361436	0.000016	0.939880	460.996729	0.010177	0.000001	0.010176	13.9	47.2	63.6
80	-0.355785	-0.355868	0.000017	0.038587	480.745810	0.010428	0.000001	0.010428	12.7	43.8	59.0
81	-0.365861	-0.365945	0.000017	0.000000	481.629180	0.009324	0.000001	0.009324	12.1	47.2	61.4
82	-0.357795	-0.357880	0.000017	0.999534	459.746675	0.010979	0.000001	0.010979	11.6	46.7	60.3
83	-0.359204	-0.359290	0.000017	0.786700	464.237941	0.011600	0.000001	0.011599	11.8	48.3	62.0
84	-0.363329	-0.363417	0.000018	0.000000	481.629180	0.009991	0.000001	0.009991	11.7	48.4	62.1
85	-0.362365	-0.362455	0.000018	1.000000	459.736945	0.010473	0.000001	0.010473	12.8	45.8	60.8
86	-0.365719	-0.365809	0.000018	0.098726	479.375526	0.010970	0.000001	0.010969	11.7	45.6	60.1
87	-0.363742	-0.363835	0.000018	0.000000	481.629180	0.010416	0.000001	0.010417	11.3	45.6	59.1
88	-0.371912	-0.372003	0.000018	0.000000	481.629180	0.010563	0.000001	0.010563	11.4	46.3	60.5
89	-0.358251	-0.358343	0.000018	0.000000	481.629180	0.011689	0.000001	0.011689	13.9	48.1	65.1
90	-0.368635	-0.368728	0.000019	0.999682	459.743593	0.012282	0.000001	0.012282	12.0	49.1	63.9
91	-0.362422	-0.362517	0.000019	1.999678	439.754540	0.010136	0.000001	0.010136	11.4	54.4	67.9
92	-0.365230	-0.365326	0.000019	1.098386	457.690121	0.008780	0.000001	0.008780	12.1	51.2	65.5
93	-0.362888	-0.362984	0.000019	0.197096	477.150880	0.011500	0.000001	0.011500	11.9	47.8	61.7
94	-0.362274	-0.362370	0.000019	0.000000	481.629180	0.009884	0.000001	0.009884	10.7	48.8	61.6
95	-0.367532	-0.367628	0.000019	0.000000	481.629180	0.010337	0.000001	0.010336	11.2	44.7	58.0
96	-0.364250	-0.364350	0.000020	0.000000	481.629180	0.011288	0.000001	0.011288	11.3	45.2	58.7
97	-0.367710	-0.367810	0.000020	0.999983	459.737295	0.010139	0.000001	0.010138	13.0	51.0	66.4
98	-0.358241	-0.358344	0.000021	0.098691	479.376317	0.011959	0.000001	0.011959	12.7	55.5	71.1
99	-0.358462	-0.358565	0.000021	1.097779	457.702693	0.009596	0.000001	0.009597	15.4	56.0	73.5
100	-0.373339	-0.373440	0.000020	0.196520	477.163831	0.010864	0.000001	0.010864	15.5	54.7	72.4
101	-0.359938	-0.360038	0.000020	1.196520	455.666597	0.009616	0.000001	0.009616	14.4	49.5	66.1
102	-0.362695	-0.362798	0.000021	1.158542	456.447580	0.010738	0.000001	0.010738	14.5	49.1	66.3
103	-0.362737	-0.362840	0.000021	2.158542	436.737895	0.010102	0.000001	0.010102	14.6	50.4	68.3
104	-0.356816	-0.356920	0.000021	1.336625	452.808453	0.009944	0.000001	0.009944	12.2	52.9	67.4
105	-0.364571	-0.364674	0.000021	2.336625	433.405118	0.010716	0.000001	0.010716	12.5	54.3	69.1
106	-0.365339	-0.365441	0.000020	1.495176	449.616967	0.010222	0.000001	0.010222	12.7	49.8	64.6
107	-0.364636	-0.364741	0.000021	2.495138	430.481090	0.009967	0.000001	0.009967	13.2	47.8	63.4
108	-0.359251	-0.359356	0.000021	3.495138	412.906955	0.010726	0.000001	0.010726	11.9	54.2	68.1
109	-0.362706	-0.362811	0.000021	4.491026	396.775435	0.009155	0.000001	0.009155	13.0	53.1	68.6
110	-0.367218	-0.367322	0.000021	3.597799	411.183642	0.010926	0.000001	0.010925	12.6	51.6	67.2
111	-0.355673	-0.355780	0.000022	2.696507	426.822935	0.010836	0.000001	0.010836	15.7	56.7	74.7
112	-0.359972	-0.360077	0.000021	2.733682	426.154389	0.009922	0.000001	0.009921	12.2	53.5	67.9
113	-0.357045	-0.357154	0.000022	3.732859	408.938278	0.010710	0.000001	0.010710	13.9	60.8	77.1
114	-0.358429	-0.358537	0.000022	2.839969	424.254438	0.010125	0.000001	0.010125	17.0	53.1	72.8
115	-0.366973	-0.367082	0.000022	3.839736	407.178759	0.009157	0.000001	0.009157	14.7	50.2	67.2
116	-0.360784	-0.360893	0.000022	4.769963	392.480689	0.010150	0.000001	0.010149	13.2	45.0	61.4
117	-0.357188	-0.357296	0.000022	3.869301	406.694687	0.011387	0.000001	0.011387	13.6	47.0	63.3
118	-0.362728	-0.362839	0.000022	2.968010	421.988001	0.011271	0.000001	0.011271	11.5	43.3	57.7
119	-0.362964	-0.363075	0.000022	3.766244	408.387036	0.009904	0.000001	0.009904	12.4	48.8	63.8
120	-0.361651	-0.361763	0.000023	4.753970	392.724409	0.011511	0.000001	0.011511	12.9	43.8	58.8
121	-0.350793	-0.350905	0.000022	5.324108	384.218626	0.009877	0.000001	0.009878	14.4	45.0	61.7
122	-0.364342	-0.364451	0.000022	6.323933	370.159481	0.011397	0.000001	0.011397	13.6	45.0	61.4
123	-0.361727	-0.361836	0.000022	5.423918	382.767345	0.009794	0.000001	0.009794	13.5	46.2	62.4
124	-0.368372	-0.368483	0.000022	4.522630	396.284120	0.010989	0.000001	0.010989	14.5	59.7	77.0
125	-0.368097	-0.368208	0.000022	5.522232	381.348470	0.010365	0.000001	0.010365	15.5	53.5	72.4
126	-0.363330	-0.363443	0.000023	6.522055	367.494826	0.011084	0.000001	0.011083	12.1	50.5	64.7
127	-0.369638	-0.369752	0.000023	5.750414	378.095559	0.011701	0.000001	0.011701	12.1	49.7	63.8
128	-0.372582	-0.372695	0.000023	4.849123	391.278762	0.011325	0.000001	0.011326	13.9	46.4	62.3
129	-0.376713	-0.376827	0.000023	3.947832	405.414491	0.009759	0.000001	0.009759	13.3	48.8	64.3
130	-0.369066	-0.369179	0.000023	4.947824	389.790396	0.010636	0.000001	0.010636	12.3	48.4	63.3
131	-0.367948	-0.368062	0.000023	4.046532	403.816891	0.010332	0.000001	0.010332	12.9	46.0	61.6
132	-0.362838	-0.362951	0.000023	5.046532	388.313224	0.009609	0.000001	0.009609	12.7	45.0	59.9
133	-0.369066	-0.369178	0.000023	6.046532	373.956002	0.010538	0.000001	0.010538	12.5	48.2	62.8
134	-0.365088	-0.365201	0.000023	5.145239	386.847207	0.010617	0.000001	0.010617	12.1	46.5	60.8
135	-0.358980	-0.359091	0.000022	4.243947	400.658929	0.008903	0.000001	0.008903	11.3	46.1	59.3
136	-0.358593	-0.358705	0.000022	3.342655	415.493415	0.011192	0.000001	0.011192	11.1	52.5	65.6
137	-0.373074	-0.373186	0.000022	2.469249	430.955958	0.011490	0.000001	0.011490	11.3	46.8	60.1
138	-0.365373	-0.365488	0.000023	3.469249	413.343814	0.010296	0.000001	0.010297	10.6	44.0	56.6
139	-0.371642	-0.371756	0.000023	4.460616	397.249342	0.009567	0.000001	0.009567	11.1	46.7	60.0
140	-0.362958	-0.363071	0.000023	3.586880	411.366255	0.011181	0.000001	0.011181	11.8	44.4	59.4
141	-0.372322	-0.372436	0.000023	4.586841	395.289619	0.009598	0.000001	0.009598	13.2	45.2	60.6
142	-0.361668	-0.361784	0.000023	3.685549	409.722009	0.010258	0.000001	0.010258	13.3	48.0	63.7
143	-0.359220	-0.359336	0.000023	2.784296	425.247520	0.010215	0.000001	0.010215	13.7	44.9	60.9
144	-0.364793	-0.364908	0.000023	3.736337	408.880781	0.012969	0.000001	0.012969	13.7	43.9	60.1
145	-0.374939	-0.375053	0.000023	4.735728	393.002779	0.011233	0.000001	0.011233	14.5	45.9	63.1
146	-0.366766	-0.366880	0.000023	3.843093	407.123726	0.012442	0.000001	0.012442	13.7	43.8	59.9
147	-0.378607	-0.378722	0.000023	4.843093	391.370050	0.010252	0.000001	0.010252	12.5	43.3	58.5
148	-0.362004	-0.362121	0.000023	5.843093	376.790134	0.011022	0.000001	0.011022	11.8	48.4	62.2
149	-0.362176	-0.362291	0.000023	6.843084	363.257630	0.010475	0.000001	0.010475	11.8	47.3	61.0
150	-0.371702	-0.371819	0.000023	6.005797	374.520059	0.012507	0.000001	0.012506	11.1	45.5	58.6
151	-0.362398	-0.362515	0.000023	5.104558	387.450068	0.011020	0.000001	0.011020	11.4	47.0	60.5
152	-0.371083	-0.371201	0.000024	6.104558	373.155428	0.010679	0.000001	0.010679	11.6	45.5	59.1
153	-0.371314	-0.371434	0.000024	6.941029	361.984260	0.010583	0.000001	0.010582	10.9	45.1	58.0
154	-0.370715	-0.370834	0.000024	6.039739	374.049946	0.009986	0.000001	0.009987	11.3	47.1	60.4
155	-0.374029	-0.374149	0.000024	5.138453	386.947639	0.009855	0.000001	0.009854	12.6	44.2	59.5
156	-0.369744	-0.369867	0.000025	4.286220	399.989117	0.009966	0.000001	0.009966	13.0	46.0	61.2
157	-0.366813	-0.366934	0.000024	5.286216	384.772495	0.011358	0.000001	0.011358	13.2	47.3	63.3
158	-0.360503	-0.360626	0.000024	4.388186	398.382655	0.011198	0.000001	0.011198	12.8	45.3	60.6
159	-0.366583	-0.366705	0.000024	5.385026	383.331552	0.012611	0.000001	0.012611	13.4	45.5	61.4
160	-0.365069	-0.365191	0.000024	4.483733	396.888975	0.009930	0.000001	0.009930	13.3	46.2	62.1
161	-0.369689	-0.369809	0.000024	5.483501	381.906187	0.009896	0.000001	0.009896	14.1	44.3	61.2
162	-0.366651	-0.366773	0.000024	6.482911	368.018244	0.011807	0.000001	0.011807	13.5	44.0	60.1
163	-0.359971	-0.360094	0.000025	7.482911	355.097578	0.010714	0.000001	0.010714	12.6	47.0	61.9
164	-0.372465	-0.372587	0.000024	8.449121	343.447023	0.010549	0.000001	0.010549	12.2	46.6	60.9
165	-0.357779	-0.357902	0.000025	7.547828	354.290095	0.009052	0.000001	0.009052	11.8	47.4	61.4
166	-0.370702	-0.370826	0.000025	6.646536	365.840146	0.011286	0.000001	0.011286	11.7	50.3	64.0
167	-0.364470	-0.364594	0.000025	5.745244	378.168652	0.011090	0.000001	0.011090	11.8	46.2	60.1
168	-0.369173	-0.369298	0.000025	6.744423	364.549403	0.009787	0.000001	0.009787	11.9	45.6	59.6
169	-0.368155	-0.368280	0.000025	7.744423	351.866964	0.009019	0.000001	0.009019	11.7	50.2	63.9
170	-0.367590	-0.367717	0.000025	8.669976	340.890492	0.009455	0.000001	0.009455	12.0	45.4	59.7
171	-0.368550	-0.368677	0.000025	7.768684	351.570228	0.009476	0.000001	0.009476	11.2	45.9	59.4
172	-0.372764	-0.372893	0.000026	6.977675	361.510127	0.010632	0.000001	0.010632	11.1	48.3	61.5
173	-0.380435	-0.380566	0.000026	6.078514	373.514316	0.009719	0.000001	0.009719	11.5	45.2	58.7
174	-0.372467	-0.372597	0.000026	5.177223	386.374544	0.009170	0.000001	0.009170	13.5	44.3	60.1
175	-0.370715	-0.370846	0.000026	4.278437	400.112272	0.010044	0.000001	0.010044	14.2	46.3	62.5
176	-0.368777	-0.368910	0.000026	3.377145	414.905559	0.011492	0.000001	0.011492	12.9	44.3	59.9
177	-0.359921	-0.360052	0.000026	4.377145	398.555983	0.009667	0.000001	0.009667	14.0	45.0	61.3
178	-0.358086	-0.358219	0.000027	5.377144	383.446090	0.008401	0.000001	0.008401	13.7	46.7	62.7
179	-0.366790	-0.366923	0.000027	5.629147	379.817373	0.010250	0.000001	0.010250	13.6	44.9	60.8
180	-0.358547	-0.358682	0.000027	6.457059	368.364749	0.008822	0.000001	0.008822	13.2	45.4	61.1
181	-0.369592	-0.369725	0.000027	5.604796	380.165026	0.009732	0.000001	0.009732	13.3	47.4	63.0
182	-0.378346	-0.378478	0.000026	6.294632	370.556850	0.010531	0.000001	0.010531	13.4	47.8	63.3
183	-0.364792	-0.364925	0.000027	7.294632	357.460484	0.009523	0.000001	0.009523	13.2	43.4	59.1
184	-0.366661	-0.366794	0.000027	8.232817	345.988309	0.009405	0.000001	0.009405	13.1	47.8	63.2
185	-0.365050	-0.365186	0.000027	7.346849	356.802009	0.012970	0.000001	0.012969	13.7	44.0	59.7
186	-0.361015	-0.361150	0.000027	8.346849	344.643914	0.011430	0.000001	0.011430	12.1	47.0	61.2
187	-0.371570	-0.371706	0.000027	7.445556	355.563893	0.011551	0.000001	0.011551	12.2	46.3	60.5
188	-0.366435	-0.366571	0.000027	6.553115	367.080552	0.010750	0.000001	0.010750	10.9	46.4	59.2
189	-0.363241	-0.363378	0.000027	7.437471	355.664984	0.011317	0.000001	0.011317	11.3	45.3	58.7
190	-0.363347	-0.363486	0.000028	6.683920	365.346114	0.011495	0.000001	0.011496	10.8	52.5	65.3
191	-0.371880	-0.372017	0.000027	7.678913	352.670715	0.010414	0.000001	0.010414	13.1	55.8	71.1
192	-0.373213	-0.373350	0.000027	6.946384	361.914898	0.009639	0.000001	0.009639	13.1	51.5	66.6
193	-0.363521	-0.363662	0.000028	7.946287	349.413127	0.009146	0.000001	0.009146	15.3	48.7	66.3
194	-0.360511	-0.360651	0.000028	7.245897	358.077242	0.011457	0.000001	0.011456	11.7	44.7	59.2
195	-0.370134	-0.370275	0.000028	6.344604	369.879652	0.011142	0.000001	0.011142	12.2	42.9	57.7
196	-0.366618	-0.366760	0.000029	5.443312	382.486607	0.011338	0.000001	0.011338	13.9	45.1	60.9
197	-0.374140	-0.374283	0.000029	4.542050	395.982817	0.010754	0.000001	0.010754	10.9	42.9	55.8
198	-0.367507	-0.367649	0.000028	3.640757	410.466798	0.010484	0.000001	0.010484	14.2	42.8	59.1
199	-0.371959	-0.372101	0.000029	4.640757	394.458427	0.010081	0.000001	0.010081	10.7	42.3	56.2
200	-0.372449	-0.372593	0.000029	5.238784	385.468040	0.011532	0.000001	0.011532	12.7	43.3	57.8
201	-0.374369	-0.374512	0.000029	4.337494	399.179681	0.010039	0.000001	0.010039	13.4	45.0	60.7
202	-0.374802	-0.374945	0.000029	3.438942	413.856403	0.008702	0.000001	0.008702	12.7	41.6	56.4
203	-0.371222	-0.371367	0.000029	4.438786	397.590235	0.010517	0.000001	0.010517	13.7	43.9	59.9
204	-0.375987	-0.376134	0.000030	5.438781	382.552162	0.009578	0.000001	0.009578	12.8	43.7	58.9
205	-0.358032	-0.358179	0.000029	4.988502	389.180293	0.010202	0.000001	0.010201	12.9	41.8	56.9
206	-0.366493	-0.366643	0.000030	5.958301	375.179900	0.009882	0.000001	0.009882	13.0	41.6	57.2
207	-0.368717	-0.368868	0.000030	5.486989	381.855897	0.010871	0.000001	0.010870	12.6	44.7	59.4
208	-0.374413	-0.374562	0.000030	5.158760	386.647259	0.009449	0.000001	0.009449	12.8	41.5	56.7
209	-0.366336	-0.366487	0.000030	6.158760	372.410701	0.011576	0.000001	0.011576	11.4	42.7	56.0
210	-0.379509	-0.379659	0.000030	5.257468	385.193765	0.010647	0.000001	0.010648	11.1	43.8	56.8
211	-0.365537	-0.365688	0.000030	6.257463	371.062154	0.011436	0.000001	0.011436	14.3	62.6	78.7
212	-0.363902	-0.364052	0.000030	7.256020	357.948955	0.010901	0.000001	0.010900	11.1	43.1	56.4
213	-0.374063	-0.374213	0.000030	6.354728	369.742768	0.010169	0.000001	0.010169	11.2	46.1	59.6
214	-0.374446	-0.374599	0.000030	7.271648	357.751084	0.010597	0.000001	0.010597	11.3	43.3	56.9
215	-0.373754	-0.373905	0.000030	6.370372	369.531433	0.010007	0.000001	0.010007	12.7	44.9	59.7
216	-0.364843	-0.364996	0.000030	7.370372	356.506174	0.010679	0.000001	0.010679	11.1	46.4	59.7
217	-0.366315	-0.366468	0.000031	6.498778	367.805893	0.010280	0.000001	0.010280	11.1	42.0	55.1
218	-0.370638	-0.370793	0.000031	7.303492	357.348588	0.010575	0.000001	0.010575	11.4	43.4	56.8
219	-0.372689	-0.372843	0.000031	8.294285	345.262321	0.011176	0.000001	0.011176	11.1	46.5	59.4
220	-0.364624	-0.364778	0.000031	9.294285	333.865375	0.010783	0.000001	0.010783	10.9	43.3	56.1
221	-0.370254	-0.370409	0.000031	10.025261	325.999279	0.010128	0.000001	0.010128	10.8	42.0	54.9
222	-0.376532	-0.376686	0.000031	9.509597	331.509219	0.008929	0.000001	0.008929	10.9	43.9	56.9
223	-0.368766	-0.368923	0.000031	8.608775	341.595115	0.010109	0.000001	0.010109	10.9	42.5	55.3
224	-0.372513	-0.372667	0.000031	7.719124	352.176919	0.009996	0.000001	0.009996	11.0	42.8	56.5
225	-0.374089	-0.374243	0.000031	6.829374	363.436587	0.010401	0.000001	0.010400	12.1	47.2	62.0
226	-0.375047	-0.375203	0.000031	5.928082	375.600936	0.010134	0.000001	0.010134	11.2	42.8	56.5
227	-0.375076	-0.375232	0.000031	5.026818	388.607345	0.011462	0.000001	0.011462	10.8	44.2	57.2
228	-0.366058	-0.366213	0.000031	4.125634	402.545570	0.010495	0.000001	0.010495	11.7	46.0	60.2
229	-0.369727	-0.369883	0.000031	3.262082	416.873243	0.010309	0.000001	0.010309	11.7	43.0	57.2
230	-0.374627	-0.374782	0.000031	4.262082	400.371310	0.012601	0.000001	0.012601	13.3	43.0	58.7
231	-0.374748	-0.374904	0.000031	5.197269	386.078903	0.011051	0.000001	0.011051	12.7	45.7	60.3
232	-0.373645	-0.373801	0.000031	4.296002	399.834446	0.009591	0.000001	0.009591	11.2	43.0	56.6
233	-0.383004	-0.383160	0.000031	5.283913	384.806200	0.012165	0.000001	0.012164	12.9	45.2	60.0
234	-0.366719	-0.366880	0.000032	4.480089	396.945733	0.009699	0.000001	0.009699	11.7	46.6	60.8
235	-0.365088	-0.365252	0.000033	5.478787	381.974177	0.010690	0.000001	0.010690	11.0	41.1	54.6
236	-0.364064	-0.364227	0.000033	4.577494	395.434072	0.010987	0.000001	0.010987	12.3	44.0	58.5
237	-0.370397	-0.370559	0.000032	5.577494	380.555541	0.009816	0.000001	0.009816	12.5	46.0	60.6
238	-0.361823	-0.361984	0.000032	4.676202	393.913892	0.009959	0.000001	0.009959	13.3	45.4	60.8
239	-0.359476	-0.359641	0.000033	3.774910	408.244177	0.009099	0.000001	0.009099	11.8	44.0	57.9
240	-0.372443	-0.372605	0.000032	4.774910	392.405360	0.009417	0.000001	0.009418	12.6	43.0	58.0
241	-0.375635	-0.375797	0.000032	3.874056	406.616947	0.009534	0.000001	0.009534	12.1	44.3	59.1
242	-0.363618	-0.363781	0.000033	2.972764	421.904325	0.011661	0.000001	0.011661	12.2	42.3	56.4
243	-0.378907	-0.379073	0.000033	3.972764	405.009746	0.009227	0.000001	0.009228	13.3	48.1	64.0
244	-0.368147	-0.368312	0.000033	4.972763	389.416122	0.010428	0.000001	0.010428	12.0	45.9	59.8
245	-0.375069	-0.375233	0.000033	5.971529	374.995897	0.010826	0.000001	0.010826	11.6	44.2	58.2
246	-0.373958	-0.374125	0.000033	6.323707	370.162544	0.009499	0.000001	0.009498	11.9	43.5	58.1
247	-0.374266	-0.374432	0.000033	7.323647	357.094301	0.010154	0.000001	0.010155	12.3	44.1	58.5
248	-0.368706	-0.368873	0.000033	8.323411	344.919380	0.009868	0.000001	0.009868	12.9	46.7	62.1
249	-0.376818	-0.376983	0.000033	8.965904	337.524036	0.010311	0.000001	0.010311	12.4	46.6	61.0
250	-0.375102	-0.375267	0.000033	9.962254	326.662676	0.011921	0.000001	0.011921	11.7	42.2	56.4
251	-0.372298	-0.372462	0.000033	10.955335	316.510925	0.010028	0.000001	0.010028	12.2	45.0	59.4
252	-0.374263	-0.374427	0.000033	11.955335	306.906693	0.011585	0.000001	0.011585	12.3	43.4	58.0
253	-0.374970	-0.375134	0.000033	12.955335	297.868151	0.011198	0.000001	0.011198	13.7	44.1	59.9
254	-0.385175	-0.385341	0.000033	13.950342	289.388094	0.010556	0.000001	0.010555	13.6	45.2	61.2
255	-0.386559	-0.386725	0.000033	13.307998	294.806268	0.011014	0.000001	0.011014	14.0	44.0	60.5
256	-0.382972	-0.383139	0.000033	12.406705	302.759959	0.010031	0.000001	0.010031	12.2	48.2	62.8
257	-0.368954	-0.369120	0.000033	11.554351	310.686973	0.010271	0.000001	0.010271	11.3	50.2	63.7
258	-0.384742	-0.384908	0.000033	10.653067	319.533416	0.010147	0.000001	0.010148	12.9	48.2	63.2
259	-0.368161	-0.368331	0.000034	11.653067	309.747707	0.011705	0.000001	0.011705	12.0	53.0	67.3
260	-0.360221	-0.360389	0.000034	10.766837	318.389037	0.009368	0.000001	0.009368	12.8	50.2	65.2
261	-0.374514	-0.374682	0.000034	11.766831	308.672292	0.010031	0.000001	0.010031	11.2	45.2	58.9
262	-0.371694	-0.371864	0.000034	10.876707	317.291644	0.010812	0.000001	0.010812	12.2	45.8	60.1
263	-0.374115	-0.374281	0.000033	10.250135	323.653414	0.010767	0.000001	0.010767	11.4	49.8	63.4
264	-0.375202	-0.375370	0.000034	11.250134	313.617699	0.009350	0.000001	0.009351	14.0	46.6	63.3
265	-0.373518	-0.373682	0.000033	10.699925	319.061097	0.009631	0.000001	0.009631	12.0	45.6	60.1
266	-0.377257	-0.377423	0.000033	11.495437	311.250246	0.009229	0.000001	0.009230	12.9	47.5	62.6
267	-0.359765	-0.359931	0.000033	10.594145	320.129335	0.010023	0.000001	0.010024	13.3	55.8	71.7
268	-0.375779	-0.375945	0.000033	11.594145	310.307653	0.009785	0.000001	0.009785	12.9	55.8	71.5
269	-0.379142	-0.379308	0.000033	10.692853	319.132289	0.009497	0.000001	0.009497	16.8	50.6	69.9
270	-0.379003	-0.379171	0.000034	10.746368	318.594332	0.009509	0.000001	0.009508	11.1	48.0	61.1
271	-0.375705	-0.375872	0.000033	9.847344	327.879533	0.011246	0.000001	0.011246	11.7	47.7	61.8
272	-0.375841	-0.376009	0.000034	10.847332	317.584309	0.009456	0.000001	0.009456	11.7	46.7	60.9
273	-0.367479	-0.367646	0.000033	11.847141	307.917596	0.010776	0.000001	0.010776	10.9	47.6	60.5
274	-0.370603	-0.370771	0.000034	12.847141	298.820302	0.008714	0.000001	0.008714	11.1	45.2	58.4
275	-0.368310	-0.368480	0.000034	13.525382	292.950060	0.011745	0.000001	0.011745	11.4	44.8	58.9
276	-0.370640	-0.370811	0.000034	14.522683	284.725478	0.010854	0.000001	0.010854	13.0	45.0	60.2
277	-0.372398	-0.372568	0.000034	13.621392	292.137670	0.011010	0.000001	0.011010	13.0	46.1	61.5
278	-0.378413	-0.378585	0.000034	12.720100	299.946111	0.009108	0.000001	0.009108	14.8	44.5	61.8
279	-0.378996	-0.379170	0.000035	11.830804	308.070825	0.008987	0.000001	0.008987	13.8	45.0	61.5
280	-0.371540	-0.371711	0.000034	12.802647	299.213630	0.009007	0.000001	0.009007	13.4	44.6	60.4
281	-0.377173	-0.377345	0.000034	11.901355	307.410215	0.011098	0.000001	0.011098	11.1	47.0	60.1
282	-0.368200	-0.368370	0.000034	12.901200	298.343802	0.010357	0.000001	0.010357	13.6	44.7	61.1
283	-0.364669	-0.364841	0.000034	13.901108	289.796327	0.011344	0.000001	0.011344	12.1	47.6	62.2
284	-0.384144	-0.384316	0.000034	12.999815	297.478462	0.011356	0.000001	0.011356	11.6	46.3	59.9
285	-0.366771	-0.366942	0.000034	13.994473	289.023151	0.008764	0.000001	0.008764	11.3	45.5	58.9
286	-0.370647	-0.370815	0.000034	14.994047	280.996820	0.011007	0.000001	0.011007	11.6	47.7	61.2
287	-0.377067	-0.377237	0.000034	15.990911	273.424267	0.009963	0.000001	0.009963	12.7	45.4	60.6
288	-0.373593	-0.373763	0.000034	16.990911	266.227174	0.010301	0.000001	0.010302	13.6	46.7	62.8
289	-0.370512	-0.370680	0.000034	16.090566	272.689628	0.010243	0.000001	0.010242	14.3	48.7	65.0
290	-0.385874	-0.386043	0.000034	15.189274	279.480951	0.010079	0.000001	0.010078	11.7	44.0	58.6
291	-0.378788	-0.378957	0.000034	16.189274	271.965856	0.009341	0.000001	0.009341	12.9	43.3	58.9
292	-0.374091	-0.374262	0.000034	15.287982	278.720729	0.010261	0.000001	0.010261	13.4	46.9	62.6
293	-0.372549	-0.372720	0.000034	15.321892	278.460516	0.010726	0.000001	0.010726	15.0	46.4	63.8
294	-0.367890	-0.368061	0.000034	14.420647	285.545683	0.009433	0.000001	0.009433	12.9	45.0	60.7
295	-0.378216	-0.378386	0.000034	13.521824	292.980254	0.010108	0.000001	0.010108	18.3	68.0	88.7
296	-0.380441	-0.380613	0.000034	12.721450	299.934102	0.010501	0.000001	0.010501	13.1	46.1	61.3
297	-0.377803	-0.377974	0.000034	11.820158	308.170756	0.009922	0.000001	0.009922	13.0	48.4	63.7
298	-0.378419	-0.378589	0.000034	11.849487	307.895607	0.009748	0.000001	0.009748	11.6	48.5	62.4
299	-0.375832	-0.376002	0.000034	11.031527	315.758057	0.008820	0.000001	0.008819	12.0	46.8	60.8
300	-0.375087	-0.375257	0.000034	12.031312	306.200762	0.009333	0.000001	0.009332	12.3	45.1	59.6
301	-0.366508	-0.366682	0.000035	11.133127	314.759679	0.010344	0.000001	0.010344	12.2	52.5	67.0
302	-0.373131	-0.373304	0.000035	12.133118	305.259911	0.011356	0.000001	0.011356	12.5	53.6	68.4
303	-0.374955	-0.375132	0.000035	13.133118	296.316693	0.012601	0.000001	0.012601	14.8	52.6	70.1
304	-0.377122	-0.377296	0.000035	12.231826	304.353204	0.010870	0.000001	0.010870	12.7	48.3	63.9
305	-0.376455	-0.376630	0.000035	13.159876	296.084587	0.010781	0.000001	0.010781	11.8	48.9	62.7
306	-0.364148	-0.364326	0.000035	12.258584	304.108343	0.009543	0.000001	0.009544	14.5	58.6	76.1
307	-0.378414	-0.378590	0.000035	13.258584	295.231492	0.008742	0.000001	0.008742	12.2	48.9	63.4
308	-0.367085	-0.367260	0.000035	14.258583	286.858173	0.009159	0.000001	0.009158	11.8	46.6	60.5
309	-0.372056	-0.372232	0.000035	13.357292	294.383294	0.010486	0.000001	0.010487	12.5	50.4	66.4
310	-0.380732	-0.380905	0.000035	14.357292	286.057337	0.009183	0.000001	0.009183	11.8	46.7	60.9
311	-0.373421	-0.373596	0.000035	15.262280	278.918282	0.011089	0.000001	0.011089	11.8	45.9	60.5
312	-0.373937	-0.374114	0.000035	16.259255	271.455045	0.010216	0.000001	0.010216	14.3	43.8	61.0
313	-0.381379	-0.381557	0.000036	17.259255	264.359898	0.009934	0.000001	0.009934	12.7	44.5	59.7
314	-0.371982	-0.372160	0.000036	18.257782	257.635870	0.010265	0.000001	0.010266	12.4	43.8	58.4
315	-0.375176	-0.375353	0.000035	19.057104	252.494855	0.009942	0.000001	0.009941	14.1	47.6	64.2
316	-0.373345	-0.373524	0.000036	18.302713	257.341336	0.009856	0.000001	0.009856	13.0	51.2	66.5
317	-0.375442	-0.375622	0.000036	17.401476	263.380835	0.009460	0.000001	0.009460	12.6	51.0	65.9
318	-0.378904	-0.379081	0.000035	16.655730	268.596911	0.011482	0.000001	0.011482	24.6	59.3	86.7
319	-0.373533	-0.373712	0.000036	15.760091	275.141125	0.009955	0.000001	0.009955	13.6	48.5	64.1
320	-0.369752	-0.369931	0.000036	15.675588	275.775067	0.011137	0.000001	0.011137	13.6	49.8	65.5
321	-0.372387	-0.372567	0.000036	16.675588	268.455340	0.010528	0.000001	0.010528	13.3	46.4	61.9
322	-0.380184	-0.380364	0.000036	15.791448	274.906621	0.009529	0.000001	0.009529	13.4	48.8	64.5
323	-0.387671	-0.387850	0.000036	16.791434	267.632415	0.010298	0.000001	0.010298	13.5	50.8	66.3
324	-0.372774	-0.372955	0.000036	15.890142	274.171155	0.011455	0.000001	0.011455	14.5	46.4	63.1
325	-0.378471	-0.378651	0.000036	16.890142	266.935205	0.009727	0.000001	0.009727	13.5	48.8	64.5
326	-0.378204	-0.378385	0.000036	15.988864	273.439398	0.009600	0.000001	0.009600	14.0	49.6	65.8
327	-0.377741	-0.377923	0.000037	16.932783	266.635134	0.009983	0.000001	0.009983	12.3	48.2	62.6
328	-0.373629	-0.373811	0.000037	17.892575	260.055105	0.009809	0.000001	0.009809	12.0	48.0	62.0
329	-0.381948	-0.382130	0.000036	18.892352	253.537643	0.010697	0.000001	0.010697	15.2	47.1	65.5
330	-0.378297	-0.378478	0.000036	17.991059	259.398255	0.009573	0.000001	0.009574	12.3	49.9	64.2
331	-0.374767	-0.374950	0.000037	18.991059	252.911849	0.008769	0.000001	0.008770	12.4	50.1	64.7
332	-0.370476	-0.370659	0.000037	18.089767	258.743232	0.011616	0.000001	0.011616	13.7	47.6	64.2
333	-0.371412	-0.371594	0.000036	17.229062	264.568685	0.010991	0.000001	0.010991	11.8	49.7	63.5
334	-0.377146	-0.377329	0.000037	18.229062	257.824484	0.009716	0.000001	0.009716	12.1	52.6	66.7
335	-0.377204	-0.377388	0.000037	17.327770	263.887325	0.011574	0.000001	0.011574	13.9	46.8	63.3
336	-0.378812	-0.378994	0.000036	16.426677	270.240739	0.010917	0.000001	0.010917	14.1	50.1	66.5
337	-0.374916	-0.375100	0.000037	15.525384	276.909139	0.012626	0.000001	0.012626	12.3	52.4	66.9
338	-0.370253	-0.370434	0.000036	16.524499	269.536249	0.009341	0.000001	0.009341	13.0	46.3	61.7
339	-0.374521	-0.374702	0.000036	17.524499	262.539759	0.010348	0.000001	0.010348	13.9	45.0	61.0
340	-0.376915	-0.377097	0.000036	16.698444	268.292581	0.009599	0.000001	0.009599	13.3	51.4	67.1
341	-0.378139	-0.378320	0.000036	17.698444	261.359677	0.009417	0.000001	0.009417	17.8	51.1	71.5
342	-0.378396	-0.378581	0.000037	18.698353	254.776637	0.010884	0.000001	0.010883	14.8	52.9	70.4
343	-0.379909	-0.380093	0.000037	19.688520	248.576571	0.009322	0.000001	0.009322	13.5	51.7	68.0
344	-0.372620	-0.372805	0.000037	18.787228	254.207527	0.009785	0.000001	0.009785	12.4	52.3	66.9
345	-0.380852	-0.381039	0.000038	19.786767	247.977798	0.010892	0.000001	0.010892	12.6	53.2	68.0
346	-0.383154	-0.383339	0.000037	19.030638	252.661796	0.010197	0.000001	0.010197	12.3	50.7	65.0
347	-0.373677	-0.373862	0.000037	18.129407	258.481119	0.010786	0.000001	0.010786	14.0	48.6	65.2
348	-0.375458	-0.375643	0.000037	17.228114	264.575247	0.010002	0.000001	0.010002	12.9	51.0	66.3
349	-0.376555	-0.376739	0.000037	17.264297	264.325063	0.008741	0.000001	0.008741	11.1	46.9	60.0
350	-0.373393	-0.373578	0.000037	18.147296	258.363001	0.011379	0.000001	0.011379	13.6	46.3	62.3
351	-0.379634	-0.379818	0.000037	19.134717	252.006578	0.010136	0.000001	0.010136	12.8	51.0	66.0
352	-0.378804	-0.378992	0.000038	18.233425	257.795814	0.010062	0.000001	0.010062	11.8	47.0	60.8
353	-0.379549	-0.379736	0.000037	19.215442	251.500725	0.009790	0.000001	0.009790	11.3	48.5	61.9
354	-0.374785	-0.374972	0.000038	19.571562	249.293155	0.009413	0.000001	0.009413	12.2	47.3	61.6
355	-0.384368	-0.384554	0.000037	20.323402	244.757505	0.011141	0.000001	0.011140	11.6	47.1	60.7
356	-0.374742	-0.374929	0.000038	19.684479	248.601261	0.010351	0.000001	0.010351	10.4	51.7	64.2
357	-0.379063	-0.379250	0.000037	18.783187	254.233349	0.009687	0.000001	0.009687	12.0	45.7	59.9
358	-0.382286	-0.382471	0.000037	17.890782	260.067097	0.011790	0.000001	0.011790	11.7	48.9	62.6
359	-0.373014	-0.373203	0.000038	18.890772	253.547685	0.011597	0.000001	0.011597	11.2	47.3	60.6
360	-0.383428	-0.383616	0.000038	19.890658	247.347760	0.009909	0.000001	0.009909	13.0	48.0	63.6
361	-0.372536	-0.372728	0.000038	19.003600	252.832567	0.011701	0.000001	0.011700	12.3	46.5	60.8
362	-0.386571	-0.386764	0.000039	20.003566	246.666662	0.010541	0.000001	0.010541	10.6	46.5	59.2
363	-0.384036	-0.384229	0.000039	19.102274	252.210457	0.012727	0.000001	0.012727	13.0	48.0	63.6
364	-0.376648	-0.376843	0.000039	20.102274	246.074289	0.011862	0.000001	0.011861	11.8	48.0	62.8
365	-0.391661	-0.391857	0.000039	21.102274	240.229609	0.010935	0.000001	0.010935	11.2	52.1	65.2
366	-0.376329	-0.376524	0.000039	20.200981	245.484753	0.011006	0.000001	0.011006	11.4	47.3	60.7
367	-0.375080	-0.375277	0.000039	21.200933	239.667988	0.010305	0.000001	0.010305	11.4	45.7	59.3
368	-0.377623	-0.377815	0.000039	20.654107	242.814297	0.009768	0.000001	0.009768	11.3	49.0	62.5
369	-0.380922	-0.381115	0.000039	21.654107	237.121661	0.010977	0.000001	0.010977	12.1	44.5	59.0
370	-0.381538	-0.381735	0.000039	22.654107	231.689832	0.009957	0.000001	0.009957	11.8	47.7	61.5
371	-0.372212	-0.372406	0.000039	23.654101	226.501320	0.011133	0.000001	0.011133	11.0	48.8	61.8
372	-0.373843	-0.374039	0.000039	22.752809	231.167167	0.010228	0.000001	0.010228	11.2	48.1	61.3
373	-0.383438	-0.383632	0.000039	23.752809	226.001744	0.010732	0.000001	0.010732	11.5	47.9	61.6
374	-0.365666	-0.365861	0.000039	22.851590	230.646431	0.010664	0.000001	0.010664	16.0	69.1	87.2
375	-0.378269	-0.378463	0.000039	23.851590	225.503995	0.010436	0.000001	0.010436	11.8	46.3	60.0
376	-0.378813	-0.379007	0.000039	24.851590	220.585866	0.009939	0.000001	0.009938	11.9	47.5	61.4
377	-0.375448	-0.375643	0.000039	23.950299	225.008800	0.011234	0.000001	0.011234	12.0	48.6	62.7
378	-0.372105	-0.372298	0.000038	24.948551	220.120387	0.012340	0.000001	0.012340	11.5	45.2	58.8
379	-0.371567	-0.371763	0.000039	24.047258	224.524491	0.015220	0.000001	0.015220	12.6	43.0	57.6
380	-0.377298	-0.377491	0.000039	25.047257	219.648539	0.009580	0.000001	0.009580	15.0	52.4	70.4
381	-0.382071	-0.382264	0.000039	26.043895	214.995224	0.011074	0.000001	0.011074	11.4	48.1	61.7
382	-0.382002	-0.382197	0.000039	27.043895	210.520249	0.011133	0.000001	0.011133	11.8	47.5	61.3
383	-0.382340	-0.382536	0.000039	28.043801	206.228160	0.010549	0.000001	0.010548	11.9	46.9	61.1
384	-0.375692	-0.375887	0.000039	27.142804	210.087738	0.010283	0.000001	0.010283	12.3	46.5	60.8
385	-0.378766	-0.378958	0.000038	28.142800	205.812709	0.008616	0.000001	0.008616	11.2	46.5	59.6
386	-0.386926	-0.387118	0.000039	29.057948	202.050089	0.010495	0.000001	0.010495	13.3	49.9	66.4
387	-0.373446	-0.373640	0.000039	28.156701	205.754506	0.009221	0.000001	0.009221	11.7	49.4	63.0
388	-0.381944	-0.382139	0.000039	29.156701	201.652272	0.011238	0.000001	0.011238	11.4	46.4	59.8
389	-0.382623	-0.382816	0.000039	28.255424	205.342113	0.009627	0.000001	0.009627	12.2	50.4	64.9
390	-0.379552	-0.379746	0.000039	27.701331	207.678364	0.008710	0.000001	0.008710	11.8	47.6	61.5
391	-0.371576	-0.371771	0.000039	26.800214	211.593464	0.011193	0.000001	0.011193	12.0	48.1	62.1
392	-0.371544	-0.371740	0.000039	27.402962	208.958550	0.011719	0.000001	0.011719	12.2	48.5	63.0
393	-0.375394	-0.375587	0.000039	28.402703	204.729946	0.010245	0.000001	0.010246	12.3	46.2	60.4
394	-0.384100	-0.384296	0.000039	27.501411	208.534402	0.011167	0.000001	0.011166	11.8	54.4	68.5
395	-0.371727	-0.371922	0.000039	28.324479	205.054628	0.011294	0.000001	0.011294	12.5	48.3	62.9
396	-0.383738	-0.383935	0.000039	29.324479	200.979979	0.013663	0.000001	0.013663	11.8	48.1	61.9
397	-0.378646	-0.378844	0.000039	30.324478	197.064112	0.011137	0.000001	0.011137	12.1	49.0	63.1
398	-0.381554	-0.381751	0.000039	31.292877	193.414733	0.009402	0.000001	0.009402	11.4	48.4	61.9
399	-0.369902	-0.370099	0.000039	30.391584	196.806791	0.010953	0.000001	0.010953	12.7	47.0	61.9
400	-0.383435	-0.383633	0.000039	29.490314	200.319863	0.010160	0.000001	0.010160	12.2	49.4	63.7
401	-0.376990	-0.377188	0.000040	30.467241	196.517484	0.009193	0.000001	0.009194	12.0	47.2	61.1
402	-0.379318	-0.379514	0.000039	31.440102	192.871720	0.011499	0.000001	0.011499	13.8	49.1	64.9
403	-0.377835	-0.378032	0.000039	32.440102	189.262601	0.010364	0.000001	0.010364	11.7	51.8	65.5
404	-0.367101	-0.367300	0.000040	33.439988	185.786462	0.008661	0.000001	0.008661	11.8	47.7	61.6
405	-0.364909	-0.365106	0.000039	32.538725	188.913966	0.010254	0.000001	0.010254	13.3	50.0	65.9
406	-0.381940	-0.382134	0.000039	33.538722	185.450123	0.010787	0.000001	0.010787	11.6	50.3	64.2
407	-0.374857	-0.375055	0.000040	34.527270	182.148569	0.010949	0.000001	0.010948	12.9	47.9	63.2
408	-0.381407	-0.381607	0.000040	35.527270	178.926256	0.010168	0.000001	0.010168	14.0	46.2	62.7
409	-0.375947	-0.376145	0.000040	36.527269	175.815972	0.011257	0.000001	0.011257	13.7	49.1	65.6
410	-0.374952	-0.375149	0.000039	37.515808	172.845820	0.009019	0.000001	0.009019	14.7	47.3	64.3
411	-0.378836	-0.379033	0.000039	38.515808	169.941620	0.009926	0.000001	0.009926	11.2	48.7	62.4
412	-0.383205	-0.383403	0.000040	37.615189	172.552763	0.009353	0.000001	0.009353	12.5	45.8	60.8
413	-0.375273	-0.375476	0.000041	38.613417	169.663362	0.009060	0.000001	0.009060	13.1	45.5	61.3
414	-0.378369	-0.378570	0.000040	38.588993	169.732904	0.008484	0.000001	0.008484	12.5	52.0	66.7
415	-0.382692	-0.382893	0.000040	39.556280	167.021700	0.010693	0.000001	0.010693	12.5	52.5	66.8
416	-0.380969	-0.381171	0.000040	39.314052	167.692477	0.010295	0.000001	0.010295	13.1	57.0	72.5
417	-0.373735	-0.373936	0.000040	40.314052	164.957501	0.010297	0.000001	0.010297	13.8	56.0	72.3
418	-0.383257	-0.383459	0.000040	39.412760	167.418486	0.009675	0.000001	0.009674	14.0	49.1	65.8
419	-0.378745	-0.378952	0.000041	39.523048	167.113408	0.012050	0.000001	0.012050	13.0	45.6	61.0
420	-0.375818	-0.376022	0.000041	40.523048	164.397134	0.012298	0.000001	0.012299	15.6	49.1	67.3
421	-0.370135	-0.370338	0.000041	39.621756	166.841304	0.009714	0.000001	0.009715	12.7	45.2	60.7
422	-0.381691	-0.381893	0.000040	40.621756	164.133798	0.010703	0.000001	0.010703	13.6	43.8	59.6
423	-0.379238	-0.379441	0.000040	41.621756	161.512763	0.008736	0.000001	0.008736	15.0	47.8	66.1
424	-0.385979	-0.386184	0.000041	41.741493	161.204527	0.008704	0.000001	0.008704	12.1	51.0	65.6
425	-0.388639	-0.388843	0.000041	42.741493	158.675491	0.011862	0.000001	0.011862	11.2	45.8	59.1
426	-0.388846	-0.389050	0.000041	42.152233	160.156059	0.010771	0.000001	0.010771	11.8	46.5	61.9
427	-0.379840	-0.380042	0.000040	43.152225	157.659578	0.012371	0.000001	0.012371	12.8	45.3	60.7
428	-0.385121	-0.385327	0.000041	44.152225	155.239714	0.010842	0.000001	0.010842	13.4	47.2	63.2
429	-0.378599	-0.378801	0.000040	45.150183	152.897730	0.009014	0.000001	0.009014	11.9	45.2	59.8
430	-0.376301	-0.376504	0.000041	44.249228	155.008927	0.009952	0.000001	0.009951	11.4	46.7	60.3
431	-0.377102	-0.377308	0.000041	45.249119	152.669394	0.010491	0.000001	0.010490	13.0	49.0	64.9
432	-0.385069	-0.385275	0.000041	44.347826	154.775045	0.010563	0.000001	0.010563	13.5	48.2	63.8
433	-0.381791	-0.381997	0.000041	43.618994	156.520740	0.010330	0.000001	0.010330	12.4	49.2	63.9
434	-0.379722	-0.379928	0.000041	42.717702	158.734739	0.012021	0.000001	0.012021	13.0	50.8	66.6
435	-0.376822	-0.377026	0.000041	43.717702	156.282014	0.009714	0.000001	0.009714	12.4	48.8	63.3
436	-0.378002	-0.378204	0.000041	42.852993	158.398414	0.011755	0.000001	0.011755	11.7	49.9	63.6
437	-0.379590	-0.379796	0.000041	43.056553	157.895051	0.010770	0.000001	0.010770	11.9	52.9	66.7
438	-0.380129	-0.380334	0.000041	44.056505	155.468124	0.009626	0.000001	0.009625	12.1	49.0	63.1
439	-0.384397	-0.384600	0.000041	45.056409	153.114785	0.010464	0.000001	0.010464	14.8	47.8	64.9
440	-0.370453	-0.370657	0.000041	44.155133	155.232786	0.009517	0.000001	0.009517	14.0	48.4	64.5
441	-0.382099	-0.382303	0.000041	45.155132	152.886292	0.009191	0.000001	0.009191	12.6	48.4	63.5
442	-0.375498	-0.375703	0.000041	46.155117	150.609712	0.010616	0.000001	0.010616	12.7	47.3	62.2
443	-0.372516	-0.372722	0.000041	45.261757	152.640276	0.010132	0.000001	0.010132	13.3	49.9	65.6
444	-0.377440	-0.377643	0.000041	44.361008	154.743831	0.011545	0.000001	0.011545	13.0	48.9	64.0
445	-0.377818	-0.378022	0.000041	43.757735	156.185400	0.010652	0.000001	0.010651	13.8	47.5	63.4
446	-0.381870	-0.382076	0.000041	44.757734	153.810239	0.009500	0.000001	0.009499	14.0	46.1	62.4
447	-0.391354	-0.391559	0.000041	43.856442	155.947698	0.010422	0.000001	0.010422	13.8	45.3	61.1
448	-0.383763	-0.383971	0.000042	42.955150	158.145401	0.009981	0.000001	0.009981	12.7	50.1	65.2
449	-0.388631	-0.388838	0.000041	43.955068	155.710909	0.009151	0.000001	0.009151	12.3	48.6	63.2
450	-0.377718	-0.377925	0.000041	44.452184	154.528270	0.010966	0.000001	0.010966	13.8	45.8	62.0
451	-0.383803	-0.384011	0.000042	43.560801	156.661824	0.011062	0.000001	0.011062	13.6	46.7	62.5
452	-0.388117	-0.388324	0.000041	44.560801	154.272259	0.011081	0.000001	0.011081	13.5	45.7	61.4
453	-0.373795	-0.374003	0.000041	43.661140	156.418720	0.009981	0.000001	0.009981	13.7	45.9	62.2
454	-0.376339	-0.376548	0.000042	42.764590	158.618017	0.009043	0.000001	0.009043	12.0	70.5	84.5
455	-0.369260	-0.369467	0.000041	41.863359	160.892019	0.009163	0.000001	0.009163	11.8	45.8	59.8
456	-0.374498	-0.374704	0.000041	42.859050	158.383388	0.010684	0.000001	0.010683	12.1	46.2	61.5
457	-0.375665	-0.375874	0.000042	43.786586	156.115848	0.009803	0.000001	0.009803	14.3	49.1	65.7
458	-0.373147	-0.373356	0.000042	42.885338	158.318216	0.009127	0.000001	0.009126	13.6	46.3	62.0
459	-0.377816	-0.378025	0.000042	41.984201	160.583332	0.009913	0.000001	0.009913	14.0	45.3	61.8
460	-0.381299	-0.381508	0.000042	41.082930	162.914552	0.011055	0.000001	0.011055	14.1	49.5	66.0
461	-0.375640	-0.375852	0.000042	42.082774	160.332404	0.011120	0.000001	0.011120	11.6	48.0	61.6
462	-0.380802	-0.381012	0.000042	43.071187	157.858988	0.009901	0.000001	0.009901	12.1	46.2	61.0
463	-0.379237	-0.379449	0.000042	42.169895	160.111281	0.010238	0.000001	0.010238	12.7	49.4	64.3
464	-0.376608	-0.376819	0.000042	41.268603	162.428774	0.010020	0.000001	0.010020	11.7	46.5	60.4
465	-0.383680	-0.383890	0.000042	40.374631	164.794683	0.010913	0.000001	0.010913	13.4	49.3	65.0
466	-0.378523	-0.378733	0.000042	39.473338	167.250776	0.009581	0.000001	0.009581	13.1	46.1	61.8
467	-0.375515	-0.375724	0.000042	40.473279	164.530229	0.010963	0.000001	0.010963	11.8	44.2	58.1
468	-0.373622	-0.373833	0.000042	40.270504	165.074745	0.010481	0.000001	0.010480	13.6	50.8	67.0
469	-0.387885	-0.388094	0.000042	39.369292	167.539033	0.009612	0.000001	0.009612	12.3	46.3	61.5
470	-0.376838	-0.377049	0.000042	40.369292	164.809020	0.010747	0.000001	0.010747	11.9	46.4	60.6
471	-0.376802	-0.377009	0.000042	41.369273	162.166599	0.008976	0.000001	0.008976	14.4	48.5	65.1
472	-0.382326	-0.382535	0.000042	40.467980	164.544414	0.009656	0.000001	0.009656	13.6	46.3	62.4
473	-0.381896	-0.382108	0.000042	41.467980	161.910354	0.011016	0.000001	0.011016	11.4	51.4	65.0
474	-0.389905	-0.390117	0.000042	40.668728	164.008780	0.011832	0.000001	0.011832	13.4	48.2	64.1
475	-0.380633	-0.380847	0.000043	41.668727	161.391705	0.011676	0.000001	0.011676	13.9	46.4	63.1
476	-0.376345	-0.376559	0.000043	42.668727	158.856839	0.008584	0.000001	0.008584	13.1	47.2	62.9
477	-0.377247	-0.377459	0.000042	41.772468	161.124981	0.010118	0.000001	0.010118	13.0	49.0	64.6
478	-0.378979	-0.379190	0.000042	42.772468	158.598422	0.011163	0.000001	0.011163	11.6	49.1	63.7
479	-0.375578	-0.375789	0.000042	43.714787	156.289053	0.010370	0.000001	0.010370	14.1	44.7	61.6
480	-0.368693	-0.368904	0.000042	44.690052	153.968713	0.009834	0.000001	0.009834	13.9	47.1	63.8
481	-0.377026	-0.377240	0.000043	45.690049	151.659999	0.011814	0.000001	0.011814	14.0	45.0	61.5
482	-0.380104	-0.380318	0.000043	44.788757	153.737710	0.010768	0.000001	0.010768	12.5	47.1	62.9
483	-0.377655	-0.377868	0.000043	45.788757	151.435860	0.012099	0.000001	0.012099	13.3	47.9	64.8
484	-0.389649	-0.389862	0.000043	44.887464	153.507392	0.009071	0.000001	0.009071	11.9	46.5	60.5
485	-0.386174	-0.386387	0.000042	45.887464	151.212382	0.009388	0.000001	0.009388	11.0	47.4	60.5
486	-0.376663	-0.376878	0.000043	46.767676	149.248335	0.010912	0.000001	0.010912	11.3	45.6	59.0
487	-0.382983	-0.383199	0.000043	46.352967	150.167294	0.009111	0.000001	0.009111	11.8	46.3	61.4
488	-0.371849	-0.372062	0.000043	47.352673	147.970992	0.009424	0.000001	0.009424	11.7	44.7	59.0
489	-0.380433	-0.380649	0.000043	46.451395	149.948163	0.010835	0.000001	0.010835	15.3	50.5	68.2
490	-0.389426	-0.389640	0.000043	47.439551	147.783155	0.011494	0.000001	0.011494	12.2	55.2	69.9
491	-0.386626	-0.386841	0.000043	46.538259	149.755309	0.010378	0.000001	0.010379	13.3	60.8	76.3
492	-0.387235	-0.387449	0.000043	47.538259	147.570320	0.010916	0.000001	0.010916	17.4	48.7	68.7
493	-0.381344	-0.381558	0.000043	46.636966	149.536760	0.010373	0.000001	0.010372	13.0	48.8	64.4
494	-0.375138	-0.375351	0.000043	45.735794	151.556041	0.011357	0.000001	0.011357	15.3	47.9	65.2
495	-0.380613	-0.380829	0.000043	46.735788	149.318596	0.011402	0.000001	0.011402	12.1	49.8	64.2
496	-0.380548	-0.380764	0.000043	47.735582	147.146681	0.009642	0.000001	0.009642	11.9	48.0	62.3
497	-0.379757	-0.379972	0.000043	48.676831	145.158908	0.010139	0.000001	0.010139	15.5	49.2	67.2
498	-0.375632	-0.375851	0.000044	47.775539	147.061192	0.010879	0.000001	0.010879	14.4	47.7	64.9
499	-0.372775	-0.372991	0.000043	48.775539	144.953560	0.009123	0.000001	0.009123	12.1	45.4	60.4
500	-0.382732	-0.382949	0.000043	48.244133	146.065990	0.011103	0.000001	0.011103	14.8	50.1	67.6
501	-0.371358	-0.371574	0.000043	49.244130	143.986591	0.011189	0.000001	0.011189	11.5	46.5	60.8
502	-0.384648	-0.384866	0.000044	50.243739	141.966340	0.010268	0.000001	0.010268	12.0	44.6	59.6
503	-0.383706	-0.383925	0.000044	51.221363	140.044613	0.009894	0.000001	0.009895	13.7	49.0	65.0
504	-0.376999	-0.377217	0.000044	51.115952	140.249313	0.009232	0.000001	0.009233	11.3	45.8	59.0
505	-0.381925	-0.382142	0.000043	50.214660	142.024307	0.009769	0.000001	0.009769	11.1	50.0	63.6
506	-0.383182	-0.383399	0.000044	51.214619	140.057691	0.010406	0.000001	0.010406	11.3	47.0	60.9
507	-0.384521	-0.384739	0.000043	51.777850	138.973778	0.011642	0.000001	0.011642	11.5	43.3	56.9
508	-0.381471	-0.381688	0.000043	50.876558	140.716432	0.009259	0.000001	0.009259	12.6	48.8	63.5
509	-0.378585	-0.378804	0.000044	51.876558	138.785545	0.009561	0.000001	0.009561	13.2	45.6	60.9
510	-0.385374	-0.385594	0.000044	50.978088	140.517942	0.010195	0.000001	0.010194	12.7	47.2	62.6
511	-0.370678	-0.370897	0.000044	50.076823	142.299730	0.010225	0.000001	0.010225	13.2	48.8	64.3
512	-0.381647	-0.381866	0.000044	49.175546	144.127312	0.010617	0.000001	0.010617	11.8	49.8	64.2
513	-0.378297	-0.378516	0.000044	50.175546	142.102357	0.010013	0.000001	0.010013	10.6	46.0	58.7
514	-0.387017	-0.387236	0.000044	49.337408	143.795643	0.010429	0.000001	0.010429	11.7	47.6	61.4
515	-0.381828	-0.382047	0.000044	50.225579	142.002535	0.011710	0.000001	0.011710	11.7	45.7	60.2
516	-0.384232	-0.384452	0.000044	51.225579	140.036438	0.010901	0.000001	0.010901	12.3	46.9	62.2
517	-0.377445	-0.377665	0.000044	52.225579	138.124040	0.010462	0.000001	0.010462	13.2	48.1	64.3
518	-0.387064	-0.387286	0.000044	52.673097	137.285023	0.011553	0.000001	0.011553	11.6	45.3	59.4
519	-0.385656	-0.385874	0.000044	51.771805	138.985323	0.010733	0.000001	0.010733	13.1	44.9	60.7
520	-0.372392	-0.372616	0.000045	50.873745	140.721939	0.009346	0.000001	0.009346	13.0	45.6	61.1
521	-0.389428	-0.389650	0.000045	50.541476	141.375511	0.012722	0.000001	0.012722	13.7	45.2	60.9
522	-0.380748	-0.380969	0.000044	49.640456	143.178758	0.010482	0.000001	0.010482	13.2	46.5	61.9
523	-0.374511	-0.374733	0.000044	48.739164	145.029167	0.009188	0.000001	0.009189	11.9	51.1	65.5
524	-0.384749	-0.384970	0.000044	48.209488	146.139108	0.010582	0.000001	0.010581	14.7	47.3	64.4
525	-0.383034	-0.383257	0.000045	49.209487	144.057637	0.009163	0.000001	0.009163	13.8	45.3	61.7
526	-0.377671	-0.377892	0.000044	48.327030	145.891333	0.008754	0.000001	0.008754	16.3	44.7	63.8
527	-0.377365	-0.377587	0.000044	49.324664	143.821702	0.009611	0.000001	0.009611	12.6	47.9	63.3
528	-0.382447	-0.382673	0.000045	48.436023	145.662328	0.011079	0.000001	0.011079	11.2	45.8	59.1
529	-0.385444	-0.385668	0.000045	49.434255	143.597924	0.010538	0.000001	0.010538	14.8	44.8	62.3
530	-0.376579	-0.376800	0.000044	49.771644	142.913351	0.012268	0.000001	0.012268	13.6	47.3	63.2
531	-0.379583	-0.379805	0.000044	50.771528	140.922355	0.011127	0.000001	0.011127	12.4	70.4	85.2
532	-0.382962	-0.383183	0.000044	51.211975	140.062819	0.009671	0.000001	0.009671	12.9	46.8	62.4
533	-0.385089	-0.385311	0.000044	52.210607	138.152286	0.010566	0.000001	0.010566	12.5	43.8	59.0
534	-0.383537	-0.383763	0.000045	53.210597	136.290681	0.010382	0.000001	0.010382	12.7	48.7	64.3
535	-0.379805	-0.380028	0.000045	52.309480	137.965960	0.010060	0.000001	0.010060	11.6	48.4	62.4
536	-0.385738	-0.385960	0.000044	53.309480	136.109320	0.010049	0.000001	0.010049	11.2	44.7	57.9
537	-0.381357	-0.381583	0.000045	54.066017	134.737571	0.011590	0.000001	0.011590	13.6	47.1	63.2
538	-0.385608	-0.385832	0.000045	54.651149	133.695428	0.010641	0.000001	0.010642	12.5	46.5	61.6
539	-0.372698	-0.372923	0.000045	53.761056	135.287184	0.011509	0.000001	0.011509	11.7	46.1	60.2
540	-0.384531	-0.384752	0.000044	54.588417	133.806385	0.009747	0.000001	0.009747	14.0	689.9	706.0
541	-0.386683	-0.386905	0.000044	55.587979	132.060056	0.010090	0.000001	0.010090	14.0	47.8	64.0
542	-0.375244	-0.375466	0.000044	54.686686	133.632654	0.009841	0.000001	0.009841	15.1	47.7	65.6
543	-0.387985	-0.388210	0.000045	55.641196	131.968358	0.009214	0.000001	0.009214	12.3	48.8	63.5
544	-0.377619	-0.377841	0.000044	56.641101	130.268797	0.011424	0.000001	0.011424	11.7	47.3	61.2
545	-0.386123	-0.386347	0.000045	55.797750	131.699338	0.010930	0.000001	0.010930	15.0	47.1	64.3
546	-0.380345	-0.380569	0.000045	55.037278	133.016503	0.009591	0.000001	0.009590	11.5	51.6	65.7
547	-0.385705	-0.385930	0.000045	56.029238	131.303555	0.010618	0.000001	0.010618	11.3	48.0	61.4
548	-0.381772	-0.381997	0.000045	57.029237	129.620808	0.011844	0.000001	0.011844	13.4	46.6	63.4
549	-0.384522	-0.384749	0.000045	58.029236	127.980647	0.010152	0.000001	0.010152	12.5	51.1	65.9
550	-0.391724	-0.391948	0.000045	59.029045	126.381775	0.010236	0.000001	0.010236	13.3	46.7	62.8
551	-0.392275	-0.392501	0.000045	60.017590	124.839714	0.009450	0.000001	0.009450	14.5	44.3	61.4
552	-0.386834	-0.387061	0.000045	61.017590	123.317605	0.012405	0.000001	0.012404	14.4	48.7	65.5
553	-0.383028	-0.383257	0.000046	62.017590	121.832165	0.009964	0.000001	0.009964	13.1	47.0	62.6
554	-0.379915	-0.380142	0.000045	63.017539	120.382160	0.010242	0.000001	0.010242	14.3	44.9	61.7
555	-0.376698	-0.376928	0.000046	64.017518	118.966221	0.009753	0.000001	0.009754	14.0	48.9	65.2
556	-0.389838	-0.390068	0.000046	63.372581	119.875589	0.009445	0.000001	0.009445	13.1	47.9	63.9
557	-0.388861	-0.389088	0.000046	64.365442	118.481349	0.011759	0.000001	0.011760	13.5	48.9	65.1
558	-0.378976	-0.379203	0.000045	63.464151	119.745628	0.009205	0.000001	0.009205	12.5	45.9	60.8
559	-0.385727	-0.385957	0.000046	64.464150	118.344509	0.011721	0.000001	0.011721	13.7	47.3	63.3
560	-0.379688	-0.379915	0.000045	65.463854	116.976197	0.009274	0.000001	0.009275	15.0	44.8	62.3
561	-0.385021	-0.385247	0.000045	66.463854	115.638774	0.009196	0.000001	0.009196	14.0	48.8	65.0
562	-0.378312	-0.378539	0.000045	67.414095	114.395932	0.009088	0.000001	0.009088	11.9	47.9	62.2
563	-0.373657	-0.373885	0.000046	68.326270	113.227753	0.009679	0.000001	0.009679	12.9	46.2	61.3
564	-0.383033	-0.383264	0.000046	67.424978	114.381853	0.011339	0.000001	0.011339	12.1	47.2	61.6
565	-0.388857	-0.389086	0.000046	66.523685	115.559723	0.011325	0.000001	0.011325	11.7	54.0	68.1
566	-0.382381	-0.382609	0.000046	65.622398	116.762097	0.008995	0.000001	0.008994	14.8	55.3	73.4
567	-0.382709	-0.382939	0.000046	64.798962	117.882694	0.009608	0.000001	0.009608	14.0	54.4	71.7
568	-0.382468	-0.382697	0.000046	65.690474	116.670405	0.009145	0.000001	0.009145	12.5	46.1	60.8
569	-0.380058	-0.380286	0.000046	64.790591	117.894196	0.009399	0.000001	0.009399	13.8	48.6	65.2
570	-0.387364	-0.387592	0.000046	65.790333	116.536168	0.011188	0.000001	0.011188	11.2	51.3	64.5
571	-0.385822	-0.386051	0.000046	64.889042	117.759059	0.009682	0.000001	0.009681	11.5	46.5	60.0
572	-0.382450	-0.382678	0.000046	65.888587	116.404387	0.009461	0.000001	0.009461	12.2	47.9	62.9
573	-0.380293	-0.380520	0.000045	64.987298	117.624498	0.010536	0.000001	0.010536	11.2	48.8	62.0
574	-0.393181	-0.393409	0.000046	65.718884	116.632184	0.011638	0.000001	0.011639	11.9	44.8	58.8
575	-0.380348	-0.380578	0.000046	64.819915	117.853913	0.009832	0.000001	0.009832	14.7	47.4	64.8
576	-0.383248	-0.383475	0.000045	63.918623	119.104767	0.008630	0.000001	0.008631	13.8	46.4	62.2
577	-0.380283	-0.380510	0.000046	64.899601	117.744584	0.010766	0.000001	0.010766	12.2	45.9	61.2
578	-0.385424	-0.385652	0.000046	64.815859	117.859483	0.009590	0.000001	0.009591	12.4	51.7	66.5
579	-0.385033	-0.385262	0.000046	63.914567	119.110456	0.010294	0.000001	0.010293	12.4	46.9	61.5
580	-0.378580	-0.378809	0.000046	64.914497	117.724169	0.009190	0.000001	0.009189	14.6	45.0	61.8
581	-0.384465	-0.384693	0.000046	65.914497	116.369687	0.010445	0.000001	0.010445	12.2	47.8	62.3
582	-0.383975	-0.384203	0.000046	66.914229	115.046369	0.010245	0.000001	0.010245	12.3	48.7	63.3
583	-0.386531	-0.386760	0.000046	66.012939	116.238032	0.008622	0.000001	0.008622	14.3	49.8	66.5
584	-0.382285	-0.382513	0.000046	67.012493	114.917921	0.010140	0.000001	0.010141	12.1	47.4	62.2
585	-0.382511	-0.382737	0.000045	66.175264	116.021591	0.011100	0.000001	0.011100	12.6	45.9	61.2
586	-0.374696	-0.374923	0.000045	65.274754	117.232589	0.010867	0.000001	0.010867	13.3	47.4	63.6
587	-0.390051	-0.390279	0.000045	66.274752	115.889333	0.013218	0.000001	0.013218	13.0	46.4	62.0
588	-0.382424	-0.382652	0.000046	67.274752	114.576507	0.010177	0.000001	0.010177	14.1	47.3	63.6
589	-0.373591	-0.373820	0.000046	68.274752	113.293093	0.011604	0.000001	0.011605	12.9	48.7	63.9
590	-0.384121	-0.384351	0.000046	69.274752	112.038112	0.009870	0.000001	0.009870	13.6	47.0	62.7
591	-0.372234	-0.372464	0.000046	68.373462	113.167964	0.009118	0.000001	0.009118	12.1	47.8	62.2
592	-0.390783	-0.391011	0.000046	67.472171	114.320838	0.009561	0.000001	0.009561	12.3	51.0	65.6
593	-0.380862	-0.381089	0.000045	68.472171	113.043113	0.011534	0.000001	0.011534	14.4	46.5	63.3
594	-0.376903	-0.377128	0.000045	69.472171	111.793634	0.011357	0.000001	0.011357	12.5	47.6	62.3
595	-0.386652	-0.386878	0.000045	68.604295	112.876428	0.009494	0.000001	0.009493	14.7	48.7	65.9
596	-0.385969	-0.386196	0.000045	67.703023	114.023316	0.010255	0.000001	0.010255	19.2	59.8	81.2
597	-0.388640	-0.388864	0.000045	66.801731	115.193775	0.008782	0.000001	0.008782	13.6	46.7	62.9
598	-0.379783	-0.380012	0.000046	67.801731	113.896573	0.009055	0.000001	0.009055	13.5	47.3	63.5
599	-0.383142	-0.383371	0.000046	66.900464	115.064384	0.010647	0.000001	0.010647	11.5	47.4	61.4
600	-0.395877	-0.396103	0.000045	66.001404	116.253443	0.010894	0.000001	0.010894	14.0	46.7	62.7
601	-0.376594	-0.376824	0.000046	67.001404	114.932402	0.010421	0.000001	0.010420	13.5	51.0	66.5
602	-0.386811	-0.387041	0.000046	66.100112	116.121697	0.011178	0.000001	0.011178	12.3	47.0	62.3
603	-0.370428	-0.370658	0.000046	67.064054	114.850638	0.010622	0.000001	0.010622	13.1	50.8	66.1
604	-0.380006	-0.380233	0.000046	66.762686	115.245023	0.011551	0.000001	0.011551	11.4	46.7	60.2
605	-0.388523	-0.388753	0.000046	65.861858	116.440208	0.009723	0.000001	0.009723	11.0	47.2	60.5
606	-0.381929	-0.382161	0.000046	64.960587	117.661049	0.008545	0.000001	0.008545	13.3	49.4	64.8
607	-0.378053	-0.378286	0.000047	64.059345	118.907720	0.009095	0.000001	0.009095	11.4	46.9	60.3
608	-0.381875	-0.382106	0.000046	63.158116	120.181075	0.009261	0.000001	0.009261	11.6	45.3	59.2
609	-0.380218	-0.380449	0.000046	62.256826	121.482085	0.009900	0.000001	0.009900	14.3	47.3	64.4
610	-0.391698	-0.391928	0.000046	61.664713	122.352240	0.009338	0.000001	0.009338	13.9	46.6	62.7
611	-0.375540	-0.375771	0.000046	60.763420	123.700950	0.010437	0.000001	0.010437	12.4	47.1	61.7
612	-0.386405	-0.386640	0.000047	61.762097	122.208272	0.009150	0.000001	0.009149	12.1	50.9	64.9
613	-0.393150	-0.393380	0.000046	60.960713	123.403181	0.009457	0.000001	0.009456	12.6	46.8	61.5
614	-0.380395	-0.380629	0.000047	61.960067	121.916642	0.009798	0.000001	0.009798	12.1	47.4	61.7
615	-0.386582	-0.386816	0.000047	62.958838	120.466326	0.012073	0.000001	0.012073	11.6	52.6	66.2
616	-0.388628	-0.388862	0.000047	62.057549	121.773553	0.010722	0.000001	0.010722	12.6	49.7	64.4
617	-0.384970	-0.385201	0.000046	61.156256	123.109465	0.009774	0.000001	0.009773	12.6	63.3	78.2
618	-0.387403	-0.387637	0.000047	60.254964	124.475014	0.011322	0.000001	0.011322	13.1	50.4	65.8
619	-0.380928	-0.381162	0.000047	59.353706	125.871142	0.009185	0.000001	0.009185	12.1	45.5	60.6
620	-0.379361	-0.379593	0.000046	60.353706	124.323934	0.011084	0.000001	0.011084	15.3	45.2	62.5
621	-0.383723	-0.383958	0.000047	59.542463	125.576154	0.010496	0.000001	0.010496	15.2	46.7	65.2
622	-0.380641	-0.380875	0.000047	58.641171	126.997288	0.009822	0.000001	0.009822	11.8	47.5	62.4
623	-0.385567	-0.385802	0.000047	57.739879	128.450957	0.011902	0.000001	0.011902	13.7	46.0	62.0
624	-0.376839	-0.377075	0.000047	58.739877	126.840085	0.011582	0.000001	0.011582	15.2	49.4	66.8
625	-0.387105	-0.387341	0.000047	57.838585	128.290136	0.010840	0.000001	0.010840	12.7	53.9	69.3
626	-0.382625	-0.382859	0.000047	58.838560	126.683307	0.011068	0.000001	0.011068	11.5	45.6	59.3
627	-0.384010	-0.384244	0.000047	59.838560	125.116192	0.009708	0.000001	0.009708	13.9	45.1	62.3
628	-0.385123	-0.385357	0.000047	60.838560	123.587375	0.009996	0.000001	0.009996	12.9	49.6	65.1
629	-0.392689	-0.392925	0.000047	59.955736	124.935098	0.010289	0.000001	0.010289	13.9	46.1	62.3
630	-0.386014	-0.386250	0.000047	60.952986	123.414817	0.009860	0.000001	0.009861	13.5	48.3	64.1
631	-0.377170	-0.377405	0.000047	61.952986	121.927049	0.009366	0.000001	0.009366	13.4	52.6	68.5
632	-0.381023	-0.381261	0.000047	62.952964	120.474755	0.010081	0.000001	0.010081	12.8	48.4	64.2
633	-0.384686	-0.384921	0.000047	62.218947	121.537379	0.010437	0.000001	0.010436	16.7	51.6	70.5
634	-0.379447	-0.379686	0.000048	63.218943	120.094274	0.012993	0.000001	0.012994	18.3	55.0	76.1
635	-0.376317	-0.376553	0.000047	62.319363	121.390904	0.009012	0.000001	0.009011	16.7	54.1	73.4
636	-0.382131	-0.382368	0.000047	61.418074	122.718384	0.010419	0.000001	0.010419	14.7	56.0	73.4
637	-0.391740	-0.391975	0.000047	60.516792	124.075206	0.010373	0.000001	0.010373	12.4	52.0	66.6
638	-0.380394	-0.380631	0.000047	59.615501	125.462382	0.011180	0.000001	0.011181	12.8	49.9	65.6
639	-0.377034	-0.377270	0.000047	60.615501	123.925145	0.009697	0.000001	0.009696	15.2	60.6	79.0
640	-0.377142	-0.377379	0.000047	59.714208	125.308951	0.010343	0.000001	0.010344	12.7	58.4	74.1
641	-0.392465	-0.392701	0.000047	60.714208	123.775448	0.012390	0.000001	0.012390	16.6	56.5	76.0
642	-0.380316	-0.380552	0.000047	59.861408	125.080840	0.011437	0.000001	0.011437	14.4	45.7	62.5
643	-0.387848	-0.388087	0.000048	58.977635	126.463014	0.009708	0.000001	0.009708	13.1	48.8	64.1
644	-0.392814	-0.393050	0.000047	58.087043	127.887103	0.009858	0.000001	0.009858	12.9	49.3	65.0
645	-0.369709	-0.369948	0.000048	59.004170	126.421071	0.009599	0.000001	0.009599	12.0	50.1	64.4
646	-0.386751	-0.386986	0.000047	59.977320	124.901797	0.011615	0.000001	0.011615	12.8	48.2	63.1
647	-0.386010	-0.386250	0.000048	60.977320	123.378183	0.009905	0.000001	0.009905	12.5	56.5	71.3
648	-0.379612	-0.379847	0.000047	60.076028	124.749732	0.009724	0.000001	0.009724	11.7	44.9	58.9
649	-0.384375	-0.384611	0.000047	61.076028	123.229803	0.009990	0.000001	0.009990	12.2	56.3	70.6
650	-0.388392	-0.388629	0.000047	62.076028	121.746466	0.008135	0.000001	0.008136	14.1	54.6	71.2
651	-0.384085	-0.384322	0.000047	63.075980	120.298482	0.009232	0.000001	0.009231	13.4	56.9	72.5
652	-0.376826	-0.377062	0.000047	64.065156	118.899597	0.011197	0.000001	0.011197	12.6	57.7	72.8
653	-0.383808	-0.384045	0.000047	63.184531	120.143364	0.010323	0.000001	0.010323	14.4	72.2	89.0
654	-0.392582	-0.392821	0.000048	62.406370	121.264272	0.009622	0.000001	0.009622	18.8	54.2	76.6
655	-0.395636	-0.395872	0.000047	63.405107	119.829394	0.009377	0.000001	0.009377	27.1	73.6	103.8
656	-0.390886	-0.391123	0.000047	64.403732	118.428230	0.010627	0.000001	0.010627	13.9	65.5	82.5
657	-0.386221	-0.386458	0.000048	63.502476	119.691319	0.009718	0.000001	0.009718	18.3	52.9	75.0
658	-0.382557	-0.382797	0.000048	62.661294	120.894768	0.010077	0.000001	0.010077	16.1	50.7	69.3
659	-0.383207	-0.383448	0.000048	61.835596	122.099837	0.009710	0.000001	0.009710	13.6	52.4	68.5
660	-0.385791	-0.386030	0.000048	62.835595	120.643418	0.009616	0.000001	0.009616	12.9	49.6	64.7
661	-0.378776	-0.379018	0.000048	62.396374	121.278807	0.011375	0.000001	0.011374	12.1	48.0	62.4
662	-0.386956	-0.387196	0.000048	61.495129	122.603757	0.009207	0.000001	0.009207	11.7	51.5	65.3
663	-0.385153	-0.385395	0.000048	60.593837	123.958048	0.010155	0.000001	0.010155	14.8	48.6	65.9
664	-0.393219	-0.393458	0.000048	61.593837	122.457233	0.010373	0.000001	0.010374	11.9	47.9	62.3
665	-0.384146	-0.384385	0.000048	60.692716	123.808012	0.009984	0.000001	0.009984	11.7	50.2	64.4
666	-0.383999	-0.384241	0.000048	59.792048	125.188222	0.010934	0.000001	0.010934	12.5	48.5	63.5
667	-0.379568	-0.379806	0.000048	58.890755	126.600540	0.009637	0.000001	0.009637	11.9	51.3	65.8
668	-0.380784	-0.381023	0.000048	58.380839	127.413780	0.010234	0.000001	0.010234	12.6	46.3	61.5
669	-0.388413	-0.388653	0.000048	59.346674	125.882159	0.009877	0.000001	0.009877	14.3	47.3	63.7
670	-0.391461	-0.391701	0.000048	60.346673	124.334683	0.009340	0.000001	0.009341	12.5	51.1	66.3
671	-0.391362	-0.391601	0.000048	60.976738	123.379060	0.010333	0.000001	0.010333	12.5	48.8	63.4
672	-0.388221	-0.388462	0.000048	61.973890	121.896331	0.010407	0.000001	0.010407	12.4	50.0	64.4
673	-0.388111	-0.388352	0.000048	61.072598	123.234953	0.010480	0.000001	0.010480	11.7	48.2	61.9
674	-0.378392	-0.378631	0.000048	62.072598	121.751492	0.009711	0.000001	0.009711	12.1	47.0	61.2
675	-0.377562	-0.377804	0.000048	63.072597	120.303323	0.009533	0.000001	0.009533	13.8	47.4	64.0
676	-0.384884	-0.385123	0.000048	62.176090	121.600003	0.010194	0.000001	0.010194	13.8	48.6	65.0
677	-0.384021	-0.384264	0.000048	63.176090	120.155412	0.010857	0.000001	0.010858	13.0	54.3	70.6
678	-0.384805	-0.385045	0.000048	64.115164	118.829739	0.010385	0.000001	0.010385	13.6	53.0	69.5
679	-0.385162	-0.385404	0.000048	63.216906	120.097178	0.010203	0.000001	0.010202	13.5	50.3	66.2
680	-0.392701	-0.392939	0.000048	63.880337	119.158489	0.009270	0.000001	0.009270	12.1	53.8	69.3
681	-0.392497	-0.392737	0.000048	62.980153	120.435751	0.011065	0.000001	0.011065	11.8	51.6	65.5
682	-0.380368	-0.380608	0.000048	63.980153	119.018529	0.010256	0.000001	0.010257	12.8	51.3	66.3
683	-0.387659	-0.387899	0.000048	63.078860	120.294361	0.009927	0.000001	0.009927	16.9	53.0	72.2
684	-0.384646	-0.384885	0.000048	62.177578	121.597828	0.010225	0.000001	0.010224	15.2	52.6	70.0
685	-0.387098	-0.387338	0.000048	63.177577	120.153289	0.008862	0.000001	0.008862	11.8	50.7	64.6
686	-0.385776	-0.386017	0.000048	64.177577	118.742668	0.009112	0.000001	0.009112	20.2	66.6	89.3
687	-0.391105	-0.391344	0.000048	63.339761	119.922236	0.010249	0.000001	0.010250	11.3	52.1	65.8
688	-0.388557	-0.388800	0.000049	64.339465	118.517415	0.009994	0.000001	0.009993	13.7	49.1	65.9
689	-0.385186	-0.385426	0.000048	65.339457	117.144734	0.009663	0.000001	0.009663	12.1	51.6	66.2
690	-0.380506	-0.380748	0.000048	66.339457	115.803477	0.009841	0.000001	0.009841	13.7	50.9	67.2
691	-0.381484	-0.381728	0.000049	65.441370	117.006623	0.010188	0.000001	0.010188	12.0	50.3	65.0
692	-0.386578	-0.386820	0.000048	66.316793	115.833535	0.009388	0.000001	0.009388	11.9	53.0	67.4
693	-0.389779	-0.390020	0.000048	67.316793	114.521966	0.010514	0.000001	0.010514	11.4	57.7	71.0
694	-0.383499	-0.383740	0.000048	68.316793	113.239767	0.008581	0.000001	0.008581	14.8	51.3	68.4
695	-0.383937	-0.384177	0.000048	69.273468	112.039706	0.011458	0.000001	0.011458	12.2	51.7	66.0
696	-0.386287	-0.386530	0.000048	70.273447	110.812215	0.011095	0.000001	0.011094	14.5	50.7	67.5
697	-0.370907	-0.371152	0.000049	69.372154	111.917358	0.010830	0.000001	0.010829	14.0	49.7	66.0
698	-0.385903	-0.386145	0.000048	70.372154	110.692506	0.008220	0.000001	0.008220	14.0	53.8	69.9
699	-0.388570	-0.388813	0.000049	71.364659	109.503060	0.013512	0.000001	0.013511	12.2	50.0	64.6
700	-0.379662	-0.379905	0.000049	72.364659	108.330207	0.009991	0.000001	0.009991	11.1	53.9	67.1
701	-0.373711	-0.373956	0.000049	71.463366	109.386162	0.009994	0.000001	0.009994	14.4	49.7	66.0
702	-0.391007	-0.391249	0.000048	71.312609	109.564802	0.009962	0.000001	0.009962	15.1	49.1	66.6
703	-0.377808	-0.378055	0.000049	72.121037	108.613619	0.012194	0.000001	0.012194	12.3	52.3	67.6
704	-0.384120	-0.384364	0.000049	73.120225	107.460567	0.009674	0.000001	0.009673	11.7	51.5	65.9
705	-0.390013	-0.390257	0.000049	74.120140	106.330928	0.010097	0.000001	0.010097	12.0	51.8	65.7
706	-0.392301	-0.392543	0.000048	75.120109	105.224733	0.009602	0.000001	0.009602	12.8	60.0	74.8
707	-0.382253	-0.382497	0.000049	74.219629	106.219830	0.010540	0.000001	0.010540	15.8	57.4	76.4
708	-0.396074	-0.396317	0.000049	75.216953	105.118822	0.010220	0.000001	0.010219	17.0	63.7	82.9
709	-0.380368	-0.380616	0.000050	74.315662	106.112811	0.009788	0.000001	0.009788	11.6	58.0	72.0
710	-0.383589	-0.383832	0.000049	74.821429	105.552723	0.010990	0.000001	0.010990	18.5	53.7	75.1
711	-0.384614	-0.384861	0.000049	75.821429	104.462544	0.010827	0.000001	0.010827	12.4	49.3	63.8
712	-0.388068	-0.388312	0.000049	74.925482	105.438227	0.011509	0.000001	0.011509	12.5	52.4	67.3
713	-0.385165	-0.385411	0.000049	75.925478	104.350404	0.009876	0.000001	0.009876	16.5	52.4	71.7
714	-0.378594	-0.378841	0.000049	75.024186	105.329847	0.008900	0.000001	0.008899	12.8	51.5	66.6
715	-0.388301	-0.388548	0.000049	76.020564	104.248134	0.011239	0.000001	0.011239	12.0	58.4	72.6
716	-0.385290	-0.385536	0.000049	75.119339	105.225576	0.010098	0.000001	0.010098	14.0	52.6	69.1
717	-0.392064	-0.392311	0.000049	74.353293	106.070933	0.009588	0.000001	0.009587	14.7	50.2	67.2
718	-0.389909	-0.390152	0.000049	73.452758	107.082239	0.008242	0.000001	0.008242	13.3	57.4	73.7
719	-0.381288	-0.381532	0.000049	74.261085	106.173605	0.009044	0.000001	0.009044	13.0	53.6	68.7
720	-0.387978	-0.388222	0.000049	74.581042	105.818189	0.009663	0.000001	0.009663	14.0	50.1	66.3
721	-0.380044	-0.380290	0.000049	73.679822	106.825431	0.008674	0.000001	0.008674	15.3	51.8	69.4
722	-0.391119	-0.391364	0.000049	74.673789	105.715608	0.009320	0.000001	0.009320	12.1	54.2	69.8
723	-0.381094	-0.381340	0.000049	73.773428	106.719921	0.010011	0.000001	0.010010	13.6	58.8	75.1
724	-0.389673	-0.389921	0.000050	72.872136	107.744568	0.009097	0.000001	0.009097	15.1	49.1	66.2
725	-0.378289	-0.378537	0.000050	73.862512	106.619702	0.010935	0.000001	0.010935	12.5	50.2	65.1
726	-0.386235	-0.386482	0.000049	74.745753	105.636150	0.010279	0.000001	0.010279	12.8	55.4	71.4
727	-0.379677	-0.379925	0.000049	75.745750	104.544259	0.009981	0.000001	0.009980	13.7	53.4	69.5
728	-0.378571	-0.378821	0.000050	74.844459	105.527361	0.011310	0.000001	0.011310	12.6	55.3	71.1
729	-0.379899	-0.380149	0.000050	75.844459	104.437703	0.010970	0.000001	0.010970	17.0	53.0	72.4
730	-0.383361	-0.383609	0.000050	76.844457	103.370319	0.010256	0.000001	0.010256	15.9	52.9	71.4
731	-0.383164	-0.383413	0.000050	77.843630	102.325388	0.009377	0.000001	0.009376	12.3	57.2	72.4
732	-0.383712	-0.383962	0.000050	76.942338	103.267014	0.010589	0.000001	0.010589	13.5	53.0	68.6
733	-0.379913	-0.380163	0.000050	76.041046	104.226132	0.009023	0.000001	0.009022	16.4	52.1	70.6
734	-0.385886	-0.386135	0.000050	75.142145	105.200615	0.010079	0.000001	0.010079	15.1	53.6	70.9
735	-0.394928	-0.395177	0.000050	74.240852	106.196160	0.009913	0.000001	0.009913	12.6	55.2	70.5
736	-0.385722	-0.385973	0.000050	74.922740	105.441242	0.011557	0.000001	0.011557	12.6	58.6	73.5
737	-0.387862	-0.388116	0.000051	74.021448	106.441367	0.009725	0.000001	0.009725	14.1	50.4	67.4
738	-0.393088	-0.393337	0.000050	73.120226	107.460566	0.009920	0.000001	0.009920	14.8	53.3	70.4
739	-0.380086	-0.380337	0.000050	74.120224	106.330835	0.009286	0.000001	0.009286	15.3	52.8	71.0
740	-0.398450	-0.398701	0.000050	73.225781	107.340185	0.009456	0.000001	0.009456	13.7	53.9	69.9
741	-0.387406	-0.387657	0.000050	73.992598	106.473694	0.009666	0.000001	0.009666	15.5	56.0	74.0
742	-0.381506	-0.381759	0.000051	74.992598	105.364507	0.010645	0.000001	0.010645	13.7	52.7	69.5
743	-0.390134	-0.390386	0.000050	74.091336	106.363137	0.010799	0.000001	0.010799	12.0	54.6	68.9
744	-0.393526	-0.393778	0.000050	75.077423	105.271483	0.012073	0.000001	0.012073	12.6	54.9	69.8
745	-0.389599	-0.389849	0.000050	74.270761	106.162821	0.010547	0.000001	0.010547	15.4	53.3	71.1
746	-0.386274	-0.386525	0.000050	73.374652	107.170861	0.010631	0.000001	0.010632	14.8	52.6	69.7
747	-0.389641	-0.389892	0.000050	73.762214	106.732550	0.010195	0.000001	0.010195	17.0	52.8	72.5
748	-0.383830	-0.384082	0.000050	74.747606	105.634106	0.010945	0.000001	0.010944	12.5	53.6	68.4
749	-0.385384	-0.385636	0.000050	75.747606	104.542253	0.010424	0.000001	0.010424	14.9	56.8	74.6
750	-0.382657	-0.382908	0.000050	76.713081	103.509302	0.009704	0.000001	0.009703	15.2	56.5	74.3
751	-0.387974	-0.388225	0.000050	75.811798	104.472936	0.012732	0.000001	0.012733	11.8	55.5	69.3
752	-0.386029	-0.386280	0.000050	76.811776	103.404858	0.009731	0.000001	0.009731	13.0	52.9	68.2
753	-0.378536	-0.378788	0.000050	75.910612	104.366411	0.009234	0.000001	0.009234	14.9	51.8	69.8
754	-0.389815	-0.390065	0.000050	75.057761	105.293030	0.010156	0.000001	0.010156	13.1	52.9	69.2
755	-0.389887	-0.390136	0.000050	75.782377	104.504695	0.009590	0.000001	0.009590	13.2	53.5	70.1
756	-0.392754	-0.393005	0.000050	74.881084	105.487050	0.009881	0.000001	0.009880	12.6	51.8	66.5
757	-0.382497	-0.382748	0.000050	75.881084	104.398220	0.009443	0.000001	0.009443	12.6	61.0	75.6
758	-0.388800	-0.389052	0.000050	76.603563	103.625446	0.010256	0.000001	0.010255	17.8	78.2	99.9
759	-0.382998	-0.383253	0.000051	77.564981	102.614667	0.010275	0.000001	0.010275	15.1	62.3	80.2
760	-0.390413	-0.390665	0.000050	76.663689	103.561650	0.009359	0.000001	0.009359	13.7	54.8	71.7
761	-0.392464	-0.392716	0.000051	75.762399	104.526271	0.011301	0.000001	0.011301	12.1	55.8	70.0
762	-0.389220	-0.389472	0.000050	76.050998	104.215443	0.010302	0.000001	0.010302	14.1	59.4	75.6
763	-0.386358	-0.386610	0.000050	75.288526	105.040685	0.011564	0.000001	0.011563	16.0	55.5	75.0
764	-0.385695	-0.385950	0.000051	76.288428	103.961108	0.010291	0.000001	0.010291	13.0	61.5	76.7
765	-0.388487	-0.388739	0.000051	77.288428	102.903394	0.011294	0.000001	0.011295	15.0	55.4	72.7
766	-0.394229	-0.394478	0.000050	78.288428	101.866985	0.010841	0.000001	0.010841	12.8	53.5	69.0
767	-0.380335	-0.380589	0.000051	79.288424	100.851249	0.009387	0.000001	0.009388	13.1	54.1	69.6
768	-0.386651	-0.386902	0.000050	80.287912	99.856069	0.010903	0.000001	0.010903	14.1	51.6	67.9
769	-0.386152	-0.386404	0.000051	79.386620	100.752598	0.009612	0.000001	0.009612	15.5	55.3	73.5
770	-0.383238	-0.383490	0.000051	78.485328	101.665371	0.009505	0.000001	0.009505	12.6	56.3	72.1
771	-0.382879	-0.383135	0.000051	79.181240	100.959149	0.010745	0.000001	0.010745	12.8	55.2	70.4
772	-0.390711	-0.390964	0.000051	78.280040	101.875592	0.010605	0.000001	0.010605	13.8	56.3	73.2
773	-0.395993	-0.396245	0.000050	77.425391	102.760199	0.010093	0.000001	0.010093	16.1	60.6	79.6
774	-0.390346	-0.390599	0.000051	76.524099	103.709882	0.012928	0.000001	0.012928	16.1	53.8	73.0
775	-0.396833	-0.397084	0.000050	77.511894	102.669966	0.010809	0.000001	0.010809	15.2	48.1	66.4
776	-0.387997	-0.388249	0.000050	76.610602	103.617974	0.010889	0.000001	0.010890	10.8	53.2	66.0
777	-0.383674	-0.383929	0.000051	77.600355	102.577853	0.010793	0.000001	0.010793	12.2	52.1	66.6
778	-0.376386	-0.376642	0.000051	78.600355	101.547959	0.009772	0.000001	0.009772	13.6	53.1	69.2
779	-0.391589	-0.391842	0.000051	77.699063	102.475267	0.013152	0.000001	0.013152	12.4	51.0	65.5
780	-0.386041	-0.386295	0.000051	76.797771	103.419666	0.009213	0.000001	0.009213	14.9	47.9	65.1
781	-0.386926	-0.387178	0.000050	75.896482	104.381630	0.009898	0.000001	0.009898	14.3	47.2	63.8
782	-0.383731	-0.383988	0.000051	74.995860	105.360926	0.009633	0.000001	0.009633	12.5	48.7	64.0
783	-0.384804	-0.385058	0.000051	75.995853	104.274693	0.010266	0.000001	0.010266	11.9	46.9	61.8
784	-0.395997	-0.396251	0.000051	75.094600	105.252666	0.009211	0.000001	0.009210	14.3	46.3	63.2
785	-0.383601	-0.383856	0.000051	74.193308	106.249200	0.010655	0.000001	0.010654	11.9	49.7	64.2
786	-0.385044	-0.385302	0.000052	73.293621	107.262959	0.012433	0.000001	0.012433	12.1	59.3	73.4
787	-0.380376	-0.380632	0.000051	74.293612	106.137363	0.011491	0.000001	0.011492	12.8	54.4	69.5
788	-0.384963	-0.385217	0.000051	75.270700	105.060136	0.010615	0.000001	0.010615	12.8	46.8	61.9
789	-0.381810	-0.382065	0.000051	75.701825	104.591747	0.010623	0.000001	0.010623	14.1	48.0	64.5
790	-0.387658	-0.387914	0.000051	74.801327	105.574871	0.009667	0.000001	0.009668	13.3	47.5	63.6
791	-0.381619	-0.381874	0.000051	75.800284	104.485363	0.010986	0.000001	0.010987	13.1	45.7	61.8
792	-0.389766	-0.390020	0.000051	74.898992	105.467353	0.009870	0.000001	0.009870	13.5	44.8	61.0
793	-0.389304	-0.389558	0.000051	75.898990	104.378928	0.010907	0.000001	0.010907	14.1	49.6	66.1
794	-0.384068	-0.384323	0.000051	76.898990	103.312738	0.011136	0.000001	0.011136	12.5	44.7	59.9
795	-0.386319	-0.386574	0.000051	77.898987	102.268113	0.009463	0.000001	0.009463	13.7	44.5	60.5
796	-0.388082	-0.388339	0.000051	76.997695	103.208681	0.011707	0.000001	0.011708	13.9	49.6	65.6
797	-0.378392	-0.378645	0.000051	76.096403	104.166710	0.010542	0.000001	0.010542	12.2	44.7	59.4
798	-0.379307	-0.379559	0.000051	75.197513	105.140065	0.011063	0.000001	0.011062	14.1	46.6	62.8
799	-0.384715	-0.384969	0.000051	75.794874	104.491202	0.010875	0.000001	0.010875	12.7	58.7	74.0
800	-0.383403	-0.383657	0.000051	74.893582	105.473303	0.010562	0.000001	0.010561	14.4	57.0	73.6
801	-0.393249	-0.393502	0.000051	73.992290	106.474039	0.010375	0.000001	0.010375	16.2	54.3	73.4
802	-0.382318	-0.382574	0.000051	73.150580	107.425921	0.008748	0.000001	0.008748	15.0	49.4	66.6
803	-0.393907	-0.394163	0.000051	74.150580	106.296912	0.011257	0.000001	0.011257	12.0	47.6	62.6
804	-0.384400	-0.384654	0.000051	75.150162	105.191844	0.009224	0.000001	0.009224	13.8	55.3	71.5
805	-0.396105	-0.396358	0.000051	76.150087	104.109148	0.010706	0.000001	0.010706	12.4	51.2	65.7
806	-0.390201	-0.390459	0.000052	75.248795	105.084046	0.011758	0.000001	0.011759	13.0	47.9	63.1
807	-0.386648	-0.386901	0.000051	76.248795	104.003477	0.010930	0.000001	0.010930	12.6	52.5	67.1
808	-0.386586	-0.386840	0.000051	77.248672	102.945033	0.010674	0.000001	0.010674	12.2	47.8	63.0
809	-0.381793	-0.382050	0.000051	77.163776	103.034064	0.010540	0.000001	0.010540	14.1	45.2	61.8
810	-0.379816	-0.380073	0.000051	78.163618	101.995197	0.009870	0.000001	0.009870	15.1	49.2	66.7
811	-0.381767	-0.382023	0.000051	79.163608	100.976922	0.010541	0.000001	0.010541	13.6	47.4	63.3
812	-0.379422	-0.379677	0.000051	80.163403	99.978970	0.012598	0.000001	0.012597	12.9	44.9	60.6
813	-0.384148	-0.384404	0.000051	80.003711	100.137041	0.011344	0.000001	0.011344	15.1	48.3	66.1
814	-0.388961	-0.389218	0.000051	81.003711	99.155341	0.010332	0.000001	0.010332	12.5	46.5	61.5
815	-0.386681	-0.386938	0.000051	80.102429	100.039265	0.011602	0.000001	0.011602	14.7	48.4	65.3
816	-0.385129	-0.385385	0.000051	81.102429	99.059472	0.011387	0.000001	0.011387	13.9	46.6	63.9
817	-0.383179	-0.383436	0.000051	82.102429	98.098685	0.009329	0.000001	0.009329	13.4	51.3	66.9
818	-0.390833	-0.391088	0.000051	81.207768	98.957378	0.009903	0.000001	0.009903	14.5	46.1	63.3
819	-0.381485	-0.381741	0.000051	82.207768	97.998561	0.011518	0.000001	0.011517	12.5	55.3	71.0
820	-0.383667	-0.383924	0.000051	83.207768	97.058146	0.009409	0.000001	0.009409	18.4	68.9	89.9
821	-0.388491	-0.388748	0.000051	82.313238	97.898517	0.009579	0.000001	0.009579	22.3	52.5	78.2
822	-0.379704	-0.379961	0.000051	81.418933	98.753351	0.009785	0.000001	0.009784	15.8	57.3	75.1
823	-0.391345	-0.391603	0.000052	80.517640	99.630101	0.009653	0.000001	0.009653	14.9	61.6	79.1
824	-0.387962	-0.388218	0.000051	80.171217	99.971247	0.010461	0.000001	0.010461	16.1	54.9	73.4
825	-0.391894	-0.392152	0.000051	79.269925	100.869855	0.009340	0.000001	0.009340	15.9	55.6	73.6
826	-0.390054	-0.390311	0.000051	80.268321	99.875388	0.011632	0.000001	0.011632	15.4	49.2	67.0
827	-0.388265	-0.388521	0.000051	81.249337	98.917148	0.010641	0.000001	0.010642	11.3	49.9	63.2
828	-0.387561	-0.387820	0.000052	80.348045	99.796822	0.009270	0.000001	0.009271	12.8	60.4	75.4
829	-0.381536	-0.381792	0.000051	81.245239	98.921113	0.009428	0.000001	0.009428	17.8	52.2	72.8
830	-0.383100	-0.383358	0.000052	82.241325	97.966709	0.009697	0.000001	0.009697	15.0	53.9	71.3
831	-0.392917	-0.393171	0.000051	83.173756	97.089835	0.010144	0.000001	0.010144	14.2	46.9	63.7
832	-0.391564	-0.391821	0.000051	83.672975	96.626782	0.010003	0.000001	0.010003	13.4	50.6	66.7
833	-0.384690	-0.384946	0.000051	83.727898	96.576108	0.010388	0.000001	0.010388	12.5	49.4	64.5
834	-0.383983	-0.384240	0.000051	82.826606	97.414460	0.010475	0.000001	0.010475	13.8	51.8	68.4
835	-0.378618	-0.378872	0.000051	81.925314	98.267495	0.010826	0.000001	0.010826	11.9	50.3	64.3
836	-0.386683	-0.386937	0.000051	81.024021	99.135602	0.009189	0.000001	0.009189	19.8	65.2	87.3
837	-0.385144	-0.385404	0.000052	81.977056	98.218120	0.010438	0.000001	0.010438	13.6	44.8	60.8
838	-0.394849	-0.395106	0.000051	82.977056	97.273506	0.011415	0.000001	0.011415	12.1	46.0	60.8
839	-0.389399	-0.389657	0.000052	83.957800	96.364565	0.010184	0.000001	0.010184	14.6	49.0	65.9
840	-0.383825	-0.384084	0.000052	83.056508	97.199233	0.010714	0.000001	0.010714	12.1	46.5	61.3
841	-0.389844	-0.390102	0.000052	83.372286	96.905157	0.010398	0.000001	0.010397	13.5	47.1	63.0
842	-0.390490	-0.390746	0.000051	84.372245	95.985549	0.010356	0.000001	0.010356	16.1	50.8	69.6
843	-0.389353	-0.389609	0.000051	85.372225	95.083211	0.010769	0.000001	0.010769	13.3	59.3	74.8
844	-0.385036	-0.385296	0.000052	84.470933	95.895736	0.009979	0.000001	0.009979	17.6	62.0	82.9
845	-0.397102	-0.397360	0.000052	84.024418	96.303441	0.010220	0.000001	0.010220	14.5	55.5	72.1
846	-0.384278	-0.384534	0.000051	83.220935	97.045884	0.011584	0.000001	0.011583	11.1	47.2	60.3
847	-0.390953	-0.391211	0.000052	84.220935	96.123578	0.011987	0.000001	0.011986	11.7	50.2	64.0
848	-0.383562	-0.383822	0.000052	85.220935	95.218638	0.010369	0.000001	0.010369	12.9	51.7	66.6
849	-0.395407	-0.395667	0.000052	86.220935	94.330578	0.009496	0.000001	0.009495	12.7	52.0	66.9
850	-0.389379	-0.389636	0.000052	86.783662	93.838088	0.011303	0.000001	0.011302	11.5	50.1	64.2
851	-0.385805	-0.386066	0.000052	85.882370	94.629384	0.010619	0.000001	0.010619	13.6	49.7	65.8
852	-0.382497	-0.382757	0.000052	86.882370	93.752230	0.009383	0.000001	0.009383	13.4	59.5	76.0
853	-0.382600	-0.382859	0.000052	85.981078	94.542072	0.010472	0.000001	0.010472	14.6	63.8	80.6
854	-0.391664	-0.391925	0.000052	85.079962	95.345177	0.009030	0.000001	0.009030	16.6	70.6	90.4
855	-0.391790	-0.392047	0.000051	86.079962	94.454767	0.010304	0.000001	0.010304	13.9	68.6	84.9
856	-0.387291	-0.387550	0.000052	87.031399	93.622899	0.010389	0.000001	0.010390	13.0	58.4	73.7
857	-0.389007	-0.389267	0.000052	86.130107	94.410554	0.009586	0.000001	0.009586	16.8	55.1	74.2
858	-0.389520	-0.389777	0.000051	85.228880	95.211517	0.010807	0.000001	0.010808	19.6	51.3	73.3
859	-0.392798	-0.393054	0.000051	84.327587	96.026246	0.009332	0.000001	0.009332	12.3	49.8	64.2
860	-0.393153	-0.393408	0.000051	83.427242	96.854160	0.009434	0.000001	0.009434	12.7	48.3	63.2
861	-0.387539	-0.387798	0.000052	82.557918	97.667208	0.010848	0.000001	0.010848	12.8	50.6	65.6
862	-0.391480	-0.391737	0.000051	83.557918	96.733112	0.009929	0.000001	0.009929	13.1	55.3	70.4
863	-0.389803	-0.390061	0.000051	84.519524	95.851577	0.010953	0.000001	0.010953	13.9	48.4	64.5
864	-0.384374	-0.384633	0.000052	85.519523	94.951728	0.010703	0.000001	0.010703	15.1	50.0	67.5
865	-0.391500	-0.391760	0.000052	86.516411	94.071339	0.010514	0.000001	0.010514	12.7	50.6	65.4
866	-0.388852	-0.389115	0.000053	87.017067	93.635321	0.011402	0.000001	0.011402	12.0	47.6	63.1
867	-0.380729	-0.380988	0.000052	88.017067	92.776416	0.010138	0.000001	0.010137	12.4	48.8	63.9
868	-0.391201	-0.391461	0.000052	87.115775	93.549834	0.011079	0.000001	0.011078	12.3	47.7	62.5
869	-0.387438	-0.387701	0.000053	88.041658	92.755493	0.009449	0.000001	0.009448	12.1	48.3	62.7
870	-0.384424	-0.384685	0.000052	89.039496	91.914386	0.011411	0.000001	0.011411	11.6	52.6	66.3
871	-0.378716	-0.378976	0.000052	88.138204	92.673440	0.009694	0.000001	0.009694	12.9	48.6	63.7
872	-0.389935	-0.390193	0.000052	87.508213	93.211495	0.010508	0.000001	0.010508	12.3	48.7	63.0
873	-0.382372	-0.382636	0.000053	86.606922	93.992214	0.009752	0.000001	0.009752	11.7	49.9	63.6
874	-0.390914	-0.391174	0.000052	87.606922	93.126779	0.008492	0.000001	0.008492	12.6	46.5	61.1
875	-0.390540	-0.390802	0.000052	88.605852	92.278036	0.011665	0.000001	0.011665	12.1	47.6	61.9
876	-0.387477	-0.387739	0.000052	89.605851	91.443741	0.011179	0.000001	0.011179	11.8	46.3	60.2
877	-0.382645	-0.382906	0.000052	90.605851	90.624396	0.010598	0.000001	0.010597	11.5	47.8	61.3
878	-0.384913	-0.385176	0.000053	89.704564	91.362202	0.009325	0.000001	0.009326	12.0	47.8	62.0
879	-0.390663	-0.390927	0.000053	88.804052	92.111472	0.010906	0.000001	0.010905	11.7	50.8	64.6
880	-0.377327	-0.377589	0.000052	87.902759	92.873797	0.009403	0.000001	0.009403	12.2	49.3	63.6
881	-0.387616	-0.387877	0.000052	87.001469	93.648845	0.010181	0.000001	0.010181	11.6	48.1	61.7
882	-0.380913	-0.381177	0.000053	86.104390	94.433223	0.011899	0.000001	0.011899	11.7	50.1	64.0
883	-0.383184	-0.383448	0.000053	87.104390	93.559686	0.010335	0.000001	0.010334	11.5	48.6	62.1
884	-0.397651	-0.397912	0.000052	88.104390	92.702161	0.010216	0.000001	0.010216	11.8	47.1	61.1
885	-0.387037	-0.387298	0.000052	88.450009	92.409428	0.010657	0.000001	0.010657	12.5	52.9	68.1
886	-0.386166	-0.386426	0.000052	87.561816	93.165471	0.012989	0.000001	0.012989	13.0	47.6	62.8
887	-0.389620	-0.389880	0.000052	88.557817	92.318495	0.011762	0.000001	0.011762	12.5	45.8	61.0
888	-0.384293	-0.384554	0.000052	88.740560	92.164764	0.011563	0.000001	0.011563	13.9	50.0	66.7
889	-0.381671	-0.381932	0.000052	87.839905	92.927431	0.009986	0.000001	0.009986	11.3	46.1	59.9
890	-0.379519	-0.379783	0.000053	88.839871	92.081433	0.010203	0.000001	0.010203	11.2	45.9	59.9
891	-0.382472	-0.382734	0.000052	88.055854	92.743419	0.009452	0.000001	0.009451	13.7	47.4	64.0
892	-0.384284	-0.384548	0.000053	87.155316	93.515633	0.009644	0.000001	0.009644	11.9	46.9	61.5
893	-0.389916	-0.390179	0.000052	86.501398	94.084477	0.010991	0.000001	0.010991	11.6	53.0	66.6
894	-0.388184	-0.388446	0.000052	85.600105	94.879951	0.010586	0.000001	0.010585	12.7	47.2	62.0
895	-0.391774	-0.392036	0.000052	84.698813	95.688991	0.010912	0.000001	0.010912	11.4	49.0	62.5
896	-0.376908	-0.377170	0.000052	85.698813	94.792177	0.009656	0.000001	0.009656	11.6	50.1	63.8
897	-0.386247	-0.386510	0.000053	85.728001	94.766253	0.009427	0.000001	0.009427	12.7	46.6	62.2
898	-0.381885	-0.382144	0.000052	86.643934	93.959896	0.010804	0.000001	0.010804	12.2	48.9	63.4
899	-0.386441	-0.386704	0.000052	87.643753	93.095208	0.011278	0.000001	0.011278	12.4	49.5	64.1
900	-0.388368	-0.388630	0.000052	88.643753	92.246138	0.010769	0.000001	0.010769	12.7	46.9	61.6
901	-0.386890	-0.387150	0.000052	87.742461	93.010703	0.011311	0.000001	0.011311	14.4	46.8	64.1
902	-0.393218	-0.393479	0.000052	88.742461	92.163167	0.010133	0.000001	0.010133	13.6	49.0	64.9
903	-0.389889	-0.390152	0.000053	89.742461	91.330938	0.010530	0.000001	0.010530	14.4	47.5	64.4
904	-0.390347	-0.390608	0.000052	90.741591	90.514308	0.010462	0.000001	0.010461	13.5	46.8	62.6
905	-0.387214	-0.387478	0.000053	91.741590	89.711461	0.010981	0.000001	0.010982	14.7	48.2	65.1
906	-0.384217	-0.384481	0.000053	92.741389	88.922887	0.011374	0.000001	0.011374	12.3	47.5	62.1
907	-0.393371	-0.393635	0.000053	92.537142	89.082855	0.009581	0.000001	0.009581	11.9	45.1	59.4
908	-0.387191	-0.387456	0.000053	92.588217	89.042799	0.008805	0.000001	0.008805	16.0	47.7	66.4
909	-0.377886	-0.378147	0.000052	93.374238	88.430865	0.010469	0.000001	0.010470	12.4	45.0	60.2
910	-0.381564	-0.381829	0.000053	92.481675	89.126396	0.011267	0.000001	0.011267	14.0	44.8	61.1
911	-0.386897	-0.387162	0.000053	93.481641	88.347902	0.010083	0.000001	0.010083	14.3	69.4	85.9
912	-0.377658	-0.377925	0.000053	94.481639	87.582865	0.009589	0.000001	0.009589	12.6	45.0	60.1
913	-0.392469	-0.392728	0.000052	95.481366	86.831166	0.008485	0.000001	0.008485	11.4	51.1	65.2
914	-0.390950	-0.391212	0.000052	94.581984	87.506828	0.008461	0.000001	0.008461	12.7	46.6	61.8
915	-0.386751	-0.387016	0.000053	93.680841	88.194442	0.008523	0.000001	0.008523	13.1	53.8	69.7
916	-0.387116	-0.387378	0.000052	94.645400	87.458842	0.010222	0.000001	0.010221	15.4	56.6	75.7
917	-0.389259	-0.389525	0.000053	95.207167	87.036050	0.009411	0.000001	0.009411	13.6	54.5	70.4
918	-0.387712	-0.387976	0.000053	95.791827	86.600347	0.009993	0.000001	0.009992	12.1	48.6	63.2
919	-0.388921	-0.389187	0.000053	96.791827	85.865149	0.009511	0.000001	0.009512	13.1	48.7	64.3
920	-0.397653	-0.397917	0.000053	96.496838	86.080723	0.008691	0.000001	0.008691	11.7	47.8	61.7
921	-0.389586	-0.389848	0.000052	97.489479	85.359585	0.010222	0.000001	0.010222	13.2	49.0	64.8
922	-0.382712	-0.382975	0.000053	96.691019	85.938696	0.009986	0.000001	0.009986	14.0	45.1	61.3
923	-0.382010	-0.382276	0.000053	96.015509	86.434806	0.011158	0.000001	0.011159	15.1	46.5	63.8
924	-0.378621	-0.378887	0.000053	95.114217	87.105722	0.010069	0.000001	0.010068	12.7	51.5	66.8
925	-0.393720	-0.393983	0.000053	95.404105	86.888798	0.010691	0.000001	0.010691	11.7	47.6	61.7
926	-0.389904	-0.390168	0.000053	96.300192	86.225032	0.009812	0.000001	0.009812	13.4	46.3	62.1
927	-0.386790	-0.387053	0.000053	97.297616	85.498027	0.009173	0.000001	0.009173	14.1	49.4	65.5
928	-0.389341	-0.389605	0.000053	96.396429	86.154348	0.011268	0.000001	0.011268	11.6	48.1	62.0
929	-0.382658	-0.382922	0.000053	96.384825	86.162865	0.008942	0.000001	0.008941	12.4	48.4	64.1
930	-0.394343	-0.394608	0.000053	95.521992	86.800892	0.010400	0.000001	0.010400	12.1	49.0	64.0
931	-0.396981	-0.397245	0.000053	96.521991	86.062299	0.010991	0.000001	0.010991	11.9	45.7	60.5
932	-0.378937	-0.379204	0.000053	95.621037	86.727172	0.014038	0.000001	0.014038	12.0	46.5	61.5
933	-0.387254	-0.387518	0.000053	96.621036	85.989829	0.008923	0.000001	0.008924	14.2	48.3	64.7
934	-0.380594	-0.380861	0.000053	97.621035	85.264917	0.008746	0.000001	0.008746	11.6	43.6	57.7
935	-0.394966	-0.395228	0.000052	97.299650	85.496557	0.011639	0.000001	0.011639	14.5	45.7	62.2
936	-0.386683	-0.386948	0.000053	96.398358	86.152932	0.008951	0.000001	0.008950	14.1	52.7	69.2
937	-0.394156	-0.394423	0.000053	96.111914	86.363653	0.010733	0.000001	0.010733	12.3	47.9	62.2
938	-0.377358	-0.377624	0.000053	97.111547	85.632718	0.008740	0.000001	0.008740	11.4	46.9	60.4
939	-0.396118	-0.396382	0.000053	98.111531	84.913801	0.011209	0.000001	0.011208	11.9	45.4	60.1
940	-0.383748	-0.384017	0.000054	97.210622	85.560947	0.010151	0.000001	0.010151	11.3	46.0	59.3
941	-0.377254	-0.377520	0.000053	98.210621	84.843218	0.010253	0.000001	0.010253	11.8	46.0	60.9
942	-0.384131	-0.384398	0.000053	97.309329	85.489562	0.009665	0.000001	0.009665	13.5	49.0	65.2
943	-0.383813	-0.384077	0.000053	98.309329	84.773025	0.010540	0.000001	0.010540	14.3	45.1	61.8
944	-0.396391	-0.396658	0.000054	98.923122	84.339139	0.009958	0.000001	0.009959	13.8	48.0	64.3
945	-0.386102	-0.386367	0.000053	99.923121	83.641678	0.009807	0.000001	0.009807	14.1	47.6	64.2
946	-0.386945	-0.387212	0.000053	100.905924	82.967360	0.010738	0.000001	0.010738	13.0	47.6	63.3
947	-0.385305	-0.385573	0.000054	100.091561	83.525332	0.010243	0.000001	0.010242	13.7	45.5	61.6
948	-0.379372	-0.379638	0.000053	101.091561	82.841211	0.010908	0.000001	0.010908	14.1	47.0	64.0
949	-0.388562	-0.388827	0.000053	102.091553	82.168211	0.009340	0.000001	0.009340	11.7	48.1	61.9
950	-0.395647	-0.395915	0.000054	103.091539	81.506063	0.008796	0.000001	0.008796	12.4	49.3	64.3
951	-0.382603	-0.382873	0.000054	102.192488	82.100889	0.009948	0.000001	0.009948	12.1	47.8	62.2
952	-0.390508	-0.390775	0.000053	103.192466	81.439826	0.011586	0.000001	0.011586	11.8	48.5	62.5
953	-0.390476	-0.390743	0.000053	102.291175	82.035172	0.011634	0.000001	0.011633	11.5	50.6	64.3
954	-0.384377	-0.384646	0.000054	102.793973	81.701980	0.009584	0.000001	0.009584	11.6	45.1	59.9
955	-0.377963	-0.378231	0.000054	103.793881	81.047346	0.011107	0.000001	0.011107	11.3	46.3	59.6
956	-0.394560	-0.394829	0.000054	104.779837	80.412036	0.011695	0.000001	0.011695	11.3	47.7	61.2
957	-0.395029	-0.395297	0.000053	104.078975	80.862613	0.009630	0.000001	0.009630	11.7	47.3	61.8
958	-0.382958	-0.383226	0.000054	104.830872	80.379422	0.010431	0.000001	0.010431	11.8	47.5	62.2
959	-0.393635	-0.393904	0.000054	104.069983	80.868427	0.012431	0.000001	0.012430	12.2	51.2	66.3
960	-0.394033	-0.394302	0.000054	105.069908	80.227018	0.010048	0.000001	0.010048	11.6	46.1	59.8
961	-0.389756	-0.390025	0.000054	104.168617	80.804702	0.013232	0.000001	0.013232	11.8	45.4	60.0
962	-0.384923	-0.385195	0.000054	105.168612	80.164255	0.010006	0.000001	0.010006	11.2	48.3	61.5
963	-0.390676	-0.390947	0.000054	104.267320	80.741033	0.010624	0.000001	0.010624	12.2	46.9	62.2
964	-0.393016	-0.393290	0.000055	103.366028	81.326170	0.009187	0.000001	0.009187	13.4	47.1	62.9
965	-0.393203	-0.393474	0.000054	102.464737	81.919850	0.009249	0.000001	0.009250	16.4	46.8	66.2
966	-0.386112	-0.386383	0.000054	102.403989	81.960177	0.010756	0.000001	0.010757	11.7	48.7	62.7
967	-0.393168	-0.393437	0.000054	103.401147	81.303212	0.010296	0.000001	0.010296	11.2	47.6	60.8
968	-0.397921	-0.398192	0.000054	104.398537	80.656545	0.008933	0.000001	0.008933	12.5	47.4	62.4
969	-0.380125	-0.380396	0.000054	105.398293	80.018587	0.010991	0.000001	0.010991	11.4	48.0	61.5
970	-0.388494	-0.388765	0.000054	106.398293	79.390489	0.010932	0.000001	0.010932	11.3	46.5	59.8
971	-0.389369	-0.389639	0.000054	107.398283	78.772181	0.009828	0.000001	0.009828	12.0	47.5	62.0
972	-0.387950	-0.388220	0.000054	107.201610	78.893025	0.009319	0.000001	0.009319	12.2	47.0	61.5
973	-0.390301	-0.390571	0.000054	106.300403	79.451538	0.009436	0.000001	0.009436	11.8	45.5	59.6
974	-0.397327	-0.397597	0.000054	105.411460	80.010252	0.010347	0.000001	0.010347	14.3	47.5	64.3
975	-0.390655	-0.390927	0.000054	104.639407	80.501914	0.010220	0.000001	0.010221	12.0	48.5	62.6
976	-0.388011	-0.388282	0.000054	103.738115	81.083579	0.010874	0.000001	0.010875	11.5	45.1	58.6
977	-0.384229	-0.384499	0.000054	102.837690	81.673138	0.010553	0.000001	0.010553	12.7	46.8	61.8
978	-0.381569	-0.381841	0.000054	101.936459	82.271873	0.010775	0.000001	0.010775	11.7	46.3	60.8
979	-0.391100	-0.391371	0.000054	102.663061	81.788472	0.009688	0.000001	0.009688	11.3	47.4	60.8
980	-0.384478	-0.384749	0.000054	101.761768	82.388947	0.011672	0.000001	0.011672	11.4	45.9	60.1
981	-0.386735	-0.387002	0.000053	100.860476	82.998303	0.009578	0.000001	0.009578	11.4	46.7	60.8
982	-0.389723	-0.389992	0.000054	99.959184	83.616741	0.010001	0.000001	0.010001	12.4	46.8	61.4
983	-0.387444	-0.387716	0.000054	99.057985	84.244399	0.010328	0.000001	0.010328	14.1	48.2	64.5
984	-0.385337	-0.385609	0.000054	98.157784	84.880840	0.012623	0.000001	0.012623	12.8	46.3	62.0
985	-0.391312	-0.391581	0.000054	97.256502	85.527752	0.010478	0.000001	0.010478	11.6	48.1	61.8
986	-0.391914	-0.392182	0.000054	97.597350	85.281946	0.009457	0.000001	0.009457	13.2	47.2	63.0
987	-0.385198	-0.385467	0.000054	96.873758	85.805466	0.008841	0.000001	0.008840	11.4	46.2	60.6
988	-0.395229	-0.395499	0.000054	95.976509	86.463623	0.008946	0.000001	0.008946	11.5	47.2	61.7
989	-0.389613	-0.389882	0.000054	95.084781	87.127810	0.011133	0.000001	0.011133	12.3	47.9	63.6
990	-0.391107	-0.391376	0.000054	96.083414	86.384676	0.010402	0.000001	0.010402	11.4	50.1	63.7
991	-0.395528	-0.395798	0.000054	95.182122	87.054812	0.009017	0.000001	0.009017	23.6	70.8	97.4
992	-0.396991	-0.397264	0.000054	94.280947	87.735337	0.008958	0.000001	0.008957	15.1	53.8	71.7
993	-0.393649	-0.393919	0.000054	95.280947	86.980825	0.011569	0.000001	0.011569	14.4	57.7	74.4
994	-0.383503	-0.383774	0.000054	94.379725	87.660226	0.008954	0.000001	0.008954	12.1	47.7	62.2
995	-0.393433	-0.393703	0.000054	95.379725	86.907000	0.010330	0.000001	0.010330	12.2	47.7	62.3
996	-0.388604	-0.388877	0.000055	94.478433	87.585296	0.009237	0.000001	0.009237	12.9	47.3	62.4
997	-0.378601	-0.378872	0.000054	95.422926	86.874752	0.010007	0.000001	0.010007	13.1	47.3	62.5
998	-0.394037	-0.394310	0.000055	94.527571	87.548043	0.011207	0.000001	0.011207	12.4	48.9	63.6
999	-0.385673	-0.385944	0.000054	95.527571	86.796735	0.009631	0.000001	0.009631	12.4	48.6	63.4
