1:ItNr	2:Metric	3a:Time	3b:StepSize	4:||Gradient||	Time[ms]
0	-0.982025	0.000000	21.734927	0.018356	56.8
1	-1.007724	0.000000	21.734927	0.017935	6.4
2	-0.997800	0.000000	21.734927	0.011178	6.6
3	-1.003354	0.000000	21.734927	0.007977	6.1
4	-1.010727	0.000000	21.734927	0.008078	6.6
5	-1.003279	0.000000	21.734927	0.008632	6.2
6	-1.013926	0.000000	21.734927	0.006587	6.0
7	-1.009212	0.000000	21.734927	0.007632	6.2
8	-1.010704	0.000000	21.734927	0.005442	6.2
9	-1.017224	0.000000	21.734927	0.006969	5.9
10	-1.019770	0.000000	21.734927	0.006664	6.2
11	-1.012052	0.000000	21.734927	0.007787	5.9
12	-1.017494	0.000000	21.734927	0.009168	6.2
13	-1.011993	0.000000	21.734927	0.009043	6.2
14	-1.017926	0.000000	21.734927	0.011412	5.9
15	-1.016579	0.000000	21.734927	0.013939	5.7
16	-1.016005	0.000000	21.734927	0.014990	6.0
17	-1.028959	0.000000	21.734927	0.013541	5.7
18	-1.030551	0.000000	21.734927	0.014179	5.8
19	-1.035745	0.000000	21.734927	0.010020	6.0
20	-1.036020	0.000000	21.734927	0.009974	5.9
21	-1.038875	0.000000	21.734927	0.009556	6.2
22	-1.042471	0.000000	21.734927	0.007349	6.2
23	-1.043993	0.000000	21.734927	0.008530	6.2
24	-1.048405	0.000000	21.734927	0.009779	5.9
25	-1.044657	0.000000	21.734927	0.010762	6.4
26	-1.049889	0.000000	21.734927	0.011694	6.4
27	-1.053786	0.000000	21.734927	0.013539	6.4
28	-1.060211	0.000000	21.734927	0.014210	6.1
29	-1.063332	0.000000	21.734927	0.014034	6.1
30	-1.064956	0.000000	21.734927	0.016305	6.3
31	-1.075131	0.000000	21.734927	0.016090	6.5
32	-1.076705	0.000000	21.734927	0.015893	7.5
33	-1.079892	0.000000	21.734927	0.016188	6.4
34	-1.089841	0.000000	21.734927	0.016533	6.3
35	-1.082859	0.000000	21.734927	0.014708	6.5
36	-1.088242	0.000000	21.734927	0.010301	6.0
37	-1.098154	0.000000	21.734927	0.007644	6.0
38	-1.098033	0.000000	21.734927	0.006286	5.9
39	-1.104758	0.000000	21.734927	0.005269	6.0
40	-1.095204	0.000000	21.734927	0.004989	6.3
41	-1.104181	0.000000	21.734927	0.005418	6.2
42	-1.096014	0.000000	21.734927	0.004053	6.2
43	-1.097233	0.000000	21.734927	0.004285	6.0
44	-1.103367	0.000000	21.734927	0.005157	6.0
45	-1.102425	0.000000	21.734927	0.004230	6.2
46	-1.109644	0.000000	21.734927	0.002943	6.0
47	-1.102309	0.000000	21.734927	0.003867	6.0
48	-1.102630	0.000000	21.734927	0.003844	6.0
49	-1.104018	1.000000	20.746976	0.003047	5.9
50	-1.105850	0.979663	20.766173	0.002959	6.2
51	-1.101813	0.959325	20.785406	0.002306	6.2
52	-1.099958	0.938987	20.804674	0.002613	6.5
53	-1.100462	0.918648	20.823979	0.003173	6.2
54	-1.108409	0.899554	20.842136	0.002366	5.9
55	-1.104460	0.879216	20.861510	0.001813	6.0
56	-1.106172	0.858878	20.880920	0.002634	6.0
57	-1.099820	0.838540	20.900366	0.003472	6.0
58	-1.099290	1.838540	19.985230	0.002210	6.1
59	-1.103059	1.818203	20.003042	0.002457	6.1
60	-1.101353	1.797864	20.020887	0.002787	6.0
61	-1.102434	1.777528	20.038763	0.002840	6.1
62	-1.098607	2.765406	19.205793	0.002108	6.2
63	-1.101173	3.393021	18.711642	0.001986	6.3
64	-1.109820	3.372683	18.727256	0.002369	6.6
65	-1.099039	3.358211	18.738382	0.002294	6.0
66	-1.094976	4.022299	18.241069	0.002820	6.2
67	-1.105255	5.022299	17.540090	0.001741	6.0
68	-1.107296	6.019308	16.892863	0.002357	6.3
69	-1.106293	5.998974	16.905586	0.002284	6.2
70	-1.106358	6.998904	16.301834	0.002213	6.0
71	-1.105315	7.103180	16.241346	0.001744	6.1
72	-1.098304	7.109568	16.237655	0.002040	5.6
73	-1.111024	7.089231	16.249412	0.002741	5.8
74	-1.103606	8.087411	15.691788	0.002348	5.9
75	-1.101814	8.067073	15.702767	0.001850	6.2
76	-1.104242	8.195362	15.633767	0.001503	6.0
77	-1.110219	8.175062	15.644644	0.004074	5.8
78	-1.105454	9.142357	15.142594	0.003465	5.8
79	-1.109682	10.142357	14.656356	0.003263	5.9
80	-1.106546	11.142357	14.200373	0.001692	5.8
81	-1.108317	11.345408	14.111229	0.001614	6.2
82	-1.102825	11.325070	14.120108	0.001872	5.9
83	-1.098815	11.304732	14.128997	0.002739	6.4
84	-1.109610	12.040392	13.814408	0.002503	5.9
85	-1.095695	13.040392	13.408584	0.001919	6.2
86	-1.104817	13.020054	13.416600	0.001695	5.6
87	-1.109668	13.633311	13.179031	0.001761	5.7
88	-1.093746	13.612973	13.186775	0.001103	5.8
89	-1.102563	13.917475	13.071778	0.002109	6.1
90	-1.106945	13.897579	13.079230	0.001797	6.0
91	-1.104492	14.883669	12.719810	0.002914	6.1
92	-1.105797	14.866963	12.725735	0.002102	6.2
93	-1.104214	15.866962	12.380556	0.002035	5.9
94	-1.100804	15.876187	12.377459	0.002350	5.9
95	-1.106583	16.846521	12.060117	0.001588	5.9
96	-1.104441	16.846783	12.060034	0.001843	6.1
97	-1.106680	16.826447	12.066517	0.001644	5.8
98	-1.102987	17.712783	11.790252	0.002917	6.3
99	-1.103269	18.628050	11.517939	0.001113	5.9
100	-1.102402	18.607712	11.523854	0.001694	5.9
101	-1.106834	18.906360	11.437612	0.001312	5.7
102	-1.107339	18.886444	11.443323	0.001559	6.1
103	-1.104131	18.872259	11.447394	0.002107	5.9
104	-1.102668	19.871604	11.167496	0.002453	5.8
105	-1.105618	19.851266	11.173056	0.003353	5.9
106	-1.096742	20.851266	10.906085	0.001725	6.2
107	-1.108375	21.212087	10.812862	0.002382	5.9
108	-1.099913	21.191751	10.818074	0.001949	5.8
109	-1.099224	21.171423	10.823288	0.002122	5.9
110	-1.105147	21.989829	10.617243	0.003168	6.2
111	-1.105885	22.986700	10.376625	0.002347	5.8
112	-1.098486	23.986700	10.145965	0.002662	5.9
113	-1.105437	23.966362	10.150554	0.001055	5.9
114	-1.108354	23.958026	10.152436	0.001683	5.9
115	-1.097786	23.943108	10.155806	0.002067	6.0
116	-1.106263	24.935509	9.936397	0.002090	6.3
117	-1.109925	25.935508	9.724694	0.001618	7.1
118	-1.108530	25.915170	9.728910	0.001588	8.3
119	-1.103425	25.896198	9.732846	0.001389	5.6
120	-1.114823	26.180291	9.674240	0.002754	6.1
121	-1.105677	27.180255	9.473455	0.001507	6.1
122	-1.101516	27.846098	9.344318	0.002714	6.1
123	-1.106462	28.846092	9.156856	0.001529	5.9
124	-1.111368	29.846092	8.976766	0.002100	5.8
125	-1.100906	29.858703	8.974540	0.001230	6.2
126	-1.099793	30.857254	8.801729	0.002443	6.0
127	-1.110527	31.856963	8.635257	0.001883	5.9
128	-1.108589	32.846024	8.476642	0.001170	6.1
129	-1.104171	33.318143	8.402965	0.002488	6.4
130	-1.113081	34.317807	8.251113	0.002819	6.3
131	-1.102943	34.297469	8.254148	0.003157	6.3
132	-1.102058	35.297469	8.107531	0.002142	6.6
133	-1.103966	35.277130	8.110461	0.000958	6.6
134	-1.102501	35.282430	8.109697	0.002539	6.5
135	-1.104542	35.424887	8.089223	0.002255	6.3
136	-1.102136	36.424887	7.948356	0.002355	6.1
137	-1.091839	37.424887	7.812312	0.001263	7.0
138	-1.112026	37.425662	7.812209	0.002170	6.5
139	-1.095733	37.948942	7.742861	0.002048	6.4
140	-1.097696	38.269432	7.700993	0.002147	6.4
141	-1.099404	38.249094	7.703636	0.001040	5.7
142	-1.100967	38.814205	7.630854	0.001691	6.1
143	-1.101732	38.794692	7.633344	0.001198	6.0
144	-1.102599	38.774368	7.635940	0.002809	6.1
145	-1.108487	39.662087	7.524197	0.002432	6.3
146	-1.104181	40.658680	7.402583	0.001463	6.0
147	-1.100837	41.627155	7.288108	0.002245	6.4
148	-1.097643	42.627137	7.173566	0.001684	6.5
149	-1.108126	42.606805	7.175859	0.002687	6.4
150	-1.107986	43.606562	7.064816	0.001278	6.7
151	-1.107136	44.606554	6.957132	0.001794	6.1
152	-1.109220	44.586218	6.959289	0.001471	8.7
153	-1.100948	45.548234	6.858686	0.002088	8.4
154	-1.102871	45.529120	6.860657	0.002189	8.7
155	-1.106459	46.526755	6.759298	0.001701	8.7
156	-1.104796	47.526755	6.660661	0.001694	10.9
157	-1.104871	48.139701	6.601612	0.002364	6.9
158	-1.110778	48.119366	6.603554	0.001308	7.9
159	-1.096106	48.948641	6.525266	0.002112	7.6
160	-1.111188	49.183013	6.503475	0.001784	6.9
161	-1.108330	49.164504	6.505191	0.001071	7.7
162	-1.107317	49.144170	6.507076	0.002243	8.3
163	-1.111311	49.124078	6.508941	0.001900	8.7
164	-1.108339	50.124078	6.417425	0.001949	9.7
165	-1.102309	50.103740	6.419261	0.001575	8.9
166	-1.100830	50.083434	6.421095	0.001409	7.8
167	-1.109043	50.068867	6.422411	0.002651	8.5
168	-1.100454	50.048529	6.424249	0.002095	7.9
169	-1.101325	50.028191	6.426089	0.000877	7.5
170	-1.103949	50.009825	6.427751	0.001940	7.1
171	-1.104521	49.989488	6.429592	0.002824	6.9
172	-1.106101	50.985644	6.340618	0.001269	7.4
173	-1.104212	51.985642	6.253743	0.001344	6.9
174	-1.106345	52.931328	6.173749	0.001333	7.1
175	-1.104233	53.880571	6.095486	0.001087	6.9
176	-1.101301	53.869733	6.096368	0.001936	6.9
177	-1.100598	53.850671	6.097921	0.002577	6.7
178	-1.106242	54.850670	6.017527	0.002767	6.8
179	-1.111170	55.850670	5.939226	0.001654	6.9
180	-1.107826	56.850670	5.862936	0.001602	6.5
181	-1.104293	56.830339	5.864467	0.002668	6.8
182	-1.103939	57.830321	5.790075	0.001005	6.2
183	-1.101686	57.811474	5.791460	0.002274	6.1
184	-1.102779	58.811182	5.718916	0.002616	6.6
185	-1.104303	58.790844	5.720374	0.001400	6.5
186	-1.102711	59.790583	5.649588	0.001910	7.3
187	-1.113252	59.771820	5.650900	0.000896	7.0
188	-1.106857	60.653019	5.589915	0.001694	6.5
189	-1.096688	60.632709	5.591306	0.001990	6.1
190	-1.103053	61.551253	5.529092	0.001689	6.3
191	-1.102971	61.834096	5.510213	0.001451	6.7
192	-1.106545	61.815122	5.511475	0.001516	6.3
193	-1.105090	61.797026	5.512680	0.001544	6.5
194	-1.094045	61.776689	5.514034	0.001496	7.8
195	-1.093875	62.739776	5.450617	0.001071	7.3
196	-1.091976	62.719451	5.451941	0.001213	6.6
197	-1.109428	62.704046	5.452944	0.002052	6.8
198	-1.111372	63.471050	5.403431	0.001163	7.1
199	-1.103804	63.987646	5.370586	0.001011	7.0
200	-1.101973	63.973063	5.371508	0.001815	6.8
201	-1.100052	63.952727	5.372794	0.001598	6.8
202	-1.105702	64.146835	5.360545	0.002705	7.5
203	-1.101816	65.146835	5.298320	0.001623	7.7
204	-1.101374	65.126503	5.299570	0.001951	7.5
205	-1.113198	66.126178	5.238764	0.001488	8.0
206	-1.100269	66.105898	5.239984	0.001568	7.9
207	-1.104382	66.089759	5.240955	0.001757	7.2
208	-1.098790	67.089197	5.181492	0.001662	7.3
209	-1.102509	67.068859	5.182689	0.001369	6.7
210	-1.107943	67.048530	5.183885	0.001981	7.0
211	-1.105274	67.028191	5.185083	0.001623	6.5
212	-1.105812	68.028079	5.126849	0.001968	6.7
213	-1.108351	68.011089	5.127827	0.002258	7.4
214	-1.106605	68.672960	5.089979	0.001967	7.0
215	-1.105719	68.652622	5.091134	0.001834	7.9
216	-1.112456	68.667721	5.090276	0.001308	7.4
217	-1.105747	68.911690	5.076464	0.001662	8.0
218	-1.100871	69.901886	5.021166	0.003322	6.9
219	-1.105159	70.901884	4.966530	0.000902	7.1
220	-1.102595	70.881546	4.967629	0.001443	7.3
221	-1.100660	70.863721	4.968593	0.001836	6.5
222	-1.097860	70.843389	4.969693	0.001979	6.8
223	-1.098808	70.830011	4.970417	0.001719	7.3
224	-1.100300	70.813817	4.971294	0.001390	7.1
225	-1.109618	70.793746	4.972381	0.001742	6.3
226	-1.100625	70.773547	4.973475	0.001829	6.1
227	-1.106114	71.761735	4.920493	0.002063	6.2
228	-1.111776	71.741396	4.921572	0.001477	6.2
229	-1.101026	71.721077	4.922651	0.001426	6.3
230	-1.101442	71.700750	4.923730	0.002390	6.0
231	-1.101966	72.691698	4.871653	0.001870	6.2
232	-1.103743	73.691698	4.820206	0.001767	6.0
233	-1.104071	73.703004	4.819630	0.001770	5.9
234	-1.099724	74.589526	4.774932	0.001815	6.0
235	-1.104288	75.589069	4.725519	0.001715	5.9
236	-1.105578	75.609952	4.724497	0.001543	5.7
237	-1.104182	76.605959	4.676287	0.003053	5.8
238	-1.106152	77.605951	4.628863	0.002819	5.8
239	-1.108988	78.605951	4.582392	0.001954	5.9
240	-1.107989	79.605951	4.536844	0.001864	5.7
241	-1.104198	80.573979	4.493606	0.001346	5.8
242	-1.107236	80.631538	4.491061	0.001745	5.9
243	-1.111347	80.667039	4.489493	0.001087	5.8
244	-1.102628	81.653565	4.446348	0.001680	6.2
245	-1.102644	81.633424	4.447221	0.001952	5.3
246	-1.107897	82.633396	4.404309	0.001376	6.2
247	-1.099474	82.613069	4.405173	0.001663	6.6
248	-1.096564	82.593240	4.406016	0.002321	6.0
249	-1.099955	82.690332	4.401890	0.001948	6.0
250	-1.099737	82.669994	4.402754	0.001715	6.2
251	-1.103099	82.875232	4.394055	0.001432	6.8
252	-1.102976	83.861710	4.352718	0.002278	6.3
253	-1.098957	83.841372	4.353563	0.001556	6.0
254	-1.104380	83.863040	4.352663	0.002555	6.2
255	-1.104131	83.842702	4.353507	0.001636	6.5
256	-1.107372	83.850218	4.353195	0.001626	6.4
257	-1.101755	83.830287	4.354023	0.002894	6.5
258	-1.105653	84.830189	4.312885	0.001563	6.2
259	-1.101139	84.915706	4.309403	0.002303	6.0
260	-1.102437	85.915706	4.269097	0.001168	5.9
261	-1.102123	85.895498	4.269904	0.001390	6.1
262	-1.108838	85.875160	4.270716	0.001278	5.7
263	-1.118623	86.342396	4.252127	0.002040	6.0
264	-1.101393	86.354821	4.251635	0.002137	5.9
265	-1.098820	86.335365	4.252405	0.002869	5.9
266	-1.103417	87.335365	4.213153	0.001877	6.0
267	-1.103981	88.335365	4.174619	0.002353	5.4
268	-1.098291	88.315074	4.175394	0.001459	6.3
269	-1.103504	88.294736	4.176171	0.001866	6.1
270	-1.107710	88.291213	4.176305	0.001454	7.0
271	-1.104197	89.282654	4.138760	0.001491	6.7
272	-1.103485	89.263017	4.139497	0.002843	6.2
273	-1.107073	90.258169	4.102472	0.001013	6.1
274	-1.106616	90.237833	4.103222	0.001476	6.2
275	-1.102204	90.267755	4.102118	0.002100	5.9
276	-1.100090	90.262893	4.102297	0.001850	6.3
277	-1.098026	91.262891	4.065756	0.001952	6.1
278	-1.099288	91.242582	4.066491	0.001816	6.0
279	-1.092550	92.239733	4.030683	0.001097	6.3
280	-1.102019	92.219450	4.031405	0.001434	6.0
281	-1.108028	92.201641	4.032039	0.001562	6.1
282	-1.101727	92.181311	4.032764	0.002609	5.8
283	-1.104545	93.181311	3.997445	0.002343	6.2
284	-1.110061	94.181311	3.962739	0.001884	5.9
285	-1.102452	94.160973	3.963439	0.001710	5.9
286	-1.101070	94.140650	3.964138	0.001421	5.9
287	-1.102737	95.136149	3.930159	0.001621	6.1
288	-1.097404	95.149702	3.929700	0.001709	6.1
289	-1.106444	96.143672	3.896356	0.002045	5.9
290	-1.101423	96.123362	3.897032	0.002029	5.7
291	-1.107865	96.103024	3.897709	0.001645	6.0
292	-1.102255	97.101639	3.864751	0.001844	6.0
293	-1.099068	98.101639	3.832302	0.001498	6.0
294	-1.111899	98.149828	3.830752	0.002102	6.3
295	-1.100823	99.149730	3.798872	0.001896	6.0
296	-1.100674	100.149597	3.767520	0.001210	5.9
297	-1.109591	100.129259	3.768152	0.001442	6.3
298	-1.097039	100.108954	3.768784	0.002108	5.9
299	-1.109283	100.089590	3.769387	0.001740	6.4
300	-1.105691	101.045280	3.739870	0.001938	6.0
301	-1.106896	101.024942	3.740493	0.001529	5.9
302	-1.100142	101.004842	3.741109	0.001634	6.4
303	-1.101457	101.487025	3.726382	0.001863	5.8
304	-1.101282	101.466707	3.727000	0.001337	6.1
305	-1.105448	102.463714	3.696904	0.001517	6.1
306	-1.106542	102.875487	3.684615	0.002622	6.1
307	-1.106107	102.856429	3.685182	0.001730	5.8
308	-1.111000	102.836092	3.685787	0.002506	6.2
309	-1.105351	103.196798	3.675082	0.001569	6.0
310	-1.101399	104.196798	3.645728	0.002865	5.8
311	-1.102648	105.194210	3.616913	0.002531	6.4
312	-1.109931	105.173872	3.617496	0.001979	6.3
313	-1.095701	105.161043	3.617864	0.002189	6.4
314	-1.102414	106.160974	3.589415	0.002624	6.3
315	-1.102827	106.140636	3.589989	0.002338	6.0
316	-1.104461	106.120298	3.590563	0.001862	6.4
317	-1.104653	107.120298	3.562538	0.001287	5.9
318	-1.097819	107.118570	3.562586	0.001459	6.4
319	-1.100662	107.099833	3.563107	0.002244	6.2
320	-1.102158	107.375199	3.555465	0.002626	5.9
321	-1.111661	107.354862	3.556028	0.001755	6.2
322	-1.108529	107.334525	3.556591	0.001706	6.1
323	-1.108447	108.328920	3.529245	0.001264	7.0
324	-1.104193	108.308613	3.529799	0.001947	6.1
325	-1.099264	108.403957	3.527199	0.000910	8.8
326	-1.097249	108.383622	3.527753	0.001645	7.7
327	-1.108822	108.956209	3.512210	0.001496	7.8
328	-1.112381	109.914447	3.486502	0.001446	6.9
329	-1.099401	109.894111	3.487044	0.002428	6.5
330	-1.098343	109.873773	3.487585	0.002326	7.1
331	-1.101186	109.853467	3.488127	0.001278	10.8
332	-1.103017	110.850484	3.461750	0.001995	7.8
333	-1.102615	110.832034	3.462235	0.001849	6.6
334	-1.101925	110.811696	3.462769	0.002146	12.7
335	-1.103981	110.791358	3.463304	0.000581	11.7
336	-1.101857	110.775930	3.463709	0.001490	7.8
337	-1.095790	110.758984	3.464154	0.001413	9.1
338	-1.096610	111.733915	3.438710	0.001571	8.7
339	-1.106076	111.965619	3.432718	0.001455	8.4
340	-1.103716	112.128836	3.428509	0.002761	8.1
341	-1.103668	112.110921	3.428971	0.002298	11.5
342	-1.106891	112.090600	3.429494	0.001030	8.2
343	-1.098526	112.381366	3.422018	0.003237	11.0
344	-1.107818	112.361029	3.422540	0.001623	11.4
345	-1.104399	112.347688	3.422883	0.001597	7.7
346	-1.099331	113.347034	3.397421	0.001415	8.3
347	-1.106885	114.332806	3.372674	0.001910	7.6
348	-1.107259	115.283066	3.349158	0.001323	7.3
349	-1.103907	116.282772	3.324769	0.001828	9.6
350	-1.107566	116.561662	3.318028	0.001271	9.2
351	-1.100071	116.547556	3.318368	0.001707	8.1
352	-1.106123	116.542876	3.318481	0.001071	9.4
353	-1.099486	116.522644	3.318970	0.002018	9.8
354	-1.100082	117.408985	3.297716	0.002026	8.1
355	-1.099984	117.388974	3.298192	0.001934	10.4
356	-1.104946	117.368641	3.298677	0.001674	8.5
357	-1.102221	118.050525	3.282501	0.001186	7.3
358	-1.100680	119.028886	3.259567	0.001844	9.1
359	-1.102839	119.868828	3.240131	0.002610	8.2
360	-1.105186	120.191586	3.232724	0.001993	7.9
361	-1.105643	121.078432	3.212546	0.000823	8.0
362	-1.101641	121.498778	3.203069	0.002011	8.3
363	-1.105799	122.492920	3.180878	0.003167	10.4
364	-1.101257	122.472581	3.181329	0.001559	7.8
365	-1.097324	122.481350	3.181134	0.003335	9.1
366	-1.103334	123.090302	3.167690	0.001518	7.4
367	-1.103913	123.069964	3.168138	0.001540	7.5
368	-1.107468	123.050313	3.168570	0.001981	11.4
369	-1.096781	123.445459	3.159902	0.001425	8.0
370	-1.101665	123.434922	3.160132	0.002075	9.4
371	-1.105075	124.434868	3.138405	0.001395	9.6
372	-1.100847	125.434838	3.116973	0.003031	6.7
373	-1.103846	125.414505	3.117406	0.000906	7.9
374	-1.108788	125.504401	3.115493	0.001490	10.4
375	-1.108384	125.484377	3.115919	0.001592	8.4
376	-1.098873	126.203676	3.100693	0.001945	7.9
377	-1.105691	126.238190	3.099967	0.001339	8.1
378	-1.100548	126.512076	3.094211	0.001590	8.7
379	-1.109376	126.491936	3.094633	0.001992	7.8
380	-1.106931	127.485942	3.073917	0.001844	7.5
381	-1.104653	128.485843	3.053356	0.001816	8.5
382	-1.101996	128.466419	3.053753	0.001934	7.7
383	-1.099965	128.580474	3.051424	0.001793	7.0
384	-1.105247	129.580474	3.031160	0.001277	6.8
385	-1.112923	130.118930	3.020359	0.002127	7.7
386	-1.103280	130.098593	3.020766	0.002035	6.8
387	-1.107837	131.098593	3.000905	0.002031	7.7
388	-1.105715	131.993150	2.983359	0.001780	6.2
389	-1.102772	132.989974	2.964047	0.000937	6.8
390	-1.104762	133.378946	2.956578	0.001676	6.9
391	-1.110879	133.358763	2.956965	0.002555	6.4
392	-1.103365	133.707715	2.950295	0.002036	6.7
393	-1.105498	133.687382	2.950683	0.001883	6.9
394	-1.105088	134.685568	2.931765	0.002052	7.1
395	-1.101009	135.684757	2.913069	0.001910	6.4
396	-1.097814	135.664497	2.913445	0.001691	6.1
397	-1.098871	135.645476	2.913799	0.001087	7.4
398	-1.107044	135.625200	2.914176	0.001047	7.8
399	-1.107486	135.652566	2.913667	0.001269	7.0
400	-1.102078	135.638247	2.913934	0.001621	6.5
401	-1.104796	135.650664	2.913703	0.001853	10.7
402	-1.100790	136.645823	2.895310	0.002397	7.1
403	-1.106593	136.625486	2.895683	0.002690	7.9
404	-1.100313	136.605257	2.896055	0.001487	8.1
405	-1.097736	137.605255	2.877795	0.001728	7.1
406	-1.103110	137.585082	2.878161	0.002394	8.6
407	-1.105225	138.585082	2.860126	0.000846	6.9
408	-1.108154	138.564884	2.860488	0.001331	7.0
409	-1.104628	138.779516	2.856646	0.002712	7.6
410	-1.102569	138.759416	2.857005	0.001767	7.0
411	-1.103133	139.759412	2.839233	0.001965	7.1
412	-1.102947	139.749707	2.839405	0.001917	7.3
413	-1.106357	140.524943	2.825777	0.001249	7.0
414	-1.104969	140.518704	2.825886	0.002618	7.6
415	-1.101061	141.518406	2.808503	0.002069	7.2
416	-1.100837	142.518406	2.791328	0.002441	7.3
417	-1.102187	143.518345	2.774362	0.000932	7.4
418	-1.100644	143.498009	2.774705	0.001854	7.3
419	-1.107651	143.480970	2.774993	0.002110	6.9
420	-1.100074	143.509980	2.774503	0.002810	7.3
421	-1.102201	143.489642	2.774846	0.002736	7.1
422	-1.101230	143.469327	2.775189	0.001475	7.2
423	-1.101899	143.448989	2.775532	0.002303	6.3
424	-1.105181	144.443496	2.758848	0.002153	7.0
425	-1.106515	144.423968	2.759174	0.003065	7.5
426	-1.102536	144.477314	2.758284	0.002188	7.7
427	-1.102378	145.166662	2.746841	0.002260	6.1
428	-1.103368	145.146323	2.747178	0.002700	7.4
429	-1.101070	146.146321	2.730742	0.001915	7.0
430	-1.099524	147.146321	2.714502	0.002199	6.9
431	-1.101252	147.137710	2.714641	0.001583	7.1
432	-1.106059	148.097625	2.699231	0.000986	7.2
433	-1.099574	148.077315	2.699555	0.002431	6.3
434	-1.108385	148.057012	2.699879	0.001831	7.3
435	-1.100195	148.036674	2.700204	0.001384	7.0
436	-1.103706	148.997113	2.684948	0.001203	6.4
437	-1.109947	148.976783	2.685270	0.001945	7.6
438	-1.106188	149.954482	2.669912	0.001921	7.8
439	-1.098512	149.934144	2.670230	0.001480	7.9
440	-1.096996	149.962553	2.669786	0.002330	6.9
441	-1.098289	149.942233	2.670104	0.001627	7.6
442	-1.094682	150.942233	2.654575	0.002340	8.2
443	-1.101955	150.921908	2.654888	0.001342	7.4
444	-1.105398	151.070637	2.652594	0.001805	7.1
445	-1.096802	151.050395	2.652906	0.001227	7.7
446	-1.103166	151.030128	2.653218	0.002643	7.8
447	-1.105148	151.990658	2.638486	0.001388	7.4
448	-1.102167	152.946610	2.623986	0.002227	7.2
449	-1.107116	153.930508	2.609227	0.001390	7.4
450	-1.096326	154.930440	2.594397	0.002389	7.1
451	-1.103431	154.910103	2.594697	0.001698	8.1
452	-1.099174	155.909866	2.580034	0.001688	7.7
453	-1.098237	156.019754	2.578432	0.000756	7.0
454	-1.107903	155.999709	2.578724	0.001098	6.7
455	-1.104022	156.364878	2.573415	0.001191	6.8
456	-1.105475	156.346621	2.573680	0.001500	6.6
457	-1.100425	156.327150	2.573963	0.001614	7.1
458	-1.095123	156.306813	2.574258	0.001466	6.9
459	-1.097902	157.306671	2.559823	0.001982	7.1
460	-1.106059	158.286267	2.545836	0.000773	6.9
461	-1.105322	159.184550	2.533144	0.002958	6.9
462	-1.100129	159.917511	2.522882	0.001527	7.0
463	-1.103904	160.917510	2.509013	0.001286	6.8
464	-1.101026	160.897994	2.509283	0.002602	6.6
465	-1.093310	160.886236	2.509445	0.003467	6.3
466	-1.111232	161.885144	2.495738	0.001486	6.6
467	-1.103392	161.864866	2.496015	0.002201	6.2
468	-1.099406	161.844528	2.496293	0.001785	6.6
469	-1.108069	162.842340	2.482744	0.001789	6.5
470	-1.097209	163.842291	2.469313	0.002120	5.9
471	-1.103022	163.821953	2.469585	0.001482	6.3
472	-1.107300	163.809046	2.469757	0.002150	6.5
473	-1.101202	163.788719	2.470029	0.001104	6.8
474	-1.096176	163.783115	2.470104	0.001654	6.4
475	-1.095019	164.404248	2.461829	0.001067	6.2
476	-1.101151	165.219469	2.451051	0.001367	6.0
477	-1.104754	165.537887	2.446867	0.000967	5.8
478	-1.104573	165.537932	2.446867	0.001923	6.1
479	-1.106660	165.520794	2.447092	0.001852	6.0
480	-1.109940	166.403507	2.435565	0.001928	5.9
481	-1.107082	166.388138	2.435765	0.001271	6.0
482	-1.100898	167.095322	2.426607	0.001171	5.9
483	-1.101047	167.080202	2.426802	0.001829	6.2
484	-1.105373	167.077332	2.426839	0.001489	6.0
485	-1.100888	168.073919	2.414048	0.002525	6.0
486	-1.094548	168.573158	2.407690	0.001412	5.8
487	-1.100528	168.556175	2.407906	0.002006	5.7
488	-1.105449	168.990475	2.402402	0.003067	6.5
489	-1.104680	168.970189	2.402658	0.001868	5.8
490	-1.104617	169.970189	2.390077	0.001522	6.0
491	-1.102788	170.939909	2.378002	0.001310	5.8
492	-1.100604	170.919792	2.378251	0.002560	6.0
493	-1.107052	171.167461	2.375186	0.001714	5.8
494	-1.106961	171.147123	2.375437	0.001845	6.3
495	-1.101182	172.147043	2.363140	0.001962	6.0
496	-1.104985	172.933739	2.353554	0.001228	6.0
497	-1.102869	172.913401	2.353801	0.002062	6.2
498	-1.100391	172.893069	2.354047	0.001391	6.0
499	-1.106393	173.888875	2.342019	0.001742	6.3
500	-1.104544	174.847000	2.330561	0.001376	6.3
501	-1.108113	175.844999	2.318746	0.002070	6.0
502	-1.102767	175.824739	2.318984	0.001585	6.4
503	-1.102422	176.824739	2.307262	0.001608	5.8
504	-1.107932	176.804401	2.307499	0.002602	6.0
505	-1.107466	177.128499	2.303724	0.002286	6.4
506	-1.106335	178.128114	2.292160	0.002048	6.0
507	-1.107411	178.107778	2.292394	0.002378	5.7
508	-1.105763	178.087599	2.292626	0.000940	5.7
509	-1.109597	178.069948	2.292830	0.001295	6.1
510	-1.103432	178.055202	2.292999	0.001719	6.1
511	-1.107830	178.034870	2.293234	0.001485	5.9
512	-1.100157	179.034470	2.281774	0.002131	6.1
513	-1.102171	179.014647	2.282000	0.001589	5.8
514	-1.100181	178.994309	2.282232	0.001705	5.9
515	-1.101831	178.973973	2.282464	0.001598	6.1
516	-1.110224	179.059932	2.281484	0.001084	5.8
517	-1.098909	179.118706	2.280814	0.001552	5.8
518	-1.105560	179.926277	2.271646	0.001459	5.7
519	-1.104210	179.909913	2.271832	0.001602	5.9
520	-1.110393	179.889641	2.272061	0.002006	6.0
521	-1.099161	179.869304	2.272291	0.001928	5.7
522	-1.100315	179.849100	2.272519	0.002132	5.7
523	-1.104001	179.829186	2.272745	0.001814	5.9
524	-1.102204	179.808848	2.272975	0.002270	6.3
525	-1.104796	179.788510	2.273205	0.001436	5.7
526	-1.110781	179.831266	2.272721	0.001354	6.4
527	-1.106178	179.810938	2.272951	0.002226	6.3
528	-1.103576	179.790600	2.273181	0.001759	6.1
529	-1.103201	180.790600	2.261916	0.002062	6.0
530	-1.104279	180.770269	2.262144	0.002216	5.8
531	-1.108253	180.751634	2.262353	0.001532	5.8
532	-1.104213	181.337993	2.255797	0.002089	5.8
533	-1.108522	181.317797	2.256022	0.001145	6.0
534	-1.110958	181.297494	2.256249	0.001485	5.9
535	-1.100603	182.000374	2.248437	0.002017	5.8
536	-1.103069	181.980036	2.248662	0.001904	5.9
537	-1.107963	182.980026	2.237638	0.000966	5.7
538	-1.101266	183.029173	2.237099	0.003041	6.0
539	-1.098023	183.029919	2.237091	0.001160	5.6
540	-1.098766	184.022800	2.226257	0.001695	5.8
541	-1.105528	184.312386	2.223117	0.001658	6.0
542	-1.102268	184.292055	2.223337	0.001518	6.1
543	-1.103635	185.110860	2.214505	0.002117	6.4
544	-1.099355	185.928193	2.205758	0.001702	6.1
545	-1.107697	185.907855	2.205975	0.002348	6.0
546	-1.102133	186.907855	2.195364	0.002434	5.7
547	-1.097530	187.907855	2.184855	0.001923	5.8
548	-1.105986	188.907855	2.174447	0.001474	6.0
549	-1.107161	189.907834	2.164137	0.001800	5.8
550	-1.101082	189.889343	2.164327	0.001222	5.8
551	-1.103298	189.902574	2.164191	0.001707	6.0
552	-1.091482	189.883325	2.164389	0.002943	5.8
553	-1.108149	189.862987	2.164597	0.001509	6.0
554	-1.106490	189.843816	2.164794	0.001853	5.7
555	-1.107887	190.145143	2.161705	0.001818	6.1
556	-1.100195	190.258323	2.160547	0.001331	5.9
557	-1.105494	190.934498	2.153653	0.001932	5.8
558	-1.107409	191.934477	2.143540	0.002501	6.3
559	-1.096207	191.914772	2.143738	0.002491	5.7
560	-1.096334	192.914772	2.133716	0.001409	5.7
561	-1.108359	193.908808	2.123847	0.000844	6.1
562	-1.104727	193.894898	2.123985	0.001359	6.1
563	-1.104465	194.294609	2.120041	0.001789	6.2
564	-1.107064	194.286692	2.120119	0.002073	6.5
565	-1.102114	195.286691	2.110317	0.001521	6.8
566	-1.102964	195.813257	2.105192	0.000821	6.6
567	-1.107748	195.792927	2.105389	0.001637	7.1
568	-1.101435	195.836409	2.104967	0.001140	6.7
569	-1.104981	195.872148	2.104620	0.002661	7.2
570	-1.098277	195.851912	2.104816	0.002001	6.7
571	-1.113425	196.851909	2.095155	0.001502	6.6
572	-1.107971	197.851876	2.085582	0.001836	7.3
573	-1.102088	197.832610	2.085765	0.001759	6.8
574	-1.109445	197.812286	2.085959	0.001605	6.4
575	-1.108487	198.394370	2.080425	0.001649	6.4
576	-1.102415	198.445993	2.079935	0.001508	6.9
577	-1.103345	198.446138	2.079934	0.000904	6.7
578	-1.101058	199.326627	2.071622	0.002314	6.5
579	-1.108090	199.307160	2.071805	0.001326	6.4
580	-1.099160	199.287332	2.071991	0.001629	6.2
581	-1.105104	199.267113	2.072182	0.001991	6.1
582	-1.108928	199.246787	2.072373	0.001969	6.3
583	-1.111581	199.226449	2.072564	0.003188	6.1
584	-1.103435	199.206118	2.072756	0.001465	7.7
585	-1.112042	199.208876	2.072730	0.001685	6.5
586	-1.104705	199.188539	2.072921	0.000833	6.9
587	-1.107414	199.168217	2.073112	0.001492	6.2
588	-1.104013	199.165794	2.073135	0.002523	6.2
589	-1.102441	199.905007	2.066198	0.002400	7.6
590	-1.107533	199.884669	2.066388	0.001537	6.9
591	-1.102995	199.904071	2.066207	0.001567	7.1
592	-1.107574	200.026404	2.065063	0.001606	6.9
593	-1.098284	200.006066	2.065253	0.001174	6.9
594	-1.101871	200.417778	2.061413	0.001768	6.4
595	-1.104166	200.825867	2.057621	0.001606	6.6
596	-1.102327	200.805721	2.057807	0.002248	6.3
597	-1.108860	200.821360	2.057662	0.001653	6.3
598	-1.100322	201.769465	2.048905	0.000874	6.4
599	-1.105345	202.704456	2.040341	0.001090	6.5
600	-1.108708	202.704320	2.040343	0.000909	6.2
601	-1.113624	202.704245	2.040343	0.001788	6.3
602	-1.108005	202.727006	2.040136	0.001600	6.4
603	-1.107060	203.073157	2.036984	0.001720	6.3
604	-1.102915	203.052821	2.037169	0.001430	6.2
605	-1.103629	204.043177	2.028204	0.001422	6.2
606	-1.114588	204.055752	2.028091	0.001195	6.4
607	-1.106154	205.028523	2.019362	0.001010	6.5
608	-1.110194	205.154439	2.018238	0.001196	6.2
609	-1.104169	205.134115	2.018419	0.002740	6.5
610	-1.100210	205.113778	2.018601	0.002435	6.9
611	-1.096727	206.113771	2.009713	0.001080	6.0
612	-1.099133	206.125096	2.009613	0.001751	6.6
613	-1.097795	207.124399	2.000810	0.000935	6.9
614	-1.104203	207.322720	1.999072	0.003513	6.6
615	-1.111711	207.304990	1.999227	0.001230	7.3
616	-1.106048	207.284653	1.999405	0.001787	7.1
617	-1.096599	208.179397	1.991599	0.001993	6.7
618	-1.105950	208.159282	1.991774	0.002758	6.3
619	-1.104707	209.159275	1.983120	0.002509	6.8
620	-1.101351	209.140741	1.983280	0.001074	6.6
621	-1.107785	209.120477	1.983454	0.002149	7.1
622	-1.108938	210.111741	1.974947	0.001532	7.5
623	-1.106806	210.092800	1.975109	0.001247	6.7
624	-1.104201	210.072462	1.975283	0.002087	6.7
625	-1.109873	210.052126	1.975457	0.001639	6.4
626	-1.094047	211.052119	1.966944	0.001878	7.0
627	-1.103437	211.031782	1.967116	0.003238	7.1
628	-1.098275	211.011444	1.967289	0.001931	6.6
629	-1.101513	211.948356	1.959376	0.002160	6.9
630	-1.100690	211.928018	1.959547	0.001763	6.7
631	-1.101579	211.928900	1.959540	0.002549	6.8
632	-1.105939	211.911268	1.959688	0.001408	6.7
633	-1.113524	211.896426	1.959813	0.002100	7.1
634	-1.104617	212.423562	1.955387	0.002022	6.0
635	-1.101376	213.423562	1.947046	0.001691	6.5
636	-1.103806	213.403505	1.947213	0.001745	6.6
637	-1.100237	213.383171	1.947382	0.001269	6.5
638	-1.109826	213.362848	1.947550	0.001765	6.2
639	-1.099958	214.056134	1.941806	0.001585	6.7
640	-1.097015	214.035799	1.941974	0.000851	6.5
641	-1.109635	214.371460	1.939205	0.000814	6.3
642	-1.099366	214.383946	1.939102	0.001288	7.1
643	-1.105880	214.477693	1.938330	0.002501	9.3
644	-1.107469	214.457372	1.938497	0.001760	7.5
645	-1.110314	214.437034	1.938665	0.002231	6.9
646	-1.093304	214.416696	1.938832	0.002206	8.1
647	-1.096329	214.396359	1.939000	0.001414	8.7
648	-1.110620	215.396357	1.930797	0.001186	7.7
649	-1.102520	215.383326	1.930904	0.001808	8.1
650	-1.109680	215.362988	1.931070	0.002228	7.5
651	-1.109089	215.342650	1.931236	0.001999	12.6
652	-1.109872	216.340829	1.923114	0.002325	8.0
653	-1.105479	216.320495	1.923279	0.001526	8.4
654	-1.107294	216.349445	1.923044	0.002231	7.9
655	-1.109730	216.329107	1.923209	0.002322	7.6
656	-1.104673	217.328974	1.915141	0.001994	7.6
657	-1.102943	217.324307	1.915178	0.001909	7.1
658	-1.094656	217.319963	1.915213	0.001267	7.8
659	-1.107261	217.299736	1.915375	0.002984	7.0
660	-1.100413	218.299717	1.907372	0.001621	7.1
661	-1.105056	219.299717	1.899434	0.002780	7.3
662	-1.102603	220.296809	1.891585	0.002165	6.9
663	-1.097284	221.222114	1.884359	0.001321	7.1
664	-1.109268	221.301308	1.883743	0.001196	9.0
665	-1.100835	221.335385	1.883478	0.001598	8.2
666	-1.104146	221.320404	1.883595	0.001677	9.0
667	-1.108044	222.077303	1.877730	0.001520	7.1
668	-1.101648	222.057302	1.877884	0.001728	7.9
669	-1.106764	222.930701	1.871160	0.001023	7.0
670	-1.102022	222.914146	1.871287	0.002694	6.9
671	-1.106040	222.938234	1.871103	0.001434	7.2
672	-1.107536	223.623476	1.865861	0.001368	7.4
673	-1.111328	223.604178	1.866008	0.002576	6.6
674	-1.107328	224.122758	1.862061	0.001844	7.0
675	-1.095149	224.993269	1.855471	0.001779	6.5
676	-1.103137	225.928123	1.848447	0.002812	6.7
677	-1.106517	225.907785	1.848599	0.001141	6.4
678	-1.107036	226.907785	1.841142	0.001476	6.6
679	-1.107650	226.899665	1.841202	0.001415	6.8
680	-1.101583	226.879350	1.841353	0.002429	6.8
681	-1.098339	226.864226	1.841466	0.002270	7.2
682	-1.108809	226.843888	1.841617	0.002367	6.6
683	-1.100464	227.619311	1.835873	0.001075	6.9
684	-1.101795	227.599290	1.836021	0.002146	6.7
685	-1.109817	228.283369	1.830982	0.001677	7.0
686	-1.098884	229.283369	1.823667	0.001431	7.1
687	-1.100750	230.199377	1.817017	0.002504	6.5
688	-1.108328	230.179502	1.817161	0.002265	6.6
689	-1.108199	230.159164	1.817308	0.001838	6.4
690	-1.110407	230.839319	1.812400	0.001982	6.7
691	-1.101843	230.819069	1.812545	0.002045	6.6
692	-1.100964	231.699884	1.806227	0.002072	6.3
693	-1.104346	231.679636	1.806372	0.002205	6.3
694	-1.106925	231.659298	1.806518	0.001861	6.8
695	-1.106458	232.051726	1.803716	0.001114	6.3
696	-1.103250	232.677439	1.799267	0.001918	6.6
697	-1.100518	232.886375	1.797786	0.002060	6.1
698	-1.103112	232.866037	1.797930	0.001577	6.3
699	-1.108125	232.846450	1.798069	0.001077	6.3
700	-1.105476	232.826557	1.798210	0.002531	6.1
701	-1.094700	232.808522	1.798338	0.001771	6.1
702	-1.099399	233.720524	1.791899	0.000729	6.3
703	-1.099552	233.704358	1.792013	0.001345	6.6
704	-1.103984	233.696458	1.792068	0.001778	6.7
705	-1.106522	233.720027	1.791903	0.002169	6.4
706	-1.107189	234.720026	1.784895	0.002354	6.2
707	-1.098548	234.699688	1.785037	0.001492	6.5
708	-1.104819	235.669945	1.778290	0.001632	5.9
709	-1.101761	236.669688	1.771390	0.001787	6.2
710	-1.104286	236.649354	1.771530	0.001472	5.6
711	-1.104950	237.639799	1.764746	0.001635	5.8
712	-1.104059	238.599750	1.758220	0.000754	5.7
713	-1.108243	239.058835	1.755116	0.001250	6.1
714	-1.109527	239.557875	1.751755	0.001674	6.0
715	-1.105354	239.965183	1.749021	0.001764	5.8
716	-1.097966	239.945189	1.749155	0.001977	5.9
717	-1.108436	239.924851	1.749291	0.001964	6.1
718	-1.112196	239.905223	1.749423	0.002154	6.0
719	-1.099639	239.901895	1.749445	0.002234	5.9
720	-1.104069	239.881557	1.749581	0.001646	5.8
721	-1.103851	239.861227	1.749718	0.001894	5.8
722	-1.106174	240.860979	1.743037	0.002231	5.7
723	-1.099736	240.840751	1.743172	0.001734	5.9
724	-1.104874	241.649121	1.737807	0.002240	6.0
725	-1.108534	242.649117	1.731216	0.002266	6.3
726	-1.108021	242.710933	1.730810	0.001619	5.9
727	-1.107593	242.690604	1.730943	0.001449	5.7
728	-1.101959	242.671462	1.731069	0.003194	6.0
729	-1.100751	242.661979	1.731131	0.002487	5.8
730	-1.100928	243.661978	1.724590	0.001728	6.0
731	-1.104058	243.641640	1.724723	0.002420	6.2
732	-1.101154	243.622624	1.724847	0.001542	5.9
733	-1.101678	244.622618	1.718353	0.001163	6.0
734	-1.105003	244.602860	1.718481	0.001323	5.9
735	-1.107023	244.582692	1.718612	0.001459	5.7
736	-1.111341	244.618265	1.718381	0.001952	6.1
737	-1.109670	245.618264	1.711936	0.001447	6.1
738	-1.104402	245.729487	1.711222	0.001795	5.9
739	-1.114599	245.709915	1.711348	0.001822	5.7
740	-1.102026	245.689601	1.711478	0.001242	6.3
741	-1.095888	245.709798	1.711349	0.001275	6.5
742	-1.096948	245.695851	1.711438	0.002426	6.0
743	-1.103228	246.695842	1.705045	0.002071	6.0
744	-1.106933	247.695841	1.698699	0.001406	6.1
745	-1.109018	247.676791	1.698820	0.002218	6.0
746	-1.111615	247.662763	1.698909	0.002138	6.0
747	-1.103862	248.662762	1.692608	0.000841	6.0
748	-1.108340	248.642474	1.692736	0.001477	6.4
749	-1.099744	248.622242	1.692863	0.002031	5.9
750	-1.102265	248.920601	1.690992	0.001713	6.0
751	-1.102970	249.920575	1.684750	0.002841	5.8
752	-1.109652	250.919428	1.678561	0.001657	5.6
753	-1.107357	250.944109	1.678409	0.001155	6.0
754	-1.111396	251.772280	1.673313	0.001946	5.7
755	-1.105538	252.016492	1.671816	0.002121	6.1
756	-1.104364	251.996154	1.671941	0.001555	6.2
757	-1.104790	252.985471	1.665904	0.001937	6.2
758	-1.111010	253.495290	1.662810	0.001041	6.2
759	-1.104017	253.474965	1.662933	0.002786	5.7
760	-1.104750	253.457469	1.663039	0.000942	5.8
761	-1.105538	253.437228	1.663162	0.001432	6.1
762	-1.104578	253.833794	1.660762	0.001277	6.1
763	-1.110958	253.813564	1.660884	0.002070	6.1
764	-1.107217	253.795483	1.660993	0.001899	5.8
765	-1.109680	253.878939	1.660489	0.001221	5.8
766	-1.102740	254.379240	1.657472	0.001788	6.1
767	-1.104504	255.337832	1.651723	0.001861	6.0
768	-1.105178	255.952546	1.648057	0.001426	5.9
769	-1.105399	255.933397	1.648171	0.001909	5.8
770	-1.102763	255.913060	1.648292	0.001351	5.7
771	-1.097594	255.893481	1.648408	0.001761	6.1
772	-1.109865	256.872894	1.642598	0.002895	5.9
773	-1.100822	257.872871	1.636708	0.001945	5.6
774	-1.107328	258.871767	1.630866	0.002463	5.8
775	-1.113373	258.851429	1.630985	0.002695	6.0
776	-1.109507	259.851429	1.625178	0.002130	5.9
777	-1.107483	259.831090	1.625295	0.000728	5.7
778	-1.105552	260.178650	1.623286	0.001566	5.9
779	-1.101287	260.160488	1.623391	0.002586	5.8
780	-1.099248	260.210111	1.623105	0.002045	5.6
781	-1.102782	261.210103	1.617353	0.002207	6.0
782	-1.105199	261.189765	1.617470	0.001376	5.6
783	-1.104971	261.169429	1.617587	0.002398	5.9
784	-1.103108	262.169295	1.611875	0.001894	6.2
785	-1.101388	262.149634	1.611987	0.001313	6.1
786	-1.106897	262.153905	1.611962	0.000916	5.7
787	-1.102154	262.148033	1.611996	0.002507	5.7
788	-1.105341	262.326508	1.610980	0.001919	5.9
789	-1.100690	262.306170	1.611096	0.001902	6.0
790	-1.111124	263.005384	1.607130	0.001622	6.2
791	-1.095901	263.005119	1.607131	0.002080	5.7
792	-1.104463	262.991710	1.607207	0.002378	5.8
793	-1.107196	263.991710	1.601568	0.001201	5.9
794	-1.102762	264.833052	1.596853	0.001266	5.8
795	-1.100290	265.570463	1.592744	0.001702	5.8
796	-1.097704	265.550131	1.592857	0.001735	5.6
797	-1.109433	265.539698	1.592915	0.001427	5.7
798	-1.106730	265.519943	1.593025	0.002287	6.7
799	-1.108394	266.144848	1.589558	0.002208	6.1
800	-1.104665	266.124510	1.589671	0.001681	6.1
801	-1.111850	266.118749	1.589703	0.001554	6.3
802	-1.102639	266.098535	1.589815	0.001645	5.9
803	-1.102895	266.078215	1.589927	0.001557	5.7
804	-1.095976	266.826860	1.585792	0.001160	5.7
805	-1.109035	266.810816	1.585880	0.002075	6.0
806	-1.106936	266.964863	1.585032	0.001298	6.1
807	-1.105967	266.948301	1.585123	0.002766	5.9
808	-1.098910	266.945255	1.585140	0.001858	5.9
809	-1.101586	267.944852	1.579656	0.001494	6.0
810	-1.099019	268.944288	1.574211	0.002383	5.8
811	-1.109354	268.923950	1.574321	0.001656	6.3
812	-1.093877	269.923308	1.568913	0.001696	5.7
813	-1.096798	269.909437	1.568988	0.001548	6.2
814	-1.100456	269.889099	1.569098	0.001736	5.9
815	-1.106392	269.869156	1.569205	0.001061	5.9
816	-1.106856	269.848936	1.569315	0.001544	5.9
817	-1.107803	269.842401	1.569350	0.001270	5.8
818	-1.098607	270.640120	1.565057	0.001363	6.0
819	-1.106160	270.622486	1.565152	0.002395	5.9
820	-1.101926	270.610805	1.565215	0.002567	5.9
821	-1.115262	271.542433	1.560230	0.002203	6.0
822	-1.101763	271.522094	1.560338	0.001415	6.2
823	-1.110758	271.928846	1.558172	0.001268	5.8
824	-1.104653	271.911358	1.558265	0.001564	6.4
825	-1.100174	271.891736	1.558369	0.002114	6.9
826	-1.109687	272.807688	1.553511	0.001898	6.7
827	-1.101982	272.806055	1.553520	0.002742	6.5
828	-1.111219	272.785717	1.553627	0.002491	6.6
829	-1.109043	272.765379	1.553735	0.002559	5.9
830	-1.100704	272.745040	1.553842	0.002123	6.6
831	-1.111805	273.745040	1.548570	0.001166	6.2
832	-1.102040	273.724702	1.548677	0.001432	5.9
833	-1.104791	273.704374	1.548784	0.002186	6.5
834	-1.108997	274.704374	1.543547	0.002487	6.2
835	-1.101229	275.704374	1.538344	0.002136	6.2
836	-1.111229	275.684036	1.538450	0.002222	6.4
837	-1.102871	275.672874	1.538508	0.002840	6.4
838	-1.106278	275.667399	1.538536	0.001500	6.7
839	-1.106215	276.667388	1.533367	0.002209	5.9
840	-1.097699	276.648647	1.533464	0.000629	6.0
841	-1.102632	276.819039	1.532587	0.001326	6.2
842	-1.101963	276.806491	1.532651	0.001615	6.0
843	-1.103060	277.760154	1.527759	0.002208	6.1
844	-1.102590	278.660948	1.523166	0.001561	5.6
845	-1.108806	279.597983	1.518418	0.001488	5.9
846	-1.101054	280.595786	1.513395	0.002074	6.0
847	-1.106597	280.575447	1.513497	0.001278	6.1
848	-1.111882	280.555109	1.513599	0.001608	6.1
849	-1.105676	280.534780	1.513701	0.002267	6.7
850	-1.107197	281.534780	1.508698	0.003537	6.0
851	-1.101595	281.515975	1.508791	0.001277	5.9
852	-1.102757	281.686295	1.507942	0.002816	5.8
853	-1.105645	282.686295	1.502977	0.001919	6.0
854	-1.115374	283.644018	1.498252	0.001324	6.0
855	-1.105386	284.641069	1.493364	0.002152	5.9
856	-1.100212	284.620731	1.493464	0.001203	6.2
857	-1.110626	284.600609	1.493562	0.002150	5.8
858	-1.112510	284.591797	1.493605	0.001316	6.1
859	-1.103685	284.605929	1.493536	0.001253	6.2
860	-1.106067	284.585592	1.493635	0.002983	5.9
861	-1.100049	284.602859	1.493551	0.002608	5.6
862	-1.104183	284.582521	1.493650	0.001504	6.0
863	-1.099093	284.562183	1.493750	0.002217	5.7
864	-1.105579	285.561239	1.488882	0.002449	5.9
865	-1.107168	286.524100	1.484220	0.001779	5.8
866	-1.104431	286.503794	1.484318	0.001518	5.7
867	-1.099857	287.481416	1.479614	0.002505	5.8
868	-1.101627	288.158646	1.476373	0.001266	6.1
869	-1.100332	288.143993	1.476443	0.001385	6.0
870	-1.106516	288.124131	1.476538	0.002643	6.1
871	-1.108094	288.767344	1.473472	0.002591	5.9
872	-1.105014	288.761632	1.473499	0.001242	5.9
873	-1.105085	288.741298	1.473596	0.001370	6.3
874	-1.104556	288.721036	1.473692	0.001341	5.8
875	-1.101655	288.702089	1.473782	0.001860	6.4
876	-1.102693	289.702045	1.469039	0.001883	6.1
877	-1.096416	289.681707	1.469135	0.001322	5.9
878	-1.101273	290.459420	1.465467	0.001905	5.8
879	-1.106540	291.420440	1.460959	0.001576	5.7
880	-1.102198	291.400102	1.461054	0.000497	5.8
881	-1.096675	291.385779	1.461121	0.002425	6.0
882	-1.098778	292.324703	1.456743	0.001680	6.1
883	-1.105916	292.327375	1.456730	0.002077	5.8
884	-1.107034	292.307037	1.456825	0.002721	5.9
885	-1.101459	293.307037	1.452190	0.001125	5.8
886	-1.107656	293.288604	1.452275	0.002228	6.0
887	-1.102859	293.321096	1.452125	0.001777	5.8
888	-1.097421	293.300758	1.452219	0.001362	5.8
889	-1.104097	293.281136	1.452309	0.002282	6.1
890	-1.103224	293.261679	1.452399	0.001927	5.8
891	-1.105162	293.801973	1.449907	0.001751	5.6
892	-1.104567	294.795636	1.445344	0.001294	5.9
893	-1.101813	294.775298	1.445438	0.002156	5.9
894	-1.111905	294.785838	1.445389	0.002134	6.1
895	-1.111162	295.767238	1.440911	0.001225	5.7
896	-1.104948	295.746900	1.441004	0.000941	5.8
897	-1.110632	295.913494	1.440246	0.001788	5.9
898	-1.100986	295.930562	1.440169	0.001889	6.0
899	-1.097713	296.930562	1.435639	0.001436	5.9
900	-1.102167	297.930555	1.431137	0.002612	5.9
901	-1.097393	297.913051	1.431216	0.000886	5.7
902	-1.103208	297.893014	1.431306	0.000949	6.0
903	-1.100795	297.874334	1.431390	0.001528	5.8
904	-1.102066	297.855208	1.431476	0.001133	5.7
905	-1.105569	297.835531	1.431564	0.002008	6.0
906	-1.102491	298.412974	1.428976	0.001922	6.0
907	-1.111606	298.402740	1.429022	0.001431	6.0
908	-1.110229	299.340447	1.424839	0.002087	5.8
909	-1.112695	299.320135	1.424929	0.001393	5.9
910	-1.108508	300.308747	1.420545	0.001997	5.6
911	-1.097431	301.308587	1.416138	0.002086	5.7
912	-1.102486	302.308571	1.411758	0.002020	5.7
913	-1.104017	303.308558	1.407405	0.002151	5.9
914	-1.094977	303.288220	1.407493	0.001566	6.0
915	-1.106845	304.235806	1.403392	0.001619	5.8
916	-1.103434	304.216926	1.403474	0.001324	5.7
917	-1.105155	304.197299	1.403559	0.001485	5.8
918	-1.096636	304.179373	1.403636	0.001261	5.8
919	-1.098363	304.159051	1.403724	0.001833	5.8
920	-1.103219	304.138732	1.403811	0.001623	5.8
921	-1.107208	304.118432	1.403899	0.002291	6.0
922	-1.105999	304.951639	1.400310	0.001468	5.7
923	-1.109651	305.592289	1.397564	0.002833	6.1
924	-1.106464	306.592289	1.393297	0.002220	5.5
925	-1.103868	306.571952	1.393384	0.001591	5.9
926	-1.103485	306.552190	1.393468	0.002882	6.0
927	-1.102674	306.901295	1.391984	0.002599	5.9
928	-1.099473	307.901295	1.387752	0.001898	6.3
929	-1.102387	307.880959	1.387838	0.001672	5.7
930	-1.106547	307.860653	1.387924	0.002059	5.8
931	-1.101899	307.976034	1.387437	0.001222	6.1
932	-1.098504	308.323228	1.385974	0.001705	5.8
933	-1.110574	308.303429	1.386057	0.001708	5.7
934	-1.103923	308.283190	1.386143	0.001745	5.9
935	-1.104725	308.266905	1.386211	0.002297	5.7
936	-1.096097	309.266902	1.382014	0.001567	6.0
937	-1.101291	309.246566	1.382099	0.001519	5.7
938	-1.104303	309.461091	1.381202	0.002009	5.8
939	-1.105257	310.453114	1.377068	0.002243	5.8
940	-1.109250	311.450259	1.372938	0.001725	5.8
941	-1.103908	312.450255	1.368820	0.001629	5.9
942	-1.112636	312.636953	1.368054	0.001159	6.1
943	-1.103545	312.616625	1.368138	0.001271	5.8
944	-1.101462	312.600228	1.368205	0.001930	5.8
945	-1.101280	312.579916	1.368288	0.000928	5.8
946	-1.110804	312.565735	1.368346	0.001130	5.7
947	-1.099151	312.548293	1.368418	0.001141	5.9
948	-1.098320	312.603082	1.368193	0.001420	5.8
949	-1.102906	312.967196	1.366702	0.000808	6.1
950	-1.106390	312.946925	1.366784	0.001933	8.3
951	-1.098827	312.967033	1.366702	0.002289	7.7
952	-1.102943	313.237440	1.365596	0.002297	8.7
953	-1.108186	314.020278	1.362406	0.001194	7.7
954	-1.107293	313.999940	1.362488	0.002155	7.2
955	-1.101623	314.599097	1.360056	0.001636	6.4
956	-1.098195	315.553366	1.356199	0.001305	6.3
957	-1.097770	315.559853	1.356173	0.001917	6.3
958	-1.104523	315.539516	1.356255	0.001934	6.7
959	-1.095369	316.538126	1.352243	0.002402	6.3
960	-1.104233	316.517837	1.352324	0.002212	6.2
961	-1.109480	317.517836	1.348329	0.001396	6.4
962	-1.102594	318.515037	1.344369	0.001456	6.3
963	-1.103515	318.497008	1.344440	0.004202	6.6
964	-1.106882	319.496935	1.340492	0.001693	6.1
965	-1.108326	319.476597	1.340572	0.001890	6.5
966	-1.109876	319.456259	1.340652	0.001396	6.2
967	-1.100846	319.610381	1.340046	0.000714	5.6
968	-1.102460	319.590142	1.340125	0.001173	6.2
969	-1.101973	319.577368	1.340176	0.001197	6.0
970	-1.111257	319.572222	1.340196	0.001882	5.9
971	-1.102408	320.510282	1.336515	0.001916	5.8
972	-1.098291	320.489961	1.336594	0.003012	6.1
973	-1.103739	320.469623	1.336674	0.001815	6.3
974	-1.108242	321.469616	1.332771	0.002248	6.0
975	-1.105035	321.449277	1.332850	0.001531	5.8
976	-1.107534	322.447767	1.328975	0.001889	5.7
977	-1.104709	322.427745	1.329052	0.002728	6.0
978	-1.102083	323.402038	1.325293	0.001568	5.8
979	-1.101611	324.363877	1.321602	0.002427	6.2
980	-1.101554	325.036608	1.319032	0.001545	6.1
981	-1.106579	326.031128	1.315252	0.001755	6.1
982	-1.099365	326.578033	1.313183	0.001175	5.9
983	-1.103534	326.644803	1.312931	0.001122	5.8
984	-1.105227	326.629352	1.312989	0.001635	5.9
985	-1.107899	326.677291	1.312808	0.001168	5.8
986	-1.107784	326.688181	1.312767	0.001839	5.9
987	-1.113184	327.685304	1.309013	0.001922	5.8
988	-1.108251	327.664968	1.309089	0.002110	5.9
989	-1.101641	327.644877	1.309164	0.002176	6.1
990	-1.104923	327.624572	1.309241	0.002012	5.7
991	-1.095220	328.624572	1.305496	0.001791	5.9
992	-1.106723	329.613659	1.301813	0.001887	5.9
993	-1.109161	329.593321	1.301889	0.001782	5.7
994	-1.105007	329.573063	1.301964	0.002082	6.1
995	-1.103500	329.552725	1.302039	0.001714	6.1
996	-1.105057	330.552369	1.298337	0.001824	6.3
997	-1.107987	330.532459	1.298411	0.001703	6.5
998	-1.102968	330.517389	1.298466	0.001324	6.9
999	-1.108052	331.382435	1.295279	0.001251	6.7
1000	-1.106483	331.380084	1.295287	0.002295	6.7
1001	-1.105951	332.361876	1.291689	0.001624	6.3
1002	-1.105262	332.341541	1.291763	0.002073	6.3
1003	-1.100014	332.321383	1.291837	0.002028	6.4
1004	-1.102420	333.211598	1.288590	0.001616	6.4
1005	-1.100917	334.203504	1.284991	0.001610	6.3
1006	-1.102953	334.402689	1.284271	0.001923	7.1
1007	-1.097267	335.402685	1.280668	0.001243	6.4
1008	-1.110147	335.382593	1.280740	0.001347	6.2
1009	-1.096274	336.376708	1.277177	0.001106	6.3
1010	-1.105706	336.362272	1.277229	0.001521	6.0
1011	-1.110264	336.343050	1.277298	0.001704	6.1
1012	-1.101484	336.756353	1.275822	0.000986	5.9
1013	-1.106620	336.736203	1.275894	0.001853	6.0
1014	-1.102804	336.717743	1.275960	0.001330	6.0
1015	-1.104566	336.697544	1.276032	0.001391	5.8
1016	-1.105245	337.409162	1.273498	0.001682	5.6
1017	-1.100934	337.666095	1.272586	0.002020	5.8
1018	-1.097289	337.645757	1.272658	0.001515	5.9
1019	-1.104642	337.706858	1.272441	0.002012	5.8
1020	-1.103437	338.664400	1.269054	0.002267	5.9
1021	-1.112667	338.644062	1.269126	0.001581	5.8
1022	-1.104348	338.626622	1.269187	0.002304	5.9
1023	-1.100558	338.607009	1.269256	0.001076	6.4
1024	-1.102786	338.668501	1.269039	0.002309	6.0
1025	-1.099450	338.648164	1.269111	0.001996	5.9
1026	-1.102977	339.648164	1.265592	0.001842	6.3
1027	-1.103531	339.627826	1.265663	0.002512	6.4
1028	-1.101742	340.627826	1.262164	0.002180	6.5
1029	-1.102437	341.627803	1.258683	0.001169	6.2
1030	-1.101341	342.627765	1.255222	0.002697	6.3
1031	-1.103655	342.607449	1.255292	0.001440	6.2
1032	-1.109969	342.595097	1.255335	0.001215	5.9
1033	-1.109247	343.438321	1.252430	0.001018	6.4
1034	-1.102699	343.546573	1.252058	0.001476	6.0
1035	-1.103529	343.526288	1.252128	0.002138	6.4
1036	-1.105734	343.546486	1.252058	0.002032	5.9
1037	-1.109745	344.211813	1.249777	0.000866	6.3
1038	-1.098761	344.217817	1.249757	0.001156	6.1
1039	-1.103802	344.199497	1.249820	0.001652	6.3
1040	-1.108357	344.179159	1.249889	0.001335	6.0
1041	-1.103692	344.158821	1.249959	0.002050	6.0
1042	-1.097341	344.149315	1.249991	0.001917	5.8
1043	-1.103385	344.129354	1.250060	0.001463	6.1
1044	-1.097076	345.129113	1.246646	0.000955	6.1
1045	-1.108148	345.404542	1.245709	0.002027	5.9
1046	-1.108919	345.384204	1.245778	0.001939	6.3
1047	-1.110046	346.384202	1.242387	0.002858	6.2
1048	-1.105649	346.366381	1.242448	0.001667	6.1
1049	-1.101970	346.346043	1.242516	0.001125	6.1
1050	-1.102872	346.379155	1.242404	0.001700	6.3
1051	-1.104150	347.052155	1.240133	0.001432	6.3
1052	-1.100283	347.031817	1.240201	0.001406	6.6
1053	-1.096371	347.026487	1.240219	0.002604	6.4
1054	-1.105789	347.007015	1.240285	0.001046	7.1
1055	-1.106221	347.501287	1.238621	0.001626	6.2
1056	-1.099067	347.951877	1.237108	0.002101	6.8
1057	-1.100418	347.931734	1.237176	0.002363	6.7
1058	-1.108959	347.911397	1.237244	0.001272	7.3
1059	-1.112075	347.891064	1.237312	0.001739	6.7
1060	-1.103921	347.872163	1.237376	0.001439	7.2
1061	-1.107542	348.310878	1.235906	0.001275	6.7
1062	-1.104501	349.280474	1.232670	0.001840	6.5
1063	-1.104239	349.263356	1.232727	0.001593	6.1
1064	-1.110427	349.244891	1.232788	0.001470	6.7
1065	-1.103746	349.228493	1.232843	0.000779	7.9
1066	-1.102010	349.211056	1.232901	0.001765	7.0
1067	-1.103734	349.203712	1.232925	0.002528	6.5
1068	-1.102324	349.188033	1.232977	0.000936	6.8
1069	-1.113171	349.611771	1.231568	0.002165	7.2
1070	-1.102595	350.182721	1.229673	0.001745	6.7
1071	-1.107453	350.204331	1.229602	0.001358	6.4
1072	-1.101973	350.267413	1.229393	0.001673	6.2
1073	-1.107803	351.267180	1.226091	0.001274	7.1
1074	-1.102951	352.263833	1.222817	0.001453	6.8
1075	-1.107428	352.244201	1.222882	0.001757	5.9
1076	-1.104901	352.972153	1.220501	0.000938	6.3
1077	-1.097749	352.953311	1.220563	0.001894	6.5
1078	-1.105991	353.725819	1.218046	0.002339	6.2
1079	-1.105938	354.722000	1.214817	0.001462	6.2
1080	-1.099847	355.719743	1.211600	0.001675	6.9
1081	-1.108241	355.710203	1.211630	0.001585	6.4
1082	-1.109670	356.090465	1.210408	0.002589	6.7
1083	-1.105912	357.090290	1.207208	0.003614	6.3
1084	-1.095786	357.529996	1.205805	0.000857	6.5
1085	-1.104922	357.509659	1.205870	0.001025	6.2
1086	-1.103843	357.491340	1.205928	0.000782	6.7
1087	-1.103469	357.484325	1.205951	0.001703	7.8
1088	-1.107941	358.390528	1.203070	0.002124	6.9
1089	-1.104920	359.390528	1.199908	0.000888	6.7
1090	-1.104321	360.362847	1.196848	0.001970	7.0
1091	-1.102981	360.387350	1.196771	0.001383	7.1
1092	-1.105950	360.367020	1.196835	0.002283	6.7
1093	-1.099695	360.346682	1.196899	0.001878	6.4
1094	-1.108472	361.327499	1.193829	0.002404	6.3
1095	-1.105203	361.307161	1.193892	0.001885	6.5
1096	-1.101565	361.286823	1.193956	0.002484	6.9
1097	-1.104967	361.955493	1.191871	0.001724	6.4
1098	-1.107059	362.955493	1.188767	0.001407	6.6
1099	-1.105699	362.935275	1.188829	0.001693	7.3
1100	-1.099235	363.208632	1.187983	0.000931	6.0
1101	-1.102421	363.188756	1.188045	0.001738	6.7
1102	-1.098839	363.168548	1.188107	0.001731	6.7
1103	-1.101579	363.148474	1.188169	0.002745	6.3
1104	-1.100289	363.128143	1.188232	0.001197	7.3
1105	-1.110336	363.715962	1.186417	0.001277	7.5
1106	-1.105415	364.679170	1.183454	0.002141	6.5
1107	-1.100692	365.619553	1.180575	0.001769	6.9
1108	-1.107227	365.918501	1.179663	0.001542	5.6
1109	-1.101809	365.898627	1.179724	0.002109	6.6
1110	-1.096093	365.895732	1.179733	0.001884	7.1
1111	-1.097710	365.875393	1.179795	0.002582	6.7
1112	-1.106728	366.853800	1.176818	0.001013	5.9
1113	-1.099619	366.833463	1.176880	0.001476	6.6
1114	-1.101185	366.896842	1.176688	0.002386	6.4
1115	-1.103992	366.876694	1.176749	0.001484	6.6
1116	-1.103287	367.876694	1.173723	0.001800	7.0
1117	-1.108887	367.856359	1.173784	0.001872	6.5
1118	-1.106338	367.837482	1.173841	0.002921	6.3
1119	-1.108576	368.837438	1.170830	0.001634	6.4
1120	-1.104650	368.817172	1.170891	0.001482	7.1
1121	-1.105341	368.796839	1.170952	0.002321	7.4
1122	-1.098338	369.796839	1.167956	0.001089	6.5
1123	-1.109651	369.777397	1.168014	0.001079	6.4
1124	-1.103654	369.758648	1.168070	0.001760	6.5
1125	-1.102513	369.743065	1.168117	0.002257	6.5
1126	-1.102583	369.722727	1.168177	0.000909	6.7
1127	-1.108205	370.718730	1.165207	0.001850	6.4
1128	-1.097749	370.698408	1.165268	0.001632	6.6
1129	-1.105169	370.679094	1.165325	0.002140	7.3
1130	-1.097737	370.959777	1.164491	0.002202	6.6
1131	-1.112221	371.959759	1.161527	0.002445	6.9
1132	-1.105327	372.959740	1.158579	0.001934	6.3
1133	-1.100592	372.939402	1.158639	0.002306	6.8
1134	-1.104973	372.919365	1.158698	0.001392	7.4
1135	-1.106745	372.899027	1.158758	0.001947	6.9
1136	-1.107329	372.913331	1.158715	0.001640	6.5
1137	-1.107858	373.913324	1.155781	0.003021	6.3
1138	-1.111284	373.893689	1.155839	0.001212	6.0
1139	-1.099968	374.422464	1.154293	0.001683	6.6
1140	-1.097726	375.408100	1.151423	0.001567	6.7
1141	-1.108163	376.407858	1.148527	0.001921	6.7
1142	-1.098670	377.225563	1.146168	0.001109	6.7
1143	-1.101085	377.213551	1.146203	0.000994	7.0
1144	-1.103369	377.198483	1.146246	0.001529	6.7
1145	-1.107169	377.182479	1.146292	0.002128	7.0
1146	-1.102061	378.168878	1.143460	0.001675	7.2
1147	-1.109644	379.168876	1.140602	0.002016	6.4
1148	-1.099989	380.168162	1.137761	0.001571	6.7
1149	-1.099221	380.158739	1.137788	0.002809	7.3
1150	-1.105802	381.158642	1.134959	0.001136	7.4
1151	-1.104837	381.138305	1.135016	0.001723	7.2
1152	-1.109312	381.165227	1.134940	0.001882	6.5
1153	-1.100266	382.165227	1.132125	0.001813	7.1
1154	-1.113115	383.061897	1.129613	0.001333	6.8
1155	-1.106648	384.048245	1.126862	0.001892	6.9
1156	-1.105078	384.028230	1.126918	0.000936	6.6
1157	-1.105358	384.007897	1.126974	0.002612	6.7
1158	-1.110661	384.878492	1.124557	0.001209	6.7
1159	-1.104062	385.878333	1.121794	0.001669	6.3
1160	-1.096851	386.382786	1.120404	0.001560	6.8
1161	-1.106013	386.362463	1.120460	0.001839	7.4
1162	-1.102907	386.457267	1.120200	0.001399	6.1
1163	-1.112776	386.436948	1.120255	0.001352	6.8
1164	-1.106477	386.419996	1.120302	0.002056	6.3
1165	-1.107817	386.402590	1.120350	0.001827	6.3
1166	-1.098023	387.038503	1.118604	0.001902	6.0
1167	-1.102969	387.027434	1.118634	0.001014	6.1
1168	-1.104836	387.007247	1.118690	0.001560	6.5
1169	-1.100346	386.991527	1.118733	0.002048	6.4
1170	-1.102516	387.991503	1.115997	0.001978	5.9
1171	-1.099501	388.977804	1.113313	0.001273	6.6
1172	-1.105459	389.883871	1.110858	0.001659	6.0
1173	-1.103139	389.863534	1.110913	0.001412	6.3
1174	-1.099231	389.862900	1.110914	0.001326	6.3
1175	-1.109336	389.997208	1.110551	0.001973	6.2
1176	-1.100295	389.976891	1.110606	0.001342	7.1
1177	-1.105755	389.956555	1.110661	0.002473	6.7
1178	-1.101884	390.956534	1.107965	0.001417	6.4
1179	-1.107253	391.123720	1.107516	0.001479	6.0
1180	-1.104374	391.103535	1.107570	0.001429	6.4
1181	-1.106404	392.022565	1.105105	0.002614	7.0
1182	-1.108047	392.002227	1.105160	0.001185	6.6
1183	-1.098499	391.981938	1.105214	0.001454	5.8
1184	-1.109535	391.965635	1.105258	0.001294	6.5
1185	-1.104812	392.920776	1.102707	0.002284	6.0
1186	-1.104765	392.900438	1.102762	0.001331	6.5
1187	-1.104349	393.797413	1.100377	0.001680	6.8
1188	-1.105789	394.797068	1.097731	0.002235	6.3
1189	-1.103048	394.776943	1.097784	0.001729	6.8
1190	-1.100898	394.756605	1.097838	0.001543	6.4
1191	-1.106758	394.774679	1.097790	0.001116	6.1
1192	-1.106851	394.782589	1.097770	0.001492	6.4
1193	-1.103446	395.777768	1.095148	0.001316	8.3
1194	-1.103052	395.757484	1.095202	0.002420	6.6
1195	-1.108402	395.737540	1.095254	0.002192	6.6
1196	-1.098296	395.717202	1.095307	0.001101	6.5
1197	-1.104337	396.498364	1.093258	0.001306	6.5
1198	-1.103289	396.524023	1.093191	0.001542	6.7
1199	-1.107437	396.678114	1.092788	0.001404	6.2
1200	-1.104664	396.856029	1.092322	0.001191	6.1
1201	-1.103285	397.202248	1.091418	0.000717	6.1
1202	-1.106023	397.191972	1.091445	0.001020	6.7
1203	-1.108610	397.257751	1.091273	0.001786	6.5
1204	-1.110723	397.237444	1.091326	0.002073	6.4
1205	-1.111637	397.217304	1.091379	0.001977	6.2
1206	-1.101000	397.199064	1.091426	0.002014	6.8
1207	-1.104838	397.181055	1.091473	0.001745	6.2
1208	-1.108656	398.180424	1.088871	0.001166	6.7
1209	-1.104680	398.175023	1.088885	0.002826	6.4
1210	-1.111109	399.175020	1.086294	0.000767	6.3
1211	-1.103352	399.377132	1.085771	0.001412	7.1
1212	-1.108750	399.379439	1.085765	0.001114	6.3
1213	-1.104526	399.784721	1.084720	0.003173	6.6
1214	-1.108101	400.772336	1.082180	0.002204	6.6
1215	-1.100861	401.769018	1.079628	0.001777	6.5
1216	-1.097107	402.466870	1.077849	0.000665	6.5
1217	-1.103844	402.448374	1.077896	0.001782	6.4
1218	-1.100822	403.033886	1.076408	0.002598	6.0
1219	-1.112016	403.013547	1.076460	0.001559	6.5
1220	-1.100347	404.013497	1.073927	0.001966	6.4
1221	-1.105081	403.993188	1.073978	0.001596	6.5
1222	-1.104844	403.972851	1.074030	0.001515	6.4
1223	-1.104516	404.972821	1.071508	0.001610	5.9
1224	-1.103115	404.952545	1.071559	0.002444	6.4
1225	-1.105851	404.932214	1.071611	0.001590	6.1
1226	-1.109139	404.911876	1.071662	0.001608	6.0
1227	-1.106940	404.891538	1.071713	0.002281	6.6
1228	-1.105158	405.891186	1.069203	0.002766	6.4
1229	-1.099172	406.891186	1.066705	0.001705	6.2
1230	-1.106451	406.870848	1.066755	0.001420	7.0
1231	-1.104683	407.546838	1.065073	0.000658	7.5
1232	-1.102729	407.680470	1.064741	0.001456	7.1
1233	-1.103554	407.690791	1.064715	0.002063	9.2
1234	-1.104189	408.690787	1.062237	0.001821	8.5
1235	-1.099413	408.827523	1.061899	0.002314	8.6
1236	-1.106152	409.827523	1.059434	0.001804	7.7
1237	-1.107359	409.807185	1.059484	0.001547	7.4
1238	-1.103792	409.790128	1.059526	0.001442	7.9
1239	-1.098516	409.799515	1.059503	0.001558	6.7
1240	-1.104455	410.579900	1.057587	0.001626	6.4
1241	-1.108202	411.563309	1.055183	0.001681	6.5
1242	-1.102476	411.542977	1.055233	0.000999	6.7
1243	-1.108774	411.529237	1.055266	0.002248	6.5
1244	-1.108803	411.508922	1.055316	0.001066	7.4
1245	-1.106282	411.488666	1.055365	0.001709	7.4
1246	-1.105851	411.475783	1.055397	0.001645	6.7
1247	-1.110290	412.475549	1.052962	0.003183	6.7
1248	-1.098716	412.809301	1.052152	0.001891	6.8
1249	-1.108970	413.809278	1.049733	0.002210	7.6
1250	-1.103158	414.809230	1.047324	0.002442	6.8
1251	-1.102871	415.405491	1.045893	0.001461	6.8
1252	-1.107653	416.405486	1.043502	0.002518	6.5
1253	-1.101920	416.385147	1.043550	0.001598	6.8
1254	-1.102224	416.364809	1.043599	0.002831	6.3
1255	-1.102161	416.344471	1.043648	0.002401	6.7
1256	-1.099592	416.324133	1.043696	0.002287	7.4
1257	-1.106758	417.324133	1.041315	0.001013	6.7
1258	-1.102328	417.306034	1.041358	0.001963	7.5
1259	-1.102839	417.288072	1.041401	0.002361	6.6
1260	-1.104496	417.267735	1.041449	0.001801	6.3
1261	-1.101872	418.267524	1.039079	0.001900	6.8
1262	-1.110235	418.247327	1.039126	0.001906	6.7
1263	-1.100604	418.242892	1.039137	0.000861	6.3
1264	-1.109478	418.799617	1.037821	0.001718	6.7
1265	-1.103220	418.780522	1.037867	0.002194	6.6
1266	-1.104031	418.760186	1.037914	0.001206	7.0
1267	-1.107274	419.721761	1.035650	0.002054	6.3
1268	-1.101631	419.701423	1.035698	0.002027	6.2
1269	-1.101614	419.681085	1.035746	0.002485	7.2
1270	-1.102982	419.660747	1.035793	0.001502	7.3
1271	-1.099231	420.660741	1.033448	0.001433	6.9
1272	-1.105148	421.506336	1.031473	0.002109	8.6
1273	-1.104805	421.485997	1.031521	0.003655	8.0
1274	-1.105231	421.465659	1.031568	0.002321	8.2
1275	-1.109158	421.445330	1.031616	0.001115	6.3
1276	-1.106004	422.432420	1.029319	0.001469	6.8
1277	-1.104158	422.898459	1.028238	0.000904	6.8
1278	-1.109019	423.496551	1.026855	0.001939	6.5
1279	-1.104898	423.476289	1.026902	0.002029	6.8
1280	-1.101024	424.099319	1.025464	0.002650	6.6
1281	-1.100006	425.098766	1.023167	0.001023	6.4
1282	-1.107172	426.098755	1.020878	0.001770	6.6
1283	-1.097771	426.374564	1.020249	0.001746	6.0
1284	-1.102003	426.354227	1.020295	0.001094	6.4
1285	-1.099362	427.276685	1.018196	0.002105	6.6
1286	-1.104377	427.256361	1.018242	0.001349	6.4
1287	-1.100993	427.238628	1.018282	0.001232	6.4
1288	-1.100542	427.251350	1.018253	0.001672	6.4
1289	-1.102965	428.069795	1.016398	0.002208	6.4
1290	-1.103302	429.001406	1.014293	0.002605	6.4
1291	-1.104412	428.981068	1.014339	0.001483	6.2
1292	-1.100207	428.960730	1.014385	0.002642	6.4
1293	-1.099548	428.940394	1.014431	0.002038	5.9
1294	-1.099780	428.939529	1.014433	0.001674	6.1
1295	-1.100907	429.939441	1.012184	0.001195	6.5
1296	-1.107766	430.937746	1.009948	0.002039	6.1
1297	-1.098685	430.917408	1.009993	0.001421	6.6
1298	-1.104526	430.897073	1.010039	0.002211	6.3
1299	-1.105099	430.878155	1.010081	0.001182	6.2
1300	-1.107470	430.912815	1.010003	0.001914	6.8
1301	-1.100399	430.892478	1.010049	0.001360	6.5
1302	-1.112095	431.891636	1.007820	0.001887	6.4
1303	-1.110609	431.871337	1.007866	0.001948	7.5
1304	-1.100436	431.857544	1.007896	0.002936	6.3
1305	-1.104379	431.837206	1.007942	0.001311	6.2
1306	-1.104869	432.806165	1.005789	0.001263	6.2
1307	-1.100684	432.785850	1.005835	0.002483	6.2
1308	-1.107500	433.785752	1.003623	0.001514	6.5
1309	-1.105822	434.785752	1.001421	0.001173	6.3
1310	-1.106062	434.822956	1.001339	0.001499	6.5
1311	-1.105431	435.477339	0.999904	0.001960	6.3
1312	-1.101177	436.474383	0.997725	0.001230	6.6
1313	-1.104442	436.982525	0.996618	0.002370	6.3
1314	-1.100080	436.962187	0.996662	0.003021	6.5
1315	-1.109694	436.941849	0.996706	0.002344	6.7
1316	-1.100868	437.852842	0.994727	0.002574	6.3
1317	-1.108683	438.852842	0.992564	0.001225	6.7
1318	-1.099079	439.847041	0.990423	0.001864	6.9
1319	-1.100976	440.691125	0.988612	0.002243	6.5
1320	-1.105338	440.670787	0.988656	0.001601	7.0
1321	-1.100199	441.670575	0.986519	0.001334	6.0
1322	-1.107024	442.333347	0.985108	0.001399	5.9
1323	-1.103382	442.392757	0.984982	0.001468	6.8
1324	-1.104278	442.378720	0.985012	0.001453	6.4
1325	-1.104773	442.358703	0.985054	0.001982	6.2
1326	-1.106077	442.593567	0.984555	0.002291	6.0
1327	-1.103123	442.752719	0.984217	0.002158	6.1
1328	-1.101855	443.746251	0.982113	0.002341	6.4
1329	-1.103874	443.725913	0.982156	0.002747	6.4
1330	-1.100629	444.725913	0.980047	0.001199	6.3
1331	-1.101775	445.711968	0.977977	0.002074	6.3
1332	-1.102635	446.116012	0.977131	0.001240	6.0
1333	-1.101012	446.096092	0.977173	0.002880	6.7
1334	-1.111322	447.095087	0.975087	0.001808	6.7
1335	-1.110940	448.042935	0.973117	0.001676	9.3
1336	-1.104580	448.022602	0.973159	0.001262	7.3
1337	-1.102775	448.004863	0.973196	0.001109	7.4
1338	-1.104326	448.044826	0.973113	0.001464	7.3
1339	-1.110441	448.598109	0.971966	0.001327	6.8
1340	-1.100373	448.578239	0.972007	0.001522	7.1
1341	-1.109344	448.558163	0.972049	0.001845	7.6
1342	-1.109003	449.551759	0.969996	0.001703	7.0
1343	-1.105326	450.550581	0.967942	0.001391	6.9
1344	-1.104581	451.481325	0.966035	0.002074	6.9
1345	-1.103162	451.623181	0.965745	0.001620	6.7
1346	-1.107478	452.163950	0.964641	0.002827	6.4
1347	-1.109701	453.114974	0.962706	0.001762	6.9
1348	-1.103536	454.114644	0.960681	0.001516	6.7
1349	-1.103798	455.114638	0.958663	0.002130	6.6
1350	-1.110745	455.915664	0.957053	0.002243	6.8
1351	-1.112562	455.895326	0.957094	0.002892	7.8
1352	-1.107079	455.874987	0.957134	0.001916	6.6
1353	-1.105275	456.873872	0.955134	0.001638	7.0
1354	-1.103865	456.902672	0.955076	0.002276	6.6
1355	-1.103967	457.902672	0.953082	0.002139	6.6
1356	-1.101527	458.902669	0.951096	0.001549	6.4
1357	-1.100326	459.902665	0.949118	0.002134	6.3
1358	-1.106423	459.906727	0.949110	0.000847	6.1
1359	-1.101739	460.799138	0.947352	0.001997	6.1
1360	-1.104451	461.110446	0.946740	0.002766	6.5
1361	-1.106220	462.110444	0.944781	0.001573	8.9
1362	-1.110134	463.110382	0.942829	0.001701	7.7
1363	-1.102773	463.090092	0.942869	0.001558	7.4
1364	-1.108379	464.084762	0.940935	0.002233	6.6
1365	-1.101190	465.083440	0.939002	0.000895	7.2
1366	-1.104794	465.063102	0.939042	0.001142	9.6
1367	-1.098686	465.047245	0.939072	0.001708	8.1
1368	-1.102983	465.033697	0.939098	0.001965	8.0
1369	-1.108540	465.013359	0.939138	0.001385	6.7
1370	-1.104276	466.013200	0.937210	0.001499	7.3
1371	-1.102649	465.996051	0.937243	0.001764	6.7
1372	-1.096949	465.978375	0.937277	0.001735	6.8
1373	-1.107138	465.958037	0.937316	0.001966	6.7
1374	-1.106867	465.957574	0.937317	0.001377	6.8
1375	-1.100165	465.957765	0.937316	0.002297	7.6
1376	-1.110497	466.606845	0.936069	0.001182	7.8
1377	-1.106986	466.600073	0.936082	0.001904	9.1
1378	-1.098777	467.421223	0.934508	0.000889	7.3
1379	-1.104234	468.393376	0.932652	0.001747	7.1
1380	-1.108366	469.384302	0.930767	0.001025	6.9
1381	-1.100128	469.443849	0.930654	0.002026	6.8
1382	-1.104661	469.737936	0.930096	0.000967	7.0
1383	-1.098703	469.717641	0.930135	0.000822	7.8
1384	-1.097890	469.834253	0.929914	0.002393	8.3
1385	-1.111008	469.817593	0.929945	0.001078	6.5
1386	-1.101901	469.797371	0.929984	0.001684	7.5
1387	-1.099419	469.850581	0.929883	0.001979	7.2
1388	-1.100792	469.830370	0.929921	0.001365	7.3
1389	-1.106246	469.936475	0.929720	0.002067	7.3
1390	-1.103378	469.937858	0.929717	0.001467	6.4
1391	-1.102386	470.937848	0.927828	0.001356	6.4
1392	-1.108606	471.227668	0.927281	0.001414	7.3
1393	-1.100631	471.250099	0.927239	0.002380	7.1
1394	-1.099129	472.250099	0.925359	0.001921	6.8
1395	-1.100738	472.229761	0.925397	0.002389	7.9
1396	-1.107175	473.229668	0.923525	0.001588	8.1
1397	-1.113043	473.319676	0.923357	0.001633	6.9
1398	-1.105640	474.275059	0.921576	0.002002	6.6
1399	-1.103917	475.275014	0.919719	0.001873	9.9
1400	-1.104960	475.367560	0.919547	0.001767	9.7
1401	-1.105283	475.347418	0.919585	0.002111	8.4
1402	-1.106374	475.327080	0.919622	0.001615	9.0
1403	-1.105320	475.309723	0.919655	0.001892	8.7
1404	-1.096875	475.289385	0.919692	0.001692	7.7
1405	-1.106360	476.288928	0.917844	0.001995	9.0
1406	-1.099789	477.288776	0.916002	0.001712	8.1
1407	-1.098563	478.287949	0.914169	0.001993	8.0
1408	-1.098085	479.287906	0.912342	0.001693	8.6
1409	-1.104454	479.482577	0.911987	0.001147	7.3
1410	-1.104671	480.472290	0.910187	0.001366	8.0
1411	-1.097328	480.451966	0.910224	0.002181	8.6
1412	-1.100605	480.432333	0.910259	0.003182	7.1
1413	-1.107131	480.411995	0.910296	0.001573	7.0
1414	-1.103926	480.455870	0.910217	0.001537	6.8
1415	-1.104898	480.435885	0.910253	0.001241	7.0
1416	-1.096903	480.416815	0.910288	0.001959	6.7
1417	-1.108328	480.397431	0.910323	0.001194	6.6
1418	-1.098785	480.803573	0.909586	0.001707	6.3
1419	-1.106856	480.783855	0.909622	0.001623	6.2
1420	-1.097127	480.764054	0.909658	0.001270	6.7
1421	-1.112709	480.744078	0.909694	0.002038	7.0
1422	-1.106355	480.723741	0.909731	0.001531	6.5
1423	-1.108028	480.703403	0.909768	0.001481	6.4
1424	-1.104565	480.685067	0.909801	0.002331	6.4
1425	-1.106765	480.664729	0.909838	0.001824	6.9
1426	-1.104971	480.644391	0.909875	0.002114	7.0
1427	-1.104357	481.614190	0.908119	0.002152	6.1
1428	-1.104334	482.499142	0.906523	0.001193	6.2
1429	-1.112104	482.478804	0.906559	0.001733	6.1
1430	-1.104505	482.459159	0.906595	0.001666	6.0
1431	-1.108809	482.438821	0.906631	0.001584	6.1
1432	-1.106925	482.418487	0.906668	0.001719	6.0
1433	-1.100803	482.398799	0.906704	0.001951	6.2
1434	-1.104614	483.397133	0.904909	0.001386	6.0
1435	-1.110563	484.397012	0.903119	0.001768	6.1
1436	-1.098665	484.377765	0.903153	0.002213	6.1
1437	-1.101590	484.357427	0.903189	0.001191	5.8
1438	-1.102237	485.227587	0.901637	0.002931	6.0
1439	-1.102753	486.227010	0.899860	0.001925	5.9
1440	-1.108987	487.227010	0.898090	0.002053	6.1
1441	-1.101963	488.227004	0.896326	0.002317	6.0
1442	-1.104848	488.206697	0.896362	0.001715	6.2
1443	-1.108388	488.186407	0.896398	0.002560	6.6
1444	-1.102020	489.185594	0.894642	0.001091	5.8
1445	-1.099228	489.165255	0.894678	0.001068	6.0
1446	-1.110957	489.145758	0.894712	0.001165	6.0
1447	-1.112747	489.184498	0.894644	0.001895	5.8
1448	-1.104482	489.972741	0.893264	0.001423	6.7
1449	-1.108913	490.855875	0.891723	0.002284	6.0
1450	-1.101630	490.851926	0.891730	0.001260	6.3
1451	-1.107250	491.851202	0.889992	0.001231	5.8
1452	-1.105079	492.333266	0.889156	0.000960	5.9
1453	-1.111022	492.443204	0.888966	0.002233	6.0
1454	-1.102077	492.424339	0.888999	0.001094	5.8
1455	-1.100616	493.419511	0.887279	0.001516	5.7
1456	-1.098414	493.406434	0.887301	0.001840	6.2
1457	-1.118353	493.386096	0.887336	0.001705	6.2
1458	-1.102861	494.386096	0.885615	0.001633	6.0
1459	-1.099750	494.416631	0.885562	0.001226	6.9
1460	-1.108551	494.398804	0.885593	0.001951	7.0
1461	-1.104983	494.381022	0.885623	0.002880	6.0
1462	-1.106078	495.381022	0.883908	0.001622	6.2
1463	-1.100515	495.360684	0.883943	0.001680	6.8
1464	-1.108348	495.340357	0.883978	0.001765	6.4
1465	-1.107232	495.817798	0.883161	0.001497	6.5
1466	-1.112990	496.817389	0.881456	0.001630	6.6
1467	-1.096422	496.799628	0.881487	0.001383	6.7
1468	-1.108499	497.230509	0.880754	0.001412	6.5
1469	-1.100270	497.215119	0.880780	0.001273	5.8
1470	-1.100279	497.409547	0.880450	0.002608	6.5
1471	-1.106539	497.471575	0.880344	0.001752	6.0
1472	-1.108969	497.451237	0.880379	0.003157	6.4
1473	-1.096671	497.430899	0.880413	0.001726	6.6
1474	-1.105102	498.430898	0.878718	0.001828	6.0
1475	-1.103370	499.319697	0.877217	0.002073	6.1
1476	-1.102071	499.299759	0.877251	0.001137	6.7
1477	-1.105294	499.330905	0.877198	0.002213	6.2
1478	-1.101292	499.335202	0.877191	0.002195	6.3
1479	-1.107091	500.335202	0.875509	0.002683	6.3
1480	-1.104185	501.334825	0.873833	0.001546	6.8
1481	-1.108110	501.314494	0.873867	0.001250	6.5
1482	-1.104936	501.332805	0.873837	0.001495	6.1
1483	-1.100148	501.312661	0.873870	0.002503	6.5
1484	-1.103842	501.292323	0.873904	0.001519	5.9
1485	-1.103904	501.473282	0.873602	0.001715	6.3
1486	-1.102335	501.452943	0.873636	0.001925	6.2
1487	-1.103703	501.432670	0.873669	0.001626	6.6
1488	-1.104293	501.412337	0.873703	0.001877	5.9
1489	-1.109329	501.557351	0.873461	0.002340	6.2
1490	-1.107044	502.555894	0.871795	0.001978	5.9
1491	-1.101560	502.535556	0.871829	0.002908	5.8
1492	-1.103482	502.515218	0.871863	0.002158	6.1
1493	-1.099842	503.515218	0.870201	0.000905	6.9
1494	-1.104453	503.764976	0.869786	0.001857	6.9
1495	-1.096153	503.744653	0.869820	0.001680	6.5
1496	-1.116240	504.744644	0.868166	0.002979	6.1
1497	-1.103336	504.724305	0.868199	0.002432	6.3
1498	-1.103706	504.703967	0.868233	0.001114	6.3
1499	-1.102754	504.989367	0.867762	0.001027	6.3
1500	-1.106940	504.969444	0.867795	0.001553	6.3
1501	-1.101779	504.985665	0.867768	0.001252	6.4
1502	-1.109142	504.970816	0.867792	0.001434	7.1
1503	-1.100342	504.951535	0.867824	0.001877	6.2
1504	-1.110046	504.931365	0.867857	0.001042	6.4
1505	-1.101447	504.913272	0.867887	0.002387	7.4
1506	-1.104935	505.907356	0.866250	0.001614	6.7
1507	-1.108189	506.377017	0.865479	0.001344	6.1
1508	-1.112086	506.356681	0.865512	0.001363	6.8
1509	-1.105323	506.336449	0.865545	0.001597	7.4
1510	-1.102674	506.340155	0.865539	0.001549	7.8
1511	-1.100669	506.320171	0.865572	0.000972	7.4
1512	-1.105230	506.755052	0.864859	0.001609	10.5
1513	-1.104857	506.741489	0.864881	0.002122	7.9
1514	-1.108472	507.740484	0.863247	0.001892	9.5
1515	-1.106533	507.766236	0.863205	0.002071	7.8
1516	-1.097860	507.745908	0.863238	0.001597	7.8
1517	-1.098170	507.735315	0.863255	0.001916	7.0
1518	-1.108010	508.735315	0.861626	0.001556	6.6
1519	-1.101208	508.714980	0.861659	0.001313	7.1
1520	-1.108657	508.694642	0.861692	0.001030	6.8
1521	-1.105506	508.677828	0.861719	0.001690	6.9
1522	-1.104958	509.546627	0.860308	0.001475	6.8
1523	-1.097858	510.546516	0.858690	0.001938	7.0
1524	-1.101480	510.526180	0.858722	0.001715	6.7
1525	-1.103363	511.524351	0.857113	0.002487	8.0
1526	-1.103385	511.504013	0.857146	0.002335	7.0
1527	-1.109144	512.217960	0.855998	0.002037	7.4
1528	-1.101814	513.217904	0.854396	0.001242	8.0
1529	-1.110064	513.532322	0.853893	0.001294	6.9
1530	-1.102520	513.512075	0.853925	0.001651	6.7
1531	-1.096759	514.510132	0.852334	0.001903	6.6
1532	-1.096338	515.510122	0.850745	0.002837	6.1
1533	-1.106873	516.509838	0.849163	0.002423	6.3
1534	-1.092450	517.509815	0.847586	0.001610	6.3
1535	-1.102008	517.490316	0.847617	0.001803	5.8
1536	-1.109085	518.486675	0.846051	0.001515	5.7
1537	-1.101208	518.467772	0.846081	0.001696	6.0
1538	-1.097903	519.467550	0.844516	0.001658	6.2
1539	-1.103852	519.447215	0.844548	0.001659	6.0
1540	-1.106499	519.426955	0.844579	0.002814	5.9
1541	-1.104231	519.406627	0.844611	0.001498	5.9
1542	-1.102044	519.386290	0.844643	0.001554	5.9
1543	-1.101810	519.455616	0.844535	0.002054	6.0
1544	-1.105228	520.455616	0.842975	0.002444	5.9
1545	-1.094395	520.435710	0.843006	0.002481	6.1
1546	-1.111597	520.448293	0.842986	0.001471	6.0
1547	-1.104209	521.448097	0.841433	0.003192	6.0
1548	-1.100909	521.952538	0.840651	0.001148	5.9
1549	-1.101809	522.242461	0.840202	0.002068	6.3
1550	-1.104407	522.897240	0.839191	0.001083	5.8
1551	-1.096507	522.876907	0.839222	0.001884	6.0
1552	-1.104410	522.859539	0.839249	0.002519	6.1
1553	-1.103357	523.470762	0.838307	0.001118	6.0
1554	-1.109562	524.084572	0.837363	0.001520	5.9
1555	-1.107069	524.974536	0.835998	0.002001	5.8
1556	-1.100165	525.970955	0.834475	0.001695	6.0
1557	-1.110561	526.587542	0.833535	0.000964	5.7
1558	-1.101314	527.501497	0.832146	0.002011	6.0
1559	-1.098208	528.282191	0.830964	0.001066	5.9
1560	-1.101773	528.297152	0.830941	0.003185	5.9
1561	-1.101693	529.294903	0.829434	0.002054	6.0
1562	-1.098895	530.294903	0.827930	0.002334	5.8
1563	-1.106832	530.274565	0.827960	0.000834	6.2
1564	-1.113509	530.254262	0.827991	0.002042	5.7
1565	-1.107857	530.825485	0.827134	0.002160	6.6
1566	-1.111981	530.805148	0.827164	0.001428	6.4
1567	-1.099443	530.784811	0.827195	0.002251	6.5
1568	-1.105577	531.784811	0.825698	0.001270	6.8
1569	-1.100805	531.853309	0.825596	0.002211	6.7
1570	-1.102921	532.840161	0.824125	0.001142	6.2
1571	-1.103868	533.831632	0.822652	0.001363	7.0
1572	-1.107897	533.811554	0.822682	0.001568	7.2
1573	-1.102007	533.875510	0.822587	0.001528	7.2
1574	-1.098422	533.855173	0.822617	0.001331	6.8
1575	-1.104417	534.131278	0.822208	0.001764	8.0
1576	-1.105616	535.121452	0.820744	0.001751	7.0
1577	-1.104534	535.101650	0.820773	0.001134	6.5
1578	-1.102157	536.099661	0.819303	0.001673	8.7
1579	-1.104997	536.079328	0.819333	0.001378	7.5
1580	-1.103759	536.334243	0.818958	0.001737	7.2
1581	-1.100348	536.314609	0.818987	0.001912	7.7
1582	-1.105495	536.294277	0.819017	0.001323	7.2
1583	-1.098923	536.275359	0.819045	0.001536	6.4
1584	-1.094220	536.255022	0.819075	0.001363	7.8
1585	-1.105224	536.264448	0.819061	0.001817	7.8
1586	-1.097862	536.480891	0.818743	0.001710	8.3
1587	-1.103746	536.463810	0.818768	0.001771	7.3
1588	-1.100865	537.463744	0.817302	0.000939	7.4
1589	-1.106846	537.467299	0.817297	0.001403	7.0
1590	-1.098878	538.364844	0.815985	0.001193	6.9
1591	-1.106757	539.124350	0.814879	0.003006	7.0
1592	-1.102243	540.090023	0.813476	0.001680	6.8
1593	-1.097734	540.069685	0.813506	0.001788	7.2
1594	-1.107798	540.049754	0.813535	0.001757	6.9
1595	-1.108247	540.033562	0.813558	0.001588	6.4
1596	-1.101332	541.026617	0.812121	0.002428	7.2
1597	-1.103616	542.026617	0.810678	0.001040	7.3
1598	-1.103482	542.006299	0.810708	0.001337	6.9
1599	-1.108338	542.392694	0.810152	0.001949	7.7
1600	-1.102212	543.052679	0.809204	0.000934	7.1
1601	-1.107639	543.032756	0.809232	0.001736	7.0
1602	-1.101425	543.126287	0.809098	0.001367	7.5
1603	-1.110430	543.105955	0.809127	0.002651	7.0
1604	-1.107356	543.085637	0.809156	0.001408	8.2
1605	-1.104536	544.085217	0.807725	0.001293	6.8
1606	-1.112156	544.299993	0.807418	0.002554	6.9
1607	-1.108250	545.299981	0.805992	0.001526	6.7
1608	-1.103469	546.295478	0.804578	0.001505	7.3
1609	-1.114942	546.275141	0.804607	0.002967	6.6
1610	-1.104814	547.275141	0.803191	0.001278	6.7
1611	-1.101605	548.275141	0.801780	0.001041	6.1
1612	-1.103937	548.259850	0.801802	0.001877	6.3
1613	-1.104709	548.239939	0.801830	0.002618	6.6
1614	-1.095089	548.219611	0.801858	0.002357	6.3
1615	-1.108977	548.199273	0.801887	0.002029	6.8
1616	-1.103271	548.178940	0.801916	0.001158	6.3
1617	-1.100685	548.797744	0.801045	0.001651	6.2
1618	-1.102202	548.897329	0.800905	0.002436	6.6
1619	-1.099661	549.241884	0.800421	0.002768	7.6
1620	-1.106515	549.304375	0.800333	0.001609	6.7
1621	-1.096982	549.470948	0.800099	0.001987	6.5
1622	-1.104721	549.459555	0.800115	0.002391	6.2
1623	-1.097524	549.440160	0.800143	0.002068	6.3
1624	-1.102679	550.440160	0.798742	0.002661	6.0
1625	-1.105839	551.439996	0.797347	0.001751	6.1
1626	-1.104690	552.439995	0.795957	0.001020	6.5
1627	-1.107156	552.419658	0.795985	0.001809	6.5
1628	-1.112180	552.722063	0.795565	0.001100	6.6
1629	-1.099815	552.701837	0.795594	0.003253	6.2
1630	-1.102893	553.701830	0.794209	0.001191	6.6
1631	-1.109442	553.682257	0.794236	0.001821	7.1
1632	-1.105145	554.616274	0.792947	0.001733	6.6
1633	-1.106004	555.616274	0.791572	0.001945	6.5
1634	-1.106337	556.616117	0.790202	0.003062	7.3
1635	-1.111046	556.637116	0.790173	0.001806	8.1
1636	-1.107986	557.635903	0.788809	0.001176	7.5
1637	-1.101232	558.532473	0.787589	0.001766	7.0
1638	-1.099863	558.636337	0.787448	0.001213	7.4
1639	-1.111377	558.880115	0.787117	0.001150	6.9
1640	-1.106054	559.868841	0.785777	0.001283	7.7
1641	-1.098884	559.889467	0.785749	0.001639	6.8
1642	-1.100357	559.869608	0.785776	0.001776	7.2
1643	-1.103629	559.849275	0.785804	0.002112	7.4
1644	-1.097839	559.929429	0.785695	0.001742	7.0
1645	-1.105058	559.923664	0.785703	0.001598	7.0
1646	-1.111355	559.909922	0.785722	0.003197	6.3
1647	-1.099577	559.889737	0.785749	0.001718	7.3
1648	-1.105568	560.889737	0.784399	0.001436	6.7
1649	-1.104987	560.875226	0.784418	0.001470	7.8
1650	-1.099282	560.854916	0.784446	0.001267	7.3
1651	-1.103362	560.836215	0.784471	0.002426	6.9
1652	-1.101217	561.306344	0.783837	0.001011	6.7
1653	-1.101840	561.336652	0.783797	0.001058	6.7
1654	-1.108806	561.320749	0.783818	0.002822	6.5
1655	-1.108017	562.320745	0.782474	0.001622	6.4
1656	-1.104668	562.300407	0.782502	0.001704	6.4
1657	-1.102638	562.491423	0.782245	0.002421	6.9
1658	-1.102252	562.476646	0.782265	0.001385	7.1
1659	-1.101523	563.476644	0.780927	0.001577	6.4
1660	-1.104715	563.456328	0.780954	0.001055	6.7
1661	-1.095783	563.436729	0.780980	0.001867	6.5
1662	-1.106408	563.661033	0.780681	0.000838	6.4
1663	-1.101865	563.642748	0.780705	0.002195	6.5
1664	-1.098375	563.622424	0.780732	0.000814	7.1
1665	-1.106616	564.549179	0.779496	0.001477	7.0
1666	-1.102957	564.547142	0.779499	0.000959	7.9
1667	-1.106210	564.526828	0.779526	0.001585	7.3
1668	-1.104346	564.530273	0.779522	0.002826	7.0
1669	-1.100849	564.509935	0.779549	0.001772	6.5
1670	-1.104327	565.509931	0.778220	0.001640	7.3
1671	-1.102786	565.490012	0.778246	0.001393	6.3
1672	-1.107593	566.464511	0.776955	0.001325	6.3
1673	-1.098888	566.448486	0.776976	0.002287	6.4
1674	-1.112343	567.060992	0.776167	0.000955	6.3
1675	-1.102035	567.793086	0.775202	0.001409	6.8
1676	-1.104185	567.773263	0.775228	0.002314	6.3
1677	-1.107150	567.752926	0.775255	0.001247	6.2
1678	-1.107707	567.738068	0.775274	0.002167	6.9
1679	-1.115375	567.717733	0.775301	0.001651	6.6
1680	-1.101021	567.730445	0.775284	0.001104	6.2
1681	-1.104558	568.659248	0.774063	0.001747	6.5
1682	-1.097625	568.638924	0.774090	0.001909	6.2
1683	-1.102835	568.618805	0.774116	0.002731	6.9
1684	-1.095900	568.598467	0.774143	0.000671	7.2
1685	-1.117722	568.578270	0.774169	0.001699	6.6
1686	-1.102315	568.573655	0.774175	0.001106	6.5
1687	-1.102708	568.671484	0.774047	0.002280	6.6
1688	-1.098123	568.651614	0.774073	0.001777	6.7
1689	-1.103363	568.631639	0.774099	0.002228	6.4
1690	-1.111317	568.697229	0.774013	0.002423	6.3
1691	-1.101233	569.402487	0.773089	0.001663	6.6
1692	-1.103976	569.382149	0.773115	0.002001	9.1
1693	-1.106200	569.361811	0.773142	0.002293	6.9
1694	-1.105681	569.341473	0.773169	0.001414	6.6
1695	-1.103530	569.327108	0.773187	0.001644	6.5
1696	-1.100247	569.307490	0.773213	0.001658	7.0
1697	-1.104960	570.307480	0.771905	0.001806	6.6
1698	-1.101101	571.170648	0.770780	0.001019	6.9
1699	-1.100271	572.112545	0.769556	0.002940	6.9
1700	-1.103285	573.102680	0.768274	0.002104	6.2
1701	-1.099969	573.082342	0.768300	0.001615	7.1
1702	-1.106306	574.082325	0.767009	0.001561	6.5
1703	-1.106403	574.061987	0.767035	0.001254	6.2
1704	-1.094759	574.041798	0.767061	0.001881	8.6
1705	-1.104945	574.317626	0.766706	0.001532	6.7
1706	-1.099834	575.317623	0.765420	0.001437	6.6
1707	-1.104216	575.297285	0.765446	0.001828	6.4
1708	-1.102477	576.228284	0.764253	0.001866	6.3
1709	-1.103472	576.208076	0.764279	0.002072	6.7
1710	-1.104421	577.208073	0.763001	0.001684	6.6
1711	-1.100451	577.187766	0.763027	0.001805	7.1
1712	-1.106681	577.167948	0.763052	0.001033	7.0
1713	-1.097106	577.158006	0.763065	0.001086	6.7
1714	-1.107267	577.137956	0.763091	0.001958	6.5
1715	-1.097107	578.130818	0.761826	0.001644	6.6
1716	-1.105001	578.110484	0.761852	0.002043	6.4
1717	-1.105544	578.261629	0.761660	0.001333	6.0
1718	-1.100792	578.834697	0.760932	0.001563	6.3
1719	-1.104196	578.827775	0.760941	0.001458	5.9
1720	-1.097556	579.114814	0.760577	0.002116	6.4
1721	-1.103330	579.614321	0.759944	0.001529	6.4
1722	-1.105482	579.595855	0.759968	0.001601	5.9
1723	-1.104486	579.580776	0.759987	0.001999	6.2
1724	-1.106596	579.568013	0.760003	0.002070	6.5
1725	-1.099671	580.567985	0.758740	0.001281	6.2
1726	-1.107646	581.567983	0.757480	0.001457	6.2
1727	-1.099518	581.547646	0.757506	0.002169	6.3
1728	-1.103071	582.547586	0.756251	0.002609	6.5
1729	-1.101241	582.527248	0.756276	0.002809	5.9
1730	-1.104605	582.506910	0.756302	0.001571	6.4
1731	-1.098819	582.486572	0.756327	0.001293	6.3
1732	-1.104008	582.467063	0.756352	0.001191	6.1
1733	-1.110027	582.645118	0.756129	0.002413	6.1
1734	-1.104880	582.635814	0.756140	0.001899	6.3
1735	-1.095774	583.635807	0.754890	0.001261	6.3
1736	-1.109223	584.064155	0.754355	0.002030	5.9
1737	-1.103601	584.184313	0.754206	0.001936	6.2
1738	-1.103879	585.184313	0.752962	0.001789	6.4
1739	-1.100586	586.184195	0.751722	0.002232	6.1
1740	-1.099294	586.382809	0.751476	0.001688	6.3
1741	-1.104463	587.373882	0.750252	0.001976	6.0
1742	-1.100210	588.369933	0.749025	0.001385	6.1
1743	-1.101879	588.350201	0.749050	0.001042	6.5
1744	-1.096313	589.332786	0.747844	0.001955	6.2
1745	-1.101543	589.312450	0.747869	0.001488	6.5
1746	-1.095381	589.351407	0.747821	0.002369	6.2
1747	-1.105268	590.351392	0.746598	0.001530	6.3
1748	-1.100930	590.331053	0.746622	0.001805	5.9
1749	-1.099199	590.410174	0.746526	0.002112	5.9
1750	-1.100476	591.402536	0.745316	0.001675	6.0
1751	-1.110823	592.402535	0.744101	0.001240	6.2
1752	-1.100749	593.151061	0.743194	0.000724	5.8
1753	-1.104072	593.132031	0.743217	0.002360	6.1
1754	-1.100629	593.868231	0.742327	0.002040	6.3
1755	-1.097033	593.847893	0.742352	0.001109	6.5
1756	-1.106825	593.977869	0.742195	0.001449	6.2
1757	-1.103477	594.072942	0.742080	0.000947	6.3
1758	-1.108650	594.054821	0.742102	0.002646	5.8
1759	-1.106095	594.999807	0.740964	0.001495	5.9
1760	-1.102764	595.997901	0.739765	0.001047	6.2
1761	-1.105939	596.204962	0.739517	0.002043	5.8
1762	-1.097889	597.156256	0.738379	0.002523	6.0
1763	-1.103034	598.156252	0.737186	0.002268	6.6
1764	-1.100390	598.203475	0.737130	0.001054	6.0
1765	-1.108148	598.183275	0.737154	0.001524	7.5
1766	-1.113251	598.950042	0.736242	0.001285	6.6
1767	-1.103945	598.930895	0.736265	0.001291	7.1
1768	-1.103232	599.903684	0.735112	0.001935	6.1
1769	-1.098956	599.917713	0.735095	0.002383	6.0
1770	-1.104235	599.897375	0.735119	0.001420	6.2
1771	-1.103792	599.877037	0.735143	0.001705	8.4
1772	-1.107493	600.728229	0.734137	0.000918	6.9
1773	-1.103664	600.708249	0.734160	0.001354	6.8
1774	-1.098256	600.859724	0.733981	0.001323	6.5
1775	-1.095235	601.850040	0.732814	0.001076	7.2
1776	-1.102440	601.838070	0.732828	0.001215	6.7
1777	-1.101019	601.952719	0.732694	0.002089	6.2
1778	-1.116412	601.933844	0.732716	0.002252	7.0
1779	-1.100613	601.924139	0.732727	0.002111	6.5
1780	-1.104645	601.903801	0.732751	0.001876	6.0
1781	-1.100512	602.005034	0.732632	0.001549	6.0
1782	-1.105288	603.005033	0.731458	0.000759	6.0
1783	-1.109449	602.985000	0.731481	0.000923	7.2
1784	-1.100928	603.074968	0.731376	0.002054	6.8
1785	-1.101120	603.054643	0.731400	0.002072	7.9
1786	-1.104523	604.053536	0.730231	0.000800	9.4
1787	-1.113033	604.047474	0.730238	0.002415	6.8
1788	-1.103472	604.035562	0.730252	0.001968	6.6
1789	-1.111588	605.035562	0.729086	0.002460	7.4
1790	-1.110057	605.026254	0.729096	0.002391	6.6
1791	-1.104020	605.005916	0.729120	0.001156	6.5
1792	-1.112181	605.397032	0.728665	0.002425	6.5
1793	-1.107117	605.385830	0.728678	0.001793	6.6
1794	-1.107150	606.381754	0.727521	0.001385	6.6
1795	-1.096578	606.361427	0.727545	0.001676	6.5
1796	-1.108463	606.341088	0.727568	0.000992	6.4
1797	-1.105208	606.321268	0.727591	0.001798	6.2
1798	-1.108364	606.937179	0.726878	0.001448	6.5
1799	-1.104159	607.937095	0.725722	0.001665	6.6
1800	-1.103489	608.929849	0.724578	0.001288	6.3
1801	-1.103604	608.994496	0.724504	0.001368	6.2
1802	-1.113863	609.560126	0.723854	0.001907	6.6
1803	-1.097820	609.539788	0.723877	0.002271	6.0
1804	-1.105465	609.634769	0.723768	0.001446	6.1
1805	-1.098987	609.614431	0.723792	0.001727	6.1
1806	-1.093925	610.614318	0.722646	0.001977	6.1
1807	-1.103417	610.593982	0.722669	0.001663	5.9
1808	-1.102076	610.573644	0.722692	0.001708	6.1
1809	-1.104634	610.554404	0.722714	0.001858	5.9
1810	-1.100146	610.534073	0.722738	0.001622	6.0
1811	-1.106968	611.528445	0.721601	0.002355	5.9
1812	-1.102188	612.528442	0.720462	0.001906	6.2
1813	-1.104619	612.508104	0.720486	0.001327	6.2
1814	-1.105892	613.506431	0.719352	0.001899	6.0
1815	-1.105054	613.503188	0.719356	0.001677	6.4
1816	-1.108131	614.503118	0.718224	0.002691	6.4
1817	-1.096500	615.286079	0.717340	0.001327	6.3
1818	-1.096605	616.286079	0.716214	0.001757	5.9
1819	-1.108984	616.265922	0.716237	0.001573	6.1
1820	-1.102765	616.258488	0.716245	0.001847	6.2
1821	-1.106645	617.258487	0.715123	0.001739	6.2
1822	-1.101582	617.238781	0.715145	0.001615	6.0
1823	-1.108114	618.234335	0.714032	0.001557	5.8
1824	-1.103413	618.303315	0.713954	0.001118	5.8
1825	-1.106307	618.283178	0.713977	0.001871	6.5
1826	-1.106946	619.186408	0.712970	0.001751	6.1
1827	-1.101180	619.178597	0.712978	0.001413	5.9
1828	-1.103557	619.175296	0.712982	0.001461	6.0
1829	-1.103887	619.255569	0.712893	0.001403	6.0
1830	-1.108423	619.263716	0.712884	0.003109	6.0
1831	-1.101915	619.243447	0.712906	0.001903	5.8
1832	-1.100693	620.243447	0.711794	0.002612	6.0
1833	-1.110954	620.225833	0.711814	0.001106	5.9
1834	-1.096995	620.208077	0.711834	0.001379	6.7
1835	-1.104335	620.194035	0.711849	0.001226	5.6
1836	-1.111006	620.203248	0.711839	0.002298	6.0
1837	-1.109234	621.203031	0.710731	0.001631	6.2
1838	-1.110125	621.182731	0.710753	0.001701	6.1
1839	-1.110187	621.162931	0.710775	0.001707	6.0
1840	-1.107156	622.156648	0.709677	0.002309	5.6
1841	-1.109371	622.136309	0.709699	0.001490	6.3
1842	-1.098316	622.116819	0.709721	0.001884	5.8
1843	-1.102639	623.110800	0.708626	0.002052	5.9
1844	-1.102545	623.090462	0.708648	0.001576	6.2
1845	-1.105578	624.090461	0.707550	0.001612	5.7
1846	-1.105785	624.070138	0.707572	0.001652	5.9
1847	-1.103414	624.934608	0.706625	0.001547	6.0
1848	-1.093729	624.977876	0.706578	0.002419	6.5
1849	-1.101462	624.957537	0.706600	0.002190	6.0
1850	-1.103759	625.957537	0.705508	0.001264	5.9
1851	-1.101381	625.937246	0.705530	0.002656	5.8
1852	-1.112387	626.003479	0.705458	0.001387	6.1
1853	-1.100264	627.003479	0.704369	0.001960	6.5
1854	-1.103027	627.007717	0.704364	0.002078	6.0
1855	-1.108367	627.848245	0.703452	0.001520	6.1
1856	-1.107434	627.827913	0.703474	0.001319	6.0
1857	-1.105206	627.807590	0.703496	0.001868	6.0
1858	-1.104968	627.788034	0.703517	0.001279	5.7
1859	-1.101350	628.314826	0.702946	0.001796	5.9
1860	-1.100258	629.089492	0.702109	0.001798	6.6
1861	-1.108328	630.089491	0.701030	0.001241	5.9
1862	-1.103032	630.853822	0.700208	0.001303	5.9
1863	-1.105165	630.833714	0.700230	0.001335	5.9
1864	-1.108592	631.520667	0.699493	0.002077	5.9
1865	-1.103562	632.517416	0.698426	0.001611	5.9
1866	-1.102706	633.516128	0.697360	0.001008	6.2
1867	-1.098282	633.575481	0.697297	0.001174	5.9
1868	-1.104260	633.555161	0.697319	0.000782	5.8
1869	-1.107991	633.543575	0.697331	0.001221	5.8
1870	-1.102349	633.544804	0.697330	0.000905	6.3
1871	-1.106318	633.560769	0.697313	0.002400	5.9
1872	-1.106705	634.513005	0.696300	0.001290	5.9
1873	-1.108447	634.492667	0.696321	0.002495	6.0
1874	-1.097516	635.492643	0.695261	0.001810	5.8
1875	-1.105601	636.492626	0.694203	0.002452	5.9
1876	-1.105065	637.408173	0.693238	0.000781	5.8
1877	-1.105945	637.388891	0.693258	0.002038	5.9
1878	-1.103865	637.385501	0.693262	0.003090	6.0
1879	-1.108971	637.365163	0.693283	0.001548	6.8
1880	-1.104352	637.344825	0.693305	0.001788	6.1
1881	-1.104230	638.343894	0.692254	0.003092	6.0
1882	-1.102066	639.343882	0.691206	0.001537	6.0
1883	-1.098559	640.343449	0.690161	0.001085	6.0
1884	-1.102067	640.362926	0.690141	0.002320	6.4
1885	-1.100846	640.342589	0.690162	0.002272	5.9
1886	-1.099115	641.342589	0.689120	0.001911	6.0
1887	-1.112795	642.074140	0.688360	0.001371	6.1
1888	-1.103743	642.053819	0.688381	0.000881	6.3
1889	-1.101427	642.222863	0.688205	0.001357	6.0
1890	-1.107165	642.256173	0.688171	0.001628	5.8
1891	-1.104734	642.235851	0.688192	0.002319	6.1
1892	-1.106664	642.215595	0.688213	0.001223	6.0
1893	-1.093360	643.213845	0.687178	0.002108	6.9
1894	-1.098930	643.755799	0.686618	0.001749	6.3
1895	-1.108259	643.735493	0.686639	0.001507	5.9
1896	-1.109555	643.715155	0.686660	0.002598	5.9
1897	-1.107208	644.715153	0.685629	0.002251	6.3
1898	-1.107902	644.694815	0.685650	0.001808	6.1
1899	-1.099067	645.621523	0.684697	0.002091	5.7
1900	-1.103658	646.621326	0.683671	0.001835	5.8
1901	-1.106529	646.601095	0.683692	0.001231	6.3
1902	-1.111659	646.582117	0.683711	0.002146	5.9
1903	-1.104785	646.561780	0.683732	0.001117	5.7
1904	-1.106629	647.558413	0.682713	0.001584	6.1
1905	-1.103449	647.678683	0.682590	0.002221	6.0
1906	-1.102121	647.658345	0.682611	0.001626	5.9
1907	-1.102122	647.638322	0.682631	0.002006	5.7
1908	-1.111938	647.618983	0.682651	0.001788	5.8
1909	-1.102189	648.618975	0.681632	0.001003	6.2
1910	-1.110707	648.599455	0.681651	0.001272	6.1
1911	-1.104698	648.579859	0.681671	0.002135	6.0
1912	-1.100976	648.642434	0.681608	0.001916	6.0
1913	-1.105674	648.622096	0.681628	0.002147	5.9
1914	-1.105866	648.601835	0.681649	0.002036	5.7
1915	-1.109382	648.581537	0.681670	0.001458	6.2
1916	-1.108018	648.561199	0.681690	0.002213	6.0
1917	-1.103916	648.540861	0.681711	0.002149	5.9
1918	-1.114160	649.418375	0.680819	0.001374	5.9
1919	-1.099875	649.398037	0.680840	0.001008	5.9
1920	-1.109318	649.384487	0.680853	0.001681	6.3
1921	-1.098983	649.364158	0.680874	0.001339	6.1
1922	-1.105744	649.344692	0.680894	0.001921	5.9
1923	-1.109693	649.324356	0.680914	0.001491	6.9
1924	-1.100881	649.310026	0.680929	0.001289	6.1
1925	-1.102058	649.290526	0.680949	0.001407	6.2
1926	-1.104060	649.276333	0.680963	0.001851	6.6
1927	-1.106959	650.272411	0.679953	0.002041	6.0
1928	-1.102139	651.037945	0.679178	0.000963	6.1
1929	-1.101362	651.017648	0.679199	0.001097	6.0
1930	-1.111944	651.248445	0.678965	0.002785	6.2
1931	-1.103292	651.228107	0.678986	0.002529	6.5
1932	-1.105568	652.225444	0.677980	0.001358	6.3
1933	-1.105485	653.225108	0.676975	0.002087	5.9
1934	-1.106732	653.204770	0.676995	0.001676	6.1
1935	-1.102922	654.204770	0.675993	0.001556	6.2
1936	-1.103691	654.184433	0.676013	0.000797	6.7
1937	-1.106623	654.164735	0.676033	0.001663	6.0
1938	-1.106894	654.164884	0.676033	0.002275	6.1
1939	-1.109185	655.164879	0.675033	0.001566	6.2
1940	-1.101929	656.058928	0.674141	0.001262	6.0
1941	-1.106361	656.890926	0.673314	0.001212	6.6
1942	-1.107823	656.870623	0.673334	0.001225	6.0
1943	-1.102820	656.886723	0.673318	0.001201	6.4
1944	-1.101717	657.506543	0.672703	0.001850	6.4
1945	-1.097132	657.486216	0.672723	0.001336	6.3
1946	-1.102622	657.483107	0.672726	0.001959	6.0
1947	-1.102051	658.411818	0.671807	0.001973	6.4
1948	-1.105638	658.391480	0.671827	0.002033	6.0
1949	-1.105058	658.371142	0.671847	0.001232	6.3
1950	-1.107355	659.311904	0.670918	0.002010	6.1
1951	-1.099642	660.254516	0.669990	0.000798	6.2
1952	-1.105081	660.283654	0.669961	0.002166	6.2
1953	-1.103717	661.225056	0.669037	0.001148	6.6
1954	-1.098160	661.492125	0.668775	0.001664	6.0
1955	-1.107572	661.476733	0.668790	0.002392	6.1
1956	-1.098080	661.456395	0.668810	0.002361	6.2
1957	-1.105492	662.456395	0.667831	0.000977	6.2
1958	-1.109095	662.901855	0.667396	0.000787	6.2
1959	-1.101374	662.947297	0.667352	0.001442	5.9
1960	-1.103682	663.851367	0.666471	0.002877	5.9
1961	-1.107651	664.851244	0.665499	0.001357	6.2
1962	-1.103021	664.830929	0.665519	0.002959	6.5
1963	-1.092549	665.142010	0.665217	0.002528	6.4
1964	-1.109347	666.142010	0.664249	0.001147	5.9
1965	-1.103055	666.121836	0.664269	0.002357	6.2
1966	-1.103672	666.101606	0.664288	0.001350	6.1
1967	-1.101859	666.082337	0.664307	0.001224	5.9
1968	-1.104142	666.087091	0.664302	0.001912	6.0
1969	-1.110120	667.083381	0.663340	0.002668	5.8
1970	-1.104183	667.063043	0.663360	0.001416	5.8
1971	-1.107175	667.042726	0.663380	0.002078	6.1
1972	-1.104813	668.042382	0.662417	0.002905	6.0
1973	-1.102504	668.022044	0.662437	0.002206	5.9
1974	-1.103025	669.022043	0.661477	0.001643	6.1
1975	-1.099763	669.001951	0.661496	0.001830	6.0
1976	-1.103322	668.981613	0.661515	0.001473	6.3
1977	-1.105631	669.975200	0.660564	0.001200	6.4
1978	-1.103961	669.955166	0.660583	0.000930	5.8
1979	-1.104547	670.366303	0.660191	0.001386	6.5
1980	-1.095558	670.346082	0.660210	0.001143	6.3
1981	-1.106812	670.452646	0.660108	0.001026	6.7
1982	-1.104368	670.497930	0.660065	0.002137	6.1
1983	-1.102823	670.477656	0.660084	0.002065	6.2
1984	-1.103848	671.477656	0.659131	0.002220	6.1
1985	-1.099994	672.477656	0.658181	0.002310	6.3
1986	-1.100593	672.457318	0.658200	0.000897	6.3
1987	-1.102677	673.299870	0.657401	0.001862	6.1
1988	-1.111710	673.279652	0.657420	0.001591	6.3
1989	-1.107054	673.259348	0.657439	0.001427	6.3
1990	-1.102801	673.239010	0.657459	0.002637	5.9
1991	-1.102174	673.218672	0.657478	0.002628	5.8
1992	-1.111529	673.198334	0.657497	0.001379	6.2
1993	-1.108430	674.197639	0.656552	0.001077	5.8
1994	-1.105808	674.178641	0.656570	0.001019	6.0
1995	-1.101098	674.234679	0.656517	0.003204	6.0
1996	-1.106835	675.229459	0.655579	0.002408	6.1
1997	-1.102180	675.209123	0.655598	0.002389	6.2
1998	-1.110509	675.188785	0.655617	0.001373	7.2
1999	-1.105803	676.188441	0.654677	0.002260	6.0
