1:ItNr	2:Metric	3a:Time	3b:StepSize	4:||Gradient||	Time[ms]
0	-0.426035	0.000000	14.973580	0.015183	84.2
1	-0.411239	0.000000	14.973580	0.016353	7.3
2	-0.412041	0.000000	14.973580	0.019294	7.1
3	-0.415822	0.000000	14.973580	0.019680	7.2
4	-0.417802	0.996684	14.295117	0.013757	6.9
5	-0.423007	0.652649	14.522250	0.018964	7.8
6	-0.418268	0.308028	14.757122	0.026638	7.2
7	-0.412655	0.000000	14.973580	0.013673	6.8
8	-0.418748	0.000000	14.973580	0.013669	6.9
9	-0.426029	0.000000	14.973580	0.012708	7.0
10	-0.426187	0.999973	14.292980	0.021476	6.3
11	-0.423396	1.999973	13.671546	0.011920	6.6
12	-0.423115	1.655339	13.879518	0.020868	6.5
13	-0.422171	1.310751	14.093886	0.017253	6.5
14	-0.419149	0.966083	14.315032	0.015095	6.7
15	-0.419172	0.621415	14.543229	0.017239	6.2
16	-0.432529	1.621414	13.900333	0.016695	7.0
17	-0.429445	1.276746	14.115400	0.016194	6.8
18	-0.424189	2.276746	13.508984	0.013293	6.8
19	-0.422670	2.026296	13.655917	0.017740	6.8
20	-0.432850	1.681628	13.863431	0.018828	6.4
21	-0.429672	2.681628	13.278022	0.018497	6.5
22	-0.434966	3.681628	12.740050	0.017219	7.2
23	-0.433238	4.681600	12.243987	0.014247	6.4
24	-0.436469	5.681600	11.785094	0.017763	6.3
25	-0.432257	5.336933	11.939324	0.017949	6.5
26	-0.429420	6.336932	11.502577	0.014563	6.5
27	-0.432870	7.336932	11.096656	0.026242	6.4
28	-0.430417	8.336932	10.718407	0.032623	6.7
29	-0.433401	9.336932	10.365095	0.011737	6.7
30	-0.432718	10.336932	10.034332	0.018077	7.1
31	-0.435546	10.096234	10.112002	0.016053	6.1
32	-0.434481	11.096219	9.796954	0.012961	6.6
33	-0.435993	10.751551	9.903301	0.018188	6.4
34	-0.434353	10.406980	10.011952	0.014246	6.8
35	-0.434436	11.401624	9.704612	0.017936	6.7
36	-0.431673	12.401624	9.414069	0.021744	6.4
37	-0.443651	13.401624	9.140417	0.018125	6.6
38	-0.436649	14.392580	8.884494	0.020689	6.0
39	-0.433520	15.392544	8.640374	0.014914	5.9
40	-0.439604	16.392544	8.409302	0.014309	7.0
41	-0.434063	16.047876	8.487536	0.020463	6.4
42	-0.441043	17.047876	8.264461	0.017747	6.8
43	-0.439333	18.047876	8.052811	0.023668	6.5
44	-0.428561	19.047876	7.851732	0.012033	7.3
45	-0.442466	20.047876	7.660449	0.016781	6.7
46	-0.436303	19.703208	7.725317	0.019280	6.7
47	-0.439525	20.703208	7.540072	0.011622	6.6
48	-0.446670	20.361583	7.602349	0.012378	6.3
49	-0.436620	20.016953	7.666225	0.015033	6.7
50	-0.437985	19.672670	7.731117	0.017140	6.9
51	-0.445046	20.672670	7.545597	0.018203	6.6
52	-0.431748	20.328002	7.608526	0.018021	6.2
53	-0.439724	19.983334	7.672513	0.016700	6.4
54	-0.440686	20.965483	7.492948	0.020612	6.4
55	-0.449560	21.965471	7.318555	0.020034	6.7
56	-0.438935	21.620981	7.377709	0.016807	6.8
57	-0.444737	22.620981	7.208576	0.017604	6.6
58	-0.442153	22.276840	7.265900	0.015767	7.0
59	-0.451908	23.276840	7.101798	0.016083	6.3
60	-0.447056	24.276840	6.944945	0.016815	6.6
61	-0.446851	23.932172	6.998219	0.011045	6.5
62	-0.442684	24.932172	6.845859	0.021319	6.6
63	-0.445088	25.932108	6.700001	0.011004	6.4
64	-0.443777	26.931814	6.560260	0.021327	6.8
65	-0.442971	26.587146	6.607776	0.018857	6.7
66	-0.447894	27.587146	6.471777	0.011979	6.7
67	-0.444130	28.587146	6.341264	0.013880	6.4
68	-0.447652	28.242981	6.385584	0.023484	7.0
69	-0.449252	29.242981	6.258490	0.014912	6.8
70	-0.444861	30.242981	6.136356	0.012946	6.4
71	-0.435685	29.898313	6.177910	0.008538	6.4
72	-0.445241	30.897802	6.058931	0.009705	7.1
73	-0.439932	30.843393	6.065289	0.011732	6.6
74	-0.437657	30.498725	6.105883	0.015366	6.5
75	-0.440478	30.154075	6.147021	0.011023	6.7
76	-0.447786	30.465061	6.109877	0.015262	6.7
77	-0.457937	31.465056	5.993421	0.010898	6.6
78	-0.436194	32.465056	5.881321	0.016913	6.4
79	-0.448956	33.465056	5.773338	0.017372	6.5
80	-0.447079	33.120388	5.810106	0.017283	6.4
81	-0.441162	34.120388	5.704698	0.018422	6.6
82	-0.447263	33.775720	5.740594	0.016600	6.4
83	-0.441331	33.457652	5.774123	0.017634	6.6
84	-0.438358	33.162606	5.805577	0.016403	6.8
85	-0.435401	32.817938	5.842758	0.018732	6.3
86	-0.447028	32.473270	5.880418	0.018807	7.0
87	-0.438653	32.129001	5.918522	0.020904	6.8
88	-0.439701	31.784501	5.957150	0.020574	6.4
89	-0.448570	32.784501	5.846390	0.029848	6.7
90	-0.448623	33.784501	5.739674	0.015371	6.6
91	-0.447814	33.439833	5.776013	0.013811	6.7
92	-0.446734	33.095175	5.812814	0.021350	7.2
93	-0.441156	32.750506	5.850088	0.021449	6.4
94	-0.448537	32.405838	5.887843	0.015248	6.6
95	-0.445148	32.061170	5.926088	0.019276	6.5
96	-0.453363	33.060925	5.816496	0.016197	6.7
97	-0.452655	34.060925	5.710859	0.019917	7.0
98	-0.455194	33.716343	5.746824	0.009416	6.4
99	-0.447629	33.371675	5.783253	0.015882	6.3
100	-0.446554	33.027490	5.820096	0.022162	6.8
101	-0.443934	34.026537	5.714428	0.013215	6.4
102	-0.455714	33.683438	5.750282	0.013810	6.8
103	-0.451850	33.338770	5.786755	0.021803	6.5
104	-0.455535	32.994102	5.823695	0.018253	6.7
105	-0.453453	33.940846	5.723341	0.021619	6.6
106	-0.452117	34.940846	5.621030	0.017083	6.5
107	-0.452658	35.940846	5.522313	0.013515	6.6
108	-0.447744	36.940846	5.427004	0.018936	6.8
109	-0.459230	36.596178	5.459480	0.021759	6.6
110	-0.453977	37.589584	5.366913	0.018768	7.0
111	-0.452719	38.589584	5.276848	0.012246	7.0
112	-0.455482	38.686306	5.268297	0.013064	6.7
113	-0.448268	39.686278	5.181487	0.011675	7.0
114	-0.453943	39.341610	5.211084	0.016714	7.0
115	-0.449838	40.338243	5.126413	0.018373	6.6
116	-0.451242	41.338243	5.044178	0.012009	6.7
117	-0.452974	41.677240	5.016896	0.008965	6.3
118	-0.456852	41.332851	5.044614	0.016663	6.7
119	-0.462010	40.988201	5.072662	0.020330	6.5
120	-0.450869	41.988201	4.992128	0.021116	6.7
121	-0.451642	42.988201	4.914112	0.014798	6.6
122	-0.463763	43.988201	4.838496	0.012108	6.3
123	-0.458007	43.660179	4.863042	0.014537	6.7
124	-0.452227	43.315512	4.889103	0.021823	7.0
125	-0.456210	44.315511	4.814250	0.021602	6.5
126	-0.451149	43.989301	4.838414	0.016781	6.4
127	-0.450644	44.989301	4.765093	0.015941	6.3
128	-0.456514	44.644635	4.790112	0.014351	6.9
129	-0.452439	45.644635	4.718237	0.015854	6.6
130	-0.454241	46.644635	4.648487	0.020416	6.3
131	-0.451835	47.644635	4.580768	0.017132	6.9
132	-0.458524	48.586780	4.518749	0.013757	6.5
133	-0.452581	48.242112	4.541242	0.026894	6.5
134	-0.461031	47.897444	4.563960	0.020292	7.0
135	-0.459140	48.897444	4.498665	0.022468	6.7
136	-0.457844	49.897444	4.435212	0.025902	6.4
137	-0.465918	49.552776	4.456879	0.016731	6.5
138	-0.455796	49.217566	4.478156	0.014757	6.4
139	-0.462341	50.217566	4.415276	0.013788	6.8
140	-0.457397	49.872898	4.436748	0.016115	6.5
141	-0.468465	50.869296	4.375237	0.011364	6.9
142	-0.462697	50.525921	4.396241	0.017649	6.7
143	-0.460238	51.516692	4.336177	0.012841	6.5
144	-0.460160	52.515934	4.277238	0.016134	6.6
145	-0.466319	52.620065	4.271189	0.016884	6.5
146	-0.458388	53.620041	4.213951	0.025662	6.7
147	-0.460275	53.275375	4.233505	0.010564	6.8
148	-0.457244	52.930707	4.253242	0.013270	6.2
149	-0.451016	52.586043	4.273163	0.013791	6.2
150	-0.458921	52.241375	4.293272	0.019939	6.5
151	-0.460415	53.241374	4.235444	0.013717	6.8
152	-0.465418	54.241263	4.179159	0.018709	6.9
153	-0.458243	55.201587	4.126491	0.018905	6.1
154	-0.461931	54.857057	4.145233	0.018284	6.8
155	-0.459211	55.857057	4.091299	0.013619	6.2
156	-0.466809	55.512856	4.109704	0.011419	6.7
157	-0.461194	55.168196	4.128300	0.017494	6.7
158	-0.464790	55.842051	4.092098	0.018782	6.5
159	-0.459893	55.497383	4.110535	0.021656	6.8
160	-0.456613	56.497383	4.057494	0.009724	6.5
161	-0.458189	56.543106	4.055102	0.014040	6.4
162	-0.471730	57.353689	4.013151	0.012543	7.1
163	-0.458346	58.353687	3.962578	0.016361	6.5
164	-0.458309	59.353683	3.913264	0.011580	6.3
165	-0.453868	59.009016	3.930122	0.017054	6.2
166	-0.462331	60.008590	3.881628	0.031834	6.6
167	-0.462996	61.008590	3.834296	0.013220	6.7
168	-0.456875	62.008590	3.788104	0.015601	6.3
169	-0.460426	62.301389	3.774789	0.018757	6.6
170	-0.460119	63.301389	3.730012	0.031905	6.8
171	-0.463655	64.301389	3.686284	0.016185	6.4
172	-0.462700	63.959764	3.701107	0.026310	6.7
173	-0.454297	64.959764	3.658051	0.015962	6.8
174	-0.468676	65.959764	3.615985	0.015938	6.4
175	-0.453849	66.959764	3.574875	0.021943	6.9
176	-0.464391	67.959764	3.534690	0.020496	6.4
177	-0.459969	68.959764	3.495398	0.013337	6.5
178	-0.465767	68.615115	3.508841	0.019880	6.7
179	-0.461046	69.615115	3.470118	0.017036	6.4
180	-0.457359	70.615115	3.432241	0.017162	6.5
181	-0.455649	71.615115	3.395182	0.012270	5.6
182	-0.462515	72.615115	3.358915	0.013613	5.9
183	-0.459233	72.270447	3.371327	0.020141	6.5
184	-0.458099	73.270447	3.335565	0.019327	6.6
185	-0.462711	74.270447	3.300553	0.013917	6.5
186	-0.456994	74.924871	3.278036	0.016268	5.7
187	-0.462899	75.924871	3.244216	0.015629	6.5
188	-0.462278	76.924871	3.211086	0.011281	6.0
189	-0.457314	77.924871	3.178626	0.014509	6.8
190	-0.463187	78.918355	3.147021	0.012363	6.4
191	-0.461858	79.918353	3.115837	0.022738	6.6
192	-0.461227	80.918288	3.085267	0.013036	7.1
193	-0.455718	81.918288	3.055290	0.013229	6.6
194	-0.462047	82.918287	3.025889	0.016014	6.4
195	-0.461992	82.573619	3.035958	0.013036	6.7
196	-0.463248	83.573619	3.006926	0.017325	6.4
197	-0.457052	84.570287	2.978539	0.020074	7.0
198	-0.463271	85.570287	2.950590	0.016102	5.9
199	-0.464763	86.570287	2.923160	0.015498	6.3
200	-0.462375	87.569675	2.896252	0.018366	6.6
201	-0.471719	87.225007	2.905476	0.014532	6.6
202	-0.466476	86.880339	2.914759	0.016954	6.3
203	-0.462121	87.880339	2.887989	0.021918	6.8
204	-0.464659	88.880339	2.861706	0.016368	6.6
205	-0.461260	89.880339	2.835897	0.016092	7.0
206	-0.463339	90.880339	2.810549	0.018495	7.0
207	-0.455050	91.880339	2.785651	0.012181	6.3
208	-0.463722	92.880339	2.761189	0.014496	6.4
209	-0.455314	92.548443	2.769260	0.014987	6.4
210	-0.464725	92.256477	2.776399	0.024333	6.6
211	-0.462667	92.003960	2.782603	0.014414	6.7
212	-0.462959	93.003960	2.758195	0.020270	6.3
213	-0.467675	94.003960	2.734212	0.016722	7.0
214	-0.451643	95.003960	2.710642	0.014122	7.2
215	-0.470404	95.132454	2.707643	0.017951	6.6
216	-0.458861	96.132454	2.684527	0.013098	7.3
217	-0.457847	95.787786	2.692449	0.022726	8.1
218	-0.465816	96.786580	2.669618	0.008992	7.3
219	-0.466410	97.784482	2.647191	0.019887	7.9
220	-0.449373	98.675148	2.627489	0.018888	7.7
221	-0.459053	98.330480	2.635078	0.024640	6.8
222	-0.462165	99.330480	2.613180	0.014847	7.4
223	-0.458440	100.330480	2.591642	0.010676	7.3
224	-0.466986	101.330479	2.570457	0.010122	7.5
225	-0.461459	100.986141	2.577712	0.014606	7.3
226	-0.465113	100.641524	2.585015	0.013466	8.1
227	-0.464160	100.296859	2.592360	0.008846	7.0
228	-0.469726	99.952264	2.599746	0.016820	7.2
229	-0.472935	99.618730	2.606935	0.016243	6.6
230	-0.464856	99.293458	2.613984	0.015137	7.3
231	-0.471715	100.293458	2.592433	0.010727	6.6
232	-0.467437	99.987578	2.598987	0.017727	6.3
233	-0.454099	100.986753	2.577699	0.013066	6.6
234	-0.463217	100.642085	2.585003	0.015187	6.4
235	-0.467938	101.642084	2.563926	0.015149	7.1
236	-0.459296	102.642084	2.543189	0.017356	6.7
237	-0.448276	103.635112	2.522926	0.018099	7.0
238	-0.456869	104.635110	2.502845	0.014798	6.2
239	-0.464388	105.635110	2.483081	0.017279	6.6
240	-0.466531	106.634757	2.463633	0.013224	7.1
241	-0.465495	107.634757	2.444481	0.021508	6.6
242	-0.460643	108.634757	2.425624	0.012579	6.4
243	-0.466939	109.634757	2.407056	0.011963	6.9
244	-0.461768	110.634585	2.388773	0.018892	6.2
245	-0.464484	111.634585	2.370763	0.012527	6.7
246	-0.469015	112.634585	2.353022	0.013295	6.6
247	-0.462612	112.992038	2.346745	0.016324	6.1
248	-0.459411	113.992036	2.329361	0.020393	6.5
249	-0.472371	114.992036	2.312232	0.024765	6.4
250	-0.464083	115.992036	2.295354	0.016474	6.7
251	-0.472127	115.647368	2.301143	0.018660	6.3
252	-0.455919	116.647368	2.284426	0.013990	6.0
253	-0.455383	117.647367	2.267949	0.014861	6.8
254	-0.464123	117.303148	2.273594	0.016160	6.4
255	-0.468096	116.958480	2.279274	0.015158	6.5
256	-0.466361	117.957508	2.262887	0.015662	6.5
257	-0.457262	117.612876	2.268513	0.010657	6.9
258	-0.460073	118.612876	2.252265	0.015074	6.9
259	-0.463887	118.268414	2.257836	0.017987	7.0
260	-0.461367	119.268414	2.241739	0.012781	6.5
261	-0.461663	120.268414	2.225870	0.015446	7.0
262	-0.472653	119.923867	2.231312	0.021489	6.6
263	-0.460565	120.923867	2.215591	0.016543	6.6
264	-0.459661	120.579199	2.220984	0.016535	6.5
265	-0.461024	121.579199	2.205407	0.018018	6.3
266	-0.465663	122.579199	2.190047	0.023200	6.5
267	-0.463651	123.579199	2.174899	0.022480	6.4
268	-0.462255	124.524662	2.160769	0.013951	6.6
269	-0.463865	124.179994	2.165899	0.019499	6.5
270	-0.462705	125.179994	2.151082	0.015260	6.4
271	-0.467740	126.179994	2.136467	0.020325	7.0
272	-0.462986	127.179994	2.122049	0.022524	6.4
273	-0.460115	128.179994	2.107824	0.010466	6.2
274	-0.464608	129.179994	2.093789	0.014098	6.6
275	-0.458331	130.179994	2.079939	0.019676	6.6
276	-0.467644	131.179993	2.066271	0.013925	6.8
277	-0.461071	132.179868	2.052784	0.018498	9.2
278	-0.466354	132.596217	2.047220	0.011609	6.8
279	-0.456160	132.251549	2.051824	0.015635	8.3
280	-0.458522	131.906896	2.056449	0.014227	8.2
281	-0.464883	132.861616	2.043688	0.023332	9.1
282	-0.459505	132.516948	2.048277	0.016341	7.1
283	-0.460622	133.511647	2.035090	0.023331	6.3
284	-0.468631	133.166997	2.039640	0.024624	7.0
285	-0.474092	134.166997	2.026495	0.013802	6.8
286	-0.475028	133.823752	2.030988	0.014380	7.3
287	-0.458624	134.823708	2.017955	0.009620	6.8
288	-0.468727	135.823708	2.005087	0.010217	7.0
289	-0.463876	136.328358	1.998655	0.007976	7.4
290	-0.457815	137.304017	1.986337	0.019964	6.7
291	-0.463336	138.303987	1.973869	0.015164	6.5
292	-0.472868	137.959334	1.978149	0.023347	6.2
293	-0.465289	138.959334	1.965782	0.015061	6.4
294	-0.464778	139.959334	1.953569	0.023340	6.9
295	-0.455561	140.959334	1.941507	0.014393	6.5
296	-0.466688	141.959334	1.929593	0.014192	6.5
297	-0.458488	142.959334	1.917824	0.012957	6.8
298	-0.461430	142.614666	1.921864	0.011588	6.2
299	-0.460929	142.275275	1.925859	0.008639	6.9
300	-0.461210	142.063113	1.928365	0.015146	6.0
301	-0.472047	141.719365	1.932439	0.016200	7.0
302	-0.461380	142.719364	1.920635	0.017611	6.5
303	-0.464695	143.719364	1.908975	0.016456	6.8
304	-0.458672	144.165404	1.903820	0.013934	6.6
305	-0.465433	143.822112	1.907785	0.023185	6.9
306	-0.455642	143.477444	1.911783	0.020131	6.9
307	-0.464530	144.477444	1.900230	0.016563	7.0
308	-0.459961	145.477444	1.888816	0.014253	6.6
309	-0.465082	145.132776	1.892734	0.010098	6.8
310	-0.476220	145.129433	1.892772	0.016030	6.7
311	-0.463317	146.129005	1.881452	0.022295	6.7
312	-0.466728	147.129005	1.870261	0.018593	6.3
313	-0.464996	148.129005	1.859203	0.026529	6.3
314	-0.466365	149.129005	1.848275	0.013946	6.7
315	-0.459153	150.129005	1.837474	0.009839	6.4
316	-0.463694	151.129002	1.826800	0.018742	7.1
317	-0.457263	152.128953	1.816248	0.012828	6.5
318	-0.463365	153.128953	1.805818	0.026771	6.0
319	-0.459751	154.128953	1.795507	0.017643	6.6
320	-0.458725	155.128953	1.785312	0.010769	6.3
321	-0.462701	156.128953	1.775233	0.013006	6.3
322	-0.457406	157.127009	1.765286	0.014554	6.5
323	-0.459873	157.001952	1.766527	0.021197	6.4
324	-0.464063	158.001952	1.756658	0.017426	6.9
325	-0.463348	159.001952	1.746899	0.011695	6.6
326	-0.465561	160.001952	1.737247	0.016664	6.4
327	-0.461000	159.657285	1.740562	0.022821	6.8
328	-0.469459	160.657285	1.730980	0.017485	6.8
329	-0.463734	160.312617	1.734271	0.021240	6.5
330	-0.463329	159.967949	1.737574	0.020669	6.9
331	-0.462663	160.967949	1.728025	0.021077	6.5
332	-0.462074	160.657527	1.730978	0.014718	6.8
333	-0.468679	160.334272	1.734064	0.025428	6.9
334	-0.459912	159.990510	1.737357	0.017615	6.6
335	-0.456259	160.990510	1.727811	0.013748	6.6
336	-0.458904	161.990338	1.718370	0.012732	6.7
337	-0.454874	161.645733	1.721613	0.010376	6.5
338	-0.460555	162.645719	1.712238	0.016762	6.8
339	-0.455781	162.301087	1.715457	0.023526	6.4
340	-0.455395	163.301087	1.706149	0.020822	6.8
341	-0.470842	162.956419	1.709346	0.018451	6.5
342	-0.474477	163.956419	1.700104	0.012119	6.3
343	-0.466523	164.956411	1.690962	0.013127	6.9
344	-0.470860	165.956367	1.681917	0.013064	6.8
345	-0.460521	165.611699	1.685024	0.014276	6.5
346	-0.457294	166.602732	1.676123	0.012121	6.3
347	-0.465971	167.602727	1.667236	0.011530	6.5
348	-0.466383	168.223116	1.661769	0.016439	6.8
349	-0.457197	169.223116	1.653033	0.010592	6.7
350	-0.457401	170.221712	1.644401	0.022835	6.3
351	-0.467840	169.970228	1.646566	0.012502	6.6
352	-0.457633	169.625560	1.649544	0.015315	6.6
353	-0.461886	169.280907	1.652531	0.012831	6.5
354	-0.475717	170.280900	1.643892	0.021141	7.2
355	-0.468087	169.936232	1.646860	0.016312	6.6
356	-0.463720	170.936232	1.638279	0.019334	6.9
357	-0.466120	171.936232	1.629788	0.017081	6.9
358	-0.464520	172.936232	1.621384	0.012936	7.0
359	-0.472226	173.936232	1.613067	0.015455	7.2
360	-0.469169	174.936232	1.604834	0.019204	6.7
361	-0.464014	175.936232	1.596685	0.019346	6.9
362	-0.466890	175.591564	1.599485	0.007999	6.7
363	-0.457614	176.579098	1.591490	0.014084	6.9
364	-0.452083	176.585238	1.591441	0.021759	6.3
365	-0.458077	177.585185	1.583427	0.019681	6.9
366	-0.455672	177.240517	1.586180	0.015299	6.5
367	-0.459211	176.895849	1.588943	0.016382	6.5
368	-0.459661	177.840124	1.581397	0.015166	6.8
369	-0.457991	178.840124	1.573484	0.013955	7.0
370	-0.467000	179.840124	1.565649	0.017536	6.9
371	-0.460298	180.840124	1.557892	0.015084	6.1
372	-0.456819	180.495647	1.560556	0.014247	7.3
373	-0.466307	181.495635	1.552849	0.009838	6.4
374	-0.452815	181.796128	1.550548	0.011879	7.1
375	-0.457414	182.793202	1.542962	0.015368	7.1
376	-0.457455	183.786685	1.535477	0.023965	6.7
377	-0.461440	184.786685	1.528015	0.017027	7.3
378	-0.467584	184.444216	1.530562	0.018854	6.6
379	-0.464333	185.444216	1.523148	0.015182	6.5
380	-0.466796	185.099548	1.525696	0.012502	6.6
381	-0.455622	186.099542	1.518329	0.013642	7.1
382	-0.465047	187.099541	1.511033	0.016511	6.4
383	-0.463840	188.099541	1.503806	0.015006	6.5
384	-0.457660	189.099538	1.496649	0.015173	6.8
385	-0.457687	188.762963	1.499050	0.017327	6.4
386	-0.460754	189.762962	1.491938	0.013674	7.1
387	-0.468507	190.762962	1.484892	0.015834	6.9
388	-0.465098	191.417444	1.480317	0.013102	6.9
389	-0.468588	191.076108	1.482700	0.011940	6.8
390	-0.470249	190.731865	1.485110	0.011582	6.5
391	-0.463324	191.731761	1.478130	0.020810	6.9
392	-0.471849	191.387092	1.480529	0.016415	7.0
393	-0.463127	192.387092	1.473590	0.015707	6.8
394	-0.459668	192.047233	1.475941	0.015191	6.5
395	-0.456716	193.047233	1.469046	0.012693	6.6
396	-0.462007	194.047233	1.462214	0.014946	6.7
397	-0.475669	195.047233	1.455446	0.014793	6.9
398	-0.463337	196.047193	1.448741	0.010868	6.6
399	-0.466171	197.047191	1.442097	0.021989	6.6
400	-0.464332	196.703183	1.444376	0.014054	6.8
401	-0.462838	196.358515	1.446666	0.019442	6.3
402	-0.466016	196.013851	1.448964	0.015786	7.3
403	-0.462648	197.013851	1.442317	0.018394	6.5
404	-0.466044	196.669183	1.444601	0.011625	6.7
405	-0.468980	196.328693	1.446865	0.016192	6.8
406	-0.460058	197.328693	1.440238	0.013827	6.3
407	-0.466032	198.302840	1.433840	0.015986	6.9
408	-0.473020	199.302840	1.427331	0.012840	6.0
409	-0.466968	200.163799	1.421775	0.019346	6.3
410	-0.459149	201.163799	1.415375	0.017542	6.5
411	-0.471594	202.163799	1.409033	0.015424	6.4
412	-0.462549	201.819160	1.411212	0.012704	6.6
413	-0.458230	202.819160	1.404907	0.017872	6.9
414	-0.467608	203.819122	1.398659	0.021251	6.7
415	-0.464197	203.479875	1.400772	0.018306	6.9
416	-0.470097	204.479875	1.394560	0.015067	6.5
417	-0.463427	204.135216	1.396695	0.012153	6.3
418	-0.457986	205.129709	1.390552	0.021906	5.7
419	-0.453968	204.785042	1.392675	0.017230	6.8
420	-0.469300	205.785042	1.386534	0.020654	6.6
421	-0.467156	206.785042	1.380447	0.013488	6.4
422	-0.461053	206.440374	1.382539	0.016894	6.7
423	-0.456204	207.439899	1.376490	0.016843	6.6
424	-0.451864	208.439881	1.370491	0.014925	6.4
425	-0.461373	209.439184	1.364547	0.018339	6.8
426	-0.462956	210.439184	1.358651	0.018727	6.5
427	-0.451498	210.094515	1.360678	0.016843	6.8
428	-0.464791	209.846943	1.362137	0.017844	6.3
429	-0.466600	209.558366	1.363842	0.011514	6.5
430	-0.460743	209.213698	1.365884	0.014761	6.9
431	-0.449727	208.869529	1.367929	0.018925	6.5
432	-0.462122	208.524861	1.369983	0.022422	6.8
433	-0.464541	209.524861	1.364040	0.016387	6.9
434	-0.469069	209.180193	1.366083	0.020572	6.3
435	-0.457735	210.180193	1.360174	0.019164	7.0
436	-0.462569	209.836014	1.362202	0.016756	6.5
437	-0.456751	209.491345	1.364239	0.012774	6.6
438	-0.466494	210.490675	1.358349	0.010946	6.7
439	-0.459626	211.481834	1.352558	0.016590	6.6
440	-0.467158	211.137166	1.354566	0.013671	7.0
441	-0.466409	212.137166	1.348756	0.011468	6.7
442	-0.471443	211.792498	1.350753	0.014548	6.7
443	-0.459694	212.594783	1.346114	0.019053	6.6
444	-0.461644	212.250258	1.348102	0.010467	6.4
445	-0.458467	213.249496	1.342352	0.019982	6.7
446	-0.457327	214.249496	1.336645	0.016755	6.9
447	-0.462651	215.249496	1.330988	0.011637	6.8
448	-0.461097	216.249496	1.325378	0.012330	7.1
449	-0.463646	215.904923	1.327305	0.015603	6.2
450	-0.464939	216.902596	1.321739	0.016811	6.5
451	-0.466119	217.902596	1.316207	0.016056	6.3
452	-0.467498	217.557928	1.318108	0.010743	6.7
453	-0.460973	217.213260	1.320015	0.019765	6.7
454	-0.459538	218.137753	1.314912	0.015465	6.4
455	-0.470876	219.137753	1.309437	0.020311	6.5
456	-0.455309	218.793085	1.311319	0.016147	6.6
457	-0.455626	219.786476	1.305909	0.013717	6.5
458	-0.465626	219.441816	1.307781	0.012017	6.7
459	-0.467310	219.097148	1.309658	0.013338	6.2
460	-0.468162	218.907729	1.310692	0.016732	7.1
461	-0.472631	219.907729	1.305252	0.012419	6.7
462	-0.463255	219.563060	1.307122	0.010947	6.4
463	-0.466419	219.721561	1.306261	0.019612	6.9
464	-0.465464	220.713137	1.300902	0.010329	6.8
465	-0.467224	221.712983	1.295543	0.012965	7.0
466	-0.459513	222.712982	1.290227	0.021042	6.8
467	-0.464759	222.445311	1.291646	0.011460	6.7
468	-0.473822	222.100645	1.293477	0.020724	7.1
469	-0.465839	223.100645	1.288178	0.022196	6.8
470	-0.467102	224.100645	1.282923	0.017004	7.2
471	-0.469580	223.755976	1.284729	0.018859	6.6
472	-0.450015	224.755976	1.279502	0.017931	6.2
473	-0.462071	225.755976	1.274316	0.010493	6.5
474	-0.457726	225.413514	1.276087	0.018000	6.5
475	-0.469771	225.068850	1.277875	0.008625	6.3
476	-0.454910	224.750074	1.279532	0.015310	6.7
477	-0.463617	224.405408	1.281329	0.010067	7.0
478	-0.462056	225.383688	1.276242	0.011835	5.8
479	-0.462295	226.272476	1.271655	0.015195	6.1
480	-0.459487	227.271871	1.266536	0.018759	6.6
481	-0.466834	226.957421	1.268142	0.012268	6.9
482	-0.455775	227.956621	1.263052	0.014359	6.7
483	-0.463507	228.956604	1.257999	0.022236	6.3
484	-0.466421	229.956604	1.252986	0.015689	6.9
485	-0.457418	230.956604	1.248013	0.019316	6.5
486	-0.458830	231.956604	1.243080	0.020270	6.4
487	-0.461638	232.956604	1.238185	0.015322	6.4
488	-0.473644	233.956604	1.233328	0.021521	6.5
489	-0.468845	234.956406	1.228511	0.020470	6.7
490	-0.458266	235.956394	1.223730	0.018050	6.2
491	-0.465124	235.611730	1.225373	0.008679	6.8
492	-0.468808	235.267312	1.227020	0.016164	6.5
493	-0.466481	234.922644	1.228673	0.018682	6.7
494	-0.457046	235.922644	1.223890	0.014288	6.7
495	-0.459436	235.577976	1.225535	0.023308	6.5
496	-0.460635	235.233308	1.227183	0.014674	6.6
497	-0.459630	236.228325	1.222436	0.010185	6.6
498	-0.467306	235.883657	1.224076	0.018304	6.3
499	-0.457729	235.538996	1.225721	0.014100	7.0
500	-0.466538	236.538965	1.220962	0.012243	6.5
501	-0.451423	237.507594	1.216387	0.010856	6.6
502	-0.465514	238.486257	1.211799	0.012739	6.2
503	-0.461823	239.058567	1.209132	0.023286	6.4
504	-0.470200	240.058567	1.204501	0.012671	6.8
505	-0.465738	239.713899	1.206093	0.022691	6.3
506	-0.471227	239.369231	1.207689	0.014721	6.8
507	-0.463104	240.333097	1.203235	0.010901	6.7
508	-0.465820	239.988736	1.204823	0.020716	6.6
509	-0.469119	240.988736	1.200224	0.018110	6.2
510	-0.463472	240.644068	1.201805	0.018788	6.4
511	-0.459479	241.644066	1.197229	0.017589	6.8
512	-0.469900	241.404695	1.198321	0.019411	6.4
513	-0.465968	242.404695	1.193772	0.012011	6.5
514	-0.467018	243.404695	1.189257	0.020628	6.9
515	-0.464877	243.068902	1.190769	0.010242	6.9
516	-0.461043	242.833618	1.191831	0.016296	6.3
517	-0.469857	242.490969	1.193381	0.020042	6.9
518	-0.464414	243.490969	1.188869	0.012088	6.3
519	-0.469153	244.490969	1.184391	0.024746	6.9
520	-0.462243	245.490969	1.179947	0.013474	6.5
521	-0.453154	246.490969	1.175536	0.010117	6.7
522	-0.455675	247.014615	1.173239	0.014565	6.7
523	-0.459085	248.014447	1.168878	0.015964	6.2
524	-0.463664	249.014447	1.164549	0.024860	6.6
525	-0.471301	248.669779	1.166038	0.014236	6.7
526	-0.460859	248.325111	1.167530	0.014893	6.4
527	-0.463812	249.325111	1.163211	0.013640	6.5
528	-0.465307	250.325066	1.158924	0.018724	6.6
529	-0.466106	249.980398	1.160398	0.009630	6.7
530	-0.466724	249.638522	1.161864	0.015509	6.8
531	-0.471559	250.026108	1.160203	0.011402	6.2
532	-0.453250	251.020604	1.155961	0.021682	6.3
533	-0.468056	250.675936	1.157427	0.018786	6.8
534	-0.458956	251.675936	1.153183	0.008803	6.8
535	-0.462356	252.675936	1.148969	0.016529	6.4
536	-0.462234	252.331268	1.150418	0.015663	6.4
537	-0.461523	253.330635	1.146227	0.014085	6.2
538	-0.453935	254.330248	1.142066	0.011490	6.4
539	-0.479701	255.330248	1.137933	0.015025	7.0
540	-0.465268	254.985690	1.139353	0.015289	6.4
541	-0.456928	255.985690	1.135240	0.014261	6.4
542	-0.461357	256.985690	1.131156	0.012288	7.0
543	-0.455379	256.641026	1.132560	0.012692	6.3
544	-0.455825	257.635869	1.128517	0.013210	6.8
545	-0.457943	258.329758	1.125713	0.015564	6.2
546	-0.462973	257.985090	1.127104	0.018018	7.2
547	-0.470879	258.984089	1.123082	0.015833	6.8
548	-0.462647	258.642673	1.124453	0.014880	6.4
549	-0.455703	258.300064	1.125833	0.007399	6.5
550	-0.470101	259.300055	1.121816	0.024360	6.7
551	-0.466037	260.300055	1.117828	0.018528	6.3
552	-0.454770	261.300055	1.113869	0.017804	6.9
553	-0.453735	262.294074	1.109960	0.014517	6.4
554	-0.471728	263.294074	1.106056	0.016724	6.9
555	-0.455670	264.294074	1.102179	0.015029	6.8
556	-0.459915	265.294073	1.098329	0.016592	6.9
557	-0.462132	264.949568	1.099653	0.008949	6.8
558	-0.461599	265.949568	1.095820	0.013271	6.7
559	-0.461129	265.604921	1.097138	0.015087	6.9
560	-0.467006	265.260277	1.098459	0.013388	6.4
561	-0.463389	265.353122	1.098103	0.012515	6.4
562	-0.458369	265.008701	1.099425	0.014793	6.2
563	-0.457570	266.008701	1.095595	0.010990	6.8
564	-0.474914	266.159447	1.095019	0.017122	6.2
565	-0.464880	265.815175	1.096334	0.025117	6.6
566	-0.456943	266.815175	1.092525	0.010960	6.3
567	-0.454566	267.815175	1.088742	0.017910	6.4
568	-0.467455	267.470507	1.090043	0.018181	6.9
569	-0.469739	268.470507	1.086277	0.013762	6.5
570	-0.454455	268.125931	1.087572	0.011256	6.5
571	-0.464869	269.125928	1.083823	0.013010	6.8
572	-0.458714	268.781260	1.085112	0.010547	6.3
573	-0.463981	268.555016	1.085960	0.016994	6.9
574	-0.465938	269.555015	1.082223	0.011895	10.1
575	-0.459285	269.529028	1.082319	0.013195	7.3
576	-0.467925	269.631980	1.081936	0.015103	8.9
577	-0.458711	270.629884	1.078234	0.008952	8.4
578	-0.458834	270.285588	1.079508	0.015313	7.1
579	-0.464909	269.940921	1.080787	0.019458	6.9
580	-0.459417	270.940921	1.077085	0.014173	7.1
581	-0.455612	270.596252	1.078358	0.009238	7.0
582	-0.470921	270.252491	1.079631	0.012564	6.6
583	-0.463006	269.907922	1.080910	0.016581	7.1
584	-0.458975	269.563842	1.082190	0.017508	6.6
585	-0.461239	269.219173	1.083475	0.012636	6.8
586	-0.458147	270.219173	1.079754	0.014502	6.5
587	-0.465202	271.219173	1.076059	0.015954	6.6
588	-0.453327	272.219173	1.072390	0.012427	6.3
589	-0.466018	271.874505	1.073652	0.015710	6.5
590	-0.463587	272.874505	1.069998	0.015057	6.4
591	-0.465669	272.529837	1.071255	0.011505	6.8
592	-0.457718	273.529834	1.067617	0.014563	6.6
593	-0.461608	273.185166	1.068868	0.018284	6.7
594	-0.466123	274.185122	1.065247	0.010748	6.8
595	-0.471522	275.185122	1.061651	0.012158	6.2
596	-0.454429	274.840659	1.062887	0.013385	6.6
597	-0.463918	274.496761	1.064124	0.012801	6.6
598	-0.458445	274.152093	1.065367	0.015661	6.9
599	-0.459511	275.152093	1.061769	0.011973	6.8
600	-0.457932	274.807434	1.063006	0.012897	6.3
601	-0.463197	275.609694	1.060131	0.010242	6.4
602	-0.462770	276.609689	1.056569	0.010653	6.7
603	-0.467670	277.063997	1.054959	0.012830	6.3
604	-0.461643	278.063997	1.051431	0.024082	7.0
605	-0.460711	277.719329	1.052644	0.014682	6.3
606	-0.453884	278.719196	1.049133	0.012483	6.8
607	-0.456915	278.374528	1.050340	0.031129	6.7
608	-0.459690	279.374528	1.046844	0.021602	6.8
609	-0.466605	280.374528	1.043370	0.015872	6.8
610	-0.465355	281.374528	1.039920	0.017639	7.0
611	-0.475680	281.203253	1.040509	0.022584	7.3
612	-0.467858	282.203253	1.037077	0.014310	6.7
613	-0.463510	283.203253	1.033668	0.016314	6.9
614	-0.461741	282.858595	1.034840	0.015275	6.6
615	-0.462735	282.513927	1.036016	0.015130	7.0
616	-0.464885	282.230304	1.036985	0.009490	7.0
617	-0.459805	281.885636	1.038165	0.011697	7.1
618	-0.463346	282.881313	1.034763	0.014555	6.9
619	-0.453211	282.537306	1.035936	0.014296	6.7
620	-0.466404	283.537306	1.032534	0.009745	6.8
621	-0.468383	284.535312	1.029161	0.015582	6.7
622	-0.459855	285.535271	1.025804	0.013140	6.5
623	-0.465172	285.480480	1.025988	0.019718	7.5
624	-0.464109	286.480480	1.022651	0.022701	7.2
625	-0.468860	287.480306	1.019336	0.017229	7.1
626	-0.460191	288.480286	1.016043	0.013588	6.6
627	-0.463775	288.135619	1.017176	0.014803	7.0
628	-0.457991	287.791016	1.018311	0.016146	7.4
629	-0.464414	288.791016	1.015024	0.012644	6.9
630	-0.463999	289.791016	1.011758	0.015426	6.9
631	-0.463983	290.791016	1.008513	0.018077	6.8
632	-0.458094	291.790977	1.005289	0.016563	6.7
633	-0.466569	292.790977	1.002085	0.010971	6.9
634	-0.466056	293.397988	1.000150	0.015454	6.6
635	-0.471110	294.397988	0.996979	0.022272	7.0
636	-0.469913	295.361638	0.993942	0.010128	7.0
637	-0.458591	296.361638	0.990810	0.015408	6.4
638	-0.462657	296.238032	0.991196	0.013110	7.0
639	-0.462186	297.238032	0.988082	0.011228	7.2
640	-0.457208	296.893364	0.989153	0.019489	7.1
641	-0.467132	297.885246	0.986076	0.013890	7.1
642	-0.466903	298.885246	0.982994	0.016974	7.1
643	-0.459034	298.540638	0.984054	0.015887	6.9
644	-0.459006	299.540638	0.980984	0.016051	6.4
645	-0.455619	300.540638	0.977933	0.026209	6.8
646	-0.457808	300.195970	0.978982	0.016740	11.0
647	-0.454210	301.195969	0.975944	0.014221	9.2
648	-0.464803	300.861223	0.976959	0.016683	8.1
649	-0.462484	301.845583	0.973980	0.017460	9.6
650	-0.464350	302.845583	0.970973	0.017219	6.9
651	-0.461462	302.661553	0.971525	0.025902	7.5
652	-0.466654	303.661553	0.968532	0.019090	7.0
653	-0.457137	304.661553	0.965558	0.013313	6.7
654	-0.459399	304.393517	0.966354	0.013330	7.1
655	-0.466141	305.393517	0.963393	0.015017	7.0
656	-0.464508	306.393464	0.960450	0.015530	6.8
657	-0.461838	307.314444	0.957756	0.010981	7.0
658	-0.467165	307.286884	0.957837	0.014930	6.7
659	-0.452692	308.116585	0.955422	0.015506	6.2
660	-0.464622	309.116585	0.952528	0.014141	6.6
661	-0.467579	308.933814	0.953055	0.009875	7.1
662	-0.470333	308.594361	0.954037	0.011305	7.2
663	-0.469537	309.594317	0.951151	0.015075	6.7
664	-0.465071	310.594317	0.948283	0.018991	6.6
665	-0.464689	311.594317	0.945432	0.015049	6.9
666	-0.468508	312.495783	0.942876	0.011515	6.5
667	-0.459503	313.495783	0.940057	0.011435	7.0
668	-0.467554	314.493854	0.937261	0.010789	6.8
669	-0.463981	315.493845	0.934475	0.014861	6.5
670	-0.462235	315.170380	0.935374	0.017717	7.3
671	-0.461847	316.101593	0.932791	0.015525	6.8
672	-0.466851	317.101593	0.930032	0.017267	6.5
673	-0.462623	318.101593	0.927289	0.006362	6.5
674	-0.456856	319.074274	0.924637	0.014929	6.5
675	-0.468058	318.751884	0.925514	0.012225	7.1
676	-0.454980	318.409024	0.926449	0.018030	7.1
677	-0.466218	319.409024	0.923728	0.018318	6.6
678	-0.458602	320.409024	0.921022	0.011289	6.6
679	-0.455046	320.064356	0.921953	0.012094	6.7
680	-0.466314	321.064356	0.919257	0.012392	6.9
681	-0.464097	322.064356	0.916578	0.015158	7.1
682	-0.461416	321.719688	0.917500	0.019785	6.4
683	-0.470370	322.719688	0.914830	0.014866	7.3
684	-0.466050	323.715861	0.912187	0.014418	6.8
685	-0.461140	324.714105	0.909553	0.011926	6.4
686	-0.460375	324.369437	0.910460	0.020598	6.9
687	-0.457822	325.369436	0.907832	0.008401	6.9
688	-0.460865	326.364978	0.905230	0.012768	7.1
689	-0.456449	327.357892	0.902650	0.007370	6.8
690	-0.458727	328.355682	0.900072	0.012904	6.4
691	-0.462785	328.011183	0.900960	0.015084	6.8
692	-0.462249	329.011176	0.898386	0.012793	6.6
693	-0.466583	328.686705	0.899220	0.020751	6.7
694	-0.460781	329.293310	0.897663	0.007659	6.7
695	-0.473524	329.760958	0.896466	0.018651	6.5
696	-0.466641	330.760547	0.893918	0.012943	6.7
697	-0.471690	330.415880	0.894795	0.014300	6.3
698	-0.467215	330.071212	0.895673	0.019873	6.6
699	-0.463163	329.796132	0.896376	0.011751	6.6
700	-0.460121	330.796132	0.893828	0.021688	6.6
701	-0.458344	330.451465	0.894704	0.016035	6.9
702	-0.470231	330.106797	0.895583	0.013125	6.1
703	-0.473922	331.106797	0.893039	0.013440	6.8
704	-0.460600	330.762129	0.893914	0.014173	6.8
705	-0.450740	331.762129	0.891380	0.016593	6.8
706	-0.458667	331.417461	0.892252	0.019428	6.6
707	-0.471426	332.417457	0.889727	0.017942	6.5
708	-0.456468	332.072903	0.890596	0.017124	6.8
709	-0.460036	331.749845	0.891411	0.014920	6.8
710	-0.467146	331.480290	0.892093	0.009677	6.5
711	-0.459478	332.480290	0.889569	0.012141	6.7
712	-0.463458	333.392187	0.887280	0.013286	6.5
713	-0.465667	333.047519	0.888144	0.015844	7.0
714	-0.458509	334.047519	0.885643	0.012345	7.0
715	-0.459349	333.707191	0.886492	0.010149	6.5
716	-0.456865	333.362556	0.887354	0.020062	7.3
717	-0.458899	334.362556	0.884857	0.016872	6.7
718	-0.467073	334.018160	0.885716	0.012139	6.3
719	-0.461628	333.673492	0.886576	0.016682	6.4
720	-0.456641	334.666189	0.884102	0.015231	6.8
721	-0.466624	335.568400	0.881865	0.016737	6.7
722	-0.465467	336.568376	0.879399	0.014457	7.0
723	-0.472618	337.568376	0.876946	0.014465	6.4
724	-0.462884	338.557562	0.874534	0.013070	6.9
725	-0.470033	339.557558	0.872108	0.007792	6.8
726	-0.466058	339.212921	0.872943	0.015781	6.7
727	-0.463094	338.868271	0.873779	0.018269	7.0
728	-0.464640	339.828971	0.871452	0.015520	6.6
729	-0.471164	340.828971	0.869044	0.014837	7.0
730	-0.455779	340.484305	0.869872	0.012054	6.7
731	-0.455367	340.149221	0.870679	0.014934	6.9
732	-0.465358	339.804596	0.871511	0.017270	7.1
733	-0.469867	340.765795	0.869195	0.019400	7.3
734	-0.459833	340.421127	0.870024	0.013833	6.8
735	-0.469105	341.421127	0.867624	0.021916	6.9
736	-0.458603	341.076459	0.868450	0.017081	7.3
737	-0.458944	342.076459	0.866058	0.013268	7.5
738	-0.470007	343.076459	0.863679	0.011544	6.5
739	-0.470781	342.826307	0.864273	0.015675	7.0
740	-0.457673	343.826307	0.861904	0.009286	7.0
741	-0.457258	344.826306	0.859548	0.015172	6.6
742	-0.464408	345.826306	0.857205	0.014928	6.6
743	-0.461279	346.826306	0.854874	0.017329	7.6
744	-0.464328	347.826306	0.852556	0.019957	6.7
745	-0.463259	347.481638	0.853354	0.009596	7.1
746	-0.470019	347.213453	0.853975	0.014974	8.3
747	-0.457190	348.213450	0.851662	0.010253	7.8
748	-0.457502	347.868782	0.852458	0.017515	7.3
749	-0.474749	347.524476	0.853255	0.010075	8.2
750	-0.467646	348.524476	0.850945	0.015596	8.3
751	-0.462083	348.179961	0.851740	0.018479	7.4
752	-0.460287	349.179961	0.849439	0.016294	7.3
753	-0.457567	348.835302	0.850230	0.015676	8.0
754	-0.462973	348.490642	0.851023	0.020229	8.2
755	-0.458127	349.485722	0.848738	0.015659	6.9
756	-0.461700	350.485722	0.846453	0.011343	6.0
757	-0.468340	351.484929	0.844182	0.020819	7.4
758	-0.463216	351.140261	0.844964	0.006919	7.7
759	-0.461469	351.954956	0.843118	0.018325	7.2
760	-0.453995	352.887728	0.841015	0.013433	6.7
761	-0.463091	352.543067	0.841791	0.014875	7.2
762	-0.459765	352.198399	0.842568	0.014173	7.4
763	-0.460463	353.189918	0.840336	0.011679	7.0
764	-0.459143	352.845337	0.841110	0.014221	7.4
765	-0.465259	353.845337	0.838866	0.012951	7.0
766	-0.465018	353.500669	0.839638	0.016807	6.7
767	-0.451870	353.156002	0.840412	0.013168	6.8
768	-0.451951	352.811334	0.841187	0.011450	6.9
769	-0.459415	353.807940	0.838950	0.022283	7.0
770	-0.458912	354.807940	0.836718	0.012131	6.4
771	-0.463233	354.463272	0.837486	0.016033	6.8
772	-0.471981	355.321838	0.835575	0.021432	6.8
773	-0.464995	356.319654	0.833365	0.020927	6.1
774	-0.460655	357.319654	0.831163	0.015257	6.6
775	-0.457223	356.974986	0.831921	0.016847	6.9
776	-0.469287	357.974964	0.829725	0.013487	6.7
777	-0.457869	357.630296	0.830481	0.009982	7.6
778	-0.461939	358.630296	0.828293	0.013542	6.8
779	-0.469272	358.299910	0.829015	0.016654	6.4
780	-0.462658	359.245862	0.826952	0.012100	7.1
781	-0.459212	358.901193	0.827703	0.018294	6.9
782	-0.468295	358.556525	0.828454	0.018977	6.5
783	-0.464089	358.211857	0.829207	0.015301	6.7
784	-0.464977	359.211857	0.827026	0.012530	6.3
785	-0.463939	358.867190	0.827777	0.012532	7.6
786	-0.462800	358.546904	0.828475	0.019712	7.1
787	-0.455218	359.546904	0.826298	0.016844	7.0
788	-0.456557	360.546904	0.824132	0.018189	7.2
789	-0.470221	361.546904	0.821978	0.019224	6.8
790	-0.463441	362.546903	0.819835	0.019089	6.7
791	-0.460948	362.202237	0.820572	0.012550	6.7
792	-0.465457	363.197376	0.818447	0.015693	6.7
793	-0.464578	362.852875	0.819182	0.008879	7.0
794	-0.463765	363.101447	0.818651	0.015063	7.2
795	-0.459367	362.768480	0.819362	0.018036	6.7
796	-0.456690	362.424588	0.820097	0.015195	6.6
797	-0.467084	362.152942	0.820678	0.013585	6.7
798	-0.464480	361.808274	0.821417	0.009460	6.6
799	-0.464794	362.799168	0.819296	0.013485	6.9
800	-0.465154	363.762088	0.817246	0.016051	6.4
801	-0.468636	364.762084	0.815127	0.011942	6.6
802	-0.461570	365.379709	0.813824	0.015315	6.4
803	-0.460382	365.738800	0.813069	0.019412	6.5
804	-0.467000	366.738800	0.810972	0.013027	6.6
805	-0.471678	367.738784	0.808886	0.018678	6.5
806	-0.456797	368.687196	0.806917	0.018393	7.0
807	-0.457224	369.687196	0.804852	0.019406	6.8
808	-0.464692	369.342528	0.805562	0.010368	6.4
809	-0.471184	368.997860	0.806274	0.021286	6.6
810	-0.461056	368.662957	0.806967	0.016775	6.6
811	-0.461748	369.662957	0.804901	0.016197	6.8
812	-0.464151	370.662957	0.802846	0.017076	6.9
813	-0.465885	371.218918	0.801708	0.014893	6.4
814	-0.465109	371.053634	0.802046	0.016108	6.7
815	-0.458431	371.487551	0.801160	0.009944	7.7
816	-0.464449	372.458147	0.799183	0.014567	6.7
817	-0.471023	372.113479	0.799884	0.016810	6.6
818	-0.461785	373.113440	0.797854	0.012389	6.9
819	-0.459485	372.768864	0.798553	0.013810	7.1
820	-0.469565	372.424251	0.799252	0.009059	7.1
821	-0.466673	372.079617	0.799953	0.007586	6.5
822	-0.470908	373.079590	0.797923	0.012158	6.7
823	-0.458512	374.044119	0.795975	0.021729	6.7
824	-0.458765	375.044119	0.793965	0.011917	6.8
825	-0.460338	376.044119	0.791965	0.011707	7.2
826	-0.464124	377.044085	0.789976	0.015028	6.7
827	-0.467441	377.893489	0.788294	0.011490	6.8
828	-0.463177	377.548884	0.788975	0.019995	6.8
829	-0.465060	378.535937	0.787026	0.015060	6.3
830	-0.458912	379.535937	0.785061	0.015355	6.8
831	-0.457922	380.535937	0.783106	0.011568	6.5
832	-0.462212	380.191326	0.783779	0.015136	7.2
833	-0.467625	380.072078	0.784012	0.019188	7.2
834	-0.461012	379.727410	0.784686	0.018354	6.7
835	-0.461336	380.727410	0.782733	0.016229	7.2
836	-0.461479	381.727396	0.780789	0.014755	6.8
837	-0.470101	381.401548	0.781421	0.019183	6.8
838	-0.456034	381.056880	0.782091	0.012031	6.5
839	-0.459532	382.056880	0.780151	0.010440	6.2
840	-0.461136	381.806306	0.780636	0.007351	7.4
841	-0.467260	381.478936	0.781271	0.015962	6.7
842	-0.470863	382.478685	0.779335	0.014775	6.4
843	-0.465464	382.149562	0.779972	0.017589	6.5
844	-0.462841	381.804894	0.780639	0.017404	6.6
845	-0.457900	382.804808	0.778706	0.013353	6.8
846	-0.451328	382.460246	0.779371	0.013780	6.6
847	-0.457588	383.460245	0.777444	0.010167	7.1
848	-0.457399	383.115590	0.778107	0.015499	7.1
849	-0.464962	382.770924	0.778771	0.011931	6.6
850	-0.467829	382.426258	0.779437	0.017534	7.0
851	-0.461426	383.207226	0.777931	0.014656	6.8
852	-0.474768	384.207226	0.776011	0.019650	6.6
853	-0.463023	385.207226	0.774100	0.016241	7.1
854	-0.454774	384.862558	0.774758	0.015355	6.6
855	-0.466683	384.839289	0.774802	0.011251	6.6
856	-0.465386	385.839288	0.772898	0.012955	6.8
857	-0.462576	386.838758	0.771004	0.022423	6.7
858	-0.461616	387.833705	0.769127	0.025894	6.9
859	-0.467917	387.489036	0.769776	0.016162	6.6
860	-0.466241	388.489031	0.767896	0.023451	6.5
861	-0.456686	389.489031	0.766026	0.012336	6.7
862	-0.460636	390.489031	0.764164	0.013108	6.4
863	-0.462006	390.144610	0.764804	0.018303	6.6
864	-0.457195	391.019687	0.763180	0.023011	6.6
865	-0.456276	390.675019	0.763819	0.024539	6.9
866	-0.466854	390.330351	0.764459	0.011597	6.7
867	-0.456169	389.985683	0.765100	0.014933	6.5
868	-0.463573	389.641014	0.765742	0.012464	7.1
869	-0.457501	390.641014	0.763882	0.016584	6.8
870	-0.464379	391.640890	0.762031	0.005785	8.7
871	-0.459868	391.308714	0.762645	0.011539	10.9
872	-0.462539	391.115900	0.763002	0.017545	9.1
873	-0.459851	390.771232	0.763640	0.016969	8.5
874	-0.465246	391.771232	0.761790	0.013417	6.4
875	-0.470019	391.426564	0.762427	0.014857	6.4
876	-0.463558	391.138812	0.762959	0.013192	6.7
877	-0.460438	392.134987	0.761120	0.011309	7.0
878	-0.462714	393.126666	0.759297	0.017300	6.5
879	-0.465996	392.783370	0.759927	0.008720	7.4
880	-0.469729	392.470635	0.760502	0.017930	6.8
881	-0.470099	392.128096	0.761132	0.014755	6.7
882	-0.469593	393.128096	0.759294	0.021807	6.9
883	-0.463133	394.124849	0.757471	0.008000	6.6
884	-0.458529	394.726262	0.756376	0.011877	7.4
885	-0.460387	394.382859	0.757001	0.011376	6.8
886	-0.458563	394.038222	0.757629	0.020313	6.8
887	-0.454302	395.036646	0.755811	0.014737	6.9
888	-0.459982	394.691978	0.756438	0.011663	6.1
889	-0.461885	394.347310	0.757066	0.010541	6.9
890	-0.472142	395.347310	0.755247	0.010522	6.8
891	-0.470236	395.005340	0.755868	0.015919	6.8
892	-0.451969	396.005048	0.754056	0.016323	7.1
893	-0.460723	397.005048	0.752252	0.012957	6.6
894	-0.457898	397.998371	0.750469	0.010904	6.4
895	-0.463679	398.997717	0.748683	0.016823	6.8
896	-0.471430	398.670251	0.749267	0.017835	6.5
897	-0.459024	399.670241	0.747486	0.015237	7.0
898	-0.457630	399.327885	0.748095	0.011382	6.7
899	-0.470110	400.327885	0.746319	0.014391	6.6
900	-0.462969	399.983217	0.746930	0.017725	6.9
901	-0.465508	400.983217	0.745160	0.017765	6.5
902	-0.459550	401.982838	0.743399	0.014268	6.6
903	-0.470597	401.646657	0.743991	0.009803	6.5
904	-0.468262	401.486110	0.744273	0.014390	6.5
905	-0.464628	401.295887	0.744609	0.016359	6.8
906	-0.457982	402.294891	0.742851	0.011949	6.4
907	-0.465860	403.294891	0.741101	0.014154	6.8
908	-0.466849	403.566555	0.740626	0.014147	7.0
909	-0.459901	404.566555	0.738886	0.016605	6.2
910	-0.466212	404.225278	0.739479	0.015769	6.9
911	-0.461375	405.225278	0.737744	0.012103	6.3
912	-0.460334	404.883646	0.738336	0.010302	6.2
913	-0.455845	405.861727	0.736644	0.013464	6.5
914	-0.451904	405.517059	0.737239	0.013402	6.6
915	-0.458753	406.517059	0.735515	0.017168	6.9
916	-0.463542	406.383014	0.735746	0.014772	6.4
917	-0.457620	407.383005	0.734028	0.021308	7.0
918	-0.461470	407.052383	0.734595	0.012158	6.7
919	-0.456166	408.049849	0.732887	0.016194	5.8
920	-0.467936	409.049825	0.731183	0.011628	6.9
921	-0.463586	408.705157	0.731770	0.022127	6.6
922	-0.457769	409.705132	0.730071	0.015256	7.0
923	-0.464658	410.705132	0.728380	0.016187	6.7
924	-0.465877	411.705127	0.726696	0.022113	6.7
925	-0.456096	411.360459	0.727276	0.012421	7.3
926	-0.459771	411.045161	0.727806	0.011690	6.7
927	-0.463859	410.721493	0.728352	0.014046	6.3
928	-0.462257	410.739889	0.728321	0.014603	5.9
929	-0.460633	410.432812	0.728839	0.015723	6.3
930	-0.472400	410.143047	0.729329	0.011337	6.2
931	-0.463062	411.143047	0.727641	0.022546	6.9
932	-0.460220	410.798378	0.728222	0.014138	7.0
933	-0.463905	410.453710	0.728804	0.014411	6.9
934	-0.458663	411.389581	0.727227	0.010889	6.8
935	-0.459419	411.244497	0.727471	0.015436	7.2
936	-0.453835	412.244497	0.725792	0.014407	7.2
937	-0.465678	413.244497	0.724120	0.015019	6.0
938	-0.467612	414.220295	0.722497	0.021016	6.7
939	-0.462819	413.878524	0.723064	0.007927	6.6
940	-0.462929	414.878171	0.721406	0.015020	7.0
941	-0.466659	414.601180	0.721865	0.025833	6.6
942	-0.469405	415.601180	0.720211	0.012503	6.6
943	-0.466071	416.587239	0.718589	0.012912	6.8
944	-0.461284	416.243362	0.719154	0.014948	6.4
945	-0.457012	415.941908	0.719650	0.017416	6.7
946	-0.470509	416.941907	0.718007	0.016994	6.5
947	-0.470837	416.597239	0.718572	0.013776	8.2
948	-0.464663	416.907184	0.718064	0.010190	6.4
949	-0.466534	417.907184	0.716428	0.013944	6.7
950	-0.463305	418.907184	0.714799	0.014864	6.4
951	-0.471489	419.005989	0.714638	0.010598	6.8
952	-0.467593	419.407269	0.713987	0.011770	6.6
953	-0.456021	419.062689	0.714546	0.010331	6.4
954	-0.462026	420.062675	0.712926	0.018853	6.4
955	-0.460514	421.062675	0.711314	0.015261	6.9
956	-0.460533	422.061654	0.709710	0.012358	7.4
957	-0.464622	423.061654	0.708112	0.009764	6.3
958	-0.473772	422.728715	0.708643	0.015626	6.6
959	-0.454560	422.414666	0.709145	0.010544	6.5
960	-0.464922	422.070202	0.709696	0.016903	6.6
961	-0.456512	421.725539	0.710249	0.014851	6.9
962	-0.470026	421.380882	0.710802	0.012970	6.4
963	-0.462054	422.379745	0.709201	0.012894	6.4
964	-0.458049	423.379740	0.707605	0.017623	7.0
965	-0.464614	423.035073	0.708154	0.021251	6.5
966	-0.466847	422.690405	0.708704	0.016658	6.7
967	-0.469709	423.690405	0.707110	0.012940	6.7
968	-0.469476	423.345737	0.707659	0.013484	6.8
969	-0.460638	423.001069	0.708208	0.014923	6.4
970	-0.456682	424.001069	0.706617	0.014527	6.7
971	-0.457653	424.480994	0.705855	0.013463	6.8
972	-0.459298	425.480993	0.704275	0.015327	6.5
973	-0.462697	425.136325	0.704819	0.013243	6.7
974	-0.474095	424.793416	0.705361	0.012876	6.9
975	-0.466524	424.448887	0.705906	0.018890	6.5
976	-0.466635	424.104221	0.706453	0.012991	7.0
977	-0.463666	425.104221	0.704869	0.012168	6.8
978	-0.462563	425.627946	0.704043	0.016055	7.1
979	-0.471841	426.627945	0.702470	0.012838	7.1
980	-0.468503	426.289820	0.703001	0.012007	6.9
981	-0.467320	427.289820	0.701433	0.016131	6.7
982	-0.451789	428.289820	0.699872	0.011028	6.3
983	-0.468825	429.289816	0.698317	0.009122	6.7
984	-0.465669	428.945190	0.698852	0.009885	6.8
985	-0.468959	429.944906	0.697303	0.011949	6.6
986	-0.462395	430.944894	0.695760	0.018857	6.6
987	-0.464390	430.601532	0.696289	0.009153	6.9
988	-0.452913	430.257115	0.696820	0.012566	6.6
989	-0.463319	430.856664	0.695896	0.014509	6.8
990	-0.457284	430.511996	0.696427	0.014589	6.5
991	-0.475016	431.511996	0.694888	0.017992	6.7
992	-0.461188	432.511996	0.693356	0.012364	6.9
993	-0.474151	432.250930	0.693755	0.014151	6.5
994	-0.468724	431.906262	0.694283	0.017563	5.9
995	-0.451278	432.906209	0.692754	0.014933	6.6
996	-0.456079	432.561541	0.693280	0.016078	6.6
997	-0.465632	432.216881	0.693807	0.017535	7.3
998	-0.470231	431.872213	0.694335	0.017593	6.3
999	-0.469157	432.872213	0.692806	0.015006	7.1
1000	-0.465011	433.871513	0.691284	0.015883	6.7
1001	-0.464488	433.526844	0.691808	0.015759	6.9
1002	-0.472994	434.526844	0.690289	0.015192	7.1
1003	-0.473238	434.182176	0.690812	0.013928	6.9
1004	-0.465728	435.182139	0.689297	0.010023	6.5
1005	-0.469520	434.837546	0.689819	0.012709	6.5
1006	-0.465812	434.524629	0.690292	0.015479	6.6
1007	-0.451352	435.524629	0.688780	0.017233	6.4
1008	-0.467443	436.524629	0.687275	0.009758	6.8
1009	-0.462576	436.707980	0.687000	0.019125	7.1
1010	-0.460190	437.452935	0.685883	0.011219	7.3
1011	-0.465118	438.452456	0.684391	0.013314	6.5
1012	-0.458123	438.112504	0.684898	0.011938	6.6
1013	-0.458071	437.767836	0.685412	0.011114	6.5
1014	-0.466309	437.423168	0.685928	0.009801	7.1
1015	-0.461728	437.078576	0.686444	0.016742	6.9
1016	-0.463615	438.018081	0.685039	0.012282	6.7
1017	-0.456175	437.673413	0.685554	0.011828	6.6
1018	-0.460228	437.533352	0.685763	0.015525	6.8
1019	-0.463453	437.188970	0.686278	0.018755	6.9
1020	-0.465042	436.855865	0.686778	0.011466	6.8
1021	-0.462974	437.855837	0.685281	0.013656	6.7
1022	-0.456478	438.794032	0.683883	0.012427	6.7
1023	-0.465380	438.449367	0.684396	0.020315	7.6
1024	-0.466108	439.449367	0.682909	0.010659	6.9
1025	-0.464915	440.449367	0.681429	0.010419	6.8
1026	-0.468522	441.449250	0.679956	0.012777	6.8
1027	-0.452670	441.104582	0.680463	0.010460	7.0
1028	-0.465101	440.759914	0.680971	0.018197	7.9
1029	-0.464112	441.759914	0.679500	0.013284	6.7
1030	-0.462335	442.759844	0.678035	0.007429	6.3
1031	-0.469144	442.416243	0.678537	0.011520	6.4
1032	-0.458365	443.354190	0.677167	0.009510	5.3
1033	-0.458871	443.263155	0.677299	0.014713	6.5
1034	-0.456566	442.918524	0.677803	0.011224	6.8
1035	-0.475210	443.918524	0.676345	0.018336	6.4
1036	-0.469157	443.573856	0.676846	0.011968	6.7
1037	-0.461314	444.550474	0.675427	0.009174	6.5
1038	-0.460304	445.545368	0.673986	0.013667	6.6
1039	-0.458684	445.372979	0.674235	0.016104	6.6
1040	-0.464482	445.028321	0.674734	0.027285	6.5
1041	-0.463801	446.028321	0.673289	0.015036	6.4
1042	-0.457372	445.683653	0.673787	0.014026	6.8
1043	-0.466405	446.683653	0.672346	0.011936	6.9
1044	-0.466380	447.683652	0.670911	0.013924	6.8
1045	-0.460992	448.671031	0.669501	0.014592	6.3
1046	-0.465755	449.664392	0.668088	0.008584	6.7
1047	-0.461224	449.321090	0.668576	0.008164	6.9
1048	-0.459775	449.693480	0.668047	0.017779	7.0
1049	-0.458536	450.631496	0.666718	0.013385	6.7
1050	-0.467869	450.287477	0.667205	0.014347	6.4
1051	-0.461260	449.942809	0.667693	0.015901	6.4
1052	-0.456954	450.823613	0.666446	0.014703	6.6
1053	-0.456428	450.478945	0.666934	0.012582	6.8
1054	-0.457688	450.134277	0.667422	0.011294	7.1
1055	-0.454922	449.789689	0.667910	0.016856	6.8
1056	-0.465359	450.789689	0.666494	0.016022	6.5
1057	-0.460653	451.789689	0.665085	0.015558	6.5
1058	-0.458134	452.789687	0.663681	0.015708	6.8
1059	-0.463294	453.734087	0.662361	0.016250	6.9
1060	-0.460682	454.604288	0.661149	0.009400	6.8
1061	-0.458837	455.602100	0.659765	0.013644	6.8
1062	-0.468391	455.257905	0.660241	0.017448	6.5
1063	-0.461099	456.257830	0.658858	0.014361	6.5
1064	-0.459440	455.913162	0.659334	0.016591	6.2
1065	-0.464570	455.568494	0.659811	0.013214	7.2
1066	-0.464908	456.568494	0.658429	0.010185	6.4
1067	-0.462702	457.440656	0.657229	0.017770	6.7
1068	-0.470003	457.095988	0.657703	0.011186	6.3
1069	-0.461328	456.883588	0.657995	0.016076	7.3
1070	-0.464613	457.460622	0.657202	0.015888	6.7
1071	-0.460055	457.117396	0.657674	0.020265	6.7
1072	-0.466691	458.117396	0.656301	0.016850	7.1
1073	-0.463012	459.117396	0.654934	0.015804	6.7
1074	-0.472217	458.772728	0.655404	0.017229	6.6
1075	-0.452371	458.428060	0.655876	0.018634	6.4
1076	-0.461548	459.428060	0.654510	0.014250	6.4
1077	-0.467593	459.179879	0.654849	0.008292	6.9
1078	-0.460053	458.835215	0.655319	0.013958	6.6
1079	-0.464439	459.835208	0.653956	0.010669	6.3
1080	-0.455016	460.776070	0.652679	0.016364	6.6
1081	-0.463716	460.432146	0.653145	0.026235	6.3
1082	-0.458412	461.432138	0.651792	0.013954	6.6
1083	-0.469063	461.087470	0.652258	0.018220	6.5
1084	-0.468604	460.758411	0.652703	0.015676	7.0
1085	-0.464024	461.284082	0.651992	0.018579	6.3
1086	-0.456285	462.284074	0.650643	0.013306	6.8
1087	-0.472428	463.284073	0.649299	0.018076	6.4
1088	-0.459634	464.284073	0.647961	0.022280	6.8
1089	-0.476534	463.939468	0.648422	0.013355	6.5
1090	-0.456459	464.939468	0.647087	0.018301	7.0
1091	-0.459180	464.788373	0.647288	0.018744	6.6
1092	-0.457237	464.443705	0.647748	0.013059	6.7
1093	-0.459294	464.099037	0.648208	0.014662	6.4
1094	-0.458139	463.754369	0.648669	0.014920	6.4
1095	-0.466811	464.754369	0.647334	0.012376	6.6
1096	-0.461923	465.343307	0.646550	0.011474	6.4
1097	-0.468082	466.343232	0.645223	0.013274	6.5
1098	-0.457998	465.998621	0.645680	0.011107	6.6
1099	-0.468200	466.330937	0.645240	0.014806	6.5
1100	-0.464629	466.052805	0.645608	0.016412	6.8
1101	-0.461110	465.854811	0.645871	0.010506	6.6
1102	-0.464027	466.854802	0.644547	0.015821	6.9
1103	-0.460419	466.510134	0.645002	0.013500	6.5
1104	-0.459541	467.510134	0.643682	0.022342	6.7
1105	-0.469087	468.494870	0.642387	0.015980	6.9
1106	-0.461804	468.150202	0.642840	0.026248	5.7
1107	-0.457946	467.805746	0.643293	0.013320	6.7
1108	-0.464503	468.805746	0.641979	0.019550	6.7
1109	-0.467810	469.568230	0.640982	0.016419	7.0
1110	-0.464186	470.568228	0.639678	0.011191	6.5
1111	-0.463644	471.568228	0.638379	0.012941	6.7
1112	-0.459596	471.223582	0.638826	0.015691	6.7
1113	-0.461218	471.065131	0.639032	0.013145	6.6
1114	-0.461983	470.720463	0.639480	0.015429	6.1
1115	-0.468898	471.720463	0.638182	0.011297	6.6
1116	-0.458359	471.375794	0.638628	0.015655	6.5
1117	-0.467094	471.645382	0.638279	0.018397	6.6
1118	-0.461376	471.300714	0.638726	0.014603	6.5
1119	-0.470581	472.300714	0.637431	0.019423	6.5
1120	-0.469832	473.300711	0.636141	0.017903	6.7
1121	-0.458739	474.300706	0.634857	0.018716	6.7
1122	-0.472646	473.956038	0.635299	0.021346	6.4
1123	-0.455902	474.956038	0.634018	0.014648	6.9
1124	-0.459886	474.611370	0.634459	0.017282	6.6
1125	-0.467901	474.266702	0.634901	0.019650	6.6
1126	-0.469808	473.922034	0.635343	0.015864	6.6
1127	-0.458665	474.922034	0.634062	0.023978	6.6
1128	-0.461456	475.500780	0.633323	0.013894	7.0
1129	-0.461882	475.211692	0.633692	0.014252	6.4
1130	-0.458293	476.122212	0.632531	0.017916	6.5
1131	-0.462929	477.022638	0.631387	0.007402	6.5
1132	-0.469273	476.685738	0.631815	0.007312	6.4
1133	-0.465245	476.385067	0.632197	0.013429	6.9
1134	-0.466663	477.377934	0.630937	0.011900	6.5
1135	-0.458632	478.377934	0.629674	0.011955	6.4
1136	-0.461240	478.033283	0.630109	0.015743	6.6
1137	-0.468380	477.688615	0.630544	0.015845	6.7
1138	-0.456896	478.688615	0.629282	0.013405	6.4
1139	-0.460719	479.117358	0.628743	0.010679	6.7
1140	-0.459930	478.772690	0.629176	0.014488	6.3
1141	-0.460669	479.772690	0.627920	0.015417	6.8
1142	-0.459091	479.428022	0.628352	0.011327	6.5
1143	-0.463293	479.083354	0.628786	0.019732	6.4
1144	-0.454444	478.738699	0.629219	0.021802	7.9
1145	-0.461399	479.738699	0.627963	0.016088	9.0
1146	-0.458125	480.738699	0.626711	0.017600	8.9
1147	-0.463468	480.395240	0.627140	0.017407	8.4
1148	-0.467707	480.050572	0.627572	0.014171	9.8
1149	-0.461716	481.050572	0.626322	0.012821	6.3
1150	-0.461085	480.705910	0.626752	0.010018	6.6
1151	-0.464306	480.361243	0.627183	0.014665	7.2
1152	-0.463231	480.018982	0.627611	0.018924	7.0
1153	-0.466515	481.018982	0.626361	0.015864	6.5
1154	-0.458416	482.018885	0.625116	0.014752	6.9
1155	-0.465121	481.681956	0.625535	0.013437	6.0
1156	-0.463760	481.734674	0.625469	0.015249	7.0
1157	-0.463368	482.728135	0.624236	0.013596	6.7
1158	-0.473670	482.383467	0.624663	0.013937	5.8
1159	-0.460403	483.383467	0.623425	0.009376	7.0
1160	-0.468645	484.383137	0.622192	0.020787	6.7
1161	-0.457518	485.383137	0.620963	0.012697	6.9
1162	-0.469023	486.382362	0.619740	0.013890	7.0
1163	-0.474234	486.037694	0.620161	0.015124	6.3
1164	-0.452686	487.037694	0.618941	0.015132	6.7
1165	-0.471732	488.025292	0.617740	0.015264	7.0
1166	-0.468569	487.680624	0.618158	0.015907	6.7
1167	-0.457911	488.680615	0.616946	0.013984	6.7
1168	-0.455451	488.335947	0.617363	0.017683	6.5
1169	-0.466120	489.335946	0.616153	0.014650	6.6
1170	-0.459467	488.991278	0.616570	0.015978	6.6
1171	-0.458654	488.646614	0.616987	0.019488	6.1
1172	-0.460862	489.646612	0.615778	0.017498	6.2
1173	-0.467847	490.646612	0.614575	0.012858	6.4
1174	-0.465514	490.302496	0.614989	0.011264	7.0
1175	-0.462919	489.963607	0.615396	0.018252	6.7
1176	-0.469443	490.963607	0.614194	0.012844	6.8
1177	-0.464905	491.963606	0.612997	0.022065	6.6
1178	-0.465218	492.963592	0.611804	0.017082	5.9
1179	-0.463906	493.963592	0.610616	0.018152	6.6
1180	-0.465472	494.963494	0.609433	0.019538	6.7
1181	-0.463502	495.963494	0.608254	0.016056	6.6
1182	-0.467785	496.948479	0.607097	0.015073	6.7
1183	-0.464436	497.947860	0.605928	0.011184	6.4
1184	-0.469328	497.611464	0.606321	0.023104	6.8
1185	-0.463551	497.266796	0.606725	0.010768	6.9
1186	-0.467429	496.922730	0.607128	0.017075	6.7
1187	-0.464381	496.578062	0.607532	0.014073	6.4
1188	-0.460997	496.280202	0.607882	0.013439	6.6
1189	-0.457504	497.231767	0.606766	0.018179	6.5
1190	-0.469001	496.887099	0.607169	0.016557	6.8
1191	-0.465863	497.887099	0.605999	0.016255	6.5
1192	-0.456720	497.546525	0.606397	0.022192	6.0
1193	-0.471564	497.202045	0.606800	0.019458	6.7
1194	-0.460342	498.202045	0.605632	0.013138	6.8
1195	-0.466085	499.202045	0.604467	0.008889	7.3
1196	-0.459893	498.857401	0.604868	0.016479	6.3
1197	-0.464206	499.599333	0.604006	0.017027	6.5
1198	-0.466430	500.485776	0.602979	0.018656	6.5
1199	-0.461426	500.141108	0.603378	0.010563	6.3
1200	-0.454916	499.796440	0.603778	0.017051	6.9
1201	-0.462864	500.229409	0.603276	0.018662	6.3
1202	-0.465668	499.887224	0.603672	0.012931	6.7
1203	-0.462041	499.542556	0.604072	0.011956	6.7
1204	-0.458907	500.542163	0.602914	0.010286	6.6
1205	-0.467958	500.197495	0.603313	0.014241	6.9
1206	-0.457404	499.901910	0.603655	0.011103	6.6
1207	-0.464088	499.557248	0.604055	0.015390	6.5
1208	-0.470042	499.480431	0.604144	0.017484	6.2
1209	-0.468571	499.135763	0.604544	0.014074	6.7
1210	-0.460690	500.131290	0.603390	0.014964	6.9
1211	-0.466076	501.131289	0.602234	0.019442	6.6
1212	-0.461850	502.128660	0.601086	0.009156	6.9
1213	-0.466718	503.125591	0.599942	0.012306	7.0
1214	-0.462404	504.109385	0.598818	0.013834	6.4
1215	-0.462246	503.797306	0.599175	0.016804	6.9
1216	-0.463960	503.452638	0.599568	0.015397	7.0
1217	-0.460769	504.452638	0.598427	0.013814	6.8
1218	-0.461476	505.452638	0.597291	0.010549	6.9
1219	-0.466263	505.130372	0.597656	0.016117	6.3
1220	-0.462684	504.785714	0.598048	0.017022	6.2
1221	-0.460436	504.441046	0.598440	0.009435	6.4
1222	-0.469791	504.096378	0.598833	0.013541	6.4
1223	-0.460199	504.802258	0.598029	0.015695	6.6
1224	-0.457612	504.475030	0.598402	0.023420	6.7
1225	-0.455666	505.475030	0.597265	0.013130	6.5
1226	-0.464916	506.474830	0.596133	0.015824	6.8
1227	-0.457350	507.396569	0.595093	0.015113	6.5
1228	-0.463547	508.396484	0.593969	0.016383	6.7
1229	-0.466314	508.051816	0.594356	0.014294	6.3
1230	-0.461649	507.707148	0.594744	0.018072	6.7
1231	-0.457469	507.362480	0.595132	0.012281	6.0
1232	-0.467956	507.017812	0.595520	0.027536	7.2
1233	-0.464478	506.673144	0.595909	0.013993	6.5
1234	-0.463001	506.668260	0.595915	0.013047	6.7
1235	-0.457298	506.323592	0.596304	0.010229	6.9
1236	-0.468574	506.015003	0.596653	0.011044	6.6
1237	-0.456435	507.002981	0.595537	0.016877	6.4
1238	-0.465835	506.658396	0.595926	0.016019	6.5
1239	-0.467675	507.633842	0.594826	0.017362	6.7
1240	-0.458827	507.289175	0.595214	0.015423	6.5
1241	-0.464976	508.289175	0.594090	0.017847	6.7
1242	-0.461992	507.967215	0.594451	0.010690	6.4
1243	-0.465059	507.622602	0.594839	0.019237	6.5
1244	-0.463996	508.587436	0.593755	0.007798	6.5
1245	-0.469890	509.587435	0.592636	0.011647	6.7
1246	-0.459549	509.899910	0.592287	0.012615	6.5
1247	-0.450778	509.581562	0.592642	0.013446	6.1
1248	-0.462320	510.581562	0.591528	0.015399	6.6
1249	-0.463733	510.236894	0.591911	0.023228	6.6
1250	-0.460249	509.892234	0.592296	0.012933	6.8
1251	-0.461997	509.547566	0.592680	0.022767	6.8
1252	-0.464772	509.202898	0.593066	0.012546	6.4
1253	-0.458627	510.202898	0.591949	0.014629	6.9
1254	-0.464250	511.202892	0.590837	0.012708	6.6
1255	-0.466710	510.863064	0.591215	0.010437	6.5
1256	-0.463999	511.862813	0.590105	0.009948	6.7
1257	-0.451055	511.518211	0.590487	0.012048	6.5
1258	-0.460796	512.380441	0.589533	0.010175	6.6
1259	-0.464160	512.036099	0.589913	0.007961	6.6
1260	-0.465361	513.036084	0.588809	0.009525	6.6
1261	-0.460513	513.120616	0.588716	0.015363	6.7
1262	-0.467583	512.775951	0.589096	0.018274	6.5
1263	-0.468570	513.774150	0.587996	0.016523	6.8
1264	-0.465387	514.774150	0.586899	0.018896	6.3
1265	-0.457095	514.755953	0.586919	0.020364	7.1
1266	-0.464298	515.755953	0.585825	0.026149	6.8
1267	-0.453701	515.411285	0.586202	0.011523	6.8
1268	-0.458934	516.411285	0.585111	0.015505	6.7
1269	-0.458873	516.066617	0.585486	0.009864	6.4
1270	-0.465463	517.066617	0.584398	0.011734	6.7
1271	-0.464232	516.722592	0.584772	0.007905	7.0
1272	-0.459315	517.720614	0.583689	0.012357	7.3
1273	-0.464504	517.376433	0.584062	0.023324	6.5
1274	-0.459474	517.031765	0.584436	0.024983	7.0
1275	-0.461937	518.031765	0.583352	0.019889	6.5
1276	-0.457298	518.770844	0.582553	0.014618	6.5
1277	-0.460135	519.473528	0.581796	0.013448	6.7
1278	-0.457393	519.439835	0.581832	0.015379	6.8
1279	-0.467861	519.095167	0.582203	0.013801	7.2
1280	-0.464457	518.750499	0.582575	0.018384	7.9
1281	-0.460647	519.733772	0.581516	0.014782	7.2
1282	-0.462557	520.733664	0.580442	0.012838	7.8
1283	-0.470131	520.388996	0.580812	0.006803	7.4
1284	-0.459786	520.048455	0.581177	0.014632	6.9
1285	-0.463195	521.029976	0.580125	0.017384	8.3
1286	-0.470082	522.029968	0.579057	0.013717	7.9
1287	-0.462603	522.994373	0.578030	0.016588	6.6
1288	-0.461817	523.994368	0.576970	0.018538	8.6
1289	-0.465114	524.994361	0.575913	0.011400	7.5
1290	-0.468010	524.649693	0.576277	0.009142	6.7
1291	-0.463356	524.341135	0.576603	0.014012	7.1
1292	-0.467245	523.996468	0.576967	0.017001	7.3
1293	-0.462993	524.047909	0.576913	0.013607	6.7
1294	-0.460821	523.704275	0.577277	0.015136	7.4
1295	-0.463127	523.359607	0.577642	0.013854	6.9
1296	-0.459236	524.359607	0.576583	0.012198	6.7
1297	-0.461529	524.015121	0.576948	0.013139	6.6
1298	-0.468548	525.015120	0.575891	0.019461	6.7
1299	-0.458479	526.015120	0.574838	0.015025	7.2
1300	-0.458137	527.015120	0.573789	0.017288	7.3
1301	-0.460970	528.015112	0.572744	0.015312	6.4
1302	-0.456161	529.015111	0.571703	0.015755	6.5
1303	-0.459773	530.011061	0.570669	0.016363	6.7
1304	-0.461353	529.666393	0.571027	0.008653	6.4
1305	-0.458068	530.666370	0.569992	0.015812	6.7
1306	-0.462590	530.321730	0.570348	0.012445	6.8
1307	-0.461380	530.809981	0.569843	0.012281	7.3
1308	-0.465839	531.247657	0.569392	0.010969	6.4
1309	-0.470297	530.903090	0.569747	0.012183	6.3
1310	-0.458329	531.903090	0.568717	0.016825	7.0
1311	-0.463143	531.568664	0.569061	0.009888	6.7
1312	-0.458587	532.568664	0.568033	0.011499	6.8
1313	-0.457359	532.227379	0.568383	0.020180	6.6
1314	-0.464748	531.882779	0.568738	0.018315	6.8
1315	-0.462009	532.882779	0.567711	0.018658	6.7
1316	-0.459107	532.538111	0.568064	0.016180	6.7
1317	-0.458176	532.193445	0.568418	0.014313	6.6
1318	-0.471526	531.848864	0.568772	0.014564	7.2
1319	-0.462006	532.468482	0.568136	0.005413	7.1
1320	-0.466285	533.366492	0.567215	0.009821	7.0
1321	-0.466882	533.795187	0.566777	0.020602	7.5
1322	-0.463389	533.450521	0.567129	0.018871	6.8
1323	-0.463229	534.450521	0.566108	0.013793	6.7
1324	-0.466343	535.450521	0.565091	0.012696	6.9
1325	-0.462764	536.450521	0.564077	0.010598	6.8
1326	-0.457878	536.105853	0.564426	0.015451	7.0
1327	-0.463181	535.780394	0.564756	0.015323	7.2
1328	-0.461575	535.560481	0.564979	0.011375	6.5
1329	-0.457156	535.215817	0.565329	0.018384	6.7
1330	-0.464100	534.871149	0.565680	0.016136	7.0
1331	-0.453479	535.871149	0.564664	0.015563	6.8
1332	-0.461007	535.526481	0.565014	0.010474	6.9
1333	-0.455297	536.506089	0.564021	0.014697	6.8
1334	-0.462446	536.242320	0.564288	0.010671	7.0
1335	-0.469299	536.912928	0.563610	0.012615	6.9
1336	-0.464150	537.912892	0.562601	0.018888	6.9
1337	-0.470850	538.891003	0.561619	0.012715	7.0
1338	-0.462883	538.578910	0.561932	0.009936	6.5
1339	-0.459385	538.249743	0.562263	0.022539	6.5
1340	-0.467861	539.249743	0.561259	0.011896	7.1
1341	-0.461942	538.920636	0.561589	0.017214	6.1
1342	-0.466419	538.576200	0.561935	0.019376	6.9
1343	-0.458096	539.576200	0.560932	0.016769	6.9
1344	-0.463776	539.231531	0.561277	0.011457	6.8
1345	-0.456103	538.886864	0.561623	0.016352	6.6
1346	-0.463090	539.886863	0.560621	0.009717	6.5
1347	-0.471190	539.542323	0.560966	0.014028	6.7
1348	-0.464585	539.197655	0.561311	0.007559	6.6
1349	-0.465452	538.857244	0.561652	0.012337	6.7
1350	-0.461549	539.857234	0.560651	0.014704	7.2
1351	-0.461291	540.857233	0.559653	0.013642	6.5
1352	-0.463082	541.827195	0.558689	0.013403	7.1
1353	-0.463931	541.482671	0.559031	0.013635	7.6
1354	-0.463958	542.472936	0.558048	0.016426	6.8
1355	-0.455255	542.128268	0.558390	0.010043	7.1
1356	-0.463099	542.559402	0.557963	0.015512	6.7
1357	-0.469038	542.214734	0.558304	0.015963	6.8
1358	-0.458240	541.870066	0.558646	0.013098	7.3
1359	-0.461559	541.701781	0.558813	0.010054	7.2
1360	-0.461331	541.357122	0.559156	0.016270	6.9
1361	-0.462750	542.357122	0.558163	0.013004	7.0
1362	-0.466805	542.012454	0.558505	0.013054	6.6
1363	-0.465558	541.671519	0.558843	0.024153	7.1
1364	-0.472627	542.671519	0.557852	0.018649	6.7
1365	-0.456746	543.671519	0.556864	0.013014	6.4
1366	-0.463866	543.326859	0.557204	0.018128	6.9
1367	-0.463061	542.982191	0.557545	0.018517	6.7
1368	-0.454250	543.982191	0.556558	0.014051	6.5
1369	-0.457212	544.773976	0.555779	0.012964	6.5
1370	-0.460045	544.441497	0.556106	0.011591	6.6
1371	-0.457878	544.096861	0.556445	0.011263	6.8
1372	-0.463190	545.096855	0.555462	0.011404	6.4
1373	-0.459768	546.096855	0.554482	0.014641	6.4
1374	-0.461949	546.078796	0.554500	0.010250	6.3
1375	-0.458864	547.078793	0.553524	0.010275	7.0
1376	-0.466677	546.734960	0.553859	0.015048	6.7
1377	-0.466924	546.390292	0.554196	0.020575	6.7
1378	-0.459275	547.390292	0.553221	0.010934	6.5
1379	-0.461793	548.390292	0.552249	0.010672	6.3
1380	-0.462002	548.045698	0.552583	0.015150	6.6
1381	-0.458170	549.045698	0.551614	0.015297	6.6
1382	-0.464360	550.045698	0.550648	0.019389	6.6
1383	-0.471927	551.045698	0.549685	0.015465	6.8
1384	-0.463824	550.932062	0.549795	0.014897	6.5
1385	-0.457568	550.589893	0.550124	0.016182	6.8
1386	-0.463707	551.588181	0.549165	0.016311	6.5
1387	-0.460891	552.588181	0.548207	0.011203	7.0
1388	-0.466160	553.540359	0.547299	0.017174	6.6
1389	-0.456360	554.540359	0.546348	0.010494	7.0
1390	-0.460404	555.142129	0.545777	0.015350	6.5
1391	-0.464119	556.141892	0.544832	0.013115	7.2
1392	-0.458986	555.799485	0.545155	0.014937	6.9
1393	-0.460115	556.799485	0.544212	0.007075	6.8
1394	-0.466210	557.785867	0.543284	0.011054	6.4
1395	-0.460851	557.449834	0.543600	0.017993	6.4
1396	-0.465350	558.449834	0.542662	0.013252	7.0
1397	-0.461706	559.167742	0.541990	0.014110	6.9
1398	-0.457904	558.823606	0.542312	0.014504	6.6
1399	-0.453582	558.481737	0.542632	0.014529	6.6
1400	-0.458095	559.481207	0.541697	0.014888	6.4
1401	-0.462687	559.136539	0.542019	0.015043	6.4
1402	-0.474886	558.791871	0.542341	0.013798	7.1
1403	-0.468961	558.447210	0.542664	0.011897	6.7
1404	-0.459476	558.455967	0.542656	0.015787	6.6
1405	-0.463900	559.455880	0.541721	0.012671	6.5
1406	-0.465277	560.455880	0.540789	0.014531	6.6
1407	-0.461086	561.455878	0.539861	0.011468	6.4
1408	-0.457512	561.798219	0.539544	0.010840	6.7
1409	-0.458664	562.798207	0.538620	0.017454	6.5
1410	-0.467218	563.798207	0.537699	0.011366	6.9
1411	-0.471675	564.798207	0.536781	0.020750	6.3
1412	-0.471835	565.798206	0.535866	0.012869	7.2
1413	-0.459108	566.798206	0.534954	0.017523	6.5
1414	-0.455929	567.798206	0.534046	0.017476	6.6
1415	-0.463986	568.784842	0.533152	0.013341	7.0
1416	-0.457436	569.784806	0.532250	0.013913	6.7
1417	-0.457827	570.784804	0.531351	0.013292	6.7
1418	-0.466769	570.440135	0.531660	0.020303	6.5
1419	-0.463400	570.095468	0.531970	0.012163	6.6
1420	-0.470700	571.095468	0.531072	0.019460	7.2
1421	-0.462579	572.095467	0.530176	0.017611	6.5
1422	-0.465140	573.095467	0.529284	0.009391	6.5
1423	-0.468952	574.095467	0.528395	0.012757	7.0
1424	-0.462135	574.928956	0.527655	0.008081	6.7
1425	-0.456006	574.591674	0.527954	0.010495	7.3
1426	-0.467148	575.590612	0.527070	0.013200	6.9
1427	-0.457673	575.245953	0.527375	0.013478	6.8
1428	-0.468954	574.901307	0.527680	0.015238	7.0
1429	-0.463129	574.556640	0.527985	0.011201	7.0
1430	-0.461214	575.556435	0.527100	0.011305	7.1
1431	-0.458389	576.548883	0.526225	0.016566	7.3
1432	-0.454063	577.548706	0.525346	0.016151	6.7
1433	-0.464847	577.204038	0.525649	0.015826	6.8
1434	-0.457422	578.204038	0.524771	0.013919	6.3
1435	-0.463350	579.204038	0.523897	0.012336	6.7
1436	-0.466873	580.166753	0.523058	0.020659	6.8
1437	-0.470401	581.162655	0.522193	0.010518	6.6
1438	-0.456705	580.817986	0.522492	0.023036	7.3
1439	-0.460571	581.817986	0.521625	0.012004	6.8
1440	-0.476714	582.393429	0.521128	0.010425	6.3
1441	-0.464785	582.048769	0.521426	0.015621	6.9
1442	-0.467646	581.706513	0.521722	0.010750	6.6
1443	-0.465092	582.684063	0.520877	0.011850	6.7
1444	-0.461610	582.943622	0.520653	0.012608	6.8
1445	-0.461668	583.943581	0.519793	0.012022	6.5
1446	-0.460118	584.540876	0.519280	0.015409	6.9
1447	-0.463424	585.540872	0.518424	0.015048	6.7
1448	-0.466929	585.196204	0.518718	0.011197	7.8
1449	-0.463067	584.913715	0.518960	0.014927	8.7
1450	-0.462311	584.577840	0.519248	0.013071	8.6
1451	-0.473702	585.140263	0.518766	0.012493	7.4
1452	-0.460207	584.795595	0.519062	0.015886	7.8
1453	-0.470877	585.795595	0.518206	0.018061	7.1
1454	-0.464991	586.795360	0.517354	0.015833	7.2
1455	-0.462407	586.450692	0.517647	0.020255	7.0
1456	-0.471086	587.450692	0.516796	0.009808	7.5
1457	-0.465572	588.446057	0.515952	0.014777	6.7
1458	-0.465090	588.423328	0.515972	0.014210	6.5
1459	-0.464302	588.078842	0.516264	0.012889	6.9
1460	-0.456396	589.078842	0.515417	0.024620	6.9
1461	-0.466998	588.734174	0.515709	0.012329	6.8
1462	-0.459608	588.389510	0.516000	0.023070	6.5
1463	-0.465125	588.044842	0.516292	0.010735	6.9
1464	-0.456656	587.700174	0.516585	0.014289	6.6
1465	-0.465755	588.698924	0.515738	0.013808	6.6
1466	-0.456223	588.354256	0.516030	0.011858	6.8
1467	-0.466207	588.466282	0.515935	0.016272	6.5
1468	-0.471659	588.121962	0.516227	0.012308	6.7
1469	-0.461561	589.121962	0.515381	0.013918	6.9
1470	-0.463267	590.110839	0.514547	0.016345	7.0
1471	-0.469218	591.110838	0.513706	0.020828	7.3
1472	-0.458604	590.766170	0.513996	0.014046	6.6
1473	-0.465973	591.766170	0.513157	0.014463	6.6
1474	-0.455353	592.766156	0.512321	0.014233	6.5
1475	-0.465645	592.436995	0.512596	0.012377	6.7
1476	-0.459849	592.092326	0.512884	0.021809	7.0
1477	-0.459274	591.747658	0.513172	0.013570	6.2
1478	-0.458084	592.747658	0.512336	0.014574	6.7
1479	-0.460396	593.747646	0.511503	0.018876	6.6
1480	-0.470289	594.747646	0.510672	0.014177	6.5
1481	-0.460643	594.403091	0.510958	0.019318	6.7
1482	-0.468863	594.278167	0.511062	0.014296	7.0
1483	-0.462243	593.933499	0.511348	0.011812	7.0
1484	-0.469797	593.588831	0.511635	0.012815	6.8
1485	-0.467647	594.588818	0.510804	0.018179	6.0
1486	-0.460689	594.246736	0.511088	0.017219	6.7
1487	-0.465201	595.246736	0.510259	0.019641	6.7
1488	-0.454750	596.246736	0.509432	0.012261	6.2
1489	-0.464946	595.902591	0.509716	0.016178	6.5
1490	-0.462175	596.902555	0.508891	0.016558	6.7
1491	-0.463047	596.588305	0.509150	0.019625	6.7
1492	-0.464874	596.258110	0.509423	0.014185	7.0
1493	-0.457190	595.913442	0.509707	0.019232	6.4
1494	-0.463627	596.913442	0.508882	0.016540	6.5
1495	-0.461337	596.580658	0.509156	0.011593	6.4
1496	-0.465335	596.235991	0.509441	0.018011	6.9
1497	-0.456767	595.917191	0.509704	0.019391	6.7
1498	-0.460380	595.572523	0.509989	0.012652	6.4
1499	-0.464864	595.227855	0.510274	0.012662	6.7
1500	-0.455016	594.883255	0.510560	0.015068	6.6
1501	-0.460968	594.566801	0.510822	0.012365	6.2
1502	-0.463771	595.566801	0.509994	0.017039	7.0
1503	-0.462629	596.099014	0.509554	0.009986	6.6
1504	-0.458791	597.099014	0.508729	0.011342	6.9
1505	-0.464147	596.775100	0.508996	0.012831	6.8
1506	-0.465455	597.775100	0.508174	0.018498	6.9
1507	-0.466976	597.430432	0.508457	0.015523	6.8
1508	-0.457834	598.430432	0.507636	0.010764	6.1
1509	-0.460257	598.085769	0.507919	0.013275	6.8
1510	-0.458481	599.059537	0.507121	0.013278	6.9
1511	-0.453962	598.714906	0.507403	0.014152	6.7
1512	-0.463887	598.370452	0.507685	0.012374	6.6
1513	-0.470439	598.025784	0.507968	0.012236	6.3
1514	-0.453441	598.322317	0.507725	0.017375	6.5
1515	-0.470964	599.322317	0.506906	0.012334	6.6
1516	-0.462356	600.321881	0.506091	0.012896	6.7
1517	-0.465378	599.977223	0.506372	0.023087	6.6
1518	-0.452210	600.977223	0.505557	0.011539	7.2
1519	-0.465581	600.688887	0.505792	0.020163	6.5
1520	-0.458716	600.344218	0.506072	0.013346	7.2
1521	-0.460452	599.999551	0.506353	0.019037	7.0
1522	-0.468454	599.657434	0.506632	0.018090	6.6
1523	-0.471373	599.401288	0.506842	0.012662	6.7
1524	-0.463386	599.067329	0.507115	0.014585	6.7
1525	-0.462399	598.819697	0.507317	0.018653	7.1
1526	-0.467279	599.819697	0.506500	0.015400	6.9
1527	-0.463458	600.819665	0.505685	0.018926	6.4
1528	-0.460609	600.858736	0.505654	0.011829	6.4
1529	-0.467147	601.858734	0.504842	0.012121	6.2
1530	-0.478366	601.514067	0.505121	0.014196	7.0
1531	-0.455584	601.190704	0.505384	0.014194	7.1
1532	-0.464976	602.190704	0.504573	0.015005	6.5
1533	-0.456860	603.190704	0.503765	0.012777	7.3
1534	-0.462917	602.846039	0.504043	0.012091	7.0
1535	-0.457185	603.845714	0.503237	0.012988	6.8
1536	-0.468706	603.747607	0.503316	0.014545	6.9
1537	-0.462354	604.747514	0.502511	0.015687	6.8
1538	-0.455804	605.747155	0.501710	0.015044	7.0
1539	-0.464660	605.403000	0.501985	0.009842	6.7
1540	-0.463621	605.063713	0.502257	0.014984	6.7
1541	-0.465020	604.719045	0.502534	0.018591	7.1
1542	-0.464833	604.374377	0.502811	0.019543	6.7
1543	-0.459308	604.373907	0.502811	0.020722	6.4
1544	-0.463416	605.373907	0.502009	0.014282	6.4
1545	-0.464944	605.029239	0.502285	0.009221	6.6
1546	-0.453575	604.684571	0.502562	0.012586	7.1
1547	-0.470592	604.345057	0.502835	0.010878	6.8
1548	-0.450283	605.275759	0.502087	0.010445	6.7
1549	-0.467277	606.275759	0.501287	0.010642	7.1
1550	-0.459091	607.275759	0.500489	0.013887	6.1
1551	-0.475961	607.630989	0.500206	0.014130	6.9
1552	-0.462685	608.622984	0.499418	0.009084	6.3
1553	-0.462747	608.289845	0.499683	0.015438	7.0
1554	-0.460262	609.275934	0.498901	0.014969	7.1
1555	-0.468219	610.275934	0.498111	0.016675	6.9
1556	-0.465409	610.500454	0.497933	0.021625	6.7
1557	-0.475193	611.500454	0.497146	0.008335	6.6
1558	-0.461288	612.280526	0.496534	0.014112	7.0
1559	-0.462447	612.541991	0.496329	0.014779	7.2
1560	-0.459567	613.541991	0.495547	0.013536	6.8
1561	-0.456502	614.328684	0.494933	0.017741	6.4
1562	-0.458733	613.985269	0.495201	0.016347	7.1
1563	-0.465513	613.719869	0.495408	0.014127	6.5
1564	-0.467734	614.719868	0.494629	0.011092	6.9
1565	-0.460986	614.375205	0.494897	0.013969	6.8
1566	-0.464998	615.332025	0.494153	0.017168	6.8
1567	-0.465378	616.332018	0.493377	0.015121	7.3
1568	-0.465643	617.332018	0.492604	0.011362	6.8
1569	-0.459557	616.987350	0.492871	0.013253	6.5
1570	-0.466988	616.642682	0.493137	0.014544	6.6
1571	-0.464398	616.298014	0.493404	0.010826	6.8
1572	-0.456940	617.270597	0.492652	0.015735	6.7
1573	-0.463304	618.270596	0.491881	0.013786	6.6
1574	-0.465554	617.925928	0.492147	0.020536	7.1
1575	-0.457633	618.751992	0.491511	0.015693	7.1
1576	-0.461899	618.407324	0.491776	0.015717	6.5
1577	-0.463294	619.407324	0.491008	0.008296	6.7
1578	-0.462214	619.125558	0.491224	0.013252	7.4
1579	-0.469750	620.125505	0.490458	0.013433	7.1
1580	-0.467320	621.125505	0.489694	0.016822	6.4
1581	-0.462449	622.096909	0.488955	0.021040	7.2
1582	-0.462952	623.096909	0.488195	0.015763	6.6
1583	-0.463326	624.096909	0.487439	0.013635	7.1
1584	-0.461660	625.096876	0.486684	0.008037	6.9
1585	-0.461434	625.909223	0.486073	0.013355	7.0
1586	-0.461644	625.711035	0.486222	0.014538	7.6
1587	-0.463869	625.366367	0.486481	0.013646	6.8
1588	-0.455090	626.366338	0.485730	0.012853	7.0
1589	-0.459032	626.021670	0.485989	0.013474	6.9
1590	-0.468226	625.677039	0.486248	0.011455	6.2
1591	-0.472400	626.590535	0.485562	0.019879	7.1
1592	-0.476028	626.246812	0.485820	0.013813	6.6
1593	-0.462607	625.902295	0.486078	0.019279	6.4
1594	-0.466347	625.869398	0.486103	0.014391	6.6
1595	-0.456862	626.803972	0.485402	0.017255	6.5
1596	-0.464239	626.491231	0.485636	0.010928	6.5
1597	-0.459477	626.146563	0.485895	0.016914	6.8
1598	-0.465607	627.073035	0.485200	0.014222	6.6
1599	-0.466223	626.728372	0.485458	0.016111	7.0
1600	-0.455810	627.728372	0.484710	0.014813	6.4
1601	-0.465007	628.728368	0.483964	0.009353	6.6
1602	-0.460010	628.383700	0.484221	0.012820	6.6
1603	-0.460471	629.383247	0.483477	0.010594	6.5
1604	-0.463532	630.382778	0.482735	0.012802	7.0
1605	-0.464945	630.921873	0.482336	0.011138	6.7
1606	-0.467907	631.917408	0.481600	0.014742	6.4
1607	-0.456892	632.917381	0.480864	0.008365	6.3
1608	-0.460723	632.618751	0.481083	0.017178	6.8
1609	-0.466722	632.274083	0.481337	0.019651	6.6
1610	-0.468634	632.027652	0.481519	0.012336	6.7
1611	-0.459610	633.027651	0.480783	0.024409	6.6
1612	-0.462861	634.012469	0.480060	0.010949	6.9
1613	-0.445709	635.012455	0.479328	0.010869	7.2
1614	-0.453171	636.012370	0.478599	0.023143	6.4
1615	-0.469257	635.667814	0.478850	0.020862	6.4
1616	-0.469919	635.323146	0.479101	0.016562	6.5
1617	-0.467500	634.978507	0.479353	0.017496	6.5
1618	-0.455562	634.633839	0.479605	0.019227	6.7
1619	-0.461145	635.509961	0.478965	0.017780	6.7
1620	-0.468232	635.165293	0.479216	0.012936	6.8
1621	-0.459643	634.820625	0.479468	0.013941	6.2
1622	-0.465453	634.475969	0.479720	0.012137	6.0
1623	-0.456657	635.070664	0.479286	0.009950	6.9
1624	-0.464291	634.987266	0.479346	0.014596	6.8
1625	-0.470953	635.509098	0.478965	0.012915	6.6
1626	-0.454041	635.817897	0.478740	0.027384	6.7
1627	-0.458293	635.473229	0.478992	0.017355	7.0
1628	-0.460565	636.473229	0.478263	0.013696	6.7
1629	-0.459157	637.473229	0.477537	0.013020	6.5
1630	-0.455126	638.473112	0.476813	0.014713	6.8
1631	-0.463452	639.022456	0.476416	0.011819	6.5
1632	-0.465516	640.017082	0.475699	0.012643	7.0
1633	-0.466280	641.017028	0.474980	0.014843	6.4
1634	-0.461631	640.672360	0.475228	0.008271	6.0
1635	-0.465061	640.327692	0.475476	0.017020	6.7
1636	-0.459372	641.327533	0.474758	0.014735	6.5
1637	-0.469214	642.327533	0.474042	0.019072	6.1
1638	-0.462799	643.314480	0.473338	0.012288	6.5
1639	-0.451244	642.969812	0.473584	0.014061	6.4
1640	-0.458589	643.969812	0.472871	0.023327	6.1
1641	-0.460150	644.306777	0.472632	0.009554	6.2
1642	-0.456233	644.890165	0.472218	0.010024	6.8
1643	-0.465866	645.770824	0.471594	0.014509	6.1
1644	-0.458977	646.769464	0.470889	0.011524	6.7
1645	-0.465771	646.424796	0.471132	0.018329	6.9
1646	-0.460524	647.424705	0.470427	0.014325	7.3
1647	-0.466728	648.424705	0.469724	0.012649	7.1
1648	-0.463829	649.402278	0.469040	0.016751	6.5
1649	-0.457677	650.302050	0.468411	0.016891	6.7
1650	-0.457097	651.277464	0.467731	0.012577	7.2
1651	-0.460594	652.276024	0.467038	0.010744	6.3
1652	-0.463481	651.931357	0.467277	0.014093	6.6
1653	-0.469580	651.586689	0.467516	0.016813	6.6
1654	-0.462833	651.242021	0.467756	0.011462	6.8
1655	-0.466324	651.728714	0.467418	0.013224	7.0
1656	-0.465762	651.384046	0.467657	0.014860	6.4
1657	-0.458756	651.039378	0.467897	0.015417	6.7
1658	-0.461112	650.694710	0.468137	0.015655	6.2
1659	-0.464571	650.350042	0.468377	0.008644	7.3
1660	-0.466769	650.569600	0.468224	0.009053	6.9
1661	-0.458345	650.446251	0.468310	0.017858	6.4
1662	-0.455952	650.105388	0.468548	0.011922	6.7
1663	-0.458857	649.760720	0.468789	0.020037	6.3
1664	-0.470948	649.416052	0.469030	0.013881	6.7
1665	-0.462300	649.071384	0.469271	0.014787	6.8
1666	-0.466894	650.071380	0.468572	0.015880	6.5
1667	-0.460093	651.071380	0.467875	0.018036	6.7
1668	-0.466816	651.271290	0.467736	0.015192	6.4
1669	-0.456865	650.926622	0.467975	0.022352	6.5
1670	-0.467088	650.581954	0.468216	0.013366	6.6
1671	-0.463469	651.581213	0.467520	0.014324	6.7
1672	-0.464110	652.574695	0.466830	0.014365	6.9
1673	-0.463852	653.574459	0.466139	0.017890	6.2
1674	-0.465468	654.574459	0.465449	0.012229	6.7
1675	-0.466856	655.574459	0.464761	0.012310	6.4
1676	-0.459266	656.574448	0.464075	0.010498	7.0
1677	-0.474706	656.229855	0.464311	0.016241	6.7
1678	-0.463121	655.972820	0.464487	0.013842	6.3
1679	-0.460617	655.661093	0.464701	0.009794	6.4
1680	-0.463697	655.316430	0.464938	0.012932	6.6
1681	-0.469418	656.308475	0.464257	0.012191	6.8
1682	-0.470399	657.305970	0.463574	0.015671	6.7
1683	-0.463937	658.305970	0.462892	0.011794	6.5
1684	-0.460428	659.305970	0.462211	0.011097	6.9
1685	-0.460007	660.305835	0.461533	0.008832	6.5
1686	-0.471579	659.967664	0.461762	0.020949	6.7
1687	-0.461332	660.967630	0.461085	0.021472	6.7
1688	-0.460508	660.625479	0.461317	0.013713	6.3
1689	-0.460028	660.286885	0.461546	0.015564	6.7
1690	-0.462135	660.340459	0.461510	0.008944	6.7
1691	-0.459324	661.330020	0.460840	0.014335	6.5
1692	-0.464211	660.985354	0.461073	0.012179	6.8
1693	-0.462695	661.351745	0.460826	0.010390	6.5
1694	-0.457588	662.323742	0.460170	0.012738	6.7
1695	-0.463090	662.187208	0.460262	0.015552	6.6
1696	-0.465458	663.000309	0.459715	0.020228	6.6
1697	-0.465953	664.000309	0.459044	0.016849	6.7
1698	-0.454666	663.655988	0.459275	0.015703	6.0
1699	-0.466159	663.312019	0.459506	0.029953	6.6
1700	-0.468773	664.312019	0.458835	0.017484	7.1
1701	-0.460604	663.967351	0.459066	0.017084	6.8
1702	-0.462210	663.622683	0.459297	0.012512	6.7
1703	-0.456982	663.278015	0.459528	0.012150	6.8
1704	-0.466365	664.278015	0.458858	0.013938	7.1
1705	-0.466815	664.305374	0.458840	0.009402	6.6
1706	-0.455743	665.305166	0.458171	0.020158	7.3
1707	-0.464194	664.960498	0.458401	0.016492	6.8
1708	-0.457985	664.615830	0.458632	0.011490	7.0
1709	-0.470295	664.271162	0.458862	0.015547	6.3
1710	-0.464270	665.271162	0.458194	0.015488	6.9
1711	-0.472364	664.926562	0.458424	0.014370	6.7
1712	-0.459518	665.926562	0.457757	0.011284	6.8
1713	-0.467737	666.926233	0.457091	0.017812	6.6
1714	-0.479126	667.925290	0.456429	0.020596	7.1
1715	-0.468315	668.925290	0.455767	0.010862	7.1
1716	-0.470471	669.922077	0.455109	0.011749	7.0
1717	-0.468611	670.922077	0.454452	0.014037	7.1
1718	-0.466529	671.922070	0.453796	0.014398	6.7
1719	-0.463508	672.922070	0.453142	0.016942	7.1
1720	-0.466695	673.922070	0.452490	0.018691	7.1
1721	-0.468946	674.906387	0.451850	0.017673	7.5
1722	-0.461050	674.561719	0.452074	0.012204	6.9
1723	-0.465873	675.559205	0.451426	0.019373	6.5
1724	-0.460293	676.559205	0.450779	0.012360	6.2
1725	-0.456736	677.497468	0.450174	0.014009	6.6
1726	-0.463999	677.153217	0.450396	0.008765	7.3
1727	-0.455273	676.942642	0.450532	0.009977	7.1
1728	-0.461683	676.600690	0.450752	0.013263	6.5
1729	-0.456565	676.261861	0.450971	0.020577	7.1
1730	-0.462807	675.917193	0.451194	0.015714	6.3
1731	-0.459371	676.917193	0.450548	0.009897	7.1
1732	-0.467909	676.572528	0.450771	0.025684	6.5
1733	-0.455550	676.227937	0.450993	0.018022	6.4
1734	-0.468371	677.227937	0.450347	0.015878	6.5
1735	-0.459378	677.373382	0.450254	0.013577	8.5
1736	-0.461491	677.028714	0.450476	0.021322	9.0
1737	-0.473505	678.025660	0.449834	0.013361	7.5
1738	-0.469157	679.025660	0.449191	0.012015	7.2
1739	-0.453386	679.042106	0.449180	0.015471	8.8
1740	-0.462018	678.697438	0.449402	0.014776	6.8
1741	-0.460996	678.352770	0.449623	0.009444	7.0
1742	-0.459400	679.352478	0.448981	0.012774	7.1
1743	-0.464210	680.278870	0.448388	0.014267	7.0
1744	-0.462643	679.934202	0.448609	0.011724	7.5
1745	-0.460671	680.862299	0.448015	0.014836	6.6
1746	-0.449981	681.853230	0.447384	0.015636	6.8
1747	-0.462035	681.508834	0.447603	0.018793	7.0
1748	-0.456051	682.508834	0.446967	0.016674	7.0
1749	-0.461370	683.508834	0.446332	0.016877	6.9
1750	-0.459483	684.508834	0.445700	0.015839	6.8
1751	-0.472117	684.166360	0.445916	0.015678	6.5
1752	-0.467122	685.166358	0.445285	0.014595	6.5
1753	-0.466401	684.821690	0.445502	0.011478	6.4
1754	-0.453423	684.477022	0.445720	0.014777	6.5
1755	-0.462655	685.477022	0.445089	0.012049	6.8
1756	-0.470968	685.132354	0.445306	0.015732	6.6
1757	-0.465635	686.130616	0.444678	0.015773	6.6
1758	-0.454438	687.130604	0.444050	0.011614	7.1
1759	-0.459076	686.785936	0.444266	0.017852	6.6
1760	-0.470116	687.453826	0.443847	0.017145	6.2
1761	-0.466221	688.453826	0.443221	0.011793	6.5
1762	-0.458464	688.109158	0.443437	0.012907	6.8
1763	-0.467736	689.109145	0.442812	0.014964	6.0
1764	-0.460647	690.109144	0.442190	0.014104	7.0
1765	-0.463222	689.764476	0.442404	0.014810	7.0
1766	-0.462957	690.764037	0.441783	0.018169	6.4
1767	-0.456749	690.419369	0.441997	0.010508	6.5
1768	-0.461561	691.415127	0.441379	0.011370	6.8
1769	-0.465017	691.086060	0.441583	0.015931	6.6
1770	-0.459118	692.082327	0.440966	0.007971	6.9
1771	-0.457695	691.737662	0.441179	0.010167	6.5
1772	-0.466614	692.663737	0.440607	0.011223	6.3
1773	-0.471778	692.319327	0.440820	0.017065	7.1
1774	-0.470293	691.979104	0.441030	0.011686	6.8
1775	-0.467318	692.979104	0.440412	0.014426	7.2
1776	-0.467223	693.979104	0.439796	0.023610	7.0
1777	-0.464821	694.979104	0.439182	0.010163	6.8
1778	-0.462304	694.634460	0.439394	0.016075	6.8
1779	-0.461099	695.149301	0.439078	0.018042	6.5
1780	-0.457798	694.807535	0.439287	0.017479	6.0
1781	-0.461866	695.805037	0.438676	0.022421	6.7
1782	-0.465760	696.275487	0.438388	0.021314	6.0
1783	-0.464541	697.173737	0.437840	0.010322	6.4
1784	-0.462671	697.133687	0.437864	0.010333	6.6
1785	-0.459142	696.860343	0.438031	0.013499	6.6
1786	-0.474948	696.515893	0.438241	0.012391	6.6
1787	-0.466555	696.171225	0.438452	0.014945	6.8
1788	-0.463350	695.826560	0.438663	0.016476	6.5
1789	-0.467301	696.683042	0.438139	0.008602	6.4
1790	-0.462421	696.506552	0.438247	0.017212	7.2
1791	-0.459612	696.162353	0.438457	0.012774	6.7
1792	-0.464131	695.817684	0.438668	0.015771	8.0
1793	-0.464906	696.817487	0.438057	0.016040	6.8
1794	-0.466800	697.817487	0.437448	0.009236	6.9
1795	-0.464701	698.817485	0.436840	0.016309	7.0
1796	-0.463563	699.817103	0.436234	0.010229	7.0
1797	-0.458194	700.817103	0.435630	0.016534	6.5
1798	-0.461440	701.817103	0.435027	0.016679	6.7
1799	-0.465069	701.472435	0.435235	0.014048	6.7
1800	-0.459055	702.463854	0.434638	0.013882	7.1
1801	-0.461759	702.119186	0.434846	0.015435	7.1
1802	-0.472203	701.784754	0.435047	0.018306	6.7
1803	-0.468832	702.784754	0.434446	0.018174	6.7
1804	-0.456297	702.440086	0.434653	0.019628	6.2
1805	-0.461686	702.095418	0.434860	0.014589	6.8
1806	-0.473354	703.095418	0.434259	0.011677	7.1
1807	-0.455011	702.750749	0.434466	0.016577	6.7
1808	-0.462286	703.750741	0.433867	0.012768	6.6
1809	-0.460909	703.406073	0.434073	0.014380	7.0
1810	-0.467276	704.404063	0.433476	0.015363	6.8
1811	-0.458849	705.400419	0.432881	0.009656	6.6
1812	-0.466246	706.400417	0.432286	0.010857	6.6
1813	-0.467933	706.297316	0.432348	0.014100	7.2
1814	-0.467482	706.017078	0.432514	0.018342	7.5
1815	-0.464191	705.672410	0.432719	0.012303	8.1
1816	-0.461210	706.672410	0.432125	0.016663	7.6
1817	-0.464999	706.369750	0.432304	0.014562	7.6
1818	-0.457100	707.369679	0.431711	0.014131	8.0
1819	-0.457964	708.364782	0.431122	0.016396	6.9
1820	-0.464002	709.364762	0.430532	0.009052	8.2
1821	-0.467040	710.341402	0.429957	0.015893	7.8
1822	-0.470333	710.000057	0.430158	0.011616	7.9
1823	-0.465500	711.000056	0.429570	0.014612	7.6
1824	-0.458632	712.000056	0.428984	0.014413	7.3
1825	-0.466529	711.874729	0.429057	0.014760	7.7
1826	-0.456206	711.586676	0.429226	0.009925	7.4
1827	-0.456398	712.377466	0.428763	0.019729	7.4
1828	-0.461399	713.377421	0.428179	0.019816	6.8
1829	-0.464293	714.377421	0.427597	0.015246	6.7
1830	-0.462544	715.377421	0.427016	0.013202	6.6
1831	-0.459832	715.302743	0.427060	0.010795	7.1
1832	-0.454719	715.000681	0.427235	0.011826	6.7
1833	-0.463052	714.656105	0.427435	0.022867	7.1
1834	-0.456680	715.656105	0.426855	0.017107	6.8
1835	-0.464569	715.311436	0.427055	0.019377	6.8
1836	-0.472387	716.311436	0.426475	0.011174	7.2
1837	-0.468439	717.311436	0.425898	0.010536	7.0
1838	-0.464093	716.967521	0.426096	0.015896	6.8
1839	-0.454307	716.622852	0.426295	0.012005	6.8
1840	-0.463343	717.562483	0.425753	0.011100	6.7
1841	-0.469035	717.458516	0.425813	0.013924	7.1
1842	-0.464392	717.113848	0.426012	0.013657	6.9
1843	-0.459908	718.113836	0.425435	0.014416	6.9
1844	-0.462509	719.113836	0.424861	0.010657	6.5
1845	-0.463515	718.769168	0.425059	0.014458	7.2
1846	-0.456913	718.424502	0.425257	0.010745	6.5
1847	-0.462500	718.749193	0.425070	0.015939	6.7
1848	-0.462409	719.733889	0.424505	0.012638	6.8
1849	-0.463806	720.733882	0.423933	0.013499	7.0
1850	-0.459398	721.134128	0.423704	0.011474	6.8
1851	-0.462165	722.134103	0.423134	0.012355	6.6
1852	-0.476602	722.015449	0.423201	0.019348	7.3
1853	-0.464505	721.670781	0.423398	0.014343	7.0
1854	-0.467272	721.326113	0.423594	0.013025	7.0
1855	-0.459164	720.989543	0.423787	0.018640	7.1
1856	-0.466275	721.989543	0.423216	0.013264	6.3
1857	-0.466941	721.798006	0.423325	0.013976	7.3
1858	-0.449016	722.797981	0.422756	0.008246	6.8
1859	-0.466378	723.797797	0.422189	0.013098	6.7
1860	-0.458310	724.519026	0.421780	0.017089	7.1
1861	-0.462160	725.519020	0.421215	0.014296	7.4
1862	-0.459642	726.518971	0.420652	0.016344	6.5
1863	-0.452094	726.174303	0.420846	0.009932	6.9
1864	-0.473215	725.829635	0.421040	0.021696	7.3
1865	-0.470725	725.484968	0.421234	0.010312	6.5
1866	-0.468634	726.483945	0.420671	0.015052	7.4
1867	-0.468940	727.483945	0.420109	0.023070	6.9
1868	-0.459863	727.139276	0.420303	0.009129	6.8
1869	-0.467548	728.139276	0.419742	0.016760	7.1
1870	-0.469297	728.642431	0.419460	0.012454	7.6
1871	-0.467890	728.474449	0.419554	0.012425	6.6
1872	-0.457944	728.129781	0.419747	0.013101	7.0
1873	-0.471807	729.121088	0.419193	0.017768	6.9
1874	-0.456803	730.119053	0.418636	0.024289	7.0
1875	-0.457569	731.119053	0.418079	0.018719	7.1
1876	-0.468257	730.774385	0.418271	0.013162	7.2
1877	-0.460317	730.429741	0.418463	0.012112	6.7
1878	-0.458331	731.429606	0.417906	0.012908	6.8
1879	-0.455482	732.429526	0.417352	0.018605	7.0
1880	-0.458096	732.084858	0.417543	0.015713	6.7
1881	-0.462423	732.942901	0.417068	0.016027	6.6
1882	-0.464432	732.598233	0.417258	0.014820	6.2
1883	-0.461084	732.749253	0.417175	0.010463	6.9
1884	-0.460546	732.404598	0.417366	0.016455	6.4
1885	-0.458519	732.059931	0.417557	0.015353	6.7
1886	-0.467132	731.715447	0.417748	0.014988	6.4
1887	-0.456710	731.370779	0.417939	0.020936	6.8
1888	-0.463016	732.370779	0.417384	0.015069	6.8
1889	-0.463205	733.370779	0.416831	0.010242	6.4
1890	-0.462633	733.033688	0.417017	0.008637	6.5
1891	-0.453882	733.926988	0.416524	0.016101	6.7
1892	-0.465501	733.582320	0.416714	0.006221	6.8
1893	-0.455337	733.667413	0.416667	0.013967	6.8
1894	-0.464286	733.929161	0.416523	0.015870	6.5
1895	-0.452591	733.584496	0.416713	0.012062	7.3
1896	-0.456385	733.239828	0.416903	0.014678	6.6
1897	-0.470265	734.239828	0.416351	0.020226	6.7
1898	-0.460577	735.239828	0.415801	0.012368	6.9
1899	-0.465867	736.239818	0.415252	0.009887	6.0
1900	-0.462352	735.939975	0.415416	0.015033	6.2
1901	-0.465509	735.703863	0.415546	0.023563	6.8
1902	-0.460191	736.703863	0.414997	0.013690	6.6
1903	-0.462629	736.359195	0.415186	0.013496	7.0
1904	-0.461799	737.219788	0.414715	0.011203	7.1
1905	-0.461776	738.200178	0.414180	0.020007	6.9
1906	-0.454723	737.855516	0.414368	0.018375	6.8
1907	-0.453332	737.510848	0.414556	0.017231	6.6
1908	-0.460817	738.510848	0.414010	0.011407	7.1
1909	-0.461904	739.510848	0.413466	0.015385	6.5
1910	-0.468685	739.187882	0.413641	0.014338	6.5
1911	-0.464461	740.187882	0.413098	0.008770	6.8
1912	-0.467775	741.187499	0.412556	0.014516	6.2
1913	-0.467854	740.842851	0.412743	0.012346	7.0
1914	-0.450438	740.498183	0.412930	0.019888	6.3
1915	-0.462136	741.498171	0.412388	0.013419	6.4
1916	-0.468471	742.498171	0.411848	0.010933	6.8
1917	-0.461418	743.243082	0.411447	0.017501	6.6
1918	-0.460094	742.960610	0.411599	0.016429	6.7
1919	-0.460003	743.960600	0.411061	0.019539	7.0
1920	-0.461663	744.960600	0.410524	0.012813	6.7
1921	-0.464823	745.960600	0.409989	0.015380	7.2
1922	-0.456187	745.615932	0.410173	0.016080	6.8
1923	-0.456849	745.271275	0.410358	0.018240	7.0
1924	-0.462956	744.953387	0.410528	0.012037	7.0
1925	-0.463535	745.668233	0.410145	0.009358	6.7
1926	-0.464430	745.441261	0.410267	0.013910	6.8
1927	-0.463521	746.441230	0.409732	0.007806	6.7
1928	-0.474214	747.431944	0.409204	0.011910	6.4
1929	-0.460199	747.103924	0.409378	0.016261	6.9
1930	-0.460801	748.103924	0.408846	0.014209	6.7
1931	-0.471238	747.759580	0.409029	0.014051	7.0
1932	-0.461251	748.759580	0.408498	0.010786	7.0
1933	-0.460518	749.759570	0.407968	0.013314	6.3
1934	-0.467009	749.415353	0.408150	0.012537	6.9
1935	-0.474179	750.415353	0.407621	0.016838	6.4
1936	-0.470460	750.070685	0.407803	0.014084	6.9
1937	-0.457841	749.746585	0.407975	0.011775	6.5
1938	-0.463592	749.401917	0.408157	0.018170	6.6
1939	-0.465518	750.182982	0.407744	0.016434	6.5
1940	-0.460946	749.838313	0.407926	0.015342	6.8
1941	-0.458317	750.809010	0.407413	0.015467	6.5
1942	-0.460603	751.787296	0.406897	0.008566	6.8
1943	-0.452853	752.785626	0.406372	0.017173	6.9
1944	-0.465837	753.785626	0.405848	0.009440	7.2
1945	-0.462236	754.768639	0.405334	0.014497	7.0
1946	-0.455255	755.501944	0.404951	0.013677	6.4
1947	-0.469688	756.335583	0.404517	0.012951	7.4
1948	-0.460299	755.990915	0.404696	0.011366	6.6
1949	-0.460696	755.762112	0.404815	0.014208	6.5
1950	-0.461783	755.417444	0.404995	0.015375	6.5
1951	-0.459756	755.072776	0.405175	0.009583	6.7
1952	-0.460181	754.989934	0.405218	0.009412	6.4
1953	-0.470056	755.822008	0.404784	0.014253	6.5
1954	-0.463800	756.821918	0.404264	0.010197	6.4
1955	-0.458336	756.477412	0.404443	0.013810	6.6
1956	-0.464004	756.132744	0.404622	0.012883	6.5
1957	-0.462994	757.132744	0.404102	0.009078	6.1
1958	-0.465443	756.791105	0.404280	0.007937	6.5
1959	-0.465965	756.446473	0.404459	0.019527	7.1
1960	-0.467251	757.432461	0.403947	0.014831	6.5
1961	-0.454347	757.087792	0.404126	0.013271	6.9
1962	-0.461245	758.087792	0.403607	0.014863	7.1
1963	-0.454246	757.743179	0.403785	0.018633	6.7
1964	-0.464675	758.743179	0.403268	0.012829	6.4
1965	-0.456625	758.398882	0.403446	0.008135	6.9
1966	-0.462341	759.225589	0.403018	0.013010	6.6
1967	-0.465319	758.882257	0.403196	0.016094	6.7
1968	-0.463904	759.882257	0.402679	0.019670	6.8
1969	-0.468435	760.882257	0.402164	0.019710	6.5
1970	-0.459384	761.882244	0.401651	0.012962	6.5
1971	-0.458945	762.882244	0.401138	0.012067	6.0
1972	-0.461837	763.882244	0.400627	0.014693	7.1
1973	-0.462341	764.881872	0.400118	0.014908	6.6
1974	-0.462898	764.537626	0.400293	0.017211	6.4
1975	-0.465320	764.192957	0.400469	0.012927	6.8
1976	-0.467231	763.848298	0.400645	0.017266	6.4
1977	-0.455570	764.848291	0.400135	0.015294	7.1
1978	-0.455706	765.848291	0.399626	0.018778	6.9
1979	-0.466806	766.848290	0.399119	0.016815	6.7
1980	-0.456763	767.848289	0.398613	0.011213	6.7
1981	-0.462612	767.503621	0.398787	0.006272	6.3
1982	-0.459281	767.160797	0.398961	0.010178	7.3
1983	-0.463547	768.160665	0.398455	0.013037	6.3
1984	-0.464610	769.160664	0.397951	0.012304	6.8
1985	-0.460243	770.155436	0.397451	0.014437	6.8
1986	-0.461861	771.155175	0.396949	0.016887	6.6
1987	-0.459606	772.155175	0.396448	0.016592	6.4
1988	-0.464043	771.810507	0.396621	0.012354	7.4
1989	-0.462058	771.465839	0.396793	0.020713	7.1
1990	-0.462119	771.121171	0.396966	0.013746	6.4
1991	-0.464227	772.121171	0.396465	0.015385	6.4
1992	-0.463271	771.796848	0.396628	0.012010	6.6
1993	-0.459027	771.452368	0.396800	0.014961	6.8
1994	-0.458106	772.452368	0.396300	0.014235	6.3
1995	-0.458122	773.201939	0.395926	0.020457	6.5
1996	-0.455348	772.857271	0.396098	0.014622	6.9
1997	-0.458614	772.512603	0.396270	0.016543	6.2
1998	-0.457825	772.167935	0.396442	0.013665	7.0
1999	-0.463477	771.843724	0.396604	0.017301	6.7
