1:ItNr	2:Metric	3a:Time	3b:StepSize	4:||Gradient||	Time[ms]
0	-0.686657	0.000000	12.896308	0.025432	56.7
1	-0.697088	0.000000	12.896308	0.029828	6.8
2	-0.691400	0.000000	12.896308	0.016650	6.7
3	-0.698817	0.000000	12.896308	0.031088	6.7
4	-0.704924	0.000000	12.896308	0.019779	6.7
5	-0.711942	0.000000	12.896308	0.020160	6.6
6	-0.720201	0.999986	12.310120	0.027745	6.0
7	-0.706801	1.999986	11.774897	0.013082	6.8
8	-0.709344	2.999986	11.284276	0.008754	6.6
9	-0.708459	2.914280	11.324717	0.011333	6.8
10	-0.710973	3.914280	10.870170	0.017382	6.6
11	-0.715642	4.914280	10.450704	0.019224	6.5
12	-0.717322	5.914280	10.062408	0.020228	6.5
13	-0.711773	6.914280	9.701933	0.019594	6.3
14	-0.710441	7.914280	9.366391	0.019416	6.4
15	-0.716953	8.914280	9.053284	0.022604	6.4
16	-0.714334	9.914280	8.760432	0.022717	6.5
17	-0.720797	10.914280	8.485934	0.017868	6.3
18	-0.719321	11.914280	8.228114	0.020061	6.5
19	-0.720654	12.914280	7.985499	0.035271	6.8
20	-0.713682	13.914280	7.756782	0.015688	6.7
21	-0.714747	14.914280	7.540802	0.020734	6.8
22	-0.713966	14.828575	7.558840	0.019352	6.7
23	-0.726327	15.828572	7.353597	0.024009	7.3
24	-0.717484	16.828572	7.159204	0.024778	6.7
25	-0.721010	17.828572	6.974824	0.022435	6.7
26	-0.711758	18.828572	6.799703	0.022148	6.3
27	-0.720906	19.828572	6.633160	0.021138	6.4
28	-0.722701	20.828572	6.474581	0.015632	7.3
29	-0.722054	21.828572	6.323406	0.013863	7.0
30	-0.718862	22.828572	6.179130	0.007450	6.3
31	-0.724630	23.828571	6.041291	0.005686	7.1
32	-0.715791	23.743265	6.052810	0.012925	6.7
33	-0.713213	24.742550	5.920581	0.006979	6.9
34	-0.719569	24.962579	5.892238	0.011342	7.2
35	-0.726805	25.961353	5.766922	0.010575	7.1
36	-0.724989	26.961353	5.646681	0.011845	6.8
37	-0.728208	27.961353	5.531352	0.011360	6.9
38	-0.727380	28.961353	5.420639	0.007611	7.6
39	-0.722267	29.961333	5.314274	0.009869	7.0
40	-0.719368	30.961330	5.212000	0.011909	8.1
41	-0.722138	31.961330	5.113589	0.011933	6.9
42	-0.718563	32.961330	5.018825	0.019606	7.9
43	-0.711684	33.961330	4.927509	0.026204	7.4
44	-0.724031	34.961330	4.839457	0.014463	6.5
45	-0.718427	35.961330	4.754497	0.006071	6.7
46	-0.727579	36.961294	4.672471	0.005980	7.1
47	-0.717081	36.881957	4.678875	0.012181	7.6
48	-0.719778	37.881700	4.599434	0.019157	7.8
49	-0.722304	38.881700	4.522625	0.013981	11.4
50	-0.720887	39.881700	4.448339	0.012908	8.2
51	-0.723007	40.881700	4.376455	0.008605	8.6
52	-0.719335	41.881700	4.306857	0.006143	8.2
53	-0.704629	42.875032	4.239880	0.012848	7.4
54	-0.727448	43.875032	4.174525	0.013935	7.3
55	-0.718958	44.875032	4.111155	0.008138	7.3
56	-0.734550	45.875032	4.049680	0.008736	7.5
57	-0.731554	46.875032	3.990016	0.012399	8.0
58	-0.723850	47.875032	3.932085	0.011442	8.4
59	-0.716055	48.875032	3.875812	0.011400	8.5
60	-0.728185	49.875032	3.821127	0.010641	8.0
61	-0.719534	50.875032	3.767963	0.012391	15.4
62	-0.724721	51.875032	3.716259	0.010489	9.1
63	-0.722763	52.875032	3.665954	0.007860	8.8
64	-0.723930	53.875000	3.616994	0.010323	10.1
65	-0.720219	54.875000	3.569324	0.014746	8.1
66	-0.725191	55.875000	3.522894	0.013920	8.0
67	-0.726876	56.875000	3.477656	0.010526	7.4
68	-0.721779	57.875000	3.433565	0.006419	7.1
69	-0.719838	58.874988	3.390579	0.005317	6.8
70	-0.717347	59.868670	3.348917	0.007679	7.2
71	-0.721076	59.954084	3.345384	0.007746	6.9
72	-0.717848	60.954013	3.304566	0.007201	7.3
73	-0.740225	61.954012	3.264730	0.007535	7.1
74	-0.726259	62.865810	3.229236	0.011390	7.2
75	-0.726092	63.865785	3.191186	0.011512	6.8
76	-0.722530	64.865785	3.154021	0.008463	6.8
77	-0.715561	65.701085	3.123634	0.007252	6.4
78	-0.733597	66.694748	3.088240	0.007838	6.4
79	-0.724497	67.694743	3.053422	0.007578	6.3
80	-0.725637	68.694723	3.019380	0.009465	6.3
81	-0.717412	69.694723	2.986088	0.012031	6.6
82	-0.728672	70.694723	2.953523	0.007847	6.4
83	-0.726700	71.694723	2.921660	0.006098	6.7
84	-0.725024	71.609432	2.924351	0.009109	6.4
85	-0.727743	71.566455	2.925708	0.007848	6.2
86	-0.730274	72.566455	2.894440	0.006469	6.1
87	-0.732102	73.236814	2.873850	0.008438	6.4
88	-0.721156	73.151109	2.876466	0.007251	6.8
89	-0.725432	74.150503	2.846254	0.007808	7.7
90	-0.726524	75.024134	2.820358	0.005836	6.9
91	-0.721735	75.629600	2.802686	0.007758	7.2
92	-0.729886	75.551034	2.804967	0.007536	7.2
93	-0.719660	76.551014	2.776214	0.009667	6.9
94	-0.719913	76.465518	2.778649	0.004938	6.6
95	-0.730517	77.446361	2.750965	0.005547	7.0
96	-0.720720	77.488262	2.749794	0.008980	6.3
97	-0.724725	77.402560	2.752189	0.008210	7.3
98	-0.722169	78.400573	2.724556	0.007812	8.8
99	-0.725111	79.400093	2.697432	0.004840	7.1
100	-0.721973	79.343266	2.698960	0.004603	7.4
101	-0.723377	79.264714	2.701075	0.008544	7.3
102	-0.727631	80.257816	2.674583	0.005234	7.4
103	-0.712158	81.070693	2.653283	0.007412	7.6
104	-0.719589	81.578945	2.640137	0.005395	7.4
105	-0.725297	82.052727	2.627999	0.008033	7.3
106	-0.729645	82.602959	2.614042	0.009805	6.6
107	-0.713511	83.602959	2.589052	0.009960	7.5
108	-0.724197	83.517253	2.591175	0.008215	6.9
109	-0.725365	83.431694	2.593298	0.009262	6.9
110	-0.725003	84.431673	2.568701	0.006666	7.3
111	-0.727983	85.420319	2.544838	0.006067	7.2
112	-0.725268	85.349458	2.546534	0.007303	6.8
113	-0.726957	86.349455	2.522812	0.009147	7.2
114	-0.711707	87.341367	2.499714	0.011668	6.7
115	-0.720438	88.341367	2.476853	0.004472	6.7
116	-0.716024	88.334129	2.477017	0.009362	7.4
117	-0.730136	89.333801	2.454574	0.008329	6.6
118	-0.732500	90.333801	2.432527	0.008309	7.4
119	-0.726943	90.251851	2.434319	0.006056	7.3
120	-0.717138	91.251347	2.412643	0.003394	6.4
121	-0.718480	91.319383	2.411182	0.004920	6.7
122	-0.723067	91.244394	2.412793	0.005308	6.8
123	-0.726429	92.178562	2.392878	0.008173	6.8
124	-0.721995	93.130683	2.372915	0.009373	6.7
125	-0.728665	93.839458	2.358270	0.004412	6.4
126	-0.723059	93.756924	2.359966	0.003674	6.5
127	-0.730096	94.187084	2.351153	0.004459	6.5
128	-0.718050	94.120869	2.352505	0.003729	6.4
129	-0.717618	94.249907	2.349871	0.009705	6.8
130	-0.729335	95.228941	2.330078	0.011050	6.3
131	-0.713114	96.228941	2.310201	0.007712	6.7
132	-0.714189	97.228941	2.290661	0.007559	6.6
133	-0.725628	98.228770	2.271452	0.005960	6.3
134	-0.722022	98.143071	2.273086	0.008098	6.8
135	-0.724488	99.141813	2.254190	0.007414	6.3
136	-0.731687	100.139234	2.235630	0.010189	6.5
137	-0.730180	101.139234	2.217326	0.009834	6.8
138	-0.723974	101.056586	2.218827	0.012151	6.6
139	-0.726552	102.056586	2.200796	0.010027	6.6
140	-0.727068	102.907114	2.185689	0.007924	6.8
141	-0.720438	103.907114	2.168191	0.009679	6.3
142	-0.716835	103.821489	2.169678	0.005804	7.3
143	-0.721357	103.736316	2.171160	0.006838	6.8
144	-0.724198	104.008307	2.166436	0.008907	6.5
145	-0.715029	105.008307	2.149243	0.006217	6.6
146	-0.721101	104.955194	2.150149	0.008374	6.2
147	-0.721046	105.350178	2.143428	0.007679	6.7
148	-0.719098	106.349538	2.126607	0.007741	6.4
149	-0.722672	107.349458	2.110040	0.009673	7.0
150	-0.721031	108.349454	2.093727	0.008963	6.5
151	-0.724105	109.349400	2.077666	0.005182	6.5
152	-0.722428	110.330966	2.062137	0.007023	6.6
153	-0.719411	110.252147	2.063375	0.007875	6.4
154	-0.730212	110.411849	2.060868	0.006667	6.5
155	-0.731078	111.376978	2.045843	0.007194	6.8
156	-0.728385	111.292218	2.047153	0.013958	7.0
157	-0.729236	112.292217	2.031795	0.007619	6.4
158	-0.724467	112.206512	2.033102	0.010512	6.4
159	-0.736850	113.206512	2.017953	0.004265	6.3
160	-0.723094	113.128870	2.019121	0.010197	7.4
161	-0.724699	113.046186	2.020367	0.007902	6.8
162	-0.723090	114.046184	2.005406	0.007882	6.3
163	-0.722449	113.960480	2.006680	0.007517	6.3
164	-0.719588	114.835818	1.993749	0.007759	6.4
165	-0.726666	115.812836	1.979511	0.005990	6.7
166	-0.731334	115.727549	1.980745	0.005602	6.5
167	-0.720711	116.418530	1.970786	0.005861	6.5
168	-0.711454	116.640219	1.967611	0.011186	6.6
169	-0.728041	117.640047	1.953422	0.008838	6.7
170	-0.727723	118.640047	1.939433	0.010841	6.9
171	-0.724825	119.481579	1.927815	0.004863	6.4
172	-0.717796	120.481575	1.914189	0.009782	6.2
173	-0.724136	120.523946	1.913616	0.006893	6.3
174	-0.716924	121.523751	1.900192	0.006154	6.6
175	-0.711775	122.163414	1.891702	0.006701	6.4
176	-0.714685	122.078810	1.892820	0.008495	6.8
177	-0.720733	123.078810	1.879683	0.008668	6.4
178	-0.733206	124.078810	1.866727	0.008471	6.4
179	-0.729639	125.077435	1.853965	0.008710	6.3
180	-0.725564	126.077408	1.841360	0.007961	6.3
181	-0.718301	125.992070	1.842429	0.006142	6.5
182	-0.720955	126.130078	1.840701	0.008316	6.8
183	-0.720958	126.044481	1.841772	0.006200	6.4
184	-0.731029	126.886848	1.831282	0.006984	6.4
185	-0.726611	127.884531	1.819010	0.007976	6.2
186	-0.725256	128.884509	1.806874	0.007281	7.2
187	-0.725628	129.884509	1.794899	0.010206	6.4
188	-0.716323	129.980061	1.793763	0.007183	6.4
189	-0.731344	129.894769	1.794777	0.010941	6.2
190	-0.719220	130.894769	1.782961	0.010167	6.6
191	-0.722221	130.809109	1.783967	0.009201	6.3
192	-0.726146	131.809109	1.772293	0.006104	6.4
193	-0.724674	132.808840	1.760773	0.004901	6.5
194	-0.720047	133.757647	1.749978	0.011509	6.3
195	-0.720418	133.673024	1.750935	0.007216	6.7
196	-0.730679	134.672070	1.739698	0.010240	6.7
197	-0.724341	134.586379	1.740657	0.007504	6.5
198	-0.726794	135.585926	1.729545	0.005911	6.5
199	-0.719586	135.500222	1.730493	0.003249	6.8
200	-0.718078	135.422366	1.731354	0.008327	6.7
201	-0.718775	136.346002	1.721191	0.009005	7.0
202	-0.731062	136.409002	1.720502	0.007931	6.6
203	-0.729390	136.947213	1.714639	0.008120	7.4
204	-0.721266	137.947184	1.703852	0.009619	6.4
205	-0.723713	138.947175	1.693199	0.005384	6.5
206	-0.730605	139.054702	1.692062	0.010173	6.8
207	-0.716090	139.036412	1.692255	0.007016	6.8
208	-0.720669	140.036412	1.681747	0.004851	6.2
209	-0.726430	140.543330	1.676469	0.004662	6.8
210	-0.728616	140.458735	1.677348	0.006883	6.5
211	-0.722571	140.415342	1.677799	0.005787	7.2
212	-0.725021	140.576966	1.676120	0.006256	6.4
213	-0.719246	141.576756	1.665813	0.005718	6.3
214	-0.722845	141.494214	1.666659	0.009298	6.5
215	-0.720684	142.485373	1.656555	0.004717	6.9
216	-0.735921	142.399680	1.657423	0.007581	6.7
217	-0.731073	143.220939	1.649135	0.006324	7.0
218	-0.725278	144.187453	1.639486	0.007578	6.4
219	-0.709948	144.101774	1.640336	0.006238	6.3
220	-0.720025	145.099316	1.630485	0.004395	6.3
221	-0.719152	145.013735	1.631326	0.005738	6.5
222	-0.718705	145.968148	1.622001	0.007660	6.4
223	-0.720475	146.965668	1.612368	0.005667	6.2
224	-0.720418	146.880678	1.613184	0.009776	6.4
225	-0.724536	147.880607	1.603633	0.009965	6.5
226	-0.728340	147.794902	1.604447	0.011838	6.1
227	-0.722848	148.794902	1.594998	0.004859	6.6
228	-0.716368	149.343716	1.589859	0.009028	6.2
229	-0.723752	150.296622	1.581015	0.012412	6.9
230	-0.731550	151.296622	1.571838	0.010163	6.6
231	-0.725015	151.226906	1.572475	0.005337	6.3
232	-0.721927	152.226893	1.563397	0.008137	6.2
233	-0.731243	152.141210	1.564171	0.004612	6.2
234	-0.722383	153.140909	1.555192	0.006685	7.0
235	-0.729234	154.038999	1.547212	0.005184	6.5
236	-0.723013	154.920166	1.539462	0.004292	6.4
237	-0.725044	155.303097	1.536119	0.006863	6.8
238	-0.727270	155.727855	1.532427	0.008496	6.1
239	-0.724608	156.667162	1.524325	0.012010	6.5
240	-0.719581	156.581723	1.525058	0.009369	6.3
241	-0.725966	157.581723	1.516518	0.008111	6.9
242	-0.722088	157.503285	1.517185	0.005753	6.4
243	-0.719781	157.984096	1.513109	0.006519	6.4
244	-0.723281	158.081135	1.512289	0.007129	6.7
245	-0.727011	159.080915	1.503893	0.009328	6.4
246	-0.715969	158.995210	1.504609	0.007973	7.0
247	-0.718054	159.995210	1.496296	0.007872	7.0
248	-0.725032	160.943934	1.488494	0.005858	6.2
249	-0.731970	160.954399	1.488408	0.008685	7.0
250	-0.721908	161.912529	1.480612	0.006870	7.1
251	-0.733404	161.826847	1.481306	0.005832	8.3
252	-0.716440	162.200412	1.478285	0.010006	8.8
253	-0.727757	163.200404	1.470260	0.007816	8.6
254	-0.727905	163.116373	1.470931	0.003048	6.7
255	-0.721145	163.956985	1.464246	0.007826	6.5
256	-0.708051	163.881114	1.464847	0.007397	6.6
257	-0.732787	164.881110	1.456966	0.009576	6.4
258	-0.725385	165.881110	1.449170	0.004522	6.2
259	-0.725266	165.801188	1.449790	0.007155	6.3
260	-0.723012	166.726243	1.442646	0.007129	6.3
261	-0.719328	166.640641	1.443304	0.003867	6.5
262	-0.724011	167.144045	1.439442	0.007619	6.2
263	-0.721823	167.058358	1.440098	0.006305	6.5
264	-0.723782	168.057642	1.432486	0.008155	6.5
265	-0.719093	169.053223	1.424982	0.008917	6.3
266	-0.722235	169.837851	1.419123	0.006873	6.3
267	-0.721197	170.837522	1.411728	0.007297	6.3
268	-0.721125	171.837522	1.404408	0.010797	6.5
269	-0.716632	172.595672	1.398908	0.009119	6.1
270	-0.723149	173.595672	1.391719	0.004552	6.9
271	-0.721262	174.589191	1.384649	0.004851	6.9
272	-0.726878	175.295658	1.379666	0.004544	6.2
273	-0.715921	175.211817	1.380256	0.003795	6.3
274	-0.726453	175.223662	1.380172	0.005976	7.0
275	-0.724462	175.225119	1.380162	0.005196	6.5
276	-0.721346	175.139722	1.380763	0.007850	6.6
277	-0.722838	176.139127	1.373763	0.006606	6.4
278	-0.725338	176.147947	1.373702	0.005498	6.9
279	-0.722453	176.316498	1.372528	0.006733	6.3
280	-0.722562	176.753619	1.369494	0.004240	6.3
281	-0.726181	177.724743	1.362802	0.008646	6.3
282	-0.726267	177.640744	1.363378	0.007762	6.0
283	-0.715875	178.639879	1.356555	0.006262	6.4
284	-0.718627	178.556837	1.357119	0.005067	6.3
285	-0.718870	179.435531	1.351170	0.012187	6.2
286	-0.721164	180.197866	1.346050	0.010145	6.9
287	-0.731722	181.197866	1.339393	0.004907	6.2
288	-0.724535	181.121464	1.339900	0.009474	6.9
289	-0.718475	182.118292	1.333324	0.005726	6.2
290	-0.722323	183.085522	1.327005	0.007843	6.6
291	-0.721177	183.671127	1.323208	0.008014	7.1
292	-0.727892	183.585422	1.323762	0.006255	6.4
293	-0.718078	183.673474	1.323193	0.006192	6.8
294	-0.716235	184.588039	1.317307	0.007357	6.7
295	-0.730625	185.205494	1.313362	0.009175	6.5
296	-0.725413	186.154607	1.307345	0.008678	6.8
297	-0.725389	187.154560	1.301064	0.010784	6.7
298	-0.722412	188.146650	1.294893	0.010028	6.6
299	-0.722777	189.146650	1.288731	0.008893	7.0
300	-0.723414	189.060944	1.289257	0.007772	6.4
301	-0.726154	189.904699	1.284099	0.006426	6.3
302	-0.726287	190.904560	1.278040	0.009111	6.2
303	-0.721851	190.938244	1.277837	0.009295	6.8
304	-0.720351	191.938244	1.271836	0.007162	6.6
305	-0.712568	191.853557	1.272342	0.005618	6.3
306	-0.723199	192.122759	1.270735	0.010645	6.8
307	-0.729156	192.045805	1.271194	0.006779	6.6
308	-0.723414	191.961087	1.271699	0.005151	6.1
309	-0.728457	191.951195	1.271758	0.007441	6.6
310	-0.736226	192.836365	1.266494	0.007931	6.2
311	-0.714886	192.750856	1.267001	0.007996	6.5
312	-0.724015	193.750846	1.261101	0.006448	6.5
313	-0.731093	194.075979	1.259194	0.007366	6.1
314	-0.718333	194.119287	1.258941	0.006213	6.3
315	-0.726763	195.013719	1.253728	0.006375	6.4
316	-0.719860	195.839623	1.248953	0.006337	6.5
317	-0.725866	195.775169	1.249324	0.005178	6.4
318	-0.728875	196.018655	1.247923	0.006617	6.1
319	-0.719974	195.933631	1.248412	0.008249	6.5
320	-0.725381	196.726416	1.243866	0.005574	6.2
321	-0.720806	197.708423	1.238281	0.006934	6.4
322	-0.721157	197.622792	1.238766	0.009279	6.2
323	-0.718506	198.555337	1.233504	0.005136	6.7
324	-0.727952	199.554857	1.227914	0.009187	6.5
325	-0.726940	199.930347	1.225827	0.009583	6.6
326	-0.718961	200.930345	1.220304	0.005334	6.4
327	-0.732776	200.848855	1.220752	0.007436	6.6
328	-0.730446	201.193676	1.218858	0.008291	6.2
329	-0.718992	202.193636	1.213397	0.007882	6.6
330	-0.722763	203.187923	1.208015	0.005861	6.4
331	-0.727978	204.187847	1.202651	0.008326	6.7
332	-0.723524	204.102157	1.203109	0.009235	6.3
333	-0.720838	205.101871	1.197790	0.005257	6.0
334	-0.717045	205.959359	1.193264	0.005375	6.4
335	-0.720712	205.873992	1.193713	0.005861	6.4
336	-0.719284	205.793681	1.194136	0.004923	6.3
337	-0.722684	206.760220	1.189068	0.004906	6.3
338	-0.714757	206.682251	1.189476	0.006411	6.5
339	-0.725144	206.744712	1.189149	0.008003	6.4
340	-0.716129	206.659135	1.189596	0.008226	6.3
341	-0.723774	207.491982	1.185260	0.006622	6.5
342	-0.717856	208.491982	1.180096	0.010800	6.4
343	-0.719787	208.443927	1.180343	0.007177	6.0
344	-0.724912	209.442032	1.175230	0.007496	6.8
345	-0.725716	209.356390	1.175667	0.003779	6.2
346	-0.717433	210.349722	1.170619	0.006408	6.5
347	-0.728604	210.808800	1.168301	0.006571	6.3
348	-0.717651	211.725327	1.163700	0.005361	6.5
349	-0.722776	211.774624	1.163454	0.004422	6.5
350	-0.726930	211.689361	1.163880	0.008029	6.3
351	-0.730459	211.604654	1.164304	0.007102	6.6
352	-0.725456	212.273153	1.160967	0.005013	6.5
353	-0.726315	212.735631	1.158670	0.008343	6.1
354	-0.723754	212.704890	1.158822	0.007371	6.6
355	-0.718463	213.602159	1.154390	0.004834	6.3
356	-0.726317	213.619518	1.154305	0.004882	6.2
357	-0.723289	214.059455	1.152145	0.008084	6.6
358	-0.728396	214.152627	1.151688	0.007824	6.2
359	-0.723503	214.066927	1.152108	0.008893	6.4
360	-0.720223	214.043150	1.152224	0.006955	6.3
361	-0.719023	215.042748	1.147345	0.009515	6.3
362	-0.716396	214.957829	1.147758	0.006431	6.5
363	-0.731077	215.957409	1.142916	0.008138	6.2
364	-0.713037	216.955718	1.138121	0.006562	6.4
365	-0.727059	216.870013	1.138531	0.006330	6.5
366	-0.717825	217.869419	1.133768	0.013193	6.4
367	-0.718659	217.783713	1.134175	0.006951	6.5
368	-0.732858	218.783551	1.129446	0.006079	6.1
369	-0.726441	218.783882	1.129444	0.010814	6.2
370	-0.733206	218.698179	1.129848	0.010266	6.4
371	-0.719641	219.698179	1.125154	0.004176	6.4
372	-0.722629	219.614137	1.125547	0.005763	6.4
373	-0.721684	219.570332	1.125752	0.010216	6.1
374	-0.720381	219.484648	1.126153	0.008262	6.3
375	-0.731061	219.463893	1.126250	0.007408	6.6
376	-0.737308	220.218387	1.122727	0.003657	6.1
377	-0.722975	220.134744	1.123117	0.008835	6.7
378	-0.718902	220.227157	1.122686	0.005311	6.4
379	-0.712500	220.910926	1.119513	0.009009	6.1
380	-0.732084	221.910412	1.114907	0.014179	6.1
381	-0.722073	222.910412	1.110336	0.008669	7.0
382	-0.716613	223.910412	1.105802	0.004425	6.2
383	-0.732050	224.388075	1.103650	0.005059	6.4
384	-0.713291	224.313851	1.103984	0.007630	6.2
385	-0.727343	224.230025	1.104361	0.006356	6.6
386	-0.719383	224.195931	1.104515	0.005332	6.5
387	-0.725021	224.380245	1.103685	0.008210	6.2
388	-0.722981	225.371029	1.099246	0.006271	6.2
389	-0.724142	225.325890	1.099448	0.006094	6.5
390	-0.724072	225.240308	1.099830	0.008507	6.0
391	-0.725359	226.240193	1.095382	0.004930	6.1
392	-0.719122	226.628671	1.093664	0.004959	6.2
393	-0.724340	226.649226	1.093573	0.010186	6.6
394	-0.716804	227.642701	1.089203	0.004006	6.5
395	-0.722635	227.588440	1.089441	0.005343	6.2
396	-0.723748	228.256133	1.086523	0.005580	6.4
397	-0.715531	229.088677	1.082906	0.008377	6.6
398	-0.723385	230.088676	1.078593	0.006854	6.5
399	-0.726820	231.086360	1.074324	0.007510	6.6
400	-0.723608	232.074271	1.070130	0.005031	6.0
401	-0.727077	232.990919	1.066268	0.006477	6.3
402	-0.713707	232.936631	1.066496	0.003120	6.1
403	-0.728506	233.347642	1.064773	0.006172	6.7
404	-0.721343	234.149648	1.061426	0.006853	6.3
405	-0.721021	234.323653	1.060703	0.007281	6.2
406	-0.722187	234.834675	1.058584	0.007475	6.5
407	-0.725744	235.447195	1.056055	0.012745	6.4
408	-0.722340	235.375603	1.056350	0.005594	6.5
409	-0.714728	236.362123	1.052301	0.010053	6.3
410	-0.723319	237.312825	1.048428	0.010418	6.5
411	-0.720934	238.312825	1.044385	0.007194	6.5
412	-0.726022	239.311404	1.040379	0.006421	7.1
413	-0.726008	239.413828	1.039970	0.006192	6.5
414	-0.727079	239.434051	1.039889	0.004960	6.4
415	-0.725605	239.349119	1.040228	0.009831	6.5
416	-0.723273	239.783567	1.038495	0.007182	6.4
417	-0.729514	240.783461	1.034529	0.005891	6.3
418	-0.718532	240.697932	1.034867	0.007886	6.4
419	-0.726716	240.627179	1.035147	0.006410	6.7
420	-0.728803	240.548949	1.035456	0.007045	6.1
421	-0.731250	240.879084	1.034151	0.009716	6.7
422	-0.722398	240.793431	1.034489	0.010163	6.6
423	-0.728726	241.789218	1.030569	0.007681	6.1
424	-0.719445	242.777932	1.026706	0.003555	6.3
425	-0.715576	243.364953	1.024426	0.005299	6.1
426	-0.729866	243.307236	1.024650	0.005863	6.3
427	-0.723112	244.234884	1.021067	0.006340	6.0
428	-0.729430	244.154886	1.021375	0.006689	6.3
429	-0.726718	245.154342	1.017539	0.005208	6.4
430	-0.719824	245.115762	1.017687	0.004836	6.3
431	-0.730101	245.030150	1.018014	0.005012	6.2
432	-0.724384	244.967395	1.018254	0.005857	6.3
433	-0.721156	245.561866	1.015984	0.007196	6.6
434	-0.726818	245.476177	1.016310	0.006404	6.3
435	-0.724599	246.353435	1.012975	0.006684	6.3
436	-0.720741	247.336432	1.009265	0.008189	6.3
437	-0.730353	248.330213	1.005541	0.011757	6.5
438	-0.715719	249.330211	1.001821	0.008874	6.7
439	-0.722649	249.244508	1.002139	0.005369	6.5
440	-0.723161	250.116450	0.998916	0.008884	6.2
441	-0.730778	250.030815	0.999231	0.005546	6.6
442	-0.721016	251.025665	0.995577	0.009370	6.3
443	-0.724194	251.916485	0.992327	0.008482	6.3
444	-0.718056	252.916485	0.988705	0.006402	6.4
445	-0.721993	253.707680	0.985857	0.004266	6.1
446	-0.719144	254.044653	0.984649	0.006903	6.2
447	-0.721804	254.204466	0.984077	0.006961	6.3
448	-0.725889	254.126589	0.984356	0.006595	6.5
449	-0.725767	254.408186	0.983349	0.007349	6.6
450	-0.724851	254.322481	0.983655	0.005229	6.2
451	-0.724624	255.321150	0.980100	0.007458	6.7
452	-0.726920	256.320934	0.976567	0.006857	6.1
453	-0.723225	257.320925	0.973058	0.005605	6.4
454	-0.707535	257.269516	0.973238	0.006495	6.5
455	-0.724012	257.209611	0.973448	0.007885	6.4
456	-0.725417	258.209609	0.969961	0.004844	6.3
457	-0.717183	258.124130	0.970258	0.004544	6.4
458	-0.726865	258.533146	0.968838	0.007743	6.4
459	-0.722536	259.496765	0.965510	0.005541	6.2
460	-0.717547	259.411138	0.965805	0.008448	6.5
461	-0.730854	260.410282	0.962376	0.012263	6.1
462	-0.718975	260.347055	0.962592	0.005442	6.7
463	-0.729893	260.261410	0.962885	0.009362	6.5
464	-0.718709	260.178779	0.963168	0.003623	6.5
465	-0.733350	260.116270	0.963382	0.005111	6.4
466	-0.720517	260.676435	0.961467	0.008338	6.4
467	-0.719804	261.676255	0.958066	0.005734	6.5
468	-0.732330	261.590652	0.958356	0.008166	6.5
469	-0.728074	261.507067	0.958640	0.009072	6.2
470	-0.722914	262.506861	0.955259	0.007179	6.1
471	-0.733991	263.506861	0.951901	0.008093	6.3
472	-0.727149	264.505148	0.948573	0.006889	6.2
473	-0.713966	264.419592	0.948857	0.010788	6.3
474	-0.727563	265.419591	0.945544	0.007904	6.0
475	-0.730228	266.419591	0.942255	0.005156	6.2
476	-0.731894	266.334056	0.942535	0.007349	6.1
477	-0.725285	266.882891	0.940738	0.007055	6.6
478	-0.725161	267.882890	0.937482	0.011435	6.3
479	-0.728778	268.882865	0.934248	0.008259	6.1
480	-0.720909	269.882865	0.931036	0.009528	6.7
481	-0.721984	269.797360	0.931310	0.007707	6.4
482	-0.728577	269.929672	0.930886	0.006928	6.3
483	-0.725000	270.011294	0.930625	0.005905	6.0
484	-0.728295	271.010888	0.927440	0.009085	6.3
485	-0.721614	270.925678	0.927710	0.006305	6.9
486	-0.720572	271.918861	0.924565	0.008614	6.1
487	-0.733019	272.109654	0.923963	0.007985	6.5
488	-0.719085	272.024477	0.924232	0.005456	6.3
489	-0.723913	272.527292	0.922648	0.007148	7.1
490	-0.728423	273.524957	0.919523	0.006612	6.3
491	-0.721564	274.498057	0.916495	0.005897	6.3
492	-0.718636	274.418573	0.916741	0.005220	6.2
493	-0.724156	275.406542	0.913686	0.007152	6.3
494	-0.717620	275.344507	0.913877	0.008844	6.6
495	-0.722657	276.286571	0.910981	0.009964	6.5
496	-0.718429	276.964478	0.908909	0.005276	6.0
497	-0.712929	277.355191	0.907718	0.007889	6.4
498	-0.729970	277.269490	0.907979	0.006878	6.4
499	-0.722125	277.722788	0.906601	0.005928	6.6
500	-0.721281	277.643328	0.906843	0.005844	6.6
501	-0.724218	277.562909	0.907087	0.008374	6.2
502	-0.720986	277.477291	0.907347	0.006929	6.7
503	-0.727205	277.520033	0.907217	0.007391	6.1
504	-0.724075	277.458670	0.907404	0.007193	6.7
505	-0.708233	277.485904	0.907321	0.006946	6.2
506	-0.709395	278.276484	0.904924	0.007851	6.6
507	-0.720475	278.190779	0.905183	0.004403	6.8
508	-0.718663	278.105363	0.905442	0.007400	6.0
509	-0.719717	279.077690	0.902508	0.008100	6.1
510	-0.726071	278.992065	0.902765	0.004412	6.3
511	-0.716118	278.917372	0.902990	0.007760	6.4
512	-0.715707	279.021783	0.902676	0.007212	6.4
513	-0.709859	279.303427	0.901829	0.003697	6.3
514	-0.720893	280.135852	0.899336	0.005953	6.9
515	-0.724862	280.062575	0.899555	0.005185	6.5
516	-0.718925	280.370119	0.898637	0.008298	6.7
517	-0.734569	280.505898	0.898233	0.007062	6.3
518	-0.720109	281.505839	0.895264	0.006262	6.1
519	-0.727683	281.420515	0.895516	0.009612	6.2
520	-0.721006	281.334809	0.895770	0.006819	6.2
521	-0.716204	282.334809	0.892817	0.009662	7.3
522	-0.722038	282.249184	0.893069	0.009657	6.1
523	-0.717519	283.249096	0.890134	0.009007	6.6
524	-0.725152	284.249056	0.887218	0.005643	7.0
525	-0.729281	284.163765	0.887466	0.004267	6.8
526	-0.709096	284.266813	0.887166	0.007461	6.5
527	-0.721267	284.200459	0.887359	0.009254	7.0
528	-0.732283	285.200459	0.884461	0.008022	6.7
529	-0.716355	285.115352	0.884707	0.006601	7.0
530	-0.725803	286.113421	0.881832	0.008329	6.8
531	-0.722043	286.027758	0.882078	0.005202	6.4
532	-0.728638	286.228734	0.881501	0.009826	7.0
533	-0.727924	286.145836	0.881739	0.005392	6.9
534	-0.719270	286.420672	0.880951	0.009028	6.5
535	-0.718065	286.335039	0.881196	0.009695	6.5
536	-0.720164	286.249675	0.881441	0.007347	6.5
537	-0.728564	287.248755	0.878584	0.006889	6.8
538	-0.724744	288.245015	0.875754	0.008246	7.1
539	-0.722407	288.159546	0.875996	0.007910	6.4
540	-0.720456	288.088049	0.876198	0.005293	7.0
541	-0.722452	288.774165	0.874258	0.007349	6.7
542	-0.725241	288.704922	0.874453	0.006756	6.7
543	-0.725874	288.620176	0.874693	0.006629	6.6
544	-0.719736	288.771337	0.874266	0.006793	9.0
545	-0.728257	289.515755	0.872170	0.007734	9.1
546	-0.722305	290.506932	0.869395	0.005613	7.6
547	-0.726261	290.421598	0.869633	0.003897	7.6
548	-0.730715	290.359819	0.869805	0.005352	7.0
549	-0.729741	291.115740	0.867699	0.007465	7.0
550	-0.727419	292.115165	0.864929	0.008424	6.9
551	-0.721013	293.115155	0.862176	0.006778	6.9
552	-0.725335	293.029950	0.862410	0.007732	7.1
553	-0.720512	294.029209	0.859674	0.005070	7.0
554	-0.716618	293.943524	0.859908	0.009568	6.5
555	-0.729318	294.943349	0.857187	0.008277	6.6
556	-0.722680	295.943349	0.854482	0.004877	6.4
557	-0.717799	296.058191	0.854173	0.008267	6.6
558	-0.728813	295.977146	0.854391	0.007284	6.5
559	-0.725583	296.975141	0.851710	0.005024	6.3
560	-0.712543	296.974631	0.851711	0.006807	6.5
561	-0.733999	297.166374	0.851198	0.006803	6.7
562	-0.726483	297.105741	0.851360	0.004109	6.1
563	-0.723754	297.033872	0.851552	0.005846	6.5
564	-0.721207	297.922437	0.849180	0.005087	6.2
565	-0.734104	297.926648	0.849168	0.007280	6.6
566	-0.724931	298.022934	0.848912	0.007566	6.2
567	-0.729879	297.938144	0.849138	0.008126	6.1
568	-0.716451	297.854699	0.849360	0.007026	6.8
569	-0.723675	298.818256	0.846801	0.005033	6.3
570	-0.719337	298.732919	0.847027	0.005921	6.8
571	-0.723805	298.655935	0.847231	0.009766	7.4
572	-0.722243	298.652513	0.847240	0.008715	6.4
573	-0.717045	299.539559	0.844896	0.010678	6.5
574	-0.726610	300.539556	0.842268	0.010160	6.4
575	-0.720929	301.539556	0.839657	0.007982	6.6
576	-0.728210	301.454560	0.839878	0.006582	6.5
577	-0.726265	302.454554	0.837281	0.006416	6.4
578	-0.727434	303.225310	0.835291	0.003762	6.8
579	-0.723843	303.142297	0.835505	0.010000	6.4
580	-0.727062	304.138447	0.832945	0.005314	6.3
581	-0.721320	305.064209	0.830580	0.004604	6.5
582	-0.726778	305.123218	0.830430	0.004719	6.1
583	-0.720155	305.045270	0.830628	0.006729	6.2
584	-0.721676	304.961993	0.830841	0.006315	6.4
585	-0.707773	305.946263	0.828339	0.004144	6.7
586	-0.723562	306.560863	0.826785	0.006798	6.6
587	-0.725525	306.475208	0.827001	0.005407	6.7
588	-0.722855	306.448680	0.827068	0.004535	6.8
589	-0.725329	307.139980	0.825326	0.013651	6.6
590	-0.720546	307.801013	0.823667	0.008132	7.3
591	-0.721591	308.801013	0.821169	0.006775	7.2
592	-0.722816	309.163153	0.820269	0.004838	7.0
593	-0.723158	310.070600	0.818020	0.003223	6.8
594	-0.721173	310.246415	0.817586	0.005989	6.9
595	-0.733683	310.176126	0.817760	0.006217	6.9
596	-0.722928	310.090828	0.817970	0.008218	7.7
597	-0.732100	310.992691	0.815748	0.006456	7.5
598	-0.730506	311.965861	0.813364	0.008134	7.2
599	-0.722539	311.885558	0.813560	0.006615	6.6
600	-0.727650	311.841049	0.813669	0.006991	7.0
601	-0.722456	311.869701	0.813599	0.009180	6.4
602	-0.728810	312.857167	0.811193	0.007973	7.3
603	-0.719583	313.857167	0.808770	0.008479	7.1
604	-0.731759	313.771540	0.808977	0.007895	6.8
605	-0.722873	313.763689	0.808996	0.005696	6.9
606	-0.719619	313.687257	0.809181	0.005430	6.8
607	-0.723631	314.603019	0.806973	0.005680	6.3
608	-0.732479	314.614252	0.806946	0.006514	6.4
609	-0.719255	314.530558	0.807147	0.008160	6.2
610	-0.728627	314.527207	0.807155	0.012312	6.8
611	-0.722036	315.527206	0.804757	0.005897	6.6
612	-0.720598	315.441534	0.804961	0.007978	6.2
613	-0.724615	315.392251	0.805079	0.007476	6.3
614	-0.724099	315.682281	0.804386	0.010911	6.6
615	-0.724155	316.682281	0.802004	0.007832	6.4
616	-0.717412	316.767365	0.801802	0.006637	6.7
617	-0.729053	317.767118	0.799436	0.007683	6.1
618	-0.726322	317.760436	0.799451	0.005913	6.4
619	-0.727514	317.683070	0.799634	0.006113	6.7
620	-0.726868	317.613864	0.799797	0.006271	6.6
621	-0.732299	318.340706	0.798084	0.006901	6.2
622	-0.740243	318.255019	0.798286	0.007134	6.2
623	-0.720034	318.898892	0.796774	0.006756	6.3
624	-0.720571	318.813534	0.796974	0.004519	6.3
625	-0.719497	318.731826	0.797165	0.006969	6.8
626	-0.728504	319.422911	0.795547	0.004307	6.2
627	-0.726749	319.466931	0.795444	0.008046	6.8
628	-0.725739	319.488371	0.795394	0.007176	7.1
629	-0.714378	320.487797	0.793066	0.005821	6.1
630	-0.717467	320.402091	0.793265	0.005576	6.4
631	-0.720944	320.465463	0.793118	0.007046	6.5
632	-0.733659	321.436773	0.790869	0.004912	6.7
633	-0.723628	321.351845	0.791065	0.004531	6.4
634	-0.719306	322.043684	0.789469	0.007438	6.2
635	-0.723324	322.663652	0.788045	0.005846	6.6
636	-0.731099	322.645586	0.788087	0.007829	6.2
637	-0.723479	323.645585	0.785800	0.005905	6.5
638	-0.720042	323.559880	0.785995	0.007957	6.6
639	-0.711354	324.329304	0.784244	0.011108	6.4
640	-0.711742	325.329302	0.781980	0.008661	6.7
641	-0.731137	325.271441	0.782110	0.008409	6.6
642	-0.720115	325.196632	0.782279	0.006608	6.5
643	-0.734934	326.194704	0.780031	0.007509	7.0
644	-0.716831	327.147544	0.777896	0.008250	6.3
645	-0.725448	327.061842	0.778087	0.009883	6.7
646	-0.720737	328.061841	0.775858	0.005955	6.3
647	-0.721622	327.976143	0.776049	0.009265	6.4
648	-0.730002	328.973312	0.773837	0.008790	6.5
649	-0.719683	328.888206	0.774026	0.008202	6.4
650	-0.719012	329.886411	0.771824	0.008247	6.2
651	-0.720530	330.704924	0.770028	0.007865	6.2
652	-0.720900	331.704924	0.767844	0.011958	6.8
653	-0.718129	332.697065	0.765690	0.005242	6.3
654	-0.728357	332.611359	0.765876	0.006489	6.4
655	-0.725262	333.001816	0.765031	0.007030	6.7
656	-0.713125	333.983069	0.762917	0.005658	6.1
657	-0.728522	333.927879	0.763035	0.006084	6.7
658	-0.719473	334.009775	0.762859	0.006347	6.4
659	-0.719955	335.009763	0.760716	0.003582	6.5
660	-0.727208	334.945915	0.760853	0.008140	6.5
661	-0.718542	335.806722	0.759017	0.010773	6.0
662	-0.726753	336.806722	0.756896	0.003840	7.0
663	-0.718346	336.746838	0.757023	0.005771	6.5
664	-0.731633	336.842687	0.756820	0.005584	6.4
665	-0.722976	336.757869	0.756999	0.006525	6.6
666	-0.729937	336.730253	0.757058	0.006317	6.2
667	-0.725745	337.710297	0.754989	0.007736	6.4
668	-0.723687	337.624990	0.755169	0.004942	6.5
669	-0.725957	338.150128	0.754065	0.007307	6.4
670	-0.732840	339.123011	0.752028	0.008242	6.6
671	-0.726532	340.047010	0.750103	0.008105	6.3
672	-0.721843	339.962424	0.750279	0.006746	6.6
673	-0.732436	340.962423	0.748206	0.009152	6.5
674	-0.726808	341.962422	0.746145	0.011339	6.4
675	-0.721457	341.879115	0.746316	0.006142	6.3
676	-0.716210	341.794416	0.746490	0.005711	6.8
677	-0.723610	342.143855	0.745772	0.006237	6.7
678	-0.727145	343.142060	0.743727	0.007669	6.7
679	-0.724025	343.056355	0.743903	0.005788	6.3
680	-0.720499	344.056322	0.741865	0.006483	6.5
681	-0.729317	344.005519	0.741968	0.003912	6.3
682	-0.732973	344.380650	0.741206	0.008333	6.7
683	-0.726256	344.778962	0.740399	0.004709	6.6
684	-0.721739	345.517046	0.738908	0.005971	6.5
685	-0.718101	346.357769	0.737217	0.006393	6.2
686	-0.721265	347.351482	0.735228	0.004704	6.5
687	-0.733646	347.499254	0.734934	0.007948	7.0
688	-0.723580	347.430744	0.735070	0.007044	6.4
689	-0.720969	347.345065	0.735241	0.007143	6.6
690	-0.729747	347.686590	0.734560	0.006662	6.6
691	-0.719382	347.606953	0.734719	0.008162	6.4
692	-0.729404	347.546455	0.734839	0.005795	6.5
693	-0.717472	347.461124	0.735010	0.005869	6.3
694	-0.731115	347.375524	0.735180	0.005781	6.7
695	-0.729265	347.976545	0.733983	0.009910	6.5
696	-0.723510	348.216856	0.733505	0.006714	6.3
697	-0.713520	348.207583	0.733524	0.008684	6.3
698	-0.719699	349.198402	0.731560	0.004922	6.5
699	-0.729078	349.181194	0.731594	0.006814	6.8
700	-0.717715	349.504500	0.730956	0.008004	7.6
701	-0.718586	350.304825	0.729380	0.006655	6.3
702	-0.715440	351.304692	0.727422	0.006621	6.7
703	-0.727067	352.304265	0.725474	0.006154	6.8
704	-0.719025	352.222746	0.725632	0.009364	6.7
705	-0.731840	352.137043	0.725799	0.004696	6.9
706	-0.720826	352.051615	0.725965	0.006280	6.6
707	-0.722068	352.217267	0.725643	0.006823	6.4
708	-0.722963	352.141685	0.725790	0.007087	6.3
709	-0.724133	352.641791	0.724818	0.006304	6.9
710	-0.720902	352.576237	0.724946	0.008424	6.4
711	-0.734627	352.490681	0.725112	0.011961	6.3
712	-0.725662	353.490681	0.723175	0.011422	6.9
713	-0.733713	354.490681	0.721249	0.004012	6.7
714	-0.720607	354.564255	0.721108	0.005377	6.3
715	-0.733879	355.146067	0.719993	0.008357	6.6
716	-0.715128	356.143218	0.718089	0.004742	6.4
717	-0.726913	357.096626	0.716278	0.007614	6.4
718	-0.728877	358.020544	0.714532	0.004478	6.2
719	-0.725608	357.951024	0.714663	0.005757	6.7
720	-0.719385	358.255569	0.714090	0.007034	6.4
721	-0.723738	358.224839	0.714147	0.009474	6.3
722	-0.719761	358.142517	0.714303	0.004652	6.1
723	-0.730801	358.437620	0.713747	0.007601	6.4
724	-0.723334	358.896627	0.712885	0.008594	6.3
725	-0.723568	358.810939	0.713045	0.006010	6.9
726	-0.719474	358.750979	0.713158	0.005051	6.6
727	-0.722829	358.931029	0.712820	0.009033	6.4
728	-0.723830	359.686875	0.711405	0.007433	6.6
729	-0.731617	360.682202	0.709550	0.005435	6.4
730	-0.724739	361.658868	0.707739	0.008386	6.3
731	-0.720167	361.600855	0.707846	0.006131	6.2
732	-0.722881	362.600852	0.706001	0.007575	6.5
733	-0.724439	363.600836	0.704165	0.006790	6.6
734	-0.728641	364.575934	0.702384	0.005517	6.2
735	-0.728696	365.565267	0.700587	0.005264	6.7
736	-0.724125	365.517886	0.700673	0.006993	6.7
737	-0.717422	365.433764	0.700825	0.008291	6.5
738	-0.721921	366.418620	0.699043	0.006917	6.5
739	-0.719329	367.418620	0.697244	0.007463	6.3
740	-0.723068	367.591509	0.696934	0.009152	6.6
741	-0.727791	367.507167	0.697085	0.005862	6.5
742	-0.727765	367.421466	0.697239	0.006457	7.1
743	-0.723992	368.406404	0.695475	0.006141	6.9
744	-0.719148	368.327497	0.695616	0.008159	6.0
745	-0.718112	368.242156	0.695769	0.007799	6.6
746	-0.711361	368.156451	0.695922	0.005850	6.3
747	-0.722063	368.072580	0.696072	0.006465	6.8
748	-0.716439	368.167824	0.695901	0.005610	6.5
749	-0.726122	368.082291	0.696054	0.005709	6.3
750	-0.729824	368.013682	0.696177	0.006003	6.7
751	-0.732773	368.857567	0.694670	0.003547	6.3
752	-0.728884	369.565187	0.693412	0.006669	6.7
753	-0.725877	369.659275	0.693245	0.005938	6.3
754	-0.720895	370.563693	0.691643	0.004797	6.3
755	-0.718114	371.404341	0.690162	0.007819	6.7
756	-0.719424	372.152987	0.688848	0.006913	6.1
757	-0.714355	372.398283	0.688418	0.005993	6.2
758	-0.722092	373.388768	0.686689	0.007403	6.3
759	-0.719167	373.660548	0.686216	0.007652	6.6
760	-0.739765	374.024260	0.685584	0.006988	6.8
761	-0.732029	373.941894	0.685727	0.009035	6.1
762	-0.729658	374.941882	0.683995	0.010605	6.3
763	-0.733087	375.941882	0.682272	0.009163	6.4
764	-0.719567	376.103167	0.681995	0.006160	6.6
765	-0.717295	376.019337	0.682139	0.006966	6.3
766	-0.726829	376.899771	0.680630	0.009294	6.3
767	-0.720294	376.814065	0.680776	0.004919	6.6
768	-0.721701	376.729355	0.680921	0.005988	6.2
769	-0.722044	377.047612	0.680377	0.005471	6.4
770	-0.721166	377.093464	0.680299	0.008848	6.6
771	-0.716382	377.745477	0.679186	0.009887	6.2
772	-0.721973	378.744371	0.677489	0.009694	6.4
773	-0.726399	379.744371	0.675799	0.006302	5.9
774	-0.717821	380.338891	0.674797	0.006329	6.4
775	-0.724713	380.253633	0.674941	0.014223	6.4
776	-0.716316	380.167928	0.675085	0.010088	6.4
777	-0.713396	380.083737	0.675227	0.005355	6.3
778	-0.720551	380.003136	0.675362	0.007440	6.4
779	-0.721814	379.919783	0.675503	0.007917	6.8
780	-0.721218	379.834081	0.675647	0.006832	6.1
781	-0.720961	379.748684	0.675791	0.009093	6.3
782	-0.727618	380.710770	0.674173	0.005851	6.6
783	-0.717513	380.637009	0.674297	0.004188	6.3
784	-0.711531	380.633335	0.674303	0.008096	6.8
785	-0.722262	380.550253	0.674442	0.006240	6.4
786	-0.731882	381.537181	0.672789	0.005850	6.2
787	-0.715537	381.451854	0.672931	0.006614	6.6
788	-0.733371	382.372683	0.671395	0.007995	6.2
789	-0.730699	382.286980	0.671538	0.008400	6.3
790	-0.726181	383.283067	0.669883	0.008392	6.3
791	-0.724365	383.197365	0.670025	0.009695	7.0
792	-0.726279	383.972888	0.668742	0.003346	6.8
793	-0.722762	383.889538	0.668880	0.007370	6.3
794	-0.725178	383.841488	0.668959	0.006772	6.5
795	-0.722981	383.755784	0.669101	0.007301	6.5
796	-0.732072	383.674008	0.669236	0.005310	6.4
797	-0.727379	384.657987	0.667613	0.004838	6.7
798	-0.714544	384.944275	0.667142	0.008556	6.3
799	-0.730549	385.016430	0.667023	0.009470	6.3
800	-0.715743	386.016430	0.665385	0.006341	6.6
801	-0.720833	387.015372	0.663756	0.007618	6.5
802	-0.719354	386.931996	0.663891	0.007377	6.5
803	-0.721277	387.855877	0.662391	0.003674	6.6
804	-0.715568	388.137553	0.661935	0.007759	6.5
805	-0.719744	389.085360	0.660405	0.004689	6.5
806	-0.722318	389.008111	0.660530	0.007267	6.3
807	-0.721806	389.803641	0.659250	0.005570	6.3
808	-0.725310	390.705409	0.657806	0.008765	6.2
809	-0.721224	391.271841	0.656903	0.006823	6.5
810	-0.729843	392.202949	0.655422	0.006716	6.3
811	-0.726171	392.136630	0.655528	0.009772	6.8
812	-0.728464	393.136630	0.653945	0.008098	6.5
813	-0.725556	394.136629	0.652369	0.003327	6.3
814	-0.720725	394.102355	0.652423	0.004674	6.4
815	-0.720987	394.128591	0.652382	0.008745	6.6
816	-0.720391	394.827555	0.651286	0.009074	6.4
817	-0.716924	395.804074	0.649760	0.004496	6.5
818	-0.721576	395.735145	0.649867	0.006248	6.3
819	-0.723874	395.668456	0.649971	0.005441	6.5
820	-0.719055	395.665722	0.649975	0.004333	6.2
821	-0.726445	396.633213	0.648470	0.010687	7.1
822	-0.718329	396.548262	0.648602	0.008019	6.6
823	-0.730907	397.458693	0.647190	0.007215	6.3
824	-0.720618	397.855415	0.646577	0.008599	6.2
825	-0.734041	398.832587	0.645073	0.010889	6.5
826	-0.719142	399.832587	0.643540	0.008366	6.3
827	-0.724873	400.832587	0.642014	0.005510	6.5
828	-0.724347	400.746883	0.642145	0.006838	6.5
829	-0.719766	400.661492	0.642275	0.009526	6.8
830	-0.725952	401.661487	0.640755	0.010336	6.3
831	-0.714347	402.661487	0.639243	0.010502	6.8
832	-0.725882	403.661487	0.637737	0.007485	6.7
833	-0.718992	404.661481	0.636239	0.005142	6.5
834	-0.718981	405.480622	0.635017	0.009718	6.5
835	-0.713628	405.696668	0.634696	0.007062	6.6
836	-0.718290	406.696667	0.633212	0.005838	6.3
837	-0.727140	406.611027	0.633338	0.009409	6.8
838	-0.736170	406.526433	0.633464	0.005215	6.8
839	-0.728068	407.503577	0.632019	0.008477	8.2
840	-0.727482	407.437922	0.632116	0.011572	7.2
841	-0.728399	408.437922	0.630644	0.007769	10.2
842	-0.724099	409.437870	0.629179	0.007235	7.2
843	-0.720089	410.437864	0.627721	0.006613	6.8
844	-0.720374	410.363625	0.627829	0.007341	7.3
845	-0.723288	411.363409	0.626377	0.005482	7.0
846	-0.718696	411.277925	0.626501	0.003959	6.7
847	-0.727025	411.192707	0.626624	0.009195	6.9
848	-0.719451	411.241059	0.626554	0.005744	6.1
849	-0.715652	411.155353	0.626678	0.008882	6.6
850	-0.719587	412.097315	0.625315	0.010178	6.4
851	-0.725458	413.097313	0.623875	0.007953	6.6
852	-0.720735	414.097289	0.622441	0.006272	6.2
853	-0.719202	415.097006	0.621014	0.009492	6.7
854	-0.720688	416.097004	0.619594	0.006892	6.6
855	-0.713046	416.011298	0.619715	0.008435	6.4
856	-0.718610	417.011298	0.618300	0.009723	6.3
857	-0.727102	416.925611	0.618421	0.005759	6.5
858	-0.725793	417.925019	0.617013	0.006776	6.4
859	-0.717016	417.849916	0.617119	0.005525	6.3
860	-0.725716	417.765056	0.617238	0.007117	6.4
861	-0.735817	417.681391	0.617356	0.005250	6.9
862	-0.722354	418.676803	0.615958	0.009342	6.4
863	-0.725935	419.676564	0.614561	0.007035	6.3
864	-0.720358	419.778949	0.614418	0.013196	6.5
865	-0.719225	419.693243	0.614537	0.008725	6.4
866	-0.714906	420.693243	0.613146	0.007237	6.6
867	-0.734109	420.609605	0.613262	0.006666	6.5
868	-0.717284	421.585311	0.611910	0.007642	6.1
869	-0.714704	422.027873	0.611299	0.007651	6.9
870	-0.725149	422.909880	0.610084	0.008476	6.2
871	-0.719393	422.824174	0.610202	0.008173	6.3
872	-0.724138	423.436423	0.609362	0.006187	6.3
873	-0.722389	423.354695	0.609474	0.006452	6.1
874	-0.715387	424.351542	0.608109	0.007547	6.4
875	-0.731999	424.265839	0.608226	0.006636	6.4
876	-0.727155	425.264570	0.606865	0.006227	6.5
877	-0.717414	426.264011	0.605509	0.005497	6.3
878	-0.711010	426.236438	0.605547	0.008230	6.4
879	-0.719375	426.152194	0.605661	0.006729	6.5
880	-0.719425	426.070353	0.605771	0.007144	6.2
881	-0.726063	426.811787	0.604769	0.005749	6.1
882	-0.715383	426.726224	0.604884	0.006110	6.4
883	-0.718320	427.129931	0.604339	0.005506	6.3
884	-0.728936	427.187086	0.604262	0.010169	6.3
885	-0.727571	428.160508	0.602953	0.011704	6.4
886	-0.728869	429.142160	0.601638	0.005266	6.4
887	-0.716987	430.131383	0.600318	0.004671	6.5
888	-0.737788	430.100008	0.600360	0.004422	7.3
889	-0.716898	430.536134	0.599780	0.008358	6.6
890	-0.716796	430.451442	0.599893	0.006838	6.6
891	-0.716015	431.451435	0.598567	0.011511	7.0
892	-0.719570	432.451435	0.597247	0.006109	6.5
893	-0.728140	433.451435	0.595933	0.006425	6.8
894	-0.712885	433.365976	0.596045	0.008243	6.4
895	-0.725007	433.280520	0.596157	0.005545	6.3
896	-0.710921	433.266964	0.596175	0.004823	6.4
897	-0.718186	434.191043	0.594964	0.008936	6.1
898	-0.717950	434.105341	0.595076	0.005864	6.3
899	-0.718561	435.105269	0.593772	0.004161	6.8
900	-0.720498	435.198748	0.593650	0.006142	6.1
901	-0.723660	435.732894	0.592956	0.008449	6.7
902	-0.720898	435.647263	0.593067	0.007103	6.3
903	-0.716069	435.561715	0.593178	0.005756	6.3
904	-0.721703	435.476482	0.593289	0.006792	6.4
905	-0.729866	436.467669	0.592004	0.007484	6.4
906	-0.723983	436.382158	0.592114	0.007231	6.5
907	-0.722642	436.296585	0.592225	0.006516	6.3
908	-0.726800	436.217548	0.592327	0.005901	6.3
909	-0.720773	436.135829	0.592433	0.011166	6.5
910	-0.733962	437.135829	0.591140	0.008283	6.1
911	-0.712425	438.073495	0.589933	0.006115	6.1
912	-0.718044	437.987792	0.590043	0.005816	6.3
913	-0.727092	437.902461	0.590153	0.006903	6.7
914	-0.718303	438.901704	0.588870	0.005800	6.4
915	-0.723970	439.138269	0.588568	0.006200	6.4
916	-0.717007	439.084250	0.588637	0.009584	6.4
917	-0.726341	438.998555	0.588746	0.006597	6.1
918	-0.720786	439.986338	0.587485	0.005845	6.6
919	-0.727573	439.900971	0.587594	0.004366	6.3
920	-0.716591	439.957395	0.587522	0.006741	6.5
921	-0.724437	440.056301	0.587396	0.005713	6.4
922	-0.722393	439.970835	0.587505	0.005047	6.2
923	-0.721103	439.903677	0.587590	0.005351	6.0
924	-0.719812	440.216878	0.587191	0.006309	6.3
925	-0.722939	441.126275	0.586036	0.004963	6.6
926	-0.718465	442.020373	0.584904	0.008122	6.4
927	-0.716568	441.937149	0.585009	0.005865	6.7
928	-0.725302	441.851444	0.585117	0.008104	6.7
929	-0.719069	442.015772	0.584910	0.005829	6.3
930	-0.711848	441.930067	0.585018	0.007526	6.5
931	-0.718776	441.889714	0.585069	0.008876	6.3
932	-0.723306	441.804008	0.585177	0.008061	6.2
933	-0.724337	442.804008	0.583916	0.007825	6.6
934	-0.721558	442.719038	0.584023	0.006988	6.3
935	-0.720346	443.662952	0.582836	0.007922	6.9
936	-0.725419	444.309496	0.582027	0.003580	6.0
937	-0.718973	444.319397	0.582014	0.005920	6.4
938	-0.727974	444.296372	0.582043	0.005170	6.4
939	-0.731277	444.607252	0.581654	0.006387	6.0
940	-0.714728	444.553100	0.581722	0.007641	6.3
941	-0.724248	444.467479	0.581829	0.005576	6.6
942	-0.733167	445.467130	0.580582	0.004685	6.5
943	-0.723487	445.395229	0.580672	0.006402	6.7
944	-0.725772	445.313050	0.580774	0.004206	6.1
945	-0.723095	446.175663	0.579702	0.005634	6.8
946	-0.722882	446.956670	0.578734	0.004129	6.4
947	-0.731173	446.883216	0.578825	0.007967	6.0
948	-0.729292	447.617235	0.577918	0.009474	6.5
949	-0.723287	448.617235	0.576688	0.005022	6.3
950	-0.720383	449.254239	0.575906	0.008185	6.6
951	-0.725088	449.169835	0.576010	0.006733	6.1
952	-0.725808	450.168815	0.574789	0.006580	6.4
953	-0.721795	451.168813	0.573571	0.005261	6.6
954	-0.717374	451.083237	0.573675	0.007024	6.3
955	-0.738901	451.687921	0.572941	0.006067	6.8
956	-0.716139	452.667453	0.571757	0.006163	7.1
957	-0.722113	453.024929	0.571325	0.006050	6.3
958	-0.726506	454.020940	0.570127	0.008902	6.6
959	-0.732800	454.849591	0.569135	0.007204	6.3
960	-0.723458	454.764522	0.569236	0.007605	6.6
961	-0.715611	455.764484	0.568042	0.005329	6.5
962	-0.726193	455.706909	0.568111	0.005267	6.8
963	-0.730191	456.274957	0.567435	0.007151	6.5
964	-0.712331	456.938120	0.566648	0.008209	6.5
965	-0.730533	456.891870	0.566702	0.009587	6.8
966	-0.721956	456.806164	0.566804	0.014980	6.2
967	-0.714888	457.806164	0.565620	0.006722	6.2
968	-0.722806	458.783340	0.564468	0.004490	6.3
969	-0.713019	458.706253	0.564559	0.003496	6.4
970	-0.715882	458.732646	0.564528	0.005590	6.8
971	-0.719451	458.868245	0.564368	0.006034	6.8
972	-0.725280	458.782615	0.564469	0.006639	6.6
973	-0.726920	459.331846	0.563824	0.005391	6.7
974	-0.720354	460.298110	0.562692	0.007304	6.5
975	-0.723753	460.549379	0.562398	0.005926	6.9
976	-0.727863	460.495363	0.562461	0.004597	6.6
977	-0.723633	461.014700	0.561855	0.009205	6.2
978	-0.729116	460.963356	0.561915	0.008380	6.6
979	-0.734160	461.950290	0.560767	0.008089	6.6
980	-0.724574	462.949591	0.559609	0.006105	6.1
981	-0.727823	463.949444	0.558455	0.009572	6.7
982	-0.729955	464.949425	0.557306	0.006959	6.5
983	-0.728907	465.947522	0.556164	0.007087	6.7
984	-0.726873	465.861912	0.556261	0.006129	6.2
985	-0.731762	465.776207	0.556359	0.007039	6.3
986	-0.720094	466.524146	0.555506	0.006016	6.8
987	-0.723811	466.443430	0.555598	0.007251	6.4
988	-0.715946	466.357747	0.555695	0.008693	6.3
989	-0.720135	467.343866	0.554573	0.005284	6.6
990	-0.714225	468.343858	0.553440	0.006756	6.3
991	-0.719038	468.837996	0.552882	0.007837	6.5
992	-0.724268	469.481751	0.552156	0.007951	6.4
993	-0.718551	470.481751	0.551033	0.007308	6.8
994	-0.721916	470.396253	0.551128	0.006189	6.4
995	-0.725360	470.324128	0.551209	0.006889	6.5
996	-0.723835	470.278997	0.551260	0.006277	6.5
997	-0.717845	470.258707	0.551283	0.006141	6.2
998	-0.722082	470.568961	0.550935	0.007848	6.4
999	-0.721061	470.483305	0.551031	0.011266	6.3
1000	-0.720864	470.397599	0.551127	0.005674	6.7
1001	-0.724186	471.397594	0.550008	0.007759	6.9
1002	-0.727817	471.311889	0.550103	0.006904	6.2
1003	-0.722447	472.311776	0.548988	0.005988	6.6
1004	-0.725978	472.994896	0.548229	0.006047	6.5
1005	-0.718685	473.969735	0.547150	0.004838	6.5
1006	-0.737262	473.884807	0.547243	0.006517	6.5
1007	-0.722378	473.927361	0.547196	0.007687	6.2
1008	-0.717048	473.841660	0.547291	0.005461	6.5
1009	-0.730516	474.841621	0.546187	0.003153	6.4
1010	-0.731421	474.851366	0.546177	0.003873	6.3
1011	-0.720348	474.977745	0.546038	0.008899	6.5
1012	-0.725707	475.038241	0.545971	0.004950	6.2
1013	-0.723196	476.037550	0.544873	0.006074	6.4
1014	-0.732437	475.960857	0.544957	0.005942	6.5
1015	-0.714818	475.879523	0.545047	0.005846	6.4
1016	-0.728668	475.862314	0.545065	0.004690	6.6
1017	-0.719088	476.246119	0.544645	0.007097	6.3
1018	-0.725768	477.241850	0.543556	0.004719	6.4
1019	-0.724578	477.240381	0.543558	0.005537	6.3
1020	-0.725365	478.102944	0.542618	0.003340	6.4
1021	-0.730375	478.725137	0.541943	0.006710	6.2
1022	-0.717607	478.646361	0.542028	0.008259	6.5
1023	-0.727250	478.570177	0.542111	0.006134	6.6
1024	-0.727583	478.484544	0.542204	0.009208	6.4
1025	-0.717612	479.484430	0.541121	0.005088	6.5
1026	-0.727175	480.372593	0.540162	0.004229	6.3
1027	-0.727501	480.288387	0.540253	0.004944	6.4
1028	-0.724739	480.223088	0.540323	0.008509	6.5
1029	-0.720603	480.825947	0.539674	0.010516	6.1
1030	-0.722300	481.825555	0.538601	0.007914	6.3
1031	-0.719232	482.825441	0.537532	0.007831	6.4
1032	-0.725861	482.777616	0.537583	0.006562	6.5
1033	-0.727377	482.691984	0.537675	0.008219	6.8
1034	-0.718657	483.691955	0.536609	0.008479	6.3
1035	-0.727844	483.606249	0.536701	0.004793	6.6
1036	-0.722079	483.521454	0.536791	0.007706	6.4
1037	-0.721319	483.435878	0.536882	0.007614	6.3
1038	-0.723845	483.350183	0.536973	0.006327	6.5
1039	-0.724258	483.371341	0.536951	0.006416	6.2
1040	-0.723382	484.309521	0.535954	0.003881	6.7
1041	-0.725516	484.226368	0.536042	0.005700	6.3
1042	-0.726775	484.145425	0.536128	0.005084	6.3
1043	-0.720359	484.061562	0.536217	0.006992	6.7
1044	-0.726768	484.044138	0.536235	0.007322	6.5
1045	-0.723829	483.958748	0.536326	0.006226	6.3
1046	-0.722020	484.948656	0.535277	0.006553	6.3
1047	-0.718026	484.864631	0.535365	0.004728	6.2
1048	-0.716905	485.843514	0.534332	0.007574	6.8
1049	-0.719705	486.780487	0.533346	0.004798	6.0
1050	-0.728636	487.594294	0.532492	0.006691	6.4
1051	-0.723205	487.631446	0.532453	0.006557	6.4
1052	-0.729870	488.631365	0.531409	0.007162	6.6
1053	-0.718786	488.545780	0.531498	0.007207	6.5
1054	-0.717411	488.460075	0.531587	0.004742	6.2
1055	-0.725722	489.096433	0.530924	0.004695	6.1
1056	-0.724527	489.040781	0.530982	0.009073	6.2
1057	-0.712652	488.987315	0.531038	0.009137	6.3
1058	-0.724165	488.901614	0.531127	0.006057	6.5
1059	-0.727949	488.815908	0.531216	0.005192	6.5
1060	-0.711149	489.768740	0.530225	0.006249	6.8
1061	-0.722655	489.767231	0.530227	0.005583	6.2
1062	-0.721409	489.682120	0.530315	0.006698	6.6
1063	-0.718666	489.599336	0.530401	0.008653	6.5
1064	-0.722691	489.551601	0.530451	0.009567	6.3
1065	-0.726671	489.465896	0.530540	0.011074	6.4
1066	-0.725466	490.465896	0.529502	0.005457	6.8
1067	-0.719308	490.380191	0.529591	0.006534	6.5
1068	-0.729608	491.379956	0.528558	0.005389	6.7
1069	-0.723832	491.538776	0.528394	0.005832	6.1
1070	-0.719379	491.453232	0.528482	0.005519	6.3
1071	-0.720083	491.367592	0.528571	0.008230	6.4
1072	-0.722508	491.294100	0.528646	0.006038	6.2
1073	-0.713487	491.208396	0.528735	0.005627	6.3
1074	-0.713074	491.123786	0.528822	0.006902	6.2
1075	-0.718945	491.073111	0.528875	0.006132	6.5
1076	-0.721941	491.006831	0.528943	0.006168	6.1
1077	-0.735696	491.995921	0.527923	0.005665	6.5
1078	-0.721912	492.030454	0.527888	0.006012	6.1
1079	-0.730205	492.161321	0.527753	0.009127	6.5
1080	-0.726020	492.077238	0.527840	0.008016	6.4
1081	-0.717419	492.091814	0.527825	0.005549	6.1
1082	-0.715381	493.080651	0.526809	0.008017	6.7
1083	-0.728399	492.995247	0.526897	0.006253	6.7
1084	-0.728219	492.909798	0.526984	0.010444	6.2
1085	-0.712527	493.907354	0.525963	0.007332	6.5
1086	-0.717938	493.821655	0.526051	0.005895	6.4
1087	-0.720024	493.742861	0.526132	0.007576	6.5
1088	-0.726936	494.049343	0.525818	0.008002	6.4
1089	-0.726979	495.046886	0.524802	0.005081	6.7
1090	-0.718956	495.334525	0.524510	0.006460	6.6
1091	-0.722297	496.315920	0.523515	0.007722	6.3
1092	-0.728470	496.247624	0.523584	0.005035	6.8
1093	-0.720516	497.231102	0.522590	0.004993	6.1
1094	-0.722346	498.120604	0.521695	0.007786	6.4
1095	-0.725386	498.036890	0.521779	0.005548	6.3
1096	-0.723763	499.033286	0.520779	0.004913	6.5
1097	-0.729237	499.980464	0.519832	0.005688	6.7
1098	-0.727261	500.579727	0.519235	0.008527	6.2
1099	-0.731540	500.784675	0.519031	0.005658	6.3
1100	-0.730569	501.748682	0.518074	0.004183	6.2
1101	-0.730897	501.663912	0.518158	0.005062	6.6
1102	-0.719131	501.580100	0.518241	0.008288	6.3
1103	-0.728285	502.580001	0.517251	0.004671	6.4
1104	-0.717676	503.540450	0.516304	0.008600	6.5
1105	-0.719731	504.540374	0.515322	0.008508	6.4
1106	-0.731582	505.540274	0.514343	0.006360	6.5
1107	-0.722427	506.538920	0.513370	0.007578	6.4
1108	-0.728726	507.460557	0.512474	0.004414	6.3
1109	-0.713591	507.783892	0.512161	0.010831	6.7
1110	-0.721579	507.712622	0.512230	0.007404	6.1
1111	-0.723086	507.646056	0.512294	0.005514	6.6
1112	-0.723386	507.593433	0.512345	0.006615	6.6
1113	-0.719134	507.531377	0.512406	0.005063	6.2
1114	-0.719694	508.531315	0.511438	0.006679	6.4
1115	-0.725979	509.359831	0.510639	0.004566	6.3
1116	-0.727401	509.274191	0.510722	0.013288	6.4
1117	-0.718731	510.211716	0.509820	0.004894	6.4
1118	-0.717868	510.142667	0.509886	0.007314	6.4
1119	-0.728354	510.476026	0.509567	0.006139	6.5
1120	-0.724395	510.411650	0.509628	0.007574	6.5
1121	-0.717145	510.332670	0.509704	0.005636	7.0
1122	-0.719452	510.253455	0.509780	0.009165	6.4
1123	-0.721697	510.511421	0.509533	0.007570	6.3
1124	-0.726199	511.511189	0.508576	0.005730	6.4
1125	-0.726576	511.612408	0.508479	0.006604	6.4
1126	-0.722957	511.527549	0.508560	0.005985	6.4
1127	-0.721342	512.004987	0.508105	0.006688	6.4
1128	-0.716013	512.987974	0.507170	0.007588	6.4
1129	-0.722105	512.902268	0.507251	0.005886	6.5
1130	-0.724658	512.821968	0.507327	0.004327	6.2
1131	-0.719612	513.188316	0.506979	0.005024	6.7
1132	-0.727629	513.147299	0.507018	0.006852	6.5
1133	-0.720177	513.097797	0.507065	0.009568	6.7
1134	-0.723820	513.012091	0.507147	0.008703	6.9
1135	-0.716315	514.012091	0.506199	0.006499	6.5
1136	-0.722967	513.934879	0.506272	0.006637	6.7
1137	-0.715752	514.632763	0.505612	0.007456	6.6
1138	-0.718830	514.944349	0.505318	0.008124	7.1
1139	-0.716110	515.944349	0.504377	0.006334	7.1
1140	-0.726631	516.939985	0.503444	0.004188	7.2
1141	-0.718026	516.855892	0.503522	0.004403	7.4
1142	-0.725279	517.338904	0.503071	0.007345	6.9
1143	-0.719259	518.230012	0.502239	0.006780	11.3
1144	-0.726188	518.348834	0.502129	0.007333	9.3
1145	-0.720529	518.761282	0.501745	0.005006	9.4
1146	-0.727764	519.683687	0.500889	0.007881	8.8
1147	-0.722458	519.607921	0.500959	0.006330	9.7
1148	-0.729354	520.565839	0.500073	0.008353	8.0
1149	-0.724152	520.599689	0.500042	0.011024	7.5
1150	-0.723776	521.599684	0.499120	0.004995	7.8
1151	-0.723280	522.508597	0.498286	0.007205	7.3
1152	-0.725588	522.502349	0.498291	0.009057	8.2
1153	-0.724681	523.475271	0.497401	0.004447	7.0
1154	-0.713654	524.395922	0.496561	0.006405	7.0
1155	-0.712193	524.455216	0.496507	0.005106	7.5
1156	-0.726129	525.377725	0.495669	0.006581	7.0
1157	-0.719746	525.292681	0.495746	0.005360	6.8
1158	-0.727371	525.600301	0.495467	0.007120	6.7
1159	-0.723500	525.536611	0.495525	0.002448	6.6
1160	-0.728103	525.545926	0.495516	0.008490	6.5
1161	-0.729005	525.508641	0.495550	0.008817	6.5
1162	-0.731516	526.508638	0.494645	0.005214	6.6
1163	-0.713984	526.429636	0.494716	0.007490	6.9
1164	-0.721569	526.347864	0.494790	0.006746	6.6
1165	-0.723132	527.237055	0.493988	0.008357	6.2
1166	-0.727993	527.151351	0.494065	0.006772	6.7
1167	-0.726522	527.065646	0.494142	0.005535	6.4
1168	-0.709272	528.064009	0.493244	0.007006	7.0
1169	-0.728671	528.189811	0.493131	0.006893	6.6
1170	-0.721942	529.189808	0.492235	0.006983	6.3
1171	-0.725635	530.188135	0.491343	0.010014	6.7
1172	-0.727998	531.188135	0.490453	0.008074	6.3
1173	-0.725689	531.153711	0.490484	0.005999	6.5
1174	-0.729684	532.068371	0.489673	0.010164	6.4
1175	-0.724962	531.987492	0.489744	0.008202	6.2
1176	-0.713026	532.987492	0.488860	0.007560	6.7
1177	-0.721523	533.111627	0.488751	0.009388	6.4
1178	-0.728202	533.117935	0.488745	0.006102	6.4
1179	-0.718623	534.117922	0.487865	0.006772	6.4
1180	-0.716347	534.032234	0.487940	0.007014	6.4
1181	-0.723920	534.321668	0.487686	0.006312	6.5
1182	-0.716949	534.267379	0.487733	0.006689	6.4
1183	-0.725694	534.181674	0.487809	0.006556	6.3
1184	-0.722862	535.181310	0.486932	0.007111	6.7
1185	-0.722908	536.178886	0.486060	0.010917	6.8
1186	-0.726885	537.178397	0.485190	0.008969	6.7
1187	-0.728149	537.092753	0.485264	0.007877	6.6
1188	-0.730208	538.092459	0.484397	0.006515	7.0
1189	-0.732664	538.008174	0.484470	0.004820	6.5
1190	-0.727215	537.925826	0.484541	0.008819	6.5
1191	-0.730697	538.710763	0.483861	0.006324	6.7
1192	-0.723915	538.666395	0.483900	0.006013	6.1
1193	-0.716156	538.715983	0.483857	0.007406	6.8
1194	-0.719999	539.145593	0.483486	0.005844	6.7
1195	-0.724733	539.110931	0.483516	0.005375	5.6
1196	-0.736209	539.299346	0.483353	0.007474	6.4
1197	-0.716539	539.216803	0.483424	0.007098	6.4
1198	-0.723995	539.131918	0.483498	0.006389	6.6
1199	-0.731543	539.196270	0.483442	0.007921	6.6
1200	-0.717959	540.196261	0.482581	0.005208	6.5
1201	-0.730330	540.110872	0.482654	0.005146	6.5
1202	-0.728841	540.028606	0.482725	0.008884	6.5
1203	-0.728191	539.943512	0.482798	0.008716	6.5
1204	-0.717791	540.830786	0.482036	0.004866	6.6
1205	-0.723678	541.552561	0.481417	0.005090	6.4
1206	-0.720772	541.511292	0.481452	0.006292	6.5
1207	-0.719836	541.427811	0.481524	0.007881	6.3
1208	-0.717737	541.345223	0.481595	0.005133	6.4
1209	-0.715372	542.035488	0.481004	0.007044	6.3
1210	-0.716561	542.073835	0.480971	0.006323	6.9
1211	-0.717572	542.748893	0.480396	0.005182	6.7
1212	-0.721725	542.676641	0.480457	0.008402	6.1
1213	-0.716418	542.591133	0.480530	0.004890	6.2
1214	-0.721343	543.087376	0.480107	0.008451	6.3
1215	-0.720878	544.087079	0.479258	0.005754	6.5
1216	-0.714820	544.007776	0.479325	0.006294	6.6
1217	-0.733251	544.617719	0.478808	0.007454	6.3
1218	-0.730431	545.468751	0.478089	0.006440	6.9
1219	-0.725569	545.383050	0.478161	0.008465	6.4
1220	-0.724500	546.381266	0.477320	0.006126	6.3
1221	-0.728131	546.295604	0.477392	0.005737	6.7
1222	-0.721125	547.265849	0.476577	0.009194	6.8
1223	-0.728535	547.571224	0.476321	0.006570	6.8
1224	-0.720013	548.570147	0.475486	0.007486	6.8
1225	-0.726632	548.485274	0.475557	0.003449	6.4
1226	-0.725441	548.425973	0.475606	0.009576	6.7
1227	-0.719956	548.342753	0.475676	0.005405	6.4
1228	-0.725762	548.814722	0.475282	0.008555	6.8
1229	-0.723726	548.729019	0.475353	0.007318	6.3
1230	-0.722545	549.703828	0.474541	0.005398	6.4
1231	-0.718312	549.889736	0.474387	0.008163	6.7
1232	-0.721959	549.804595	0.474457	0.008129	7.0
1233	-0.720128	550.803817	0.473628	0.008489	6.4
1234	-0.722518	551.803816	0.472801	0.004926	6.4
1235	-0.731744	551.718306	0.472872	0.006326	6.7
1236	-0.733921	551.632856	0.472943	0.004438	7.5
1237	-0.719667	551.553400	0.473008	0.007174	6.5
1238	-0.725080	551.468054	0.473079	0.006433	6.5
1239	-0.723407	551.382761	0.473149	0.005434	6.7
1240	-0.721405	552.370766	0.472334	0.006611	6.4
1241	-0.734984	552.285130	0.472404	0.007033	6.6
1242	-0.724068	553.237456	0.471621	0.009914	6.4
1243	-0.729194	553.160657	0.471684	0.005684	6.2
1244	-0.724353	554.160613	0.470864	0.003831	6.4
1245	-0.721488	554.846884	0.470303	0.005429	6.4
1246	-0.717879	554.817889	0.470327	0.010176	6.5
1247	-0.730914	555.592732	0.469695	0.008083	6.4
1248	-0.719526	555.507032	0.469764	0.008070	6.2
1249	-0.721078	555.421385	0.469834	0.007611	6.4
1250	-0.727476	555.358165	0.469886	0.010643	6.2
1251	-0.728005	556.286580	0.469130	0.004312	7.1
1252	-0.731795	556.291267	0.469126	0.004572	6.4
1253	-0.731727	556.211387	0.469191	0.005382	6.4
1254	-0.722456	557.064748	0.468498	0.005296	6.4
1255	-0.728541	556.983011	0.468565	0.004279	6.5
1256	-0.724684	556.937934	0.468601	0.009744	6.4
1257	-0.727011	556.960458	0.468583	0.005416	6.3
1258	-0.721946	557.028417	0.468528	0.008611	6.6
1259	-0.730160	557.398779	0.468228	0.002843	6.5
1260	-0.728139	557.439201	0.468195	0.004846	7.2
1261	-0.721560	557.451344	0.468185	0.007794	8.7
1262	-0.720471	557.368464	0.468252	0.006776	7.4
1263	-0.721837	558.306264	0.467494	0.006148	6.9
1264	-0.711557	559.297005	0.466696	0.007499	6.7
1265	-0.716217	559.211746	0.466765	0.004576	7.7
1266	-0.732312	559.126525	0.466833	0.007041	7.7
1267	-0.725236	559.048066	0.466897	0.012760	10.5
1268	-0.730773	560.038625	0.466101	0.008472	7.1
1269	-0.724542	561.038622	0.465300	0.007746	6.8
1270	-0.733906	560.952917	0.465368	0.007919	6.6
1271	-0.719032	561.344980	0.465055	0.005199	6.4
1272	-0.720382	562.329275	0.464270	0.004618	6.5
1273	-0.727825	562.614799	0.464043	0.007548	6.9
1274	-0.731658	563.239538	0.463547	0.004492	7.1
1275	-0.719223	563.156523	0.463613	0.005466	7.2
1276	-0.726769	563.104805	0.463654	0.007127	6.5
1277	-0.721448	563.297190	0.463501	0.005465	6.3
1278	-0.720417	564.281053	0.462722	0.005565	6.4
1279	-0.723341	564.195361	0.462790	0.006550	6.7
1280	-0.712000	565.125743	0.462055	0.008006	6.5
1281	-0.740451	566.125636	0.461268	0.005889	6.5
1282	-0.723770	566.039943	0.461336	0.006951	6.6
1283	-0.730776	566.465019	0.461002	0.007223	6.1
1284	-0.713134	566.395345	0.461057	0.007478	6.8
1285	-0.722156	566.309640	0.461124	0.007425	6.3
1286	-0.724258	566.249590	0.461171	0.006497	6.5
1287	-0.711862	566.236572	0.461181	0.007592	6.5
1288	-0.730299	566.155420	0.461245	0.005952	6.2
1289	-0.722102	567.155349	0.460461	0.005741	6.6
1290	-0.714467	568.148446	0.459685	0.008470	6.3
1291	-0.729950	568.256861	0.459600	0.009066	6.2
1292	-0.727855	569.256675	0.458822	0.006919	6.9
1293	-0.731990	569.170972	0.458888	0.008095	6.2
1294	-0.726128	570.170348	0.458112	0.008139	6.8
1295	-0.723686	570.084658	0.458179	0.005223	6.7
1296	-0.719094	570.002457	0.458243	0.007284	6.7
1297	-0.720626	569.945991	0.458286	0.008055	7.1
1298	-0.723027	570.298811	0.458013	0.007571	6.6
1299	-0.719356	571.296153	0.457242	0.004920	6.6
1300	-0.722635	571.682972	0.456943	0.007449	6.5
1301	-0.719303	571.662798	0.456959	0.007309	6.6
1302	-0.725658	571.577100	0.457025	0.006330	7.0
1303	-0.726872	572.574858	0.456257	0.005131	6.9
1304	-0.721209	572.490025	0.456322	0.006455	6.6
1305	-0.721518	572.410758	0.456383	0.008608	7.2
1306	-0.727975	573.376931	0.455641	0.008942	6.8
1307	-0.723243	574.376931	0.454876	0.006080	6.9
1308	-0.730024	575.370005	0.454118	0.008827	6.3
1309	-0.729152	576.314727	0.453400	0.005071	6.4
1310	-0.717941	577.302009	0.452652	0.007287	6.6
1311	-0.725174	578.259962	0.451928	0.005204	7.0
1312	-0.726398	578.204200	0.451970	0.005758	6.0
1313	-0.721018	578.359474	0.451853	0.008957	6.5
1314	-0.725517	579.338962	0.451116	0.008460	6.6
1315	-0.716465	580.338962	0.450366	0.006085	6.8
1316	-0.724310	580.253266	0.450430	0.008460	6.5
1317	-0.723714	581.079248	0.449812	0.008239	6.4
1318	-0.716497	581.899656	0.449200	0.005669	6.7
1319	-0.716016	582.746283	0.448570	0.004732	6.6
1320	-0.715075	582.719742	0.448590	0.006462	6.5
1321	-0.720703	582.824908	0.448512	0.006442	6.2
1322	-0.721053	582.750085	0.448567	0.009170	5.9
1323	-0.722636	583.658887	0.447893	0.007352	6.5
1324	-0.726454	583.573182	0.447956	0.005500	6.0
1325	-0.718493	584.567696	0.447221	0.008859	6.6
1326	-0.731042	584.525964	0.447252	0.007952	6.0
1327	-0.729744	585.338854	0.446652	0.007332	6.5
1328	-0.731316	586.338537	0.445917	0.007215	6.6
1329	-0.718846	586.979096	0.445447	0.006367	6.1
1330	-0.721275	587.978648	0.444716	0.006840	6.4
1331	-0.724007	588.977424	0.443988	0.005748	6.4
1332	-0.726554	588.897063	0.444046	0.006713	6.8
1333	-0.721698	589.577952	0.443551	0.006503	6.6
1334	-0.727551	590.568293	0.442833	0.005799	6.3
1335	-0.727018	590.495139	0.442886	0.007142	6.6
1336	-0.720120	590.409603	0.442948	0.006297	6.5
1337	-0.727470	590.862966	0.442619	0.006076	6.3
1338	-0.725230	590.777319	0.442681	0.005997	5.9
1339	-0.719892	590.692258	0.442743	0.004139	6.2
1340	-0.729017	591.633751	0.442063	0.008620	6.5
1341	-0.722014	591.548811	0.442124	0.006463	6.5
1342	-0.720633	591.463120	0.442186	0.007042	6.4
1343	-0.720094	591.386596	0.442241	0.006290	6.6
1344	-0.728090	592.086824	0.441736	0.008064	6.2
1345	-0.732814	593.066743	0.441031	0.005785	6.6
1346	-0.723334	592.981122	0.441092	0.007914	6.2
1347	-0.726986	593.966515	0.440386	0.006869	6.7
1348	-0.713984	594.966501	0.439671	0.005501	6.5
1349	-0.725116	594.976385	0.439664	0.006001	6.3
1350	-0.728543	594.891260	0.439724	0.007051	6.6
1351	-0.726968	595.890385	0.439012	0.006014	6.3
1352	-0.719858	595.809224	0.439070	0.006038	6.6
1353	-0.722812	596.806824	0.438361	0.004656	6.5
1354	-0.739804	597.757426	0.437688	0.005572	6.0
1355	-0.726925	598.285143	0.437315	0.005829	6.2
1356	-0.714204	598.199437	0.437375	0.006411	6.3
1357	-0.727304	599.199155	0.436670	0.005398	6.7
1358	-0.730860	599.224652	0.436652	0.007807	6.4
1359	-0.718814	599.140376	0.436712	0.007579	6.3
1360	-0.721728	599.220456	0.436655	0.007430	6.6
1361	-0.721762	600.209414	0.435960	0.006903	6.4
1362	-0.738910	600.128119	0.436017	0.005800	6.7
1363	-0.722801	601.128014	0.435316	0.007509	6.8
1364	-0.730103	601.832630	0.434824	0.004966	6.7
1365	-0.720482	602.831566	0.434128	0.005738	6.7
1366	-0.733423	603.827772	0.433435	0.007645	6.6
1367	-0.724738	604.122032	0.433231	0.004832	6.7
1368	-0.716213	604.036761	0.433290	0.008696	6.8
1369	-0.714855	603.951347	0.433350	0.006828	6.6
1370	-0.719172	603.902129	0.433384	0.003716	6.7
1371	-0.726586	604.018763	0.433303	0.006542	7.2
1372	-0.722003	603.971979	0.433335	0.004178	6.4
1373	-0.725391	603.886606	0.433395	0.008599	6.9
1374	-0.725099	603.801073	0.433454	0.007201	6.3
1375	-0.717771	603.715469	0.433513	0.007418	6.9
1376	-0.721583	603.629764	0.433573	0.007415	6.4
1377	-0.721849	603.544067	0.433632	0.007707	6.6
1378	-0.723534	604.488098	0.432978	0.009852	6.8
1379	-0.718310	604.402396	0.433037	0.009620	6.7
1380	-0.720591	605.402262	0.432346	0.007777	6.5
1381	-0.720863	605.325474	0.432399	0.004999	6.3
1382	-0.719570	606.007298	0.431929	0.005509	6.5
1383	-0.727310	605.960510	0.431961	0.006169	7.4
1384	-0.723354	605.943377	0.431973	0.008564	7.2
1385	-0.719278	606.383856	0.431669	0.007906	6.4
1386	-0.729645	607.126004	0.431159	0.008755	7.3
1387	-0.724974	608.114304	0.430482	0.005648	6.6
1388	-0.715931	608.029962	0.430540	0.003942	6.1
1389	-0.725132	607.967282	0.430583	0.004195	6.3
1390	-0.721840	607.903537	0.430626	0.008999	6.4
1391	-0.719289	607.818507	0.430685	0.004755	7.1
1392	-0.722790	608.663693	0.430107	0.007934	6.5
1393	-0.718935	609.309219	0.429666	0.009277	6.5
1394	-0.721464	610.148136	0.429095	0.006006	6.6
1395	-0.719183	611.147671	0.428416	0.008125	6.2
1396	-0.718420	611.532798	0.428156	0.007522	7.1
1397	-0.729533	612.532797	0.427480	0.005768	6.7
1398	-0.716003	612.468823	0.427523	0.006866	6.2
1399	-0.719389	612.383575	0.427580	0.006950	6.7
1400	-0.719907	612.303940	0.427634	0.004311	6.9
1401	-0.728039	612.294219	0.427641	0.003920	7.0
1402	-0.721549	612.501444	0.427501	0.006086	6.3
1403	-0.720421	613.371880	0.426914	0.006541	6.6
1404	-0.722529	613.405684	0.426892	0.007831	6.9
1405	-0.712365	613.321516	0.426948	0.008242	6.7
1406	-0.719024	613.235811	0.427006	0.003966	6.2
1407	-0.727703	613.693525	0.426698	0.009983	6.7
1408	-0.721257	614.690915	0.426029	0.007563	6.7
1409	-0.719504	614.605209	0.426086	0.003604	6.6
1410	-0.712271	614.520608	0.426143	0.006344	6.3
1411	-0.726107	615.177792	0.425702	0.010071	6.4
1412	-0.710631	616.177482	0.425035	0.008088	6.5
1413	-0.725988	617.167488	0.424375	0.008015	6.5
1414	-0.737202	617.183574	0.424365	0.011859	7.1
1415	-0.727236	617.097870	0.424422	0.003786	6.3
1416	-0.725150	617.012183	0.424479	0.008023	6.3
1417	-0.736089	617.459288	0.424181	0.004147	6.5
1418	-0.725323	617.847776	0.423923	0.006996	6.6
1419	-0.724317	617.773930	0.423972	0.007276	6.3
1420	-0.726888	617.917967	0.423877	0.006928	6.9
1421	-0.720145	618.910648	0.423219	0.007480	6.2
1422	-0.720740	618.879697	0.423240	0.008012	6.9
1423	-0.716793	618.794464	0.423296	0.004396	6.3
1424	-0.721900	619.794448	0.422635	0.009893	6.5
1425	-0.719098	619.708747	0.422692	0.008334	6.9
1426	-0.728883	619.623041	0.422749	0.004492	6.5
1427	-0.722709	619.537350	0.422805	0.010957	6.5
1428	-0.714090	620.537348	0.422146	0.006037	10.0
1429	-0.722440	621.537347	0.421489	0.007543	8.3
1430	-0.722878	621.473293	0.421531	0.008095	8.5
1431	-0.726683	622.432947	0.420902	0.006744	8.7
1432	-0.731514	622.347241	0.420958	0.008848	9.1
1433	-0.722699	622.261583	0.421015	0.012347	7.5
1434	-0.718452	623.261583	0.420361	0.005056	6.7
1435	-0.719781	623.176079	0.420417	0.003876	7.8
1436	-0.719827	623.201352	0.420400	0.007303	6.9
1437	-0.730413	623.717685	0.420064	0.006099	6.3
1438	-0.714817	624.717606	0.419413	0.006855	6.8
1439	-0.728055	624.631935	0.419469	0.004675	6.3
1440	-0.731886	625.010924	0.419223	0.008509	6.9
1441	-0.725942	625.899580	0.418647	0.004912	6.6
1442	-0.721408	626.743698	0.418101	0.008851	6.6
1443	-0.724692	626.657997	0.418157	0.005764	6.8
1444	-0.722646	626.572323	0.418212	0.007464	7.0
1445	-0.713802	627.551784	0.417580	0.007974	6.4
1446	-0.724245	627.466989	0.417635	0.007898	6.3
1447	-0.729477	627.382198	0.417690	0.007524	6.7
1448	-0.719741	627.296682	0.417745	0.008517	7.1
1449	-0.714454	628.293745	0.417103	0.005262	6.9
1450	-0.711138	629.291276	0.416463	0.008929	6.3
1451	-0.729906	629.205581	0.416518	0.007484	6.5
1452	-0.726549	629.119875	0.416573	0.004881	6.2
1453	-0.716667	629.034315	0.416628	0.004391	6.5
1454	-0.724891	629.086503	0.416595	0.007413	6.2
1455	-0.728236	629.995793	0.416013	0.006017	6.2
1456	-0.737420	629.910100	0.416067	0.008422	6.2
1457	-0.716133	629.825716	0.416121	0.006838	6.0
1458	-0.725853	629.740077	0.416176	0.007749	6.4
1459	-0.727395	630.720879	0.415550	0.005540	6.3
1460	-0.731671	631.687827	0.414934	0.008518	6.5
1461	-0.729718	631.602894	0.414988	0.007108	6.5
1462	-0.725531	632.533394	0.414397	0.005760	6.5
1463	-0.723408	632.454537	0.414447	0.007936	6.3
1464	-0.725504	632.368847	0.414502	0.005978	6.5
1465	-0.722389	632.284444	0.414555	0.005486	6.4
1466	-0.719583	633.083470	0.414049	0.012266	6.9
1467	-0.720444	634.083469	0.413417	0.009403	6.2
1468	-0.712765	635.079980	0.412789	0.007481	6.3
1469	-0.719562	635.987184	0.412219	0.007297	6.2
1470	-0.719242	635.925462	0.412258	0.005274	6.5
1471	-0.729350	636.878932	0.411660	0.005357	6.7
1472	-0.722043	637.874182	0.411038	0.007840	6.2
1473	-0.719225	637.790312	0.411091	0.004543	6.6
1474	-0.718268	637.704647	0.411144	0.006630	7.1
1475	-0.729004	638.387373	0.410718	0.007116	6.3
1476	-0.719241	638.301732	0.410772	0.009325	6.4
1477	-0.719616	638.216408	0.410825	0.007643	6.2
1478	-0.714314	638.888866	0.410406	0.005037	6.6
1479	-0.725006	638.813044	0.410453	0.004613	6.2
1480	-0.723884	639.729297	0.409884	0.006940	6.2
1481	-0.726129	639.732592	0.409882	0.005396	6.1
1482	-0.724101	639.647624	0.409935	0.006196	6.7
1483	-0.722995	639.630607	0.409945	0.005917	6.3
1484	-0.730353	640.589956	0.409351	0.008132	6.3
1485	-0.725812	641.589673	0.408733	0.008570	6.3
1486	-0.730993	641.503967	0.408786	0.007865	6.6
1487	-0.725642	642.503955	0.408170	0.010041	6.5
1488	-0.725306	642.418264	0.408223	0.010761	6.5
1489	-0.729157	642.334154	0.408275	0.007628	6.7
1490	-0.720234	643.333578	0.407660	0.012656	6.5
1491	-0.723875	643.247873	0.407713	0.006737	6.3
1492	-0.726793	643.162259	0.407766	0.008585	6.3
1493	-0.724453	643.076561	0.407818	0.004904	6.2
1494	-0.721532	642.998059	0.407866	0.007095	6.4
1495	-0.714794	643.899689	0.407313	0.007799	7.0
1496	-0.725627	643.814146	0.407366	0.010343	6.3
1497	-0.722561	644.814003	0.406754	0.009448	6.6
1498	-0.724468	644.733170	0.406803	0.005759	6.5
1499	-0.716141	645.473105	0.406352	0.006475	6.5
1500	-0.721135	645.492820	0.406340	0.006259	6.7
1501	-0.718842	645.407209	0.406392	0.006712	6.5
1502	-0.729602	646.402149	0.405786	0.009128	6.3
1503	-0.718218	646.708732	0.405600	0.005878	6.7
1504	-0.722991	647.708728	0.404993	0.005568	6.8
1505	-0.720890	648.399833	0.404575	0.007747	7.0
1506	-0.727247	648.323702	0.404621	0.009546	6.9
1507	-0.727208	648.238339	0.404673	0.008168	6.3
1508	-0.717961	649.238320	0.404069	0.005295	7.2
1509	-0.720683	649.155882	0.404119	0.004571	6.5
1510	-0.726799	649.119527	0.404141	0.009381	6.8
1511	-0.727216	650.110600	0.403544	0.007734	6.8
1512	-0.722399	650.024895	0.403595	0.004530	6.5
1513	-0.720861	649.939240	0.403647	0.007149	6.6
1514	-0.717987	650.771289	0.403147	0.004779	6.3
1515	-0.720956	650.685836	0.403198	0.007334	6.7
1516	-0.730050	651.685808	0.402599	0.007755	6.9
1517	-0.718232	652.685529	0.402001	0.006814	6.5
1518	-0.728332	652.604015	0.402050	0.008368	6.4
1519	-0.717962	653.603995	0.401454	0.006650	6.8
1520	-0.720538	653.520696	0.401504	0.008329	6.5
1521	-0.718096	654.520613	0.400909	0.007416	6.8
1522	-0.720143	655.498946	0.400329	0.006238	6.1
1523	-0.726644	656.259120	0.399880	0.006280	6.6
1524	-0.728826	656.339466	0.399833	0.005484	6.8
1525	-0.717320	656.253802	0.399883	0.006697	6.4
1526	-0.719440	657.069854	0.399402	0.006430	6.1
1527	-0.721051	657.205037	0.399322	0.008797	6.4
1528	-0.721130	658.205021	0.398734	0.003550	6.0
1529	-0.727930	658.865414	0.398347	0.008027	6.2
1530	-0.719826	659.305905	0.398089	0.008208	6.3
1531	-0.725492	660.303783	0.397506	0.008729	6.5
1532	-0.724989	660.218077	0.397556	0.011244	6.3
1533	-0.727498	661.218077	0.396973	0.007241	6.5
1534	-0.718027	662.074401	0.396476	0.006095	6.6
1535	-0.728015	662.000688	0.396519	0.007823	6.2
1536	-0.733288	661.915884	0.396568	0.008754	6.6
1537	-0.718526	662.890313	0.396003	0.007151	6.1
1538	-0.734676	662.804607	0.396052	0.004892	6.7
1539	-0.723791	663.803503	0.395475	0.004819	6.0
1540	-0.730401	663.745721	0.395508	0.006579	6.3
1541	-0.727754	664.283249	0.395198	0.007769	6.5
1542	-0.729870	664.210316	0.395240	0.006762	6.2
1543	-0.718881	665.206728	0.394666	0.006161	6.2
1544	-0.727879	665.121051	0.394715	0.007211	6.4
1545	-0.716527	666.033973	0.394191	0.007358	6.3
1546	-0.713532	667.032644	0.393619	0.006007	6.3
1547	-0.722492	667.998236	0.393067	0.006889	6.4
1548	-0.719870	668.989482	0.392502	0.008716	6.3
1549	-0.724355	668.903778	0.392551	0.004403	6.5
1550	-0.721351	669.733471	0.392080	0.009530	6.5
1551	-0.721088	669.648177	0.392128	0.005418	6.6
1552	-0.718323	670.529565	0.391628	0.004387	6.4
1553	-0.726955	670.897772	0.391420	0.006281	6.7
1554	-0.731721	671.709407	0.390961	0.004791	6.3
1555	-0.712935	671.623827	0.391009	0.006940	6.5
1556	-0.726306	671.538196	0.391058	0.007930	6.5
1557	-0.726004	671.452490	0.391106	0.009957	6.3
1558	-0.717715	671.366788	0.391155	0.009875	6.2
1559	-0.721991	672.366788	0.390590	0.008126	6.3
1560	-0.720284	673.365833	0.390028	0.005312	6.7
1561	-0.723402	673.280599	0.390076	0.007455	6.5
1562	-0.719234	673.194988	0.390124	0.007560	6.0
1563	-0.727933	674.192762	0.389565	0.005682	6.8
1564	-0.723371	674.126828	0.389602	0.009938	6.4
1565	-0.717841	675.106850	0.389053	0.008159	6.3
1566	-0.732047	675.021147	0.389101	0.004607	6.1
1567	-0.721575	675.952831	0.388581	0.006456	6.4
1568	-0.727884	675.917635	0.388600	0.006930	6.2
1569	-0.721683	675.872677	0.388625	0.007874	6.4
1570	-0.719145	676.872564	0.388069	0.007698	6.4
1571	-0.712955	676.799330	0.388109	0.008282	6.0
1572	-0.726858	677.799329	0.387554	0.005929	6.5
1573	-0.726695	678.799259	0.387000	0.006226	7.1
1574	-0.725097	678.714085	0.387047	0.010052	6.3
1575	-0.727339	679.714081	0.386495	0.008220	6.2
1576	-0.714489	680.330903	0.386155	0.004339	6.4
1577	-0.728561	681.079084	0.385744	0.009890	7.3
1578	-0.718775	681.589575	0.385463	0.003582	6.3
1579	-0.724036	682.580759	0.384920	0.004381	6.2
1580	-0.719390	682.618425	0.384900	0.004866	6.6
1581	-0.733189	682.536599	0.384944	0.010647	6.2
1582	-0.725395	682.450893	0.384991	0.007824	6.4
1583	-0.721804	683.450709	0.384445	0.006822	6.2
1584	-0.726393	684.449833	0.383900	0.004994	6.2
1585	-0.713263	684.459663	0.383895	0.004648	6.4
1586	-0.724702	685.419077	0.383374	0.008630	6.8
1587	-0.727979	685.341900	0.383416	0.007705	6.3
1588	-0.719587	685.257487	0.383461	0.008174	6.5
1589	-0.726091	685.171810	0.383508	0.005791	6.2
1590	-0.723840	685.529338	0.383314	0.004465	6.3
1591	-0.721445	686.282754	0.382906	0.007136	6.2
1592	-0.729209	686.599355	0.382734	0.006240	6.7
1593	-0.732149	686.538873	0.382767	0.005469	6.4
1594	-0.725349	687.533783	0.382229	0.003831	6.2
1595	-0.721981	688.439561	0.381741	0.007498	6.3
1596	-0.720115	688.553866	0.381680	0.007474	6.3
1597	-0.717475	688.474594	0.381723	0.005075	6.5
1598	-0.728815	688.393491	0.381766	0.006780	6.3
1599	-0.727885	688.310281	0.381811	0.007031	6.9
1600	-0.720284	689.241458	0.381310	0.006555	6.4
1601	-0.717401	690.147581	0.380825	0.005760	6.2
1602	-0.714073	690.213850	0.380789	0.006659	6.5
1603	-0.728693	690.128220	0.380835	0.006039	6.4
1604	-0.718151	690.859933	0.380443	0.009437	6.7
1605	-0.717291	690.774486	0.380489	0.007298	6.6
1606	-0.717027	691.772070	0.379957	0.008061	6.4
1607	-0.730529	691.697545	0.379996	0.005995	6.7
1608	-0.720349	691.761596	0.379962	0.007631	6.2
1609	-0.732318	692.714303	0.379455	0.004738	6.3
1610	-0.722807	692.633847	0.379498	0.005911	6.1
1611	-0.724205	692.900324	0.379356	0.007398	6.2
1612	-0.725427	692.921373	0.379345	0.007793	6.2
1613	-0.736664	693.921371	0.378814	0.008737	5.9
1614	-0.721875	694.921369	0.378285	0.011142	6.4
1615	-0.721800	695.921365	0.377758	0.006336	6.5
1616	-0.718000	695.835660	0.377803	0.008498	6.6
1617	-0.728955	695.749954	0.377848	0.005488	6.5
1618	-0.717201	696.720178	0.377337	0.006528	6.2
1619	-0.713778	696.640499	0.377379	0.009418	6.4
1620	-0.723874	696.577695	0.377412	0.003097	6.4
1621	-0.726772	696.607762	0.377396	0.010024	6.3
1622	-0.717928	696.564966	0.377419	0.009523	6.4
1623	-0.723760	697.564966	0.376893	0.006388	6.1
1624	-0.712385	698.564965	0.376370	0.008131	6.4
1625	-0.730214	698.501278	0.376403	0.005731	6.4
1626	-0.722387	698.415574	0.376448	0.005870	6.6
1627	-0.727000	698.561069	0.376372	0.005760	6.4
1628	-0.728746	698.475399	0.376417	0.005448	6.3
1629	-0.724299	698.467507	0.376421	0.006183	6.6
1630	-0.725851	698.409201	0.376451	0.006186	6.2
1631	-0.727138	699.000563	0.376142	0.004697	6.7
1632	-0.721601	699.620489	0.375818	0.006907	6.7
1633	-0.723728	700.547491	0.375336	0.006426	6.8
1634	-0.716891	701.477337	0.374853	0.007754	6.7
1635	-0.723519	701.581245	0.374799	0.007838	6.3
1636	-0.716431	701.517250	0.374832	0.007148	6.2
1637	-0.727793	702.516413	0.374314	0.009306	6.2
1638	-0.724942	703.516273	0.373798	0.008419	6.2
1639	-0.722184	704.516228	0.373282	0.007276	7.0
1640	-0.725208	705.378928	0.372839	0.005663	6.2
1641	-0.737214	706.376428	0.372328	0.005504	6.5
1642	-0.726994	706.290983	0.372372	0.009970	6.5
1643	-0.726184	707.290559	0.371860	0.005521	6.2
1644	-0.721452	707.204922	0.371904	0.007796	6.2
1645	-0.716681	707.700933	0.371651	0.006397	6.2
1646	-0.724002	707.615334	0.371695	0.006108	6.4
1647	-0.717664	708.615310	0.371185	0.006822	6.3
1648	-0.730972	708.533131	0.371227	0.013955	6.4
1649	-0.716525	709.533131	0.370719	0.008028	6.5
1650	-0.729171	710.533131	0.370212	0.005597	6.1
1651	-0.717507	711.083181	0.369934	0.004174	6.7
1652	-0.733615	711.840014	0.369552	0.009114	6.5
1653	-0.727601	711.754314	0.369595	0.010077	6.5
1654	-0.718692	712.753948	0.369092	0.007302	6.7
1655	-0.727024	712.668243	0.369135	0.006907	6.2
1656	-0.719224	712.618652	0.369160	0.004815	6.4
1657	-0.724526	712.653432	0.369142	0.009148	6.5
1658	-0.726240	712.743434	0.369097	0.007176	6.8
1659	-0.717156	713.272804	0.368831	0.005494	6.1
1660	-0.715632	714.270061	0.368331	0.007600	6.3
1661	-0.727384	714.445207	0.368243	0.006194	6.6
1662	-0.720991	714.414114	0.368258	0.007495	6.5
1663	-0.723161	714.328562	0.368301	0.006438	6.4
1664	-0.726025	715.328475	0.367801	0.008104	6.3
1665	-0.714784	715.252443	0.367839	0.006079	6.2
1666	-0.722097	715.169161	0.367881	0.004985	6.4
1667	-0.725405	716.157011	0.367388	0.008105	6.2
1668	-0.716009	717.149724	0.366894	0.007890	7.0
1669	-0.718859	718.144134	0.366400	0.008544	6.3
1670	-0.722167	719.143887	0.365905	0.005734	6.4
1671	-0.723550	720.073349	0.365446	0.004467	6.4
1672	-0.723394	719.990283	0.365487	0.007396	6.3
1673	-0.716944	719.906692	0.365528	0.007078	6.5
1674	-0.722284	720.578346	0.365197	0.004849	6.4
1675	-0.725943	721.372900	0.364807	0.007366	6.4
1676	-0.720759	721.457806	0.364765	0.005164	6.6
1677	-0.721307	722.456145	0.364275	0.005938	6.4
1678	-0.720297	722.431541	0.364287	0.006852	6.5
1679	-0.722789	722.345840	0.364329	0.007247	6.0
1680	-0.723745	723.345447	0.363840	0.004479	6.7
1681	-0.719724	724.324245	0.363362	0.007514	7.1
1682	-0.719095	724.261863	0.363392	0.010133	6.9
1683	-0.722651	724.176176	0.363434	0.008361	6.6
1684	-0.718962	724.090471	0.363476	0.006148	7.0
1685	-0.722878	724.470057	0.363291	0.006208	7.5
1686	-0.717776	724.384381	0.363333	0.007848	7.4
1687	-0.722721	724.299365	0.363374	0.005316	7.2
1688	-0.728386	724.762426	0.363148	0.004948	7.7
1689	-0.731878	724.784216	0.363138	0.008181	7.7
1690	-0.716215	725.777727	0.362655	0.007471	7.2
1691	-0.720694	726.777659	0.362170	0.005463	7.2
1692	-0.730681	726.710916	0.362202	0.007679	6.9
1693	-0.733299	727.677106	0.361735	0.004419	7.0
1694	-0.723227	727.861154	0.361646	0.008286	6.7
1695	-0.728378	727.836453	0.361658	0.005092	6.8
1696	-0.727706	728.777869	0.361204	0.008538	6.8
1697	-0.728089	728.692181	0.361245	0.006289	6.5
1698	-0.718283	729.692125	0.360764	0.007424	6.4
1699	-0.716873	730.684032	0.360288	0.005500	6.3
1700	-0.713737	730.758248	0.360252	0.007477	6.6
1701	-0.721282	731.730691	0.359787	0.006648	6.8
1702	-0.719123	731.644988	0.359828	0.008517	6.6
1703	-0.733661	731.559413	0.359869	0.007289	6.5
1704	-0.720853	732.242883	0.359542	0.009170	6.7
1705	-0.720298	733.242811	0.359065	0.004346	6.8
1706	-0.730427	733.163468	0.359103	0.005845	6.6
1707	-0.712614	733.080379	0.359143	0.008818	6.5
1708	-0.722561	734.080276	0.358667	0.004979	6.5
1709	-0.724596	735.079922	0.358193	0.006628	6.6
1710	-0.723494	735.001483	0.358230	0.007633	6.3
1711	-0.720192	735.142488	0.358163	0.004455	6.8
1712	-0.718618	736.075811	0.357722	0.007572	6.4
1713	-0.716851	735.991109	0.357762	0.007295	7.1
1714	-0.722537	735.943429	0.357784	0.007986	6.6
1715	-0.731054	735.901586	0.357804	0.005946	6.1
1716	-0.725302	735.815881	0.357845	0.005539	6.3
1717	-0.723498	735.730260	0.357885	0.007029	6.3
1718	-0.719810	735.644590	0.357926	0.006042	6.2
1719	-0.722824	736.644580	0.357453	0.005217	6.4
1720	-0.719485	736.588166	0.357480	0.004412	6.3
1721	-0.722314	737.526122	0.357038	0.008853	8.9
1722	-0.728857	737.445849	0.357076	0.006056	8.8
1723	-0.725362	737.375107	0.357109	0.005014	8.3
1724	-0.718801	738.339944	0.356655	0.007239	7.3
1725	-0.725480	738.254341	0.356695	0.006670	9.1
1726	-0.722896	738.168749	0.356736	0.010270	6.9
1727	-0.716998	739.168165	0.356267	0.009469	7.0
1728	-0.722071	739.082460	0.356307	0.007779	7.1
1729	-0.719975	740.081793	0.355839	0.007927	6.8
1730	-0.726647	740.642263	0.355577	0.007695	6.6
1731	-0.725606	740.683467	0.355558	0.005938	6.5
1732	-0.719052	741.683459	0.355092	0.006863	6.8
1733	-0.722324	742.678734	0.354629	0.003017	6.5
1734	-0.719205	742.595606	0.354667	0.007377	7.2
1735	-0.720819	743.312827	0.354335	0.007091	6.6
1736	-0.717834	743.883036	0.354070	0.006950	6.7
1737	-0.729034	743.801032	0.354108	0.007302	6.6
1738	-0.719471	743.715348	0.354148	0.007417	8.7
1739	-0.723259	743.638949	0.354183	0.005518	9.4
1740	-0.725345	743.623124	0.354191	0.008542	8.2
1741	-0.723184	743.932501	0.354048	0.009269	7.0
1742	-0.713777	743.859893	0.354081	0.005688	6.3
1743	-0.722657	743.819599	0.354100	0.007386	7.2
1744	-0.727222	743.815775	0.354102	0.010241	6.9
1745	-0.724547	743.746500	0.354134	0.006976	6.4
1746	-0.726739	744.746498	0.353671	0.009425	6.3
1747	-0.725868	745.684783	0.353238	0.004984	6.2
1748	-0.727746	746.678770	0.352781	0.005810	6.4
1749	-0.727016	746.596361	0.352819	0.006367	6.5
1750	-0.715841	747.596232	0.352360	0.004359	6.4
1751	-0.725348	747.567609	0.352373	0.006787	6.0
1752	-0.728454	748.492727	0.351949	0.006875	6.5
1753	-0.719719	749.354761	0.351556	0.004073	6.5
1754	-0.728043	749.416043	0.351528	0.005438	6.4
1755	-0.718427	749.331379	0.351566	0.007742	6.3
1756	-0.718745	749.270531	0.351594	0.006385	6.2
1757	-0.731622	749.185166	0.351633	0.007718	6.5
1758	-0.716909	749.099643	0.351672	0.006884	6.3
1759	-0.724827	749.053458	0.351693	0.008726	6.6
1760	-0.727670	750.053357	0.351237	0.009863	6.1
1761	-0.727323	749.967651	0.351276	0.007101	6.6
1762	-0.721027	749.881946	0.351315	0.006278	6.3
1763	-0.721558	750.069649	0.351230	0.007844	6.1
1764	-0.715595	751.069292	0.350775	0.004149	6.3
1765	-0.723597	750.985494	0.350813	0.009482	6.0
1766	-0.719161	751.984900	0.350359	0.007422	6.5
1767	-0.723761	752.952774	0.349921	0.006197	6.4
1768	-0.713418	752.870848	0.349958	0.005814	6.4
1769	-0.723457	753.867733	0.349508	0.006132	6.3
1770	-0.716038	754.743332	0.349113	0.007331	6.5
1771	-0.727899	755.742695	0.348664	0.004660	6.8
1772	-0.723627	755.812535	0.348633	0.004981	6.3
1773	-0.723173	755.823085	0.348628	0.012268	6.8
1774	-0.728099	756.822860	0.348180	0.006503	6.5
1775	-0.714818	756.795563	0.348192	0.005195	6.3
1776	-0.716917	757.215146	0.348005	0.008114	6.7
1777	-0.711640	758.012362	0.347648	0.006111	6.2
1778	-0.719257	757.927306	0.347686	0.006874	6.2
1779	-0.721611	757.841603	0.347725	0.006163	6.5
1780	-0.728523	757.802472	0.347742	0.006982	6.5
1781	-0.718943	757.716862	0.347780	0.003960	6.8
1782	-0.723818	757.877235	0.347709	0.008112	6.2
1783	-0.716690	757.791535	0.347747	0.008307	6.9
1784	-0.724101	758.789489	0.347302	0.006097	7.1
1785	-0.724810	759.789396	0.346857	0.004079	6.3
1786	-0.727847	759.741350	0.346879	0.007901	6.5
1787	-0.721841	759.661656	0.346914	0.004425	6.6
1788	-0.722560	759.580324	0.346950	0.004423	6.5
1789	-0.722695	759.500797	0.346986	0.006838	6.4
1790	-0.733208	759.415147	0.347024	0.009282	6.7
1791	-0.730446	759.329441	0.347062	0.004024	6.6
1792	-0.722884	759.243735	0.347100	0.005775	6.5
1793	-0.720523	759.186213	0.347125	0.006663	6.2
1794	-0.722606	759.100697	0.347163	0.005812	6.3
1795	-0.739199	760.099901	0.346719	0.008730	6.5
1796	-0.719835	760.014215	0.346757	0.006229	6.5
1797	-0.719201	759.934560	0.346793	0.008544	6.4
1798	-0.723497	760.934559	0.346349	0.009310	6.2
1799	-0.725253	760.850951	0.346386	0.010344	6.4
1800	-0.724236	761.850951	0.345944	0.006481	6.6
1801	-0.725518	761.766116	0.345981	0.006557	6.5
1802	-0.720085	761.680430	0.346019	0.007218	6.7
1803	-0.718272	762.291130	0.345749	0.007511	6.5
1804	-0.725379	762.661671	0.345586	0.005739	6.9
1805	-0.719586	763.635824	0.345157	0.006270	6.3
1806	-0.721845	763.939488	0.345023	0.004778	6.3
1807	-0.733449	764.806916	0.344643	0.007275	6.6
1808	-0.724242	765.804095	0.344206	0.006333	6.6
1809	-0.717495	766.804075	0.343769	0.005503	6.5
1810	-0.719847	767.727841	0.343366	0.009029	6.5
1811	-0.729476	768.713195	0.342938	0.009412	6.3
1812	-0.731204	768.627500	0.342975	0.009908	6.2
1813	-0.714705	769.627342	0.342541	0.004523	6.4
1814	-0.727087	769.541712	0.342578	0.005092	6.6
1815	-0.716967	769.671683	0.342522	0.006513	6.3
1816	-0.720661	769.667450	0.342524	0.006585	6.3
1817	-0.736354	769.673045	0.342521	0.004842	6.6
1818	-0.719971	770.367452	0.342221	0.007208	6.4
1819	-0.718974	770.320130	0.342241	0.005201	6.5
1820	-0.726088	770.234433	0.342278	0.004974	6.5
1821	-0.718567	770.718222	0.342069	0.006253	6.4
1822	-0.721922	771.503787	0.341730	0.006935	6.4
1823	-0.713869	772.503559	0.341300	0.004727	6.7
1824	-0.724559	772.419873	0.341336	0.005299	6.5
1825	-0.715425	772.528713	0.341289	0.009490	6.3
1826	-0.720847	773.527088	0.340860	0.005572	6.3
1827	-0.717481	773.441502	0.340897	0.007558	6.5
1828	-0.714884	774.438717	0.340469	0.006541	6.1
1829	-0.736570	774.353713	0.340506	0.007302	6.3
1830	-0.725279	774.381608	0.340494	0.006945	6.6
1831	-0.723489	775.381568	0.340066	0.010717	6.6
1832	-0.737084	776.376109	0.339642	0.007494	6.4
1833	-0.725823	777.355432	0.339225	0.006216	6.5
1834	-0.715190	778.355184	0.338801	0.008372	6.6
1835	-0.720205	778.269969	0.338837	0.004959	6.3
1836	-0.718597	779.148821	0.338465	0.004553	6.3
1837	-0.723461	779.411321	0.338354	0.004976	6.5
1838	-0.718888	779.342015	0.338383	0.006860	6.0
1839	-0.720465	780.032011	0.338092	0.006457	6.2
1840	-0.720115	781.009921	0.337680	0.007094	6.6
1841	-0.726918	781.594388	0.337434	0.005653	7.0
1842	-0.727465	782.592032	0.337015	0.008197	6.6
1843	-0.720208	782.506326	0.337051	0.007763	6.3
1844	-0.721108	783.506250	0.336632	0.005553	6.3
1845	-0.725609	784.266735	0.336314	0.005219	6.4
1846	-0.727128	784.217080	0.336335	0.009377	6.5
1847	-0.724348	784.165875	0.336356	0.008565	6.7
1848	-0.711880	784.080176	0.336392	0.007258	6.4
1849	-0.724636	785.069931	0.335979	0.005988	6.6
1850	-0.729574	784.984378	0.336015	0.005461	6.4
1851	-0.719817	784.933506	0.336036	0.006017	6.5
1852	-0.716791	785.722879	0.335707	0.004016	6.3
1853	-0.725099	785.668893	0.335729	0.004172	6.1
1854	-0.720053	785.898355	0.335634	0.009306	6.3
1855	-0.722281	785.822909	0.335665	0.007915	6.4
1856	-0.729209	786.757399	0.335277	0.008518	6.9
1857	-0.724487	787.752700	0.334864	0.006585	6.8
1858	-0.722676	788.748623	0.334453	0.007826	6.2
1859	-0.707879	789.746213	0.334041	0.005578	6.5
1860	-0.722356	789.660510	0.334076	0.007477	6.3
1861	-0.723832	789.574865	0.334112	0.005020	6.6
1862	-0.725830	789.731262	0.334047	0.005813	6.4
1863	-0.726457	790.549541	0.333710	0.006509	6.0
1864	-0.721755	790.464855	0.333745	0.004916	6.8
1865	-0.721547	791.399374	0.333361	0.006750	6.1
1866	-0.728467	791.496997	0.333321	0.007899	6.3
1867	-0.717502	791.411292	0.333356	0.006766	6.1
1868	-0.724713	791.989656	0.333119	0.003885	6.5
1869	-0.737206	792.336128	0.332977	0.006194	6.8
1870	-0.723954	792.250802	0.333012	0.006956	6.2
1871	-0.719415	792.306209	0.332990	0.007646	6.4
1872	-0.722186	792.221854	0.333024	0.007138	6.6
1873	-0.715685	793.221567	0.332615	0.008643	6.2
1874	-0.718993	794.220402	0.332208	0.006227	6.6
1875	-0.725315	794.153271	0.332235	0.004789	6.6
1876	-0.716825	794.069969	0.332269	0.006178	6.7
1877	-0.723886	794.013122	0.332292	0.006745	6.5
1878	-0.725878	793.928482	0.332327	0.007189	6.2
1879	-0.729238	794.923427	0.331921	0.005340	6.1
1880	-0.726110	794.837767	0.331956	0.004441	6.3
1881	-0.730832	795.055061	0.331868	0.007038	7.0
1882	-0.714782	796.016921	0.331477	0.005294	6.3
1883	-0.720427	795.935859	0.331510	0.008247	6.1
1884	-0.721035	795.850390	0.331545	0.006884	6.3
1885	-0.727415	796.850382	0.331139	0.005689	6.5
1886	-0.722389	796.766493	0.331173	0.004900	6.5
1887	-0.722197	796.781004	0.331167	0.006529	6.7
1888	-0.738189	797.371715	0.330928	0.006890	6.2
1889	-0.721784	797.286041	0.330963	0.008107	6.5
1890	-0.722877	797.200335	0.330998	0.005914	6.3
1891	-0.711023	797.114852	0.331032	0.008984	6.2
1892	-0.736053	797.029147	0.331067	0.009143	6.2
1893	-0.732101	798.029147	0.330663	0.010603	6.3
1894	-0.723641	798.123467	0.330625	0.008273	6.5
1895	-0.727020	799.123466	0.330222	0.006235	6.3
1896	-0.727879	799.037761	0.330256	0.008494	6.3
1897	-0.728407	798.952055	0.330291	0.007187	6.4
1898	-0.718758	799.952042	0.329888	0.004491	6.3
1899	-0.724815	800.070233	0.329841	0.007234	6.4
1900	-0.730360	799.988701	0.329874	0.004907	6.2
1901	-0.728971	799.903092	0.329908	0.009886	6.6
1902	-0.725102	800.863311	0.329523	0.005728	6.2
1903	-0.723798	801.862997	0.329122	0.010802	6.4
1904	-0.721592	802.859630	0.328724	0.006746	6.3
1905	-0.719800	802.773925	0.328758	0.007727	6.3
1906	-0.724742	803.773404	0.328360	0.005747	6.1
1907	-0.736846	803.833298	0.328336	0.002441	6.4
1908	-0.734402	803.951288	0.328289	0.007222	6.8
1909	-0.732747	804.394156	0.328113	0.008489	6.4
1910	-0.724245	804.368509	0.328123	0.006120	6.4
1911	-0.711699	804.285699	0.328156	0.011575	6.9
1912	-0.723693	804.309481	0.328147	0.007771	6.3
1913	-0.721265	804.223778	0.328181	0.008089	6.2
1914	-0.716954	804.414538	0.328105	0.008490	6.4
1915	-0.720903	804.328854	0.328139	0.005725	6.5
1916	-0.715295	805.226095	0.327783	0.008224	6.6
1917	-0.723226	805.183395	0.327799	0.007988	6.4
1918	-0.728278	805.102584	0.327832	0.005919	6.1
1919	-0.723403	806.090064	0.327440	0.009552	6.9
1920	-0.725088	807.088062	0.327045	0.006273	7.3
1921	-0.725583	807.009766	0.327076	0.006674	6.9
1922	-0.726167	807.962059	0.326701	0.010874	6.5
1923	-0.733662	808.807099	0.326368	0.006327	6.3
1924	-0.723889	809.807053	0.325975	0.009535	6.7
1925	-0.717560	809.728909	0.326006	0.006663	6.2
1926	-0.723795	809.643638	0.326039	0.003914	6.2
1927	-0.720470	810.448539	0.325724	0.009423	6.2
1928	-0.727728	811.445191	0.325334	0.007889	6.1
1929	-0.721605	812.445190	0.324943	0.007300	6.5
1930	-0.717640	813.379354	0.324580	0.006823	6.3
1931	-0.727296	813.293648	0.324613	0.009351	6.2
1932	-0.733872	813.207974	0.324646	0.006422	6.1
1933	-0.722283	814.207974	0.324258	0.008302	6.7
1934	-0.728573	815.200155	0.323873	0.007500	6.3
1935	-0.725211	815.114520	0.323906	0.009172	6.0
1936	-0.723277	815.028820	0.323939	0.005784	6.4
1937	-0.718927	816.028814	0.323552	0.004300	6.1
1938	-0.726722	816.017015	0.323557	0.007230	6.4
1939	-0.713886	815.938233	0.323587	0.003859	6.3
1940	-0.729240	815.856033	0.323619	0.006921	6.3
1941	-0.717773	816.843830	0.323237	0.005310	6.4
1942	-0.729187	816.963328	0.323191	0.005365	6.2
1943	-0.723660	817.784517	0.322875	0.005564	6.5
1944	-0.727463	817.699097	0.322908	0.008256	6.0
1945	-0.719570	817.613398	0.322941	0.006458	6.6
1946	-0.721466	817.529390	0.322973	0.004324	6.3
1947	-0.721799	817.818133	0.322862	0.006036	5.8
1948	-0.720588	818.703280	0.322522	0.006625	6.2
1949	-0.719622	818.636568	0.322547	0.004815	6.2
1950	-0.713058	818.555288	0.322578	0.006836	6.9
1951	-0.712741	819.551397	0.322196	0.006105	6.3
1952	-0.724736	820.539291	0.321818	0.005210	6.1
1953	-0.727475	820.557990	0.321811	0.007572	6.6
1954	-0.724031	821.557653	0.321429	0.008092	6.2
1955	-0.715404	821.490002	0.321455	0.004444	6.6
1956	-0.725830	821.405194	0.321487	0.006154	6.3
1957	-0.714751	821.548364	0.321433	0.006851	6.3
1958	-0.716996	821.467162	0.321464	0.005781	6.1
1959	-0.722986	822.450873	0.321089	0.007115	6.4
1960	-0.720752	823.447625	0.320710	0.005766	6.7
1961	-0.729591	823.362284	0.320742	0.008867	6.3
1962	-0.723627	823.278215	0.320774	0.005663	6.1
1963	-0.719765	823.192663	0.320806	0.006264	6.6
1964	-0.723648	823.107327	0.320839	0.005564	5.9
1965	-0.728330	823.148943	0.320823	0.005815	6.3
1966	-0.732504	823.490747	0.320693	0.005934	6.2
1967	-0.716273	823.430546	0.320716	0.006420	6.1
1968	-0.726617	823.346261	0.320748	0.008995	6.4
1969	-0.723508	823.260601	0.320781	0.006458	6.1
1970	-0.728834	823.174906	0.320813	0.007940	6.6
1971	-0.718097	823.089200	0.320846	0.007535	6.4
1972	-0.734545	824.080159	0.320470	0.003166	6.2
1973	-0.728205	824.558092	0.320288	0.006044	6.1
1974	-0.715073	824.822126	0.320188	0.007794	6.2
1975	-0.720156	825.812070	0.319814	0.006421	6.5
1976	-0.726986	826.787930	0.319446	0.006333	6.3
1977	-0.726722	826.826410	0.319432	0.008081	6.4
1978	-0.726341	826.742192	0.319463	0.006155	6.6
1979	-0.719663	827.734533	0.319090	0.007826	6.1
1980	-0.721292	827.648829	0.319122	0.008567	6.4
1981	-0.714056	827.722565	0.319094	0.005525	6.3
1982	-0.725136	828.722177	0.318719	0.008486	6.4
1983	-0.730380	829.574733	0.318399	0.009006	6.1
1984	-0.723595	830.574733	0.318025	0.005915	6.0
1985	-0.722608	830.897699	0.317905	0.008761	6.5
1986	-0.731056	831.897673	0.317532	0.004637	6.1
1987	-0.718918	831.897385	0.317532	0.008414	6.2
1988	-0.726914	832.668432	0.317245	0.013671	6.4
1989	-0.727250	833.668432	0.316874	0.005753	6.4
1990	-0.726089	834.668058	0.316504	0.008887	6.4
1991	-0.714754	835.667908	0.316135	0.007862	6.4
1992	-0.727534	836.667617	0.315766	0.006395	6.0
1993	-0.734871	836.582004	0.315798	0.006962	6.3
1994	-0.719562	836.496364	0.315829	0.009666	6.4
1995	-0.734699	837.496364	0.315461	0.004857	6.6
1996	-0.724143	837.411784	0.315492	0.004607	6.0
1997	-0.730441	837.330601	0.315522	0.005217	6.2
1998	-0.731252	838.140588	0.315225	0.005708	6.5
1999	-0.721616	838.061428	0.315254	0.006240	7.2
