(BSplineTransformSplineOrder 3)
(Direction 1 0 0 0 1 0 0 0 1)
(FixedImageDimension 3)
(FixedInternalImagePixelType "float")
(GridDirection 1 0 0 0 1 0 0 0 1)
(GridIndex 0 0 0)
(GridOrigin -161.15034828144834 -410.8006989047864 -398.3280900239696)
(GridSize 14 13 9)
(GridSpacing 26.581057646541066 37.01903039776118 43.447900615575456)
(HowToCombineTransforms "Compose")
(Index 0 0 0)
(InitialTransformParametersFileName "output_elastix_p2/TransformParameters.1.txt")
(MovingImageDimension 3)
(MovingInternalImagePixelType "float")
(NumberOfParameters 4914)
(Origin -168.2530059814453 -162.52259826660156 -60.356624603271484)
(Size 256 224 20)
(Spacing 1.3671875 1.3671875 9.59999942779541)
(Transform "BSplineTransform")
(TransformParameters -4.9178763035569615 -5.14778184908852 -4.789979322284648 -4.280077846916486 -3.610943286115469 -2.8097071022713305 -1.881392979658377 -0.8232396915967449 0.36261170246312624 1.7007323490238713 3.10752476695034 4.468162850882294 5.468728357362852 6.732038886408778 -5.363798345318791 -5.428128638355403 -4.898991824282514 -4.140445030056168 -3.2061575569601564 -2.203752486823121 -1.1374637032522836 0.07556053284808201 1.5109921952028817 3.335878921816981 5.435423189274029 7.490892075246444 9.03813713608291 10.404386106940997 -5.241374764446783 -5.265682002990145 -4.712108108180935 -3.873770932833342 -2.8335678215982796 -1.7981476633455122 -0.7862820155799003 0.33009680565151706 1.700978840690619 3.658307542780315 6.077602136033948 8.448358651929466 10.2246229838634 11.55925188362826 -4.95689235163319 -4.958375614825108 -4.410158236461262 -3.510205805337825 -2.3680129198372772 -1.3147359423826774 -0.39780341309745526 0.5341807119105987 1.7286666838536213 3.7597030938553995 6.518485230347031 9.262134330461212 11.321795912489947 12.643052931727402 -4.553217272334314 -4.566100667375428 -4.067771193387107 -3.160761191495509 -1.960684442168824 -0.9050419233742847 -0.08593603396187341 0.6051829433626561 1.5102868863079946 3.4853002074041135 6.49835655709077 9.594529541071337 11.957352391948922 13.351719237000891 -4.055635027436083 -4.064919114925234 -3.6193520892975624 -2.770095810367072 -1.6285150933038308 -0.6251112114071633 0.12521598313164267 0.6468246084977719 1.320633477445008 3.2070676223914236 6.2876755181639465 9.56220071367755 12.160869294512379 13.655346992710173 -3.4631155301773764 -3.413704088853 -2.992591546114421 -2.297172039505305 -1.4124770433427944 -0.5616382535718203 0.17337603971871893 0.7116566993668461 1.3695710558163312 3.1194181547233732 5.961383193750713 9.12903374640604 11.769233078094333 13.325305379498909 -2.8468769014500315 -2.7708811063391456 -2.3839604204111216 -1.87153835660743 -1.281614340101006 -0.6177956818481509 0.09167314401105857 0.7135001064665184 1.4667254325873673 3.090769461755513 5.592519019076247 8.459245536027936 10.928184155944086 12.429422121223212 -2.273139660322327 -2.2916574978979125 -1.987553339353975 -1.620036532297887 -1.2059285854977675 -0.7013007025615409 -0.09304227627378218 0.5578156176000605 1.4116525065950176 2.977783843061239 5.215477378578415 7.682690200540796 9.75307982018368 11.004358321315427 -1.7851458564761353 -1.9733522941699506 -1.7776373671065284 -1.5389559490538907 -1.2421857559090301 -0.8736773794377617 -0.39407677199828045 0.23544965259437808 1.1375145688885244 2.6272882709302214 4.611183758921774 6.661758974258402 8.287181650519598 9.290741873183412 -1.382486701710564 -1.785908920081471 -1.712848223904017 -1.6249717629241618 -1.4641475054821895 -1.2295424247717375 -0.8737768245653958 -0.3304870114821024 0.4859686067703146 1.7617302612322943 3.396494083226319 5.05637934186057 6.341016339920033 7.291520932983138 -1.0721172346436894 -1.6638949085654897 -1.6973626926983583 -1.7441066479968332 -1.707159043464245 -1.5870455533629677 -1.33761139914928 -0.9024207394831125 -0.22448107814129764 0.8095464950901039 2.1135822906812023 3.457637102961559 4.49973048439558 5.474640866084936 -0.2548783653595151 -1.1618009571693237 -1.418068378267674 -1.7669620134268231 -2.041672685790723 -2.2230451777547873 -2.2712780949185416 -2.182754287301097 -1.9449324216250008 -1.5246645372215222 -0.969219816660085 -0.3512401448162991 0.1205249351913474 1.0117006198671947 -5.652990121313658 -5.890782732362312 -5.4334832109078235 -4.805412539063911 -4.011999349073018 -3.0824231426455397 -2.020655307714794 -0.8157942009893254 0.530082932653195 2.0362565610973222 3.611638735571561 5.145659188632752 6.281506704969907 7.745078693587635 -6.322664306413387 -6.4633190303506725 -5.802042147271257 -4.835150524146255 -3.6530636213651357 -2.491126890079096 -1.3683391557466142 -0.12846528092636889 1.3727463051520532 3.4265818052942403 5.900601026787632 8.32513604391106 10.124236807513094 11.794381211088243 -6.25904581076 -6.497465460229723 -5.877576738844206 -4.792447311329931 -3.3709497550656935 -2.151479001319419 -1.2051601034313804 -0.25946823075611236 1.0025988219855666 3.2514225462948834 6.3265572988669305 9.292997254986922 11.415165007221187 13.079470102880341 -5.967537156893033 -6.3830009268402605 -5.910682409302733 -4.7915799977501035 -3.0134337222781524 -1.6962174148094311 -0.9577135992066179 -0.5094258636862927 0.28380183552028365 2.4689796893900744 6.310483399966784 10.193070035324437 12.70098587396605 14.330700938775875 -5.421245809278117 -6.08204156283695 -6.212342542390952 -5.8682537751799755 -2.888735255121474 -1.1202705439821368 -0.5808614534358498 -0.8547338661105828 -0.9305866250410628 0.8842705309773793 6.85766764269957 11.196030341421531 13.668874305330036 15.247276797068015 -4.67843299198852 -5.442312084861088 -6.063778655164546 -6.01263170234169 -2.9243621387220102 -0.9297367547474573 -0.33374925050340803 -1.1524225065570637 -2.2063979707195958 -0.5709625481063658 5.274038562748464 10.31592661233124 13.884130842006748 15.636155290084968 -3.7589622506486564 -4.244991878628677 -4.302466493021171 -3.72081326138363 -2.391387176794102 -1.2098724346089844 -0.45635291638004305 -0.9346340173006282 -1.81088841042729 -0.7305982390553623 3.3168733205420033 8.350955798891754 12.755516976998754 15.085050555878102 -2.8682720902700356 -3.100968655471121 -2.929707665782528 -2.5974679666616853 -2.076276014247067 -1.3993645308190172 -0.6989473918430963 -0.6810313243236409 -1.0948825085063085 -0.0686069640162521 3.208365793108701 7.499917272760899 11.237616694913976 13.800503360995721 -2.206534201273849 -2.5477174144615304 -2.3819315048715053 -2.049823466383425 -1.547620381847259 -1.0326981295722042 -0.5964443339203466 -0.47383630808243865 -0.3505716306766507 0.9521600061403809 3.6342777374105593 6.94866661925707 9.843975464440463 11.954343265261423 -1.7244714610336283 -2.3052329236952986 -2.19841735671479 -1.8064246811095963 -1.154084362568101 -0.7589647773167874 -0.6401085254678481 -0.43211930773675655 0.16181737263990498 1.6243590614718892 3.872252079980857 6.3305413802837265 8.321186527030294 9.835335175053645 -1.3374253889021865 -2.0921282605291016 -2.068109157987339 -1.8186843052960384 -1.3372904992167203 -1.1317893926254907 -1.1747727515030564 -0.9860853503719955 -0.3358782650529895 0.9581536142986276 2.7620684613190116 4.6527814376014796 6.1163352684415795 7.4634665411685575 -1.052531913803767 -1.9318611195452056 -1.9928952133464366 -1.947328333214437 -1.7355444359204262 -1.708664702037719 -1.822111625010618 -1.7068963853908659 -1.1929596814345016 -0.16212705560843438 1.2710427713028414 2.80098267636119 3.9831082393685278 5.355672382188335 -0.3866005472590884 -1.624624769733007 -1.9457869994462356 -2.3717362765021197 -2.711457597407098 -3.0439417704130016 -3.315848871942736 -3.4219498726827067 -3.303030268675382 -2.9014076452586908 -2.2762414608031096 -1.5354433863527488 -0.9683673007029544 0.30142304573960266 -5.581572557184478 -5.802247358598446 -5.329464258462969 -4.690985975356448 -3.8985299977927026 -2.978161308671572 -1.9335368327339706 -0.7530589564731733 0.5597574728266002 2.017743369561687 3.534702825663372 5.0175439065665595 6.118185200387262 7.579351553925045 -6.322268541122871 -6.515046464940496 -5.853422559004407 -4.872759402418679 -3.6711182440503998 -2.538613282475109 -1.495346695483845 -0.33689594103428594 1.0979031857244115 3.100568284367395 5.532102013186469 7.899107424585878 9.628107318615891 11.33991697038351 -6.307427668430926 -6.702162086929413 -6.137450829400986 -5.050418760039022 -3.5737900996076184 -2.4008410850320367 -1.610682567442774 -0.8065139799948262 0.37991436358328345 2.643079928844884 5.790316070427855 8.762958559649354 10.811248831275416 12.515865691600405 -6.041536995034698 -6.769543127398798 -6.4632374082969015 -5.358199158063254 -3.07658723662763 -2.0167312296854525 -1.604133893781628 -1.2435884111984568 0.21925257934011472 2.4153754524144486 6.094351483732878 9.965071274915111 12.257322892042144 13.727977529274602 -5.446560022596547 -6.645198688606026 -8.074461460119686 -9.393527889056667 -1.636672146364598 -0.4422142418991991 -1.0623542589300086 -2.4456364509324637 -1.534025567117165 2.4600632578938235 11.387644830415807 12.850868513356126 13.968130240271963 14.780327988451354 -4.610450264080178 -6.317546607056511 -10.547811649876442 -13.800153727846173 -4.98477479349323 -0.1707272814111641 0.10746305902404374 -4.084642953530499 -7.8209169563247425 -3.9264616089170876 8.776709835437371 11.334781013537205 14.485457741388943 15.281807058867257 -3.5792131835550753 -4.768631813199413 -6.323190521984072 -5.9980721949768645 -4.071300016330887 -2.5014941808225473 -1.5997675961017188 -0.7340514429243544 -3.927041796920374 -7.177750314075844 -0.6480057275525627 6.56538627603039 12.962602628494086 14.637774475860352 -2.642051231632655 -3.339578756368515 -3.487535751362286 -3.3540200859965696 -3.5458986126079246 -3.7657571002447074 -3.96717822108904 0.18865280626729158 -0.6364588050267909 -4.36498219253566 -0.3912134333441979 6.2466314392820115 10.777626141024568 13.160332086202132 -2.08021445642781 -3.1109325750277574 -3.3438022067848836 -2.6774912907356727 -2.409276571625287 -1.6069781813488735 -1.52339172690473 -1.5934956576642259 -0.7325758052724051 -1.1751578118411428 3.922433990033282 7.8282579939085215 9.084302601748561 11.134251662213368 -1.691905506014342 -2.8657232885200585 -3.614013007154473 -2.49498733710555 -1.5012422890242896 -0.12179482109681374 -0.33894618953700706 -1.051284960992756 -0.10208206743719375 1.1667558170450625 5.166568542900295 7.090460887868732 7.361131876937367 8.914035905451072 -1.3067479982317491 -2.4816399124588995 -2.7320786871852913 -2.130092578421868 -1.0887408335962225 -0.5411789635960231 -1.0566053067441683 -1.0443460982102823 -0.5935444219621829 0.7478158452510739 2.3699940797605947 3.9388963028101607 5.1420386248034555 6.599381355439658 -0.9835879658001425 -2.067621419414391 -2.1521193572284507 -1.882254282254897 -1.2602385579479425 -1.1707538411785878 -1.6060234115270586 -1.7554428962623978 -1.3828544142830177 -0.4920517156678801 0.7658855709763016 2.1233485084906527 3.155722594119313 4.606916443610338 -0.4046797525788504 -1.7099843854249464 -2.0280685013321293 -2.4051510773919755 -2.6723734814777247 -3.0381343806577314 -3.4528868198453173 -3.6994563986247604 -3.681065683205005 -3.3462826791561917 -2.761376368361478 -2.053359903055106 -1.5233612280907494 -0.16824319923049777 -5.363347162408313 -5.571581105437673 -5.103292138759571 -4.475155908532098 -3.7025867051647743 -2.813258271104022 -1.8117357418645859 -0.6849898390285557 0.5619022689723538 1.9339093296418208 3.3510674927544204 4.738963967928338 5.768279553810056 7.194233227860124 -6.158013995094122 -6.394510858678114 -5.741568561837061 -4.78407591747439 -3.6225260613628008 -2.566754813216907 -1.6337714272863686 -0.5905337908228258 0.7291017355974609 2.60216732676711 4.890460855973875 7.11057297788306 8.708055778008738 10.456598034512327 -6.190087513975772 -6.670762063950716 -6.1196020905345465 -5.066025037577477 -3.6517965554588914 -2.6100370268148216 -2.0085612339212506 -1.3770469532882337 -0.33191123407479556 1.8188836927882552 4.875542872460398 7.734256179080902 9.649516832245778 11.431176992266481 -5.951167989050677 -6.834408978088398 -6.567375774921832 -5.427188895881754 -3.0664746292534266 -2.0147018782741943 -1.906588708779133 -0.6398246834622098 -0.7840482780356681 1.2949110252349363 5.223678644568352 8.917799618118162 11.05165516615437 12.481190390627226 -5.313270023896624 -6.551019617942107 -5.552200627949304 -5.12487935798128 -1.4377460320316404 0.02218294686027382 0.5690853667552804 0.8213996931051053 -0.5122141652111702 5.126467136209428 10.3936231027527 12.06478339695938 13.204622662656158 13.521699444866835 -4.380303713789314 -6.152892642479414 -4.476868369152643 -6.367165806520077 -7.5083301098507205 1.0596005228177399 3.8686262946645145 -2.618134031084431 -6.2555233072137835 2.040183253367727 20.303407035413315 19.75474521379836 14.76184237100911 14.013200067795829 -3.2120918764413786 -4.875606256831101 -6.001182431434042 -6.4011647633804944 -7.373299731611114 -2.169229083384807 -1.6255003199909859 1.8723330561368678 -3.7325915802197938 -6.492705579546031 11.787259109468161 21.507880685085965 14.18436668705086 13.239055050022737 -2.1837946395084944 -2.968211736586108 -3.0795204703212056 -2.965538993859757 -5.4920678094387965 -5.653090337504252 -7.828403099666609 1.1119714224893769 0.5267820329943663 -5.324363158766811 -1.0017631907300628 5.2151304572247605 9.227854423546543 11.616333420203539 -1.5776157602352232 -1.3861571109533837 -2.58935058212341 -2.4086581814175467 -4.105150210316014 -2.3430750142125567 -0.831705268619772 -4.02486736448678 0.9180164328111416 -2.404771632205878 4.172097336727986 5.901524188575847 7.064863740274871 9.543180606032033 -1.2706431617234355 -1.7934741860562429 -6.390195345859437 -2.8730225584123783 -3.191830991050379 1.6580860474142944 1.3368704815389147 -1.4872854231321744 1.4824112419150852 1.844491965581037 9.05146303930942 7.497440524474215 5.53043654021443 7.382239871604101 -1.0671969138098591 -2.5581333279405514 -3.80849551222075 -1.9752694880531758 -0.3806166259586809 0.4309316716556739 -2.0748308274506404 -0.3548197885228825 -0.5987584154145503 0.7532316028916588 2.02788484737488 2.8372084670092024 3.604180766592565 5.267285257934342 -0.8067257654462457 -2.04214227624121 -2.174333330485514 -1.6873112100642675 -0.6285076515554959 -0.6012354176951241 -1.5515343347518795 -1.9783322306467925 -1.8594784518253809 -1.1562375514778398 -0.09075642902497207 1.0782193289816806 1.9334540217782339 3.4986828917206103 -0.4161532937972005 -1.7831814151052432 -2.1062182529079196 -2.440076507369879 -2.6409248076665763 -3.0584941606055915 -3.6463990674377986 -4.063610186571675 -4.169359640478522 -3.9108447378243354 -3.365057506567143 -2.6973069016632256 -2.2209596789205457 -0.7820819905139235 -5.068753118989056 -5.290668607604023 -4.859556769828134 -4.267602922774491 -3.5259147629836542 -2.6762897482627706 -1.7266195928470227 -0.6599139146771653 0.518099761887253 1.8063346369742124 3.127961961670332 4.415125208271001 5.360531443304068 6.729844130922818 -5.8677571172127045 -6.101594820961377 -5.4478837426844455 -4.554652523653386 -3.5181206436594192 -2.5756882557989433 -1.7335049089968868 -0.7959716411942442 0.38484332383580633 2.0651156547387397 4.124498295550614 6.147878143214821 7.606997193716442 9.409917121726474 -5.912405789115178 -6.246413699697175 -5.565094682416388 -4.567432247667409 -3.416106801761793 -2.596071943894493 -2.1319717669223706 -1.6532534060428221 -0.8250107630765158 1.0200254505615398 3.7307720762153185 6.354191964051682 8.157880859960434 10.123533020786022 -5.679258190128538 -6.233397294022378 -5.676393139328241 -4.409382831148954 -2.4737324621793637 -1.9470571660396871 -2.859098162339604 -0.8032235911070593 -1.8651910338556728 -0.5848256153142718 3.462883400571166 6.9448537230704375 9.00940690467204 10.836493758420733 -5.02330413253367 -5.639869365990563 -2.9556987942837933 1.4686501275829078 2.4232260079468877 -3.4212252853231044 -1.7884093925892879 3.229027651274457 -1.3686810797679363 -0.11520760133388769 4.4313297597465775 9.048025480089379 10.480032331692746 11.493479947288726 -4.01759831597533 -4.557982074317873 2.3899056597473334 3.409494533853708 -5.207085898706966 -8.814062812047407 0.5796665133714218 -0.6213913305161421 -1.5020049655919523 2.48256999403404 16.03994321453585 18.09299916109042 11.450845250936602 11.64684678042074 -2.691047353702574 -3.835205394275823 -3.417311606525539 -4.8724218383332465 -9.817548051319728 -4.341482732110512 -1.7267966766281724 -2.174466016254344 2.024541498880436 1.7700189698464142 16.595716350720828 19.439802534541233 9.755602927423688 10.702431685898825 -1.4590305707958204 -1.6437966556152162 -2.0810341559199474 -3.4933460313349953 -7.619469537595131 -4.426756608590111 -1.4667169531623914 -1.5233436393850408 1.989190183604655 1.1942407842174598 -0.22383054047818104 0.03321451067078228 5.434449045738145 9.120114002472372 -0.5225677469990851 2.914931868548405 -0.5560403398510801 -1.6505639669061456 -3.4120711407094264 -1.3177906374495312 2.4268916549107677 -1.6778842458977548 1.8503061041044133 -0.31445541572854835 -5.560732025801259 -6.653972173493617 3.335894869156637 7.335773838571742 -0.27510626691645607 1.125563922335918 -4.322916442588951 3.373850097410071 2.8652346022580955 4.643312425653537 -0.20105733867435388 0.23922858164016797 5.836647446617782 1.263087481727663 0.8061456421734361 0.033492403218907264 2.834657026986241 5.55834318492063 -0.4534335071206763 -1.6253041926405416 -2.182539208576321 2.2686556098215283 3.1595399141938048 0.8434831895049588 -3.3167880232378217 0.6876477385146205 0.914376394594862 -0.49518767031839417 -0.02866598338923912 0.8935973070420827 1.752319709146361 3.798018640245957 -0.4722957026260135 -1.6306743479452213 -1.8050564739254564 -1.2432485070226797 -0.214046092536088 -0.5454428053483942 -1.9445151019080735 -2.724317458482268 -2.908431765697051 -2.4375637439270887 -1.3995902832636244 -0.24534880116900556 0.5414678635958022 2.3063282386884487 -0.427609885586339 -1.8564811109285757 -2.2171862523534984 -2.579421431596483 -2.8048399097789845 -3.313786468855656 -4.055883364017991 -4.620808729789998 -4.834072752239073 -4.61566191360339 -4.056481087392061 -3.3887468654438 -2.9460530832269978 -1.4214083607018602 -4.77096649585446 -5.018244316844549 -4.636679418509476 -4.094183662922794 -3.3929877224831633 -2.586565040018722 -1.6860020677339844 -0.6743872583532715 0.44138914562243275 1.657733947711048 2.8996739250201427 4.0996139637403175 4.969332185281222 6.2867379922344515 -5.540647307870871 -5.7902747339675695 -5.167812237470691 -4.3759417163049985 -3.49094115464869 -2.6523280985831668 -1.8567325256820184 -0.9784668012027856 0.09586166946209461 1.5855051879285764 3.391719206968493 5.1992450989014 6.514146965615291 8.373269547381135 -5.573028449475356 -5.765419265741668 -4.990910457621472 -4.0981621862134645 -3.239542997702773 -2.6042996936519187 -2.1720839088140225 -1.7506827870754493 -1.0738675695510311 0.44471188094766295 2.701942000213157 5.002831691996184 6.657021265331058 8.804216080514921 -5.329112403303934 -5.520903411187943 -4.718872186176904 -3.6904979120013306 -2.597743901228933 -2.307249128987977 -3.570794754383136 -2.854397872734961 -1.9818512570227285 -1.1586758125001644 1.9411695960953053 4.835408774264983 6.795510318111567 9.118052992050798 -4.669961788609426 -4.751476969180463 -2.626553889747768 0.2637303335013364 1.3386210973452246 -5.5309346446978775 -6.367265837450047 -1.3441306261587131 -3.3710004342374584 -4.404382419910198 1.1426287345371375 5.475941413289024 7.141430189679605 9.265327635847356 -3.634027355824775 -3.1581858961450537 4.278961745641784 2.640090683769965 -4.545969203285051 -12.095106437879988 -4.2117377372323945 1.5058773118186484 -1.1800766503466413 -2.099256132911289 4.822269125327927 8.550385667983731 6.888676525859351 8.996395879796346 -2.2203096455914406 -2.8892233696065848 -0.8028775009600196 -3.3304038879907374 -13.036426927022314 -9.414385045478546 -5.203773408429932 -3.5655487662678396 4.62895917793278 2.226394598135938 3.002047144385029 2.237618065332946 4.389787447296487 7.946730617243789 -0.9096432135648705 -2.2236594698857646 -2.857084770886885 -4.438988485017449 -12.177629399412972 -7.9725686284949555 -0.06502996031981537 -1.4936311599444696 2.5957079512195294 2.376070792784776 -7.04189270920482 -10.727712547289613 1.2668397091677335 6.528003710826786 0.04756278812811834 0.6664251440266119 -1.7185248355983989 -1.0767065165020124 -2.016169304543592 1.904300339528074 4.6223941161027 -2.4146449499679017 0.8268667118794998 -2.3065088002848837 -11.391550229263547 -9.213509307937228 0.6533948339735876 5.130801301084924 0.5655811041404356 3.3788693339468296 -2.471290965914943 1.5752882984006056 5.74277309847588 6.861974048561933 -0.5286460898335291 -2.80294080986341 0.3157482629544436 -2.48129928369289 -1.157214751000945 1.631975197470146 0.9075204565723451 3.7940755252837577 0.15446041984215375 -0.28648303357508403 -1.396526886734238 0.7409611034653142 2.5087678351654734 0.6808755202467518 -3.3116861915359443 -2.7619969714151487 -3.4742141230512926 -3.028028596880913 -1.5687883293832974 -0.4380695934875047 0.02815599243165186 2.385536076273239 -0.16306906404773597 -1.2247047576181576 -1.4946652670999818 -1.1282914731920466 -0.3721612862943139 -0.9198239723013344 -2.6183930412303886 -3.8882210618975517 -4.289344771571391 -3.8602044319626705 -2.7731607006932624 -1.5871562625668045 -0.8288484695154876 1.1454537100692657 -0.4496871237826677 -1.955396481038141 -2.3768840351474076 -2.8216698145127688 -3.13553279174239 -3.741894323974439 -4.584349541789286 -5.24359336894989 -5.532040964374494 -5.344432467960775 -4.779281957797322 -4.109103691097403 -3.686107646646893 -2.063318783903124 -4.433635671516182 -4.7010617870497695 -4.373273015342159 -3.8969898380428836 -3.262736523366602 -2.517030670814699 -1.671521576501192 -0.721027558397445 0.32466124981946376 1.464827776503583 2.6279291572523014 3.7472005212883244 4.550595458164797 5.819080130829015 -5.133701414958016 -5.481868604426663 -4.985334390390595 -4.356085492007531 -3.620000036243116 -2.8511665451291885 -2.0482363230080045 -1.159650540553429 -0.12314421189635386 1.2102747874678392 2.757454444448791 4.3166901043708465 5.449648595276419 7.309854091916558 -5.135690209630287 -5.426617675323818 -4.79645579397955 -4.110683143940953 -3.4455084955314916 -2.8480238161634186 -2.2987693652294836 -1.7416662615542815 -1.0180788909025122 0.27019155394301864 2.0491262803705323 3.913976102843828 5.283681025315375 7.454877019060635 -4.874764551657363 -5.115465109994165 -4.437817335954121 -3.87428689782623 -3.5027264224360737 -3.1338233465767313 -2.736382161621711 -2.265146978838586 -1.8374402014094273 -0.8286318572518451 1.1228633178690743 3.2530040657162265 4.880980061646819 7.402064758221627 -4.23733697292448 -4.508328388502998 -3.7924035286533773 -3.1881768782063244 -3.5795521505215504 -4.902729306235964 -3.6542600724261947 -1.7277856593993517 -2.5228587914427405 -1.767382092582182 0.14666086200832296 2.5134939030098256 4.347116969772033 7.146476935196099 -3.262747458015581 -3.726651330115889 -1.7572734358603965 -1.846844505905418 -5.383563236307642 -7.571091374317127 -4.026835532196508 -0.3305785388393889 -1.7529663475240604 -1.9983789495873996 -2.4920983715193583 0.799019884417879 3.4234035542258185 6.613851748215624 -1.9600447455771335 -3.282230859819153 -2.788174546365723 -2.783604961174679 -8.313247910005476 -9.2721990566555 -5.012544257444562 -0.6509984847741349 1.79254145856973 -0.848772767068593 -4.137660918128179 -3.1597396002049365 1.6198395676931692 5.6464375551471555 -0.6890253580329693 -0.57101008838917 -0.12021297625677818 -2.4568266614071725 -6.72287189741976 -7.123758606895935 -1.0803774470341276 -0.9086447705691282 1.036321531817143 -1.0353355738740067 -7.814971413108762 -8.892086711039175 -0.3112491717931072 4.491494135382896 0.21970207261643918 6.33056101411317 13.102171163050604 0.4763072437152801 -1.1183897040913953 2.448068095819178 1.4074590399103741 -3.6030370808887078 -0.4760119287042743 -5.431578043271912 -14.709008711653471 -9.888468041300083 -0.8047828537272665 3.379857760777493 0.5735280092186228 4.39728068113882 1.2199229323460736 -6.955915009016939 3.0595375608694546 4.818896078381287 -6.057616098181829 -6.688142890816211 -5.935401545111095 -6.44527593193228 -9.523414355306828 -4.251414866677094 -0.690094106400138 2.308704974926293 0.2712456201649759 -0.3210036702472572 -2.9864928445919254 -3.550955297202118 1.3236414053160268 0.39439581008725505 -4.956164926797527 -5.594030034631678 -6.4173520100431185 -4.935084627747598 -3.926492732020229 -2.296003191556037 -1.2815113024957454 1.1293740748312662 -0.08467956644635287 -1.22841340095328 -1.6419259085268845 -1.5891406546510702 -1.1423630297987228 -1.8140485203698864 -3.5219157292461407 -4.802137648383617 -5.223758880907389 -4.803414067889448 -3.7877371941351208 -2.687148370512225 -2.0077436961298565 0.07101837990356089 -0.4972892897032461 -2.084899057100783 -2.574973478949844 -3.134799250981424 -3.572606620586401 -4.236734760527213 -5.067272364960999 -5.715451240904849 -6.020223415990128 -5.883891156407599 -5.393797494283996 -4.773221148469999 -4.37338358564805 -2.6614978912317815 -4.094063350199111 -4.371270389863494 -4.091347889391278 -3.6795717994370998 -3.116466085730377 -2.4354105036249445 -1.6471692887184495 -0.7596740133041309 0.2144967685394813 1.2782495978787396 2.364237427161386 3.4080711733040725 4.152980483358808 5.366472697360869 -4.717403733988416 -5.168083479550473 -4.810918746480337 -4.338747858916501 -3.7276004133551663 -3.014135436550141 -2.202497390598884 -1.297071223403309 -0.27996578603805783 0.9313802803028713 2.2638130121560582 3.6054708195827465 4.573473382272441 6.3856499271529685 -4.692034408762531 -5.147359585758848 -4.726378133943326 -4.247802747178105 -3.7055686156554066 -3.1002167116430326 -2.4267310279732475 -1.7105510865406983 -0.8902328907399298 0.24797249354663894 1.6465127167861269 3.1258756162803945 4.217737533639694 6.314738773733038 -4.423762532030013 -4.861724609089256 -4.42544466343196 -4.0992353282530365 -3.845656687002025 -3.405661388479476 -2.760903152309693 -2.1679346444595535 -1.5847067936246013 -0.6473792598381629 0.6534513511048827 2.222274177740247 3.4976561305553187 6.005611100447403 -3.8267406648969513 -4.238584133414763 -3.9174077522940682 -4.033417906355574 -4.446388447922499 -4.2052028523455025 -3.239197376157042 -2.458497291387488 -2.0128669026105954 -1.426058045451571 -0.5725339778088554 0.9351657912165914 2.455452636871114 5.502915342109645 -2.9517747594719035 -3.343161039326022 -3.136041815050706 -3.713336096089411 -4.904911256250448 -4.885161941972955 -3.6126814320122387 -2.532145823056133 -2.1324168132617887 -1.9853085895131506 -1.8283435448052103 -0.47687354046144703 1.2851704050212822 4.846428749519295 -1.8156281297823247 -2.2609133472046588 -2.39053084455305 -3.1065912379258505 -4.631423385357733 -4.927320906523666 -3.5580790642849083 -2.2758779136990674 -1.8078365458739007 -2.1621943355281235 -2.770379456932552 -1.837211935881906 0.13583627751547944 4.0173334584979425 -0.7164266238067386 -0.398106452183869 -0.14968246607574975 -1.967178339921427 -3.429109543270507 -3.749602253273476 -2.3397718517761654 -2.1418911865674937 -2.036674969101471 -2.596367741986877 -3.94101102466377 -3.232071282163344 -0.8016011992946801 3.101307901989023 -0.015918276497546083 1.7929423111502856 5.1810854494865985 -0.5083555776070366 -1.608776645492206 -1.2076658383820233 -2.504539646533477 -4.013388287716591 -3.7548274442940066 -4.250612849353906 -5.847086697149794 -4.25614963178241 -1.2590124384985206 2.170912197945431 0.2509093230558532 -0.009158665737470317 -1.0306717778443553 -5.284975328340418 -0.4600923930194314 -0.5702382668466264 -5.86391950349547 -6.771476312207889 -6.862752744417405 -5.242462242089682 -5.232290033254788 -3.613487660844137 -1.5028077100571715 1.240874532627342 0.14773433290222632 -0.8293019394956958 -2.2797690216231863 -3.133043323057833 -0.5086968610995463 -1.505918188950342 -4.597285151719322 -5.787925831981815 -6.20356499212238 -5.269832892719778 -4.1616040282020315 -2.933974444275762 -2.1031030705014624 0.20082815214148245 -0.13985423874186406 -1.4080759630919433 -1.9235935485228608 -2.145196012049137 -2.0503237471788753 -2.780087314100128 -4.24415576657129 -5.321933036286558 -5.652669373871987 -5.270723659383558 -4.385326088871589 -3.414994823027052 -2.8256165929134016 -0.7331129689034048 -0.5552116239701861 -2.193492337247069 -2.7321511629786106 -3.385706228116236 -3.9269388422097165 -4.611284042349683 -5.377645853462805 -5.967227377608115 -6.25680504247716 -6.167521440358885 -5.7701344201780485 -5.214584454182444 -4.83961382929017 -3.082991456218326 -2.845448939536244 -3.090786530457726 -2.9351634885474973 -2.697455047877139 -2.346055195004686 -1.8890034006181042 -1.3319616821643505 -0.6957452563652929 0.004274358097846766 0.7678169802269652 1.5451554091443767 2.2933968014134245 2.8244848040352317 3.7380983221887982 -3.269929322199128 -3.7944545047112697 -3.6987522712201746 -3.543221914084345 -3.2425303153680196 -2.7851045947524966 -2.1729223298234364 -1.4579783946664577 -0.668096354557856 0.19558699311259362 1.0754886843143472 1.9493779816831265 2.5611237630505586 3.9699010588107635 -3.2431337461194807 -3.868804305907651 -3.8078922553599632 -3.71535554203616 -3.4847103467937592 -3.080789966424197 -2.5026837825886323 -1.8269162829451246 -1.084634452029281 -0.26451918225466126 0.582091224573549 1.4524026692482146 2.0661643835505585 3.6716802561369737 -3.0633099184574437 -3.7791928450686334 -3.773263481632817 -3.8015976135707645 -3.724468862750364 -3.4219586490980505 -2.884709520071125 -2.25699838481482 -1.5927483154350919 -0.8859890763029189 -0.1632009815786812 0.6697509604338967 1.3057982553303984 3.1758653468041373 -2.6928327237193277 -3.4475009783561488 -3.518977163728361 -3.745736523079034 -3.937811874635253 -3.784929888585283 -3.259938548003073 -2.6462650473542806 -2.0592512576559647 -1.5451293905373529 -1.075534459441531 -0.3172161648583474 0.3972707973099008 2.599670417560543 -2.174049179112018 -2.9336632406348433 -3.0973952522342376 -3.531201792887134 -4.000346619139106 -4.020512313382133 -3.5432151686845708 -2.963294805662191 -2.454111089061411 -2.131553304618714 -1.919199124456556 -1.2520199566112533 -0.47763291098508653 1.9936515330015443 -1.5252456583405742 -2.2584253519135284 -2.518502297584553 -3.095287373232026 -3.7393333077805706 -3.9316030797823704 -3.6047504637186547 -3.136800782906286 -2.7129385683304834 -2.506558333332549 -2.4362734352905377 -1.8631192760092758 -1.126608676603705 1.3925248361160691 -0.9160571414178551 -1.6477944130470492 -1.9867937653809713 -2.6103411371163836 -3.263262274695696 -3.621480687658452 -3.6094622452149854 -3.3924080191710027 -3.086165298861862 -2.9017942196403044 -2.8037469440786658 -2.2696478163029767 -1.631089212720131 0.7706392080780743 -0.5176059998396251 -1.3546021783915954 -1.706440556110227 -2.275163876606694 -2.6994425862075335 -3.1992335326702634 -3.738340516795145 -3.966733254190118 -3.842317755426041 -3.5504322382439946 -3.2021758465477044 -2.598298675976411 -2.076654375492594 0.09579997346177767 -0.33737790573388554 -1.3905580264187827 -1.9262496944645155 -2.410599795388088 -2.4160514288247565 -3.0299819824726515 -4.03540021410908 -4.603595733302535 -4.633989671725205 -4.213120711819128 -3.6292734781390408 -2.9542268675879058 -2.5377312694226246 -0.588235470209821 -0.3938473692349057 -1.5955105948654287 -2.155009548388325 -2.640005186113897 -2.798091224969135 -3.4387926711143955 -4.37147847701258 -4.957922189278953 -5.056077906196672 -4.725092163031022 -4.153116985326784 -3.517298756388103 -3.153724873437489 -1.3134795962022177 -0.5357475569191269 -1.8881818521412301 -2.4325972558082687 -3.001532622848694 -3.4088632266075805 -3.9964819590185985 -4.704794225772083 -5.174767677785513 -5.289226995253356 -5.073210187079716 -4.625511874301814 -4.069482586624007 -3.72475718650111 -1.9371123454550203 -0.7685102042130455 -2.2964470033581574 -2.812351714356298 -3.502199580412065 -4.1129787116142795 -4.712614794216901 -5.246323380839509 -5.6399112462029795 -5.846062886114135 -5.815825787711246 -5.589318667441025 -5.206063809589841 -4.935250636223997 -3.370548293346553 -5.011098679029362 -6.416658983438124 -6.524251874599322 -6.72502810447365 -6.825511603370571 -6.849621286632339 -6.779647583333578 -6.642493025051581 -6.457434346755994 -6.248011338286239 -6.038102437193467 -5.77722604598855 -5.620126528644317 -4.452701611788113 -7.096222167418938 -8.645611370743243 -8.600115483821794 -8.492237288099773 -8.144957462223791 -7.717114654181114 -7.297866636541348 -7.075202832012724 -7.048931063365587 -7.0128222869421775 -6.9312842361575715 -6.849741865023205 -6.876556730717264 -5.947000249687474 -7.648784182129844 -9.298693483041685 -9.283632890488567 -8.992253845367312 -8.238985681320127 -7.371525843921785 -6.635234316675144 -6.480675080809039 -6.839909637667802 -7.036404410455555 -6.948819904217874 -6.877474504273134 -6.959764932367613 -6.205903715304117 -8.081719197389313 -9.771974059220943 -9.792565299780874 -9.259371279340204 -7.991177891238503 -6.594165728791693 -5.492162101418804 -5.390900224315245 -6.148959748392969 -6.599705728790622 -6.5388846221263455 -6.545413638812275 -6.754903042427685 -6.321467642332955 -8.234705216656447 -9.786750176810118 -9.793861355192417 -8.999329851221697 -7.262245113859581 -5.447837466458184 -4.08769219033103 -3.9315048288027747 -4.808802758348551 -5.385080094516291 -5.451344753575119 -5.701457735293635 -6.1714886261335264 -6.242956386584689 -8.123035345577147 -9.243144288099677 -9.112532605157126 -8.081143150917981 -6.105759890513027 -4.14721339145039 -2.744547042970047 -2.505977861231999 -3.2688048397372222 -3.8672536142075136 -4.09867233496659 -4.6375795766444385 -5.3856435496951045 -6.006500711330017 -7.648830797907088 -7.921018734251039 -7.4694460313850515 -6.293856998162879 -4.5090945666088 -2.8606195223524105 -1.7434471791224244 -1.4955953641160835 -1.995772920851953 -2.4885409981443236 -2.840864930822987 -3.58694398165735 -4.502963380749431 -5.565685788818317 -7.063321659256097 -6.425940440085748 -5.637833072160442 -4.379229780282825 -2.918152987502981 -1.6732183412024388 -0.8733338140442568 -0.6394052809503981 -0.9042895509299382 -1.3104113535045676 -1.789723555835992 -2.67551223835574 -3.6518373085496183 -5.0002581388727725 -6.60658799954113 -5.352641800876369 -4.381127136876571 -3.070922879273626 -1.7718282471667657 -0.6655857643820653 0.07878678853025009 0.32553561837380124 0.09499469924713153 -0.3941633764057956 -1.0537636382608768 -2.0213190812855997 -2.9500765642047053 -4.377515674079262 -6.342579555330248 -4.732563232732941 -3.689301632286422 -2.3553342859523054 -1.1157041945887272 -0.02028719691808189 0.7727521277865979 1.0583090335746415 0.8223871737302947 0.2430732608911303 -0.5518359637411839 -1.540201901866585 -2.375534634301296 -3.772174533211618 -6.292317735383768 -4.565879701334704 -3.5288437231917844 -2.2037944745232516 -0.9864243724923243 0.08450941710104529 0.8710805490936704 1.2245404219720877 1.114632683853743 0.6151669712225029 -0.1544179237926516 -1.0822613265007237 -1.8271551807178619 -3.1671472808797767 -6.275151675487166 -4.566792986910263 -3.5717877343681392 -2.275614006553841 -1.0688445654125083 -0.02577090536444854 0.7347930711653029 1.151200870189152 1.1887018883243614 0.8240362055252258 0.15136764743130832 -0.6823460548248931 -1.3470960589507508 -2.6211586364840724 -5.520583937810417 -4.022623366429998 -3.171094885345301 -2.027281592094704 -0.928512580385426 0.03187914308466814 0.7598077739745469 1.2544763085403818 1.4879468622578058 1.399461846768278 1.044730213923004 0.532925202919389 0.1163851207954542 -0.9201351390977274 -4.727696957841179 -6.006516329921931 -6.0736878117293855 -6.254712393887439 -6.376866190025067 -6.430522865079014 -6.386485970747475 -6.26039733723414 -6.081322570272706 -5.91412422920991 -5.784571935745663 -5.625949910020457 -5.5441542840077185 -4.6272745616057 -6.985519154951779 -8.601884551678609 -8.687654784814624 -8.562569385822098 -8.033156750835872 -7.429616809640305 -6.920695643750449 -6.757646699284451 -6.899000527304715 -6.943951225963699 -6.834375109238585 -6.778849621372206 -6.866143653234685 -6.284027165169311 -7.66535832261078 -9.861010656215035 -10.34363436558369 -10.07052542235434 -8.747841521113237 -7.290615226226602 -6.208268414444635 -6.178984074354256 -7.006626845358175 -7.375579692604745 -7.086329180034833 -6.900120016006095 -7.005529601846676 -6.6043797326841105 -8.261740327572422 -11.104881851722975 -12.131838387677382 -11.669738637206335 -9.18689716983581 -6.544822755824227 -4.68118327273264 -4.842581623694674 -6.684499377492943 -7.263856494340265 -6.819611348314111 -6.585426860755318 -6.841961930593097 -6.81218587097219 -8.57477468161158 -11.766357098888339 -13.150586060394893 -12.01775959569869 -8.652009136911376 -4.728096393043244 -1.922988442468275 -2.284874770575112 -5.118210613752769 -4.823751484874801 -5.150297023389284 -5.394085261906922 -6.224944650441934 -6.868474762046715 -8.52347611745671 -11.325294658355466 -12.626193313735913 -10.70019029148176 -6.772146568942832 -2.932903994054067 -0.5874700500549473 -0.6983086349612694 -2.1831051114659616 -2.088067803758195 -1.698689085923172 -2.5756367463348715 -5.269837199544626 -6.757941658199586 -7.905141452415914 -8.987094919101933 -9.39043645674008 -7.791912961362722 -4.491978003984447 -1.786345033661322 -0.35206934045889404 -0.5049055706529327 -1.4660172673520702 -1.6448975119246214 -1.155937783656482 -2.0167537775579136 -4.354599535568332 -6.373963512636251 -7.131388384981365 -6.261587298281345 -5.579791068776296 -4.078413025635397 -2.1311739921729362 -0.6204537209325893 0.1761405447466317 -0.0293813775050434 -0.7740868294240804 -1.0631278557562533 -1.0951262183248032 -2.1119367253384547 -3.5793208866784507 -5.8502065192214445 -6.604207867210345 -4.591757843247534 -3.479659967645399 -1.9918069864874846 -0.5888866156429662 0.6732199340556755 1.5501894994723666 1.4779728808160912 0.6331341142619974 0.004389402379554277 -0.3405299721744373 -1.473670996136658 -2.96618649584729 -5.306120037009993 -6.423774999137864 -3.8919716504702566 -2.6584885480114058 -1.1849140830555343 0.0719857797375519 1.4432629311020138 2.647310465471244 2.7890958797080634 1.903324188401693 0.9889429623258782 0.22898827406650843 -1.0871297940987958 -2.5264605002412526 -4.754084132177241 -6.677159840935284 -4.120991988184944 -2.9017921500388435 -1.4532831096940193 -0.2319188391209948 1.0791668734724378 2.269068064577872 2.6889770414349323 2.2778336736858535 1.5379564231150913 0.6271260817219358 -0.719520750182923 -2.0228345145029656 -4.096927481919425 -6.989658779660976 -4.631660540384892 -3.483619510688441 -2.0660614140297198 -0.8280919255967351 0.3802694041551669 1.4307083970870205 2.074977658820861 2.2025759643306118 1.777539066137315 0.8848035008387466 -0.3913711325896502 -1.5385189799854269 -3.4539828120634075 -6.812922810430994 -5.03890069353398 -4.08117771465846 -2.7980327260693842 -1.5549541868235444 -0.38139493786376794 0.6241073198676883 1.4264844152650196 1.9254901472751267 1.9043079037279915 1.405534681034056 0.6309381922071455 -0.036045859679012464 -1.4271468335748259 -4.122356601607012 -5.179850391734276 -5.21229676590268 -5.357744553425541 -5.476308050042723 -5.538236587994287 -5.516789172273556 -5.439349681541883 -5.3289542376493975 -5.224168792297139 -5.143024173752027 -5.041469823975945 -4.998324529240961 -4.302331763169758 -6.208856634587712 -7.664298307834775 -7.826896325209705 -7.751651680335561 -7.264296918952829 -6.768793335754398 -6.392391661181641 -6.173471557465086 -6.094403063487707 -6.0275685190417825 -5.966487322351213 -6.014621124994117 -6.178321878165669 -5.893083435526494 -6.900889508557977 -9.185166607531338 -9.942613508910418 -9.838369197681153 -8.566348826629772 -7.302482683552658 -6.451772704504363 -6.102732723271948 -6.14953147667679 -6.096863597343046 -5.903835377864696 -5.960553421211266 -6.255088726475677 -6.237765916735431 -7.5609991351347805 -10.830156796498251 -12.433298228566409 -12.341464482596509 -9.73765349293636 -6.950144201616578 -5.653763720838323 -5.367406680389498 -7.118372713360782 -6.16619403474532 -5.525316960880739 -5.622459726162443 -6.168457740924448 -6.537066084626181 -7.993036501596149 -12.031603701359975 -14.550256784961915 -11.004362907120651 -5.497083168389582 -1.473948685467167 0.11073489676260623 0.5233507449598465 -5.105152466431633 -2.7321810029617093 -3.149274572752222 -4.498429534640807 -5.914855366989844 -6.7837442850779786 -8.036904281429031 -12.263860020158077 -17.627695282361493 -10.519531698850752 -1.1920409054784231 1.0916348108703504 1.5713866163995207 1.5626572793209819 0.8459865883135772 1.4419019873820296 3.065629769943917 0.710718030145861 -5.1895815579795945 -6.856768091370258 -7.420618562256566 -9.176939680602482 -11.356348041658883 -8.539728100430738 -3.8653355029562366 -2.047383822137177 -2.4672733158547295 -3.167014087968357 -2.357434210902314 0.48776321090291014 2.2547396095765855 0.2814398664362374 -4.657428155717206 -6.548504470191813 -6.602161968337309 -5.724749962249405 -5.240929392447801 -3.867245546680278 -2.8602589332288213 -1.628851434534159 0.011701113418815329 -1.0683247564520155 -1.9482822009566 -1.2290421139253427 -0.9062170373929614 -2.452936762993198 -4.098466027745548 -6.062112641080282 -6.041246944804584 -4.180301271680093 -3.55720900055974 -1.6856978641599383 -1.3134929647842035 0.1402302741392379 2.8719567589335107 1.4658217248593657 -0.30254188593130316 -0.6416946805121336 -0.25414177653872133 -1.554554499431198 -3.1983489945446237 -5.589381071038808 -5.884128133822999 -3.407314548335689 -2.526449832022333 -0.8701553895613695 0.129683343537962 2.076396541833899 2.909589137906699 3.294752572818869 1.8530499879809383 1.2816645010118215 1.3123280110103115 -0.7127836693286632 -2.5609534513808745 -5.086027964091979 -6.28309465921295 -3.4971378053086184 -2.405944075321902 -1.120980342187793 -0.319391391621859 1.070815902589551 2.0467104145795925 2.7256698720326473 2.5221479295477285 2.0193558577643977 1.4988598696672488 -0.2491172444341911 -1.9613160738565716 -4.393205523255788 -6.781158708674857 -4.248251215183881 -3.1442420672933946 -1.8647575533895295 -0.8610041302359595 0.2336169873983205 1.3247909698746299 2.088117033546006 2.414160332353462 2.1858889780462447 1.420137130658145 0.0011095457702804026 -1.4669618273003915 -3.6911366295754173 -6.964875969753779 -5.200503179364748 -4.273734407011856 -3.051931370282716 -1.879458652869642 -0.7282545867408989 0.3290468777315616 1.277597841085584 1.9746492475993336 2.0713156125329273 1.5734461097566999 0.7073840037798926 -0.08445845974186564 -1.5946618176502334 -3.2226949665027442 -3.968716721467837 -3.9654708529506952 -4.057997476402119 -4.150830824431989 -4.201043141922357 -4.194557904616519 -4.18606704593675 -4.188514863388 -4.1869866656138335 -4.18271090767018 -4.163806208649203 -4.173040692552807 -3.7829530016114634 -4.9978434135011165 -6.057838745205771 -6.218443029316371 -6.161466482994227 -5.778271208201164 -5.5027544830781565 -5.3700575908960735 -5.084151954163572 -4.670600263606803 -4.458545688620431 -4.5219722594812835 -4.769888694193876 -5.07382052109162 -5.233605848178521 -5.650017842585847 -7.569641437181599 -8.362387758247804 -8.364391202918668 -7.359210961498702 -6.644897746028782 -6.355301185413227 -5.613230668478631 -4.435838298181263 -3.7673116909348003 -3.821494154465895 -4.341422867438382 -4.987479472151407 -5.591652094215596 -6.317153131718196 -9.270351268684054 -10.792840445113924 -10.808865384156993 -8.458052180684751 -6.349528329297525 -8.58082847044419 -6.303749129641241 -3.2421898988048743 -1.96656151119394 -2.571336241528865 -3.7590962928251104 -4.882945551613459 -5.979119185336091 -6.818196061661914 -10.592915096964289 -12.663224395398633 -10.005926185397696 -6.234715389999542 -1.502706972279002 -3.2419778383920157 4.548635986494361 3.6151056198648246 2.1831513508440112 1.8281441487362868 -3.0394410705498176 -5.013607241411845 -6.421619028333814 -6.961246604534195 -10.648299762700262 -13.218132647965724 -6.154702111745224 0.12694441728723135 3.570588416111609 4.2903810193950145 4.49288935006878 2.786558755840143 1.1042025595182674 4.6241594329094795 -2.7535267459578954 -5.328277364538098 -6.6951253413335285 -6.459697582470308 -7.943006247291544 -8.923443367671856 -5.383205144077104 -1.1688314273749745 -1.7549979247614282 -5.857868359898557 -7.037863299669978 -3.6542852411302014 0.25548097534859443 1.7793137546875708 -4.464131536772356 -5.38705077758026 -6.497922855937471 -5.748782173579854 -5.256669704044711 -6.224982429562914 -3.7787217842213483 -2.688404469988385 -2.098346957429723 -1.612391041815352 -4.588596889082089 -3.730507589271611 -1.846780097161144 -0.06549620132092397 -0.8780095701708327 -3.8036632124049925 -6.081678429015942 -5.300382574933634 -4.9770288013891335 -6.687681854302289 -2.9126503188664716 -3.5287743608536117 -1.3634337586270435 5.219694739216331 1.968674609221301 -1.563762506294643 -0.25896906744086684 0.19700450072952957 -2.5364581448830172 -3.3550717358198474 -5.691749114867013 -5.284642078370967 -3.9005197880431965 -2.560555094474949 -1.8488219864207107 -3.890038240653657 2.0664416446271905 -2.619204578436224 3.376531667984261 2.881472790620881 5.343361833493682 4.753060775775174 -1.609781397359308 -2.4903380328131597 -5.242774727473396 -5.804577825626785 -3.296045986817576 -2.23379670358988 -1.063644835073434 -3.833211918178862 -1.5544446511037153 -2.2393280936627953 -0.21504699916010217 2.964950390061909 4.174427949627165 3.964823240047791 0.25062847659898496 -1.7300653280047242 -4.53628454546456 -6.478871962899308 -4.055858499248056 -3.1732245874914113 -2.0920067306918764 -1.4698674820851076 -0.4921031946126673 0.6774015926019094 1.4891809814698593 2.2779537351733694 2.41249511655549 1.9465127915982043 0.48861260400839124 -1.267539305122639 -3.8029446656151964 -7.047155071476794 -5.380615227917794 -4.53313372490399 -3.4066940288754513 -2.3098354759835265 -1.1915570758952303 -0.10277731690252341 0.9742407745973701 1.8652175984980546 2.1106142187242916 1.6728614852504693 0.7650845608776693 -0.12615937917526118 -1.729902529041752 -2.206201088202632 -2.6282138361432 -2.60915923014894 -2.6408387872569867 -2.6713133351242884 -2.66897763666975 -2.6480842605818 -2.7085798601478466 -2.8525542362993126 -2.9898510098992066 -3.0941026713247917 -3.1808744002513167 -3.2522112688434013 -3.1970580047998687 -3.5777173582158923 -3.9293900853716632 -3.8912582436329415 -3.742507955130816 -3.511412865618539 -3.5442870215301334 -3.7374993410946664 -3.4262120578939994 -2.687410692312203 -2.3813375356216744 -2.670338694288137 -3.2223865412692576 -3.7384481016038626 -4.451769982719143 -4.102259457481693 -4.789748770528412 -5.008605572833459 -4.849144564078948 -4.378562638298783 -4.625909761824184 -5.274566733745496 -4.288743074691414 -1.8345913839599557 -0.5708266584450391 -1.026338272059599 -2.2038442673779337 -3.358361354567124 -4.7930474819247335 -4.641597464704963 -5.68009820930765 -6.13986515675645 -5.942996153183646 -4.452645661718369 -4.525554726171123 -8.60863762168921 -5.9823516701304245 0.9624613640859992 4.132495482617327 1.4708149740878147 -1.0284115306301256 -2.9870661848239433 -5.20052185565882 -5.040753180348854 -6.24327937124713 -6.2369527452404565 -6.520296508715999 -4.118872142809426 -2.2528482914965418 -1.9498520294468786 9.28995531821665 12.24844669931898 17.544895333436273 8.712429485878937 -0.045942215674849574 -3.0750058937599185 -5.708578909595806 -5.219909274073205 -6.124703091590398 -4.064138433905635 -3.6710469197137052 -2.2433040424514132 5.716134893851979 10.149867937553255 5.739068365680156 5.357555654232774 11.894418321944087 11.492390975879612 -0.6752362121334843 -3.612552538460432 -6.079253715417258 -5.026234371881679 -5.043113809518422 -4.685930350527787 -3.263141844428151 -1.1715005353447883 1.4838051869327282 2.5683635609468 -3.682496034031668 -1.1909076124413125 2.242556785578478 0.6574145893481828 -4.69151716580991 -4.185742554614694 -6.007495425334656 -4.723437673757563 -4.221917336787935 -5.779456821765868 -3.6590230645430135 -0.6244599827629563 0.5440822391038729 0.021389079743382857 -0.8718574136454853 0.06405074164158828 -1.1200100297928965 -1.7773789767739596 -1.9542216923857014 -3.4525492082890388 -5.705821116417415 -4.586999760852699 -4.22256736708504 -7.016006423163126 -5.584043309569072 -5.540875744194884 -3.031567846617693 3.3273628664547354 2.421747920679917 -0.2808018232820388 -0.8961499689514608 -3.5463346067522568 -6.346467168982061 -3.268837607385022 -5.3756180559391415 -4.874243767919263 -5.181848158081939 -5.842029145386551 -8.76056546959781 -18.200304231000608 -1.3649168594703314 -3.931645670587287 1.4973454112448652 -1.161240913359365 1.107023005133615 4.189846965607965 -3.167973409690864 -2.1147096557652634 -4.961078284815136 -5.570769482946178 -4.413176412413592 -3.872663055707878 -4.374633141666637 -10.020555127778916 -3.1055646978642004 -3.4782807545501275 -1.7564676581884204 2.647828829424836 2.5621011890978997 4.120639212292453 0.9091176079173494 -1.2459205026442606 -4.3061789384906355 -6.3242850170246365 -4.597932114290326 -4.27471406153985 -3.428396257260112 -2.5493665636630145 -1.3029867055421438 -0.2229580463670971 0.5907130148465911 1.6529792636837497 2.0471737964218697 2.080173169119464 0.8751762022560161 -0.9165621614485446 -3.629718473247636 -7.129256910270087 -5.670317323824113 -4.949133004506017 -3.9021794838543262 -2.7973403467921334 -1.6676675950260436 -0.5748530888354886 0.5304922656694303 1.4871612269586945 1.852290139913322 1.561583530722296 0.7370909025337905 -0.14486601455703546 -1.7601122725465164 -1.1603071764126267 -1.2357734723857448 -1.1935798835847986 -1.1523996188598493 -1.1108571137083296 -1.0589656002091983 -1.0355773233753653 -1.1617129104849064 -1.4307113424111646 -1.7076303075416035 -1.9425042331536628 -2.1615363568285955 -2.3153355274497516 -2.6161873966767986 -2.0988332281825066 -1.6633974102537594 -1.3844440551778239 -1.0869048501438177 -0.9448445966704816 -1.1828516476262692 -1.6096315836213544 -1.3760262208677283 -0.5814548199972991 -0.3482820654541976 -0.870154537126305 -1.688334812039601 -2.3777047978640002 -3.636066760352221 -2.466412222307881 -1.7687400328399376 -1.3262759226641763 -0.8984191206214571 -0.8400271617105046 -1.790198976830708 -3.1101343935244574 -2.16991513119364 0.7403841963549439 2.1386827075721313 1.3395465673727802 -0.29183320300541565 -1.7711484353853366 -3.9187648641847272 -2.843206924815624 -1.7276731996323271 -0.9987231160763852 -0.2014128177246589 0.5366295564247248 -1.456509579897418 -5.1775971586815865 -2.9410267079608676 2.9168794756556973 6.41940130682788 4.256067231927194 1.3126499207965208 -1.1347546532053001 -4.26483832201892 -3.114602756360209 -1.5007625505221878 0.6759573892077257 5.115058563060016 8.74394306917532 4.064185703148028 -3.490810422240813 5.508737062330291 11.856830971287025 17.879064526334894 10.234182751021256 2.588551343367872 -0.9890671294869159 -4.706531796634686 -3.329949513337404 -1.484300409314969 4.179453439522664 10.068114548701267 7.258918587386858 7.073427293416708 5.958642912031205 1.0293601608253184 5.553467286737322 13.68186027674813 12.00469665340738 2.3422172859560964 -1.3468725473804086 -5.055864143148853 -3.4918887781971404 -1.9412137764483288 0.5249561613720783 1.4588236768240581 -1.0092776735790299 -1.9418570580151986 1.4744442245831997 1.1003409623176517 2.350256692830263 4.0892703245606805 4.0469255899325995 2.7673598068734884 -1.6329603268567392 -5.070090988982552 -3.681333806115728 -3.6091634404537105 -4.7942733347035515 -3.130679795898877 1.224873002600101 2.9338240353190375 5.172905920539639 9.522467007581549 8.256170584374617 1.665229732686594 0.5582585844350486 2.420642159383253 -1.9617835326244735 -4.886833131237654 -4.174022496202026 -9.774415274320996 -16.071846995562005 -8.774285669505419 -4.927347898805138 -1.3106984527463736 5.827624577219225 3.1183467487051373 -1.241156540588546 -5.3072268375923715 -9.121088639155502 -5.088458167102386 -2.02084989685106 -4.633476461819146 -4.750422228840686 -11.157789789281157 -15.335869027681747 -7.999608325809218 -11.301678394206133 -1.293809823398713 -1.5098784945158616 -0.2821616947195672 -8.954267195889258 -12.751731602188134 -6.341215699566902 -1.9243137660210192 -1.1041017025898707 -4.296021725268707 -5.406756515043533 -5.453499737182118 -5.133960918922975 -4.0178859641792135 -6.995780035455147 -3.888967589929183 -2.44478112625754 0.2680304211865124 0.30458174740949373 -1.1612241118106457 1.782260991961346 1.4934742452925933 -0.536576984760294 -3.7783085813960957 -6.234976239103405 -5.01321671909409 -5.071428971892959 -4.413582495708981 -3.284061583784589 -2.0310006833111216 -1.0180167996495584 -0.031866427646876964 0.9314255446446551 1.6512265675238578 2.100134696726564 1.1981592960941847 -0.45339336549485826 -3.242968880264745 -7.247580369841176 -5.952899103017477 -5.3128648123989235 -4.320165704393874 -3.2154133881881397 -2.092456874794395 -1.0207894560800395 0.06736531736685765 1.0330001922146637 1.481304330866949 1.3364971164865729 0.6474834341218823 -0.1459274883140489 -1.7120407845341108 -0.1195572479251013 0.19868465221827877 0.2994469169604333 0.432099485184733 0.5311779306438795 0.5868030256829727 0.558178333652782 0.37130640169080636 0.0370157878709255 -0.34693977719801306 -0.7252215611856748 -1.1064685056190333 -1.3732454208847367 -2.0452989964829102 -0.6248013376901334 0.46461063774096584 0.877886550132863 1.3283960463252276 1.5467359203589695 1.3904619493033514 0.9896919325901357 0.9775314028410009 1.3019620638873575 1.1797403119305643 0.503757261791897 -0.40370690465655334 -1.1149966839607055 -2.7817056312301656 -0.8531226345149796 0.7069221370985792 1.3958927771905312 2.033678448107113 2.1592879186708402 1.4170221370911211 0.2882905507683414 0.6961967492628869 2.453547757235232 3.115082184907366 2.22725041469776 0.7308478799039334 -0.5476397935473876 -2.9443111540090015 -1.1225634367932944 1.0796684164971793 2.1701034613047216 3.1530538753962234 3.364850836129014 1.8147370016879436 -0.677130030630821 0.3395427773696328 3.711104631166497 5.400865327726128 4.280201705048813 2.0668833514419918 0.09585977368559478 -3.12500284696795 -1.3805595131519166 1.5568452707980764 3.896179890388203 6.972718721360502 7.853824592909474 4.24084318944207 -2.1357173315201576 1.1693793453220296 5.940028075601137 8.203400740829656 5.893985192207039 2.927355392601882 0.44372271666645335 -3.356351742246785 -1.6983508728233494 1.7058360095095013 7.250493502405203 10.557262728203614 7.961044353160714 4.526028576038419 1.1820927430691033 0.6555609108782923 5.157286282921379 7.503297002800062 5.546210895924136 3.148289677613266 0.4509654041639789 -3.5407930867182054 -2.1323710167966254 -0.07396057344408118 2.824826014151266 3.89576242174148 2.7808242479914425 1.9093895911203909 1.1582780617659107 1.0695774191519873 3.084786078904787 4.431797278467769 5.043017497359893 4.337839100598519 0.2249716719644346 -3.5404425919649256 -2.667757211009578 -3.968699439538189 -5.921147650085388 -1.8807625441532274 0.778846797642937 3.720974983712724 5.530980463202619 4.8999884907736115 4.364881080016975 2.2032971992379795 1.3889913774211389 1.7879525270936791 -0.25018864693528814 -3.4425752570576034 -3.325883947610563 -9.40574137266164 -18.971199554328738 -12.24497854003609 -8.047398905007137 -3.207181944430517 4.291696457250065 0.19417200131647738 -3.488349650574652 -2.638238802468244 -4.962056942172099 -1.7229606492022584 -0.09218691546604399 -3.3273988557745033 -3.85851647756395 -5.705250195160951 -10.833859510924645 -8.396256214822897 -10.924128583615442 -8.176050151589793 -7.78699272339789 -7.641073954860706 -7.866174334520504 -2.9421951478009247 -0.26249836159104184 1.6589362299588466 0.4834364632939098 -3.177142440733392 -4.970306970646096 -3.7239457613769185 -2.939849901599138 -1.284961148888516 -3.841831824144762 -5.211572450125943 -5.380524753865776 -4.293150225058885 -1.1598083606661453 1.2102454605940522 2.3532224109555298 2.0538820424187256 0.39551904346661926 -2.9170209497711275 -6.024206593616085 -4.394559368560864 -4.1560733841483195 -3.556608555221933 -2.9134925529322486 -2.228851778794742 -1.4640723437019243 -0.45362509984855254 0.7589162733999671 1.7561270561838396 2.2137995414190472 1.4625905852425753 0.1056256099919043 -2.620291419470782 -7.299445720476111 -6.007708731484203 -5.325540124279828 -4.370253502200576 -3.3824869643613713 -2.3682923621423186 -1.3671021603246745 -0.31857166894330463 0.6406616799853722 1.1173324530553683 1.0413336726394662 0.49397992143175345 -0.13382791049572818 -1.5690963947721985 0.6932719253094622 1.3305568313295577 1.488945816991617 1.6977139806138442 1.834396351724361 1.8756638453360097 1.7877510331921451 1.5568069512905973 1.1952695029888138 0.7435980901018094 0.2544807714710677 -0.25804216000295926 -0.6196675577613697 -1.576814420857747 0.5216789788505243 2.045123778338855 2.5145690867229935 3.0767074189795727 3.410024778325721 3.4180134756025184 3.1319727056881437 2.880134905211329 2.67060039963362 2.1862253447485633 1.4252009591742063 0.5155399798658485 -0.15741433359537146 -2.074452695512152 0.3902865392142279 2.381740557952824 3.0877119964294306 3.8479987842589214 4.195819353596421 3.942281264036891 3.2768887828410214 3.122116988507994 3.4528426364123543 3.2645990208763838 2.405745906039513 1.221284281630195 0.2814168860869719 -2.1255157468600454 0.17840851685718226 2.75812491432834 3.7858575274667694 4.800629411652595 5.15035858691537 4.549409287811092 3.383075236157963 3.30907645469212 4.265751313150184 4.467335705592627 3.570734201532149 2.0981500009086926 0.8266832023598059 -2.1480468535757296 -0.11482497116478765 3.0700073907120595 4.473862435724076 5.77598257800211 6.129668093895605 5.202023478601575 3.5538914955545273 3.4603415812563836 4.777483558008769 5.276662408303618 4.471371874760528 2.85466405150412 1.2948925887902922 -2.1755520151793837 -0.535279654984593 2.8689306639502323 4.510773360694993 5.831480852214053 6.136413916918678 5.285527851315422 3.7751551814907485 3.5288756546397844 4.765698335686162 5.369946011757621 4.806784620801241 3.2782431753911534 1.592495090475479 -2.189711503446301 -1.1235260132070615 1.4062269629027144 2.269825208849371 3.4606163275508073 4.175060041647457 4.305659869007899 3.570456795962652 3.411774651165888 4.050377957818881 4.429240384223709 4.342914284780715 3.189867110862268 1.6064447498726586 -2.1444204748337174 -1.7997236431503805 -0.8578422550436918 -1.5153932659227092 0.39618587234766184 1.409403898003872 2.379674292741353 2.9105806948075807 2.543452709806101 2.8747389878077234 3.167535294732369 3.287038933129698 2.6597486471110585 1.540009988066739 -2.099232902492356 -2.4229970515584642 -2.038844348473541 -5.467624503546663 -4.172948929341848 -3.245919860060678 -1.5040287270284212 1.1444049888901362 -0.558937292567482 -0.11334440596453584 2.3422865052451765 3.5536987981033543 2.883549547569479 1.6731164894653754 -2.1092478269538137 -3.1652477422589405 -0.4792568528496949 -0.7636923880575733 -0.23315430469202839 -2.625126632552597 -3.6509041647520264 -3.7805172162598883 -5.606333724493859 -1.3117121243391248 3.565799813337804 5.719069716269175 3.6944818025167234 1.6787347374536683 -2.1385531283906736 -4.546525270230659 -2.0845322908743977 -0.7734313553628892 1.5318004060148922 -0.025163442545415575 -2.6235395859632074 -3.270940894045804 -3.007551076697095 0.37730391538492447 2.6721416075593347 3.318994627307285 2.5785167693514617 1.1425946420740658 -2.116686335886328 -5.752501668774463 -3.5546455831776704 -2.8685225803122036 -2.261888006555996 -2.1579481632690523 -2.0147322054748966 -1.5233928144345328 -0.47082235050492965 0.96025491830677 1.9819224290811666 2.2793908562448832 1.6028443448144714 0.5456110165418867 -2.037313517122086 -7.223712441299248 -5.903857193977394 -5.159919426904625 -4.236887977470742 -3.381190719007488 -2.4900532669548103 -1.570050935350688 -0.5781285317531027 0.34817246094701865 0.8148855774189288 0.7650147534477545 0.33563762500435945 -0.13078773564898724 -1.4148492683083433 1.9457099516281033 2.983483987397704 3.2053054799752165 3.4979480063787665 3.6723286305125233 3.700543238419271 3.5547993124313413 3.274004249094766 2.875624885953075 2.359508924602047 1.7770471955357112 1.151619972277371 0.7102229233598325 -0.5477833925866672 2.22595967863658 4.11547869250577 4.584583405184632 5.193684722172051 5.588869018892692 5.714389269861205 5.528963082496603 5.133622284955856 4.568424518403117 3.8291999310338496 2.990122978469942 2.063179589958877 1.4118346495512903 -0.6992313364776531 2.185487764935728 4.390344787026232 4.973869212302197 5.7091622813836045 6.174501327599091 6.306176986618162 6.072231483096405 5.633105845296674 5.0436365633282625 4.279107844861168 3.4082717089574035 2.423496300147441 1.7261371111010013 -0.655716565483025 2.007622225398804 4.5356523092524625 5.248863070412331 6.112231628528128 6.633405451835095 6.753564043303953 6.461382151083889 5.995189549579775 5.4258105091262285 4.693891524581272 3.8482612344049913 2.835544296179929 2.095031565632481 -0.5737125714011613 1.651360780339305 4.422017417112822 5.247208940761784 6.1986611454262714 6.732392893959442 6.821230062572201 6.485901937877852 6.040237241625409 5.565219194382775 4.956055991062972 4.2223846742518765 3.227796870922656 2.4454093554958245 -0.48605321327514134 1.1129248030316332 3.9275913033549914 4.746820957266392 5.705362461578443 6.262751965696829 6.402725645135374 6.148349093692529 5.80909945896042 5.466212711854382 5.030927271423848 4.4779926670111845 3.546944919187646 2.733359249039412 -0.4140060555112958 0.37206601904989484 2.868356570908911 3.450381855574046 4.277314647755563 4.912093217315135 5.282610142490725 5.344204565101571 5.241607712466813 5.041252342000193 4.804256133073543 4.497061182075391 3.6908880724348836 2.8777118516918727 -0.36996093366257266 -0.48652189437293875 1.7017908164825613 2.061071827997445 2.6900395627556555 3.2258299170211084 3.694883619994741 4.040905864972391 4.241780564907168 4.323119389513401 4.3810311385641665 4.345863756852102 3.6726955859159016 2.855188512745959 -0.38972559420115355 -1.3824426099485263 0.8886065989714717 1.2376701331476243 1.6675618632854698 1.7079291207444078 1.8604938542253142 2.207469252831839 2.6725596980265984 3.3146943946417124 3.8594471862781705 4.114364416639866 3.5065568890153487 2.6359453728090982 -0.5084592124068618 -2.372844897841235 0.06446554476336515 0.6934676065796416 1.2383709357155592 0.7969134742191787 0.4174210327793925 0.6018884258919164 1.1821254249908066 2.3707320253760527 3.276558476097982 3.643414351278354 3.0693761518254017 2.2036122490711483 -0.6947415582940073 -3.5904608025149924 -1.4087091426575937 -0.6716347176345319 -0.013941903168648751 -0.20052647051627484 -0.4316033956004239 -0.13616402864720906 0.6038206825316901 1.7213147552403145 2.4807882737733866 2.6700113425487957 2.1782521871151244 1.4873393107865611 -0.9169501340369136 -4.6144452245541565 -2.809815778434577 -2.0967407295586677 -1.4629455733888295 -1.1980239276253288 -0.8861711203901362 -0.39874709511539425 0.3567439122815932 1.2345799826043138 1.7414094226610846 1.7572324996125395 1.3136970582434455 0.812705231673303 -1.0848614931759484 -6.013962317109835 -5.043858071420495 -4.438047318880382 -3.680701732742607 -2.9677275945056083 -2.245261909288334 -1.535642031332718 -0.8366833715039332 -0.22584454525364753 0.09795142044870926 0.11971337693808287 -0.06678584005200243 -0.26053018063926914 -1.1060690106839624 -3.661511700282536 -3.9836867515190395 -3.9731480609322865 -4.011549637463606 -4.092432696694932 -4.2717378970695625 -4.565088222902058 -4.972960635571378 -5.488683603809552 -6.107721034076742 -6.777179228363475 -7.404147319563153 -7.8720107113976 -8.133205981123428 -2.415060191016725 -2.181889186086106 -2.1756073975107517 -2.27012346555316 -2.5595031172363116 -3.1117648734607077 -3.9025040031260745 -4.7907305475781845 -5.684820452258958 -6.5014776499891145 -7.198805092937571 -7.853761530694159 -8.317117479573646 -9.299985211005943 -1.7116459987543522 -1.2380481602761273 -1.2442096114308623 -1.40766818761456 -1.8656124484277046 -2.6736980466968103 -3.759395226148959 -4.86123341346668 -5.831350992545966 -6.55303176591075 -7.036193821023598 -7.552841367722851 -7.970133862391544 -9.205605228503366 -0.7978566976997125 0.007345756462929941 0.0046487249392320245 -0.2124373574569374 -0.8370120624964343 -1.906682730866279 -3.2994495202485705 -4.62731360403504 -5.688294903402503 -6.352630941678874 -6.67140885939974 -7.090025300106993 -7.49053480637412 -8.996140390089636 0.18104426421991135 1.4065692268110708 1.4494579217589747 1.2567870912088606 0.5752076761374011 -0.6202980291215593 -2.190601401522748 -3.683581215702765 -4.878761311608419 -5.692518777916198 -6.141597062682669 -6.668097970030266 -7.150105355670892 -8.892061275744846 1.1866399869485043 2.9247924127109926 3.083662846058663 3.0316404090044062 2.414385413390817 1.2084317917820775 -0.459323380998016 -2.122723609708692 -3.5688284050572565 -4.7408050375365445 -5.619449655602707 -6.4501430770029655 -7.025900787053374 -8.89037826015699 2.1157554052566843 4.432916564678051 4.804622916345318 5.035796316273253 4.638414688857207 3.543909083710408 1.8318432235464277 -0.053415048773993 -1.912278616089472 -3.726827171422822 -5.345455349510281 -6.574268045598315 -7.16632759828029 -8.920879026416594 2.9174422195568828 5.769991085675906 6.373899853166534 6.922038166341412 6.797023017910927 5.860076921353593 4.137075764567389 2.05505365449125 -0.18915858348938458 -2.594020509283375 -4.875925500252192 -6.475283868660216 -7.1135239506172026 -8.784773535480474 3.532813691557796 6.761440530256951 7.537595759314267 8.329838592305205 8.426209543560384 7.618398746106874 5.903040025959411 3.730863739975789 1.3226976934829944 -1.2762472676061714 -3.75900331497728 -5.5766900837799165 -6.397965240872674 -8.267311697113149 3.9800289827535007 7.4262567009419795 8.301510407953158 9.250856865888384 9.51152940640808 8.829674618529824 7.1840610289934155 5.038217166122695 2.6344583532944705 0.08025204226614739 -2.3487710563630024 -4.286853740075336 -5.339538649161435 -7.532669232230888 4.23086727795874 7.687981742860439 8.56260309802754 9.554500568895845 9.915041132498454 9.39795754365579 7.962317858910168 6.012114137751214 3.7732746120938288 1.3871944469119082 -0.9067517029220802 -2.895707905635228 -4.125245718451597 -6.5888730290942465 4.275956402383739 7.602718823638614 8.424007357545191 9.387594982954722 9.79376231018779 9.42793867561143 8.23459437342463 6.538014833835654 4.531294350334806 2.3622215714053327 0.23778274058520482 -1.7275147825371466 -3.0425967023025717 -5.64600139157726 3.46454294642965 5.903822991237339 6.479389230203914 7.200598387203082 7.59040907226965 7.541926910355808 6.9953474831617095 6.0952314605070095 4.9226447363970784 3.5277700003851558 2.042962691833631 0.5436006315774625 -0.5300597000072718 -2.744006229369776 -4.767925373273914 -5.004347787640979 -4.875392492801024 -4.740695983706972 -4.618610950323681 -4.577794527064862 -4.658114329149529 -4.8938167625849305 -5.305096729681767 -5.922819734355398 -6.6813916285837625 -7.441931099219769 -8.013629697287165 -8.577817102150831 -3.6101656033632348 -3.087343166723207 -2.8673234149601643 -2.7029369727056234 -2.753564432439268 -3.0734786556352236 -3.6404797538136147 -4.298865503969143 -4.974328545162976 -5.636896986052356 -6.26669024397551 -6.995500845226877 -7.56585561185846 -9.199763543679923 -2.8671189976989186 -1.9945851825594767 -1.7615334897497743 -1.7052670105998853 -2.0372509215888766 -2.7218013623624198 -3.6401995898224784 -4.455790801325945 -5.036733286236289 -5.3673643030169975 -5.551779168986364 -6.0785015037627455 -6.675206875133581 -8.79997116502069 -1.8867016187208032 -0.5833548719894274 -0.334498013661917 -0.5512321810019926 -1.1196597968146287 -1.9839393365666513 -3.119979542056249 -4.029385673267866 -4.524693745944792 -4.770292175195238 -4.619243101150126 -4.906304748986801 -5.612168911837072 -8.271070687385519 -0.8415082348108032 0.9374379893254248 1.7723700989942175 0.7885020052493371 -0.2882659343899801 -0.6091654752954867 -1.4827592510826866 -2.3143315234310795 -3.007374703850756 -3.518825195552537 -3.303272180286647 -3.970142554663145 -4.907805447504268 -7.9731218098598085 0.1735182806470935 2.4806472332057576 3.4563891841577385 3.400002234631792 2.2684156825080795 1.8048255862585456 1.307273709492789 1.042036026752748 -0.16618443393545274 -1.1391201689274284 -2.0652670163711693 -4.343032063284631 -4.926983146255162 -7.8971165113441835 1.0040678666500629 3.9061652200374697 4.639702496375956 5.24402885619721 5.222755879435009 4.935331415086455 4.32718056220066 3.9518555738445857 2.917244782063712 0.13193589598998964 -3.18176020821733 -5.575371736492428 -5.9216495497055694 -7.995676753868132 1.7001573481628516 5.149838208706719 6.205109593282146 7.335878427943488 7.843959218538757 7.816403300345699 7.162276638064424 6.25622473442447 4.794772224994293 1.0917015019064475 -3.677647551296418 -6.388889787070245 -6.615438626987697 -7.926510095794592 2.305344730533689 6.039033659387335 7.27664121540682 8.76906304203722 9.665896708310166 9.668574713972612 8.717181646536499 7.367216038287598 5.531369966619867 1.9557404631926787 -2.6011540523953873 -5.339286416615546 -5.703121554667742 -7.3348543858407975 2.852192698399185 6.707400554094279 7.97542333866592 9.627886699005 10.734013159777584 10.677448444292017 9.396637679864009 7.738143457884269 5.786372640002557 2.784336338903821 -0.7991042132209332 -3.2948458859840404 -4.101368242192384 -6.531953939367497 3.34219212528964 7.207555462093278 8.38163199001832 9.932517944370694 10.963424214583819 10.915938613602297 9.712681430636357 8.048903422187282 6.09862554050258 3.5595605417722713 0.742091697674725 -1.5569255118885303 -2.726399696979197 -5.694379611513806 3.6240642715662967 7.38042529504992 8.417455124529798 9.770875598203807 10.630370920672215 10.617525329760252 9.639967603272488 8.13898764489485 6.294506353357302 4.10622311219452 1.8042245488721576 -0.3395325364158967 -1.7137279396363194 -4.915449692073195 3.1183791415079156 5.838739844416806 6.490754118006062 7.349427889498598 7.894296548875302 8.00439026099389 7.600990159182054 6.816594093432916 5.724279638794099 4.371938763691944 2.8893362224981933 1.3189105004159223 0.16343079378535363 -2.4144796863437503 -4.998184954559635 -5.1813948324239645 -4.994509217434872 -4.7720413683106075 -4.54374047239394 -4.3813488156789555 -4.334553865001807 -4.451123136225954 -4.7661472385996335 -5.333767086662622 -6.089197868121674 -6.881071714781088 -7.487601436760106 -8.173481102925901 -4.00042513912825 -3.3779239278155786 -3.0532392477600068 -2.746732117903752 -2.6305441250656623 -2.7261925536767735 -3.0281807766953883 -3.4390444598448036 -3.9274544465960672 -4.516047533062134 -5.178765412787098 -5.991499616527302 -6.630957060738024 -8.503666224163977 -3.298874741649756 -2.314748190465612 -1.986302752825055 -1.8180125697850806 -2.010306823752027 -2.4222985445132075 -2.9571631655498574 -3.4078418325587454 -3.724332802801268 -3.9714568736628255 -4.236879029515995 -4.891908576918006 -5.572454116354401 -7.984952083413675 -2.370414861630316 -0.9708141004764096 -0.5986040381146226 -0.9568294339764096 -1.5204139995389978 -1.724811688286287 -2.295975448005834 -2.6563191739969096 -3.7684728468908735 -3.592141525765199 -2.8701991109074307 -3.465795864299578 -4.322765824277617 -7.335198753271132 -1.3957754743416921 0.5097644268110174 2.3674821272523987 0.2869338218861677 -2.6834257512270345 -1.4886572378616034 -1.2620225801837492 -1.4840723106171052 -4.8363095930187265 -1.7839386993895492 1.6621912205321236 -2.0328259568818607 -3.4566529089160816 -6.9546550735178485 -0.5210964729789059 2.161005757487142 4.596504282744094 2.508437448904601 -0.6594103846299965 -0.13464299271378924 2.799803918589271 4.2018224638556525 0.3919776674737615 2.0444023854060114 2.9899294887145453 -2.8512749233867742 -3.4931456957673834 -6.837276084174057 0.056765876819026846 2.978546821724814 4.357427364979272 4.425355271415252 3.9924161562647105 3.794290507663375 4.871248421861775 5.9955904720835385 5.615328496606875 2.4700527728144053 -2.6096686390969674 -5.818813121813868 -4.9591351421192496 -6.954667180170878 0.49056504695042696 3.6096395341789953 4.818043341548885 6.584559425858037 6.612012037113334 7.404182920112654 10.050285300540619 9.208784672909566 9.96066646388564 5.130787242695125 -4.425230955403407 -8.249493392221469 -6.300325137727721 -6.886836116820309 0.9254030643388388 3.750338516130947 4.649777739558045 7.5123504908950975 9.138399054012053 9.790258417134483 10.6161777216492 9.787873830549742 11.394077086271004 6.50203936490208 -2.3023696019245095 -5.216645865201009 -4.9957387321232565 -6.204411455537558 1.4568066450499633 4.3587214299842945 4.952757931666012 7.580629017299863 9.425230501740785 9.159055937606833 7.99958218387393 8.228866108499934 8.224831653742285 4.758332398489254 0.8765277048194938 -1.858330421063448 -2.9078752103470724 -5.3383033874352055 2.1240454322170828 5.34765984209883 6.2687637432353185 8.139536914225006 9.549241819926756 9.823717244007119 9.183678928932896 8.202672486081031 6.718888087650439 4.608876500630771 2.0133266198583817 -0.30779408776013023 -1.478624261684397 -4.610831599546687 2.6214547729862425 5.920842989744321 6.854064785968945 8.258649659807139 9.398764589153107 9.729677708301208 9.13321642510583 8.096169853921209 6.744755478709085 4.918889422374856 2.804660617000966 0.7318868065743421 -0.6256841080842409 -4.004513327214331 2.4997952037236435 4.979387279914991 5.555703411521447 6.360173304791282 6.932530549604256 7.15813902898371 6.9496406920321165 6.391645780967076 5.532520745611643 4.412188176890643 3.135693035874396 1.6956995635839534 0.5918789461690229 -1.9899873480815977 -5.190025958263016 -5.305450438390804 -5.05326642612658 -4.7333247627697 -4.388725084622468 -4.091838957925923 -3.9009841457716945 -3.875205597971866 -4.066560134922193 -4.55946475231624 -5.293148412797058 -6.104258201061974 -6.740639227130239 -7.537798387480023 -4.4263482211524305 -3.724239932335918 -3.294354508499615 -2.829805277721529 -2.510032473097725 -2.3274504475578266 -2.305919519111803 -2.4372735226247384 -2.7357921365704647 -3.2525861372668294 -3.945245617789176 -4.825313380302621 -5.513551200626595 -7.565224592356563 -3.8098006034255505 -2.780295297366534 -2.3770850787272035 -2.081493987281892 -2.067253191067798 -2.108716183706024 -2.1688801092437116 -2.2488796271008535 -2.3689193125048242 -2.6005424018540353 -2.9609694791540306 -3.69077774189104 -4.373787922762925 -6.939403269963337 -3.0002108048540657 -1.6374246724691792 -1.2879915709095775 -1.1191686226285091 -0.5602266251548844 -0.18316553113129017 -1.4981176261174765 -1.0406954208728898 -0.6208542108829413 -0.9545904506236392 -1.2304251954768284 -2.179751290800627 -3.02215716712827 -6.168933686550824 -2.187202481896165 -0.4763390708432922 -0.226967469338227 -0.1566180771500051 4.903383496556541 7.388910295000351 -0.2740192750663378 2.068966708057354 4.915122220909958 5.487682831553076 2.8399523537268174 -0.6098101045931392 -1.9897435916087118 -5.669028192315421 -1.5632666136577202 1.0719993126170837 2.0090656496078934 -0.5272702345640901 2.5168236892723788 4.460998164391866 4.195282666062193 8.288532486352858 9.434389686399342 12.060383699449012 6.117159344566649 0.0708873679100762 -1.7506110840267062 -5.4361552945683265 -1.361515099930367 1.2241022946560527 3.8375856004057094 5.753592274258331 8.425034469330132 7.497810875327154 9.661333285999572 10.981314821156479 10.830513711239776 10.975338553654845 0.31199248976186617 -5.151417991180156 -3.6707819518652607 -5.460731782517217 -1.3076112274699154 0.4379168663204556 2.898437141581692 9.144721850768045 9.700394699049431 9.535383567031834 17.28368556313143 15.228805895676969 15.555651837549094 12.279084922008321 -9.217329648615639 -15.673388653216747 -6.034559872708947 -5.312862218254351 -1.1374252778896836 -1.3951344327237984 -1.4699319284825991 6.653674998389338 8.99790750474282 10.26295043768455 15.244185873895823 13.573280825116063 16.972441616516402 9.923552535775265 -7.6019847953268265 -6.2222165059099375 -3.440079904141253 -4.55583691172562 -0.5795822358830409 -0.1681034374458561 -2.3291251305670504 2.1896675441331457 3.583275312905781 4.154273535227921 6.486087599327705 8.986539578915943 8.19970164955067 3.218900746821711 -0.4478240066031739 0.6187690234314938 -0.8871251280952515 -3.6986012399664414 0.3575218192697169 2.458870397196058 2.1305054923211735 4.048507684534885 5.342148385231201 6.680195920963719 7.25618300264554 7.087797601440297 5.211709146606169 4.61845636234063 3.1091902041295003 1.5400655569753252 0.2934308285428268 -3.1738216446512157 1.138778102972899 3.6883016397851023 4.442865705416111 5.813411880023618 7.221548173810823 7.962709131896373 7.810638263752542 7.349130676513832 6.6576622697136285 5.45959201141601 3.843875409535302 2.0236284945156924 0.7171927655756729 -2.8222910531493186 1.5578296158953835 3.622555696809248 4.082821299113925 4.781532263926257 5.354583942973796 5.707317131297592 5.748175852710415 5.498952662055668 4.973352949533648 4.193152180877824 3.228170413616177 2.0176516106953537 1.0358313107125459 -1.4410549382665183 -5.335663402725553 -5.382670868145246 -5.076533745669495 -4.68059331095263 -4.250236615559598 -3.8536451408473718 -3.552001192953823 -3.40625836857446 -3.482003806315674 -3.8947301004641988 -4.590658993147098 -5.396836904824401 -6.043811239736231 -6.88761770026927 -4.832232002921238 -4.117017922828101 -3.6278551225132056 -3.0448934316980067 -2.545887624465045 -2.126944277436166 -1.852139070317209 -1.8107131725055137 -2.0327664742691356 -2.5135224883441802 -3.1849829771444393 -4.038893645984727 -4.695706643334518 -6.7322322154819725 -4.342810382729595 -3.4135416442066204 -3.0078790508309132 -2.6078446944165297 -2.3564309684019897 -2.049310459824322 -1.7484683272585213 -1.7193882167565582 -1.953933318464778 -2.2699770941802044 -2.6053798262194516 -3.1903070732057093 -3.6802875851046744 -6.0627964397030105 -3.725969041355537 -2.615415751297423 -2.3373957797291034 -2.129378047127716 -1.1193172325533385 0.47667602195538905 -0.08110514036714692 -1.234341447250158 -1.3493003860969188 -1.3955183794156822 -1.619044810105054 -2.0103305444167585 -2.4371637309723253 -5.210449767378157 -3.1802165305815544 -1.9099492614250866 -1.8761901058636485 -3.536448162378536 2.837495731832633 9.84043938814342 2.953446704684667 2.1756703778550985 3.101687178627423 -0.049086982483437236 -0.37888597766911714 -0.5607993999524019 -1.34773829409608 -4.551004499574844 -2.901122001570908 -1.0353395712915838 0.18179403050978749 -1.501910439320808 4.154427776849665 7.443815646384385 0.8544418693140554 7.347295883884862 9.48757469895922 7.2053760984497925 6.109814095624395 1.4026459240477622 -0.7712250471223592 -4.076769779545768 -3.1112712782272536 -1.13400867704551 2.6898934189415464 6.067544214215007 8.9412313141065 9.292795850844614 4.576073886725791 5.823740959044507 10.07690356309557 9.50194164748587 4.814943642114651 -0.4112720371232416 -1.5116581778226663 -3.7837210046115404 -3.4010191289246863 -2.397162015888687 1.156066977030537 7.14082308900711 7.442081938474228 9.159286074677887 9.48933270243491 7.3431051732638 12.621951249147475 9.984494376189636 -1.578625493111352 -6.825990367769182 -2.413565152380848 -3.405542778711598 -3.39624101384369 -4.965148179017027 -4.037034969820115 3.100565826958499 5.6306703569733525 10.13545956621783 13.60105868052199 11.481870872025366 11.660414744643322 7.12872615482136 -0.9413379776959365 -1.3987156775234808 -0.05187272711189296 -2.6727503040449476 -2.8291083914316273 -4.092162921682987 -3.1682781439853946 0.1907600917912804 2.8822043803148816 7.390167522613742 9.812634095016083 8.52858266225845 3.7072446194145305 2.678050223993158 1.7042951102285315 2.5240350701090546 1.9830099657021807 -2.0103767698696924 -1.6169675646879802 -0.4931181614498404 0.3445225524644689 1.221604576476044 3.3072287621484713 6.047692931099517 4.797149383163577 5.258643367601782 4.251960735997909 5.226348331758812 4.727657068480953 3.589947754690156 2.304555545168303 -1.798294160035216 -0.5571271123376502 1.1562121033397368 1.76262914076875 2.991364955025405 4.48148488338516 5.509218599004974 5.649960119607645 5.647871810431996 5.5560089600603595 5.162913776884437 4.415371069893098 3.101084866652154 1.88747611158889 -1.7475990428326849 0.44049600948611634 2.014689647216248 2.3616553032025593 2.9290136382856686 3.4580862215249746 3.8928233413461406 4.149955200000522 4.198329927616332 4.017226060696787 3.596742762846687 2.9724097863917094 2.0597697540030304 1.2780928108462297 -0.948217247195852 -5.483776814348687 -5.471725318722835 -5.125746474765988 -4.675737547813532 -4.186513629416262 -3.7205117544073594 -3.3398807995470734 -3.1060213405247015 -3.0924843734511676 -3.4335371412400346 -4.081574442576642 -4.859339454770285 -5.494912381788262 -6.32476034832947 -5.235979017911322 -4.536015971035579 -4.01090663003354 -3.33783055899989 -2.6934667735898814 -2.0997220597732316 -1.6525583420881682 -1.5009161094847956 -1.6785740581798736 -2.1276961515102686 -2.7621510729026735 -3.5670104821098096 -4.181541631054002 -6.103243558171903 -4.882773110356811 -4.0809365690713815 -3.675313986672008 -3.163632582853704 -2.6796655925669044 -2.109823901189358 -1.5923185214898345 -1.536275193871721 -1.9103212317364193 -2.298015587037199 -2.5849683592100687 -3.019528075160705 -3.338931102478662 -5.448960440139851 -4.477218054842271 -3.641289083904173 -3.387479270894545 -2.998184302530431 -2.0840014866029124 -0.4424588251070369 0.2664389762328152 -1.6944767073336149 -2.6909098634269055 -2.5689147377769435 -2.173426324338987 -2.208835217508159 -2.2617726266485776 -4.571981477701786 -4.2270802234143865 -3.282573248757663 -2.4764413883497514 -3.0160466907028245 1.0137913609654303 7.1165387032147285 8.431711990685386 1.2403270535874595 -3.608959690071395 -5.977952451262371 -1.1966420716078023 -0.8446966550424461 -1.1787025341398367 -3.7820936676412864 -4.291764680598507 -2.606558658306805 0.4731485825110362 -1.8678930393312434 2.5486553962733307 9.522931030561578 9.465871396388373 8.254039200000463 5.792757617290094 0.8180469644496359 5.540698831078861 2.6006392306976465 -0.19394001995721508 -3.069829103066641 -4.842463442550078 -3.2976637572700485 -0.43115462685422734 0.40917545724837423 3.165356348951446 7.235243118232355 3.570535454751819 3.5894706503098757 8.935136989919789 6.795447221962823 6.578018342343937 1.91642957631566 -0.14339535643280185 -2.4328798611021 -5.363240838552115 -4.434714899311111 -2.146618275492119 1.233727954154742 2.5498597048338003 6.015248967355111 3.47547973149436 3.5685360069808585 10.193918698782689 7.969054024200842 2.5174836749907157 -2.2914098286194626 0.2490919512076396 -1.8073406963152054 -5.299571646780696 -5.393922845166175 -5.363006318406157 -0.07582227206522024 0.7185518304971703 2.8920838491476366 0.1989014987928484 1.6639540677517703 5.713656618190967 6.944552962571912 5.018874520570651 2.1516417515485715 2.6713531183152086 -1.1283662991373486 -4.756902297887544 -5.966743733821917 -6.349370002294217 -1.773917292558353 -1.042231134649723 5.7666597678529286 6.512976333045413 3.2448635927690144 -2.1564271041471907 3.401493015218211 9.45811930204421 5.127010518046234 4.012191681466153 -0.6790412165541044 -3.5206389197402643 -3.0784136661995856 -2.007588844730937 -0.8664344867914003 1.3121936521765432 4.878088700868266 2.86349965155048 3.422721302479843 2.2399505187148825 3.7653825631009643 6.02237281704492 4.889603008044874 3.5641950085541745 -0.7208797110777385 -2.308280779183776 -1.3625939139608914 -0.8588469550531388 0.19356355533704972 1.5538103162581407 2.6174554640342125 2.9969037096506037 3.3681160749350165 3.736680196083725 4.054287529285151 4.181269450590543 3.4923813446642127 2.5476509130281246 -0.8930636547112707 -0.7729468065721344 0.27097153778506117 0.510075247794019 0.9329702305106773 1.3899097830499092 1.8754228927727055 2.323560728508953 2.6604289754187183 2.829293839259373 2.7705098351760027 2.4878641970210054 1.9026200644458795 1.3635042342876078 -0.5335985258554031 -5.571036177362526 -5.520419437219761 -5.159816487317567 -4.689519433435134 -4.178960094607805 -3.6854597579755177 -3.271377208653556 -3.0016565568274296 -2.9475580940125754 -3.2324311614563257 -3.811624928552223 -4.5172300425367675 -5.100136600673232 -5.827372342129354 -5.552911696210668 -4.879120155335564 -4.33436254881226 -3.6082622616161157 -2.8804253880522297 -2.2094770272766326 -1.6958706803875825 -1.4631806637912912 -1.5514935869931339 -1.9401842933000102 -2.5501776757309607 -3.337373104892706 -3.953038653626521 -5.685967181254513 -5.321711070821236 -4.58337105073603 -4.127155335741164 -3.4863128518615185 -2.818537553495045 -2.136450814246203 -1.5776372119011306 -1.4323986579213546 -1.6920337806234271 -2.0371637621672156 -2.36233540093295 -2.8467509772596746 -3.2205879051012873 -5.127951711640215 -5.102795358354633 -4.402408549930627 -4.069361478214124 -3.4744112875821065 -2.6967654647119628 -1.6622254148102504 -0.7273981914198254 -0.9095876165560847 -1.5249906489142149 -1.8972821349079885 -1.932773600336258 -2.15448468493926 -2.2648520175628812 -4.33498732128602 -5.109793810080583 -4.571805219982558 -4.5363377276759955 -4.061413733007494 -2.3980644507370674 0.5037028902338825 3.2037655670694307 1.0387719748134825 -1.201383307665582 -2.1065161906743146 -1.2463434486976075 -1.237372886313209 -1.2650384922376667 -3.5371019163812463 -5.426344666832979 -4.902092547508521 -5.604268458638003 -5.3411082381371395 -1.5526041326638813 2.989464399221222 5.752343698235347 4.520727425452727 2.3655093363169164 -0.0741732755694908 0.4192993334985304 0.4113834527800688 -0.3033587625085571 -2.7353311593365697 -6.14010684841752 -5.687645874353082 -4.681410020287159 -2.8488511476626663 1.373725482616103 4.627409197115839 4.29708455827693 6.1074849914650455 6.539999601678992 3.3083271802451337 2.621438412993287 0.5541050203691084 0.140751714641791 -1.9340894229150274 -6.745089876336472 -7.272834126209598 -5.707080102159799 -0.9492561537148005 2.1511408475170883 4.821309066507374 5.26831702263358 7.461451435433678 7.376638020375944 3.7860621201863385 0.635127586619706 -1.5432688386053257 0.707176696985772 -1.1827749599364539 -6.612477876686614 -5.110680505130007 -1.764999341960836 3.248375739158335 -0.6359722884629587 -0.7152187125798974 -0.9930798301076951 3.0486477140368513 1.9750286812363644 -1.1045610933274865 1.2023724441879944 2.920271635778138 2.5009012131055783 -0.5302737927355576 -6.145083115788969 -6.041604247055809 -4.177301663048038 -1.7273531903899906 -5.272187695477621 -0.7941297723860177 -3.1532648351624344 -0.9032043856144683 -3.992602400185083 -4.4062048339165445 4.488131954156556 4.807474107596546 3.3294652898449706 -0.1512970178345998 -5.083410265353527 -4.8918951625285825 -4.135525531753681 -4.125262602624728 -2.2907562633190084 0.48347728767013054 -0.7693046548488385 -0.3295799636392792 -0.09995801602284611 1.0231630487572496 3.3483601351002608 3.4444365062310194 2.9528425006354166 -0.2097743521007519 -3.963083722211421 -3.6275726712282146 -3.1803030358951023 -2.444732474093392 -1.514363040292775 -0.6919971138752286 -0.08331181916937962 0.6059878455859964 1.3584662712008924 2.0915462148521575 2.673616993585721 2.6028802530688093 2.2534376149078166 -0.3892854423693092 -2.033280892005632 -1.5667125290863415 -1.4348492787485976 -1.169506632796395 -0.8068329758378014 -0.2970851998663365 0.31803754835026304 0.9336227790011051 1.4547593641661838 1.7510442919534617 1.795792887801852 1.5471640848556059 1.2745234730485933 -0.22253884485156883 -5.543139216892435 -5.468226198666198 -5.109139702590256 -4.640118912884828 -4.132392440188844 -3.6397184555982394 -3.223306674504047 -2.949678086939483 -2.8829537918823176 -3.1250463996067532 -3.6331626824759726 -4.254651178570755 -4.771578478156077 -5.374852604058318 -5.694415373642068 -5.049359344803101 -4.5020761509147595 -3.759886120199646 -3.0031575955503405 -2.318494339034674 -1.798717913293562 -1.5177715538427643 -1.520433504092326 -1.8453855339059324 -2.4290227384300485 -3.1978586589672675 -3.816637954300595 -5.3467127425660586 -5.553197770545682 -4.843961079675243 -4.337131413643499 -3.605420497022202 -2.8315292129499627 -2.1262421871831325 -1.6028106428583304 -1.3772618432072607 -1.4539813162004442 -1.7137966416773875 -2.09091428623954 -2.6728832686970114 -3.1587528652933696 -4.899549279540105 -5.46691414553199 -4.818956270182517 -4.390575535632094 -3.6561556843661425 -2.7697387275440066 -1.8855025506338419 -1.1842569681744752 -0.9426268738474851 -1.131500421791661 -1.3865716716163257 -1.5999938084930034 -1.9892436280248842 -2.2963132519976734 -4.22349202998633 -5.648499962244576 -5.248169476385158 -4.92735215657903 -4.11195340069116 -2.859579674561508 -1.426529669707804 -0.15539672072040783 0.26965250981143807 -0.07373196301664071 -0.534241406316772 -0.8581881448580774 -1.2274289816852806 -1.4028793869051381 -3.480640641253808 -6.111253003450755 -5.907650248673201 -5.585647003955177 -4.474619605281286 -2.616983659065158 -0.6009835034030842 1.1995889260039225 1.801633216790717 1.2094166664645958 0.38188963586518515 -0.2171600271946411 -0.6012355842173137 -0.595676139952235 -2.684280433594731 -6.860908767019125 -6.693825738628051 -5.708399357244324 -3.8290337845821596 -1.583099221763836 0.6969591807787069 2.5758361825922518 3.2292703011376167 2.127406218768237 0.8261850867494297 -0.13534432357393159 -0.537411552425883 -0.05992649792177245 -1.8456465063420078 -7.463155022363004 -7.549550558487971 -5.8845549349611925 -2.903906991190009 -0.794614310154874 1.3205464163380858 2.579656839440845 3.0430394074697107 1.9946845866774927 0.4930970725862534 -0.6565274076645576 -0.6768644739431672 0.4335940435387136 -1.061925169466605 -7.442203307031887 -6.512633131927908 -2.388699604623404 0.4946737977753186 -0.6038235043311825 -0.8593801211111225 -1.3893756862798705 1.471803837294728 -0.03325594545328454 -2.474256895886952 -1.1208809390152856 0.47687219374428813 1.176094687905731 -0.4296446224694193 -6.991025331559203 -6.564453302225733 -4.219733749773007 -3.196912537953857 -3.634294506875946 -2.8638933065805565 -4.356470842373008 -1.5095162775072373 -2.3410642975321814 -3.9158095713306973 -0.4967367924801072 1.384067021458547 1.7318433594756961 -0.05465794448756464 -6.082794236310057 -5.96241864550221 -5.2183888774362925 -5.280524769434765 -4.243506620883659 -3.058122189336036 -3.047079164978047 -2.3737705381709393 -1.6131064904170913 -0.7470094653892906 0.4783034280967832 1.3048046306805483 1.8031448915991992 -0.03564783047578414 -5.135885162984928 -5.222873080454674 -4.810500801089111 -4.359644979862074 -3.8481892148759482 -3.2407844397932393 -2.5161478459274984 -1.615356781378374 -0.6029126153832749 0.33470934873108665 1.0908990718161165 1.4638910260484947 1.6605345517372192 -0.13732654814887774 -2.992096113773788 -2.9802262429336968 -2.92679925305611 -2.781816646344354 -2.4954848514373515 -1.9791490925650046 -1.2546570377577684 -0.4447123256471937 0.3290687325104558 0.8820546227609549 1.1662038824475995 1.1770408670347843 1.116148562572197 -0.02467039493611607 -4.623170563446275 -4.487015066434285 -4.169144335751962 -3.7522807548263626 -3.309654006052881 -2.8918823030643925 -2.5467098967320707 -2.314036545709721 -2.2303155843429767 -2.348647487586674 -2.638974780642899 -3.0037727471592803 -3.3151729889201222 -3.6160032139066636 -5.031966207942009 -4.4834333645109865 -4.011764205247591 -3.3710247258151127 -2.7134401989444967 -2.1123540424407956 -1.6379381643066746 -1.3286017498853662 -1.2265326206375564 -1.398424730647632 -1.8024657424492048 -2.345013762266113 -2.794609879404236 -3.6934519743803835 -5.030925841137476 -4.425885109642458 -3.9484033315382834 -3.2773688507519645 -2.57505963454207 -1.9376427293174276 -1.4410477684734018 -1.1143924064082844 -0.9911503592301038 -1.1199871481196901 -1.4643264465420605 -1.9740175579799746 -2.407187259430667 -3.468334575874321 -5.105448798929693 -4.557488577073499 -4.106405736110276 -3.426114647773014 -2.6641569177350832 -1.9427967533605208 -1.355609902126737 -0.961084787195694 -0.789054413792948 -0.8436738670180068 -1.0866033079731972 -1.5125398950253695 -1.8810835723363004 -3.0803829244245216 -5.420202658325335 -5.1176769443266465 -4.729388796935317 -4.060505855056771 -3.2023775590010763 -2.2945520046245598 -1.471755806249066 -0.9071009943575853 -0.6459012484067495 -0.6137779676734116 -0.7494419150707654 -1.0573701915739508 -1.3093032248694885 -2.5833738834924933 -5.942175527190697 -5.939943891819632 -5.554409062753733 -4.8648085654581665 -3.9069307077681237 -2.8034602333613177 -1.7268806709181377 -0.9915902092836075 -0.6593221329292074 -0.5605723054325312 -0.5921517772898798 -0.7213494720262018 -0.760469671653279 -2.0010172147855303 -6.61478278805472 -6.857319549264275 -6.326881589692754 -5.5434209542103074 -4.526855063177724 -3.3219662561897296 -2.1074748703678794 -1.3070615441711309 -0.9812692907740398 -0.8654062408721213 -0.7983381850849726 -0.6514267493919976 -0.32947147112147557 -1.350841603227794 -7.155962402426512 -7.559895590252732 -6.85573828674994 -6.030535832377952 -5.1000286085214155 -3.975244494897304 -2.7928249323136027 -1.9829786280892212 -1.6099807535246378 -1.3888567263356324 -1.1385620113742716 -0.6663731347305903 0.020635648503563687 -0.7350684114902561 -7.2743124801875645 -7.726392558978324 -6.894107927082535 -6.167901981909916 -5.616115014807822 -4.89146458927583 -4.003220782450208 -3.150273302470397 -2.5440743917025492 -2.005348058246402 -1.382027231156617 -0.5816361997743432 0.32402515862461134 -0.2553389698533421 -7.075161932184222 -7.611614447394186 -6.945802624658091 -6.4962841387805605 -6.187653822350794 -5.710194325937161 -5.0428641604974 -4.12158518695704 -3.2014773791470863 -2.291066662142201 -1.3412618347018415 -0.359308363995444 0.5777616300260322 0.05593096747573133 -6.554591522085061 -7.259629985421071 -6.8952652629226785 -6.702916177402461 -6.447367652776278 -5.917392362365844 -5.097158562152454 -4.0437563827220675 -2.892225405469463 -1.7969169874214281 -0.8246175375952068 0.03436964662880598 0.764671751619916 0.16826502297445772 -5.932674146101487 -6.767863611804744 -6.655312819231892 -6.5622498106539195 -6.312131129140992 -5.710577024231271 -4.732080167871062 -3.5346694794679223 -2.266156070610235 -1.1496047032574754 -0.26897322033877336 0.3790364336022344 0.8535423123524591 0.17982957049005913 -3.9208905173009847 -4.431041200392066 -4.437851573676557 -4.3853502939729685 -4.147502711248679 -3.6468773144082967 -2.8961206475530097 -2.0248925882809656 -1.1473442612499067 -0.42104758034722123 0.098580325179641 0.4230969401752759 0.617715468102367 0.21536222506510802)
(UseCyclicTransform "false")
(UseDirectionCosines "true")

// ResampleInterpolator specific
(FinalBSplineInterpolationOrder 3)
(ResampleInterpolator "FinalBSplineInterpolator")

// Resampler specific
(CompressResultImage "false")
(DefaultPixelValue 0)
(Resampler "DefaultResampler")
(ResultImageFormat "mhd")
(ResultImagePixelType "short")
