1:ItNr	2:Metric	2:Metric0	2:Metric1	3a:Time	3b:StepSize	4:||Gradient0||	4:||Gradient1||	4:||Gradient||	Time0[ms]	Time1[ms]	Time[ms]
0	-0.404952	-0.404952	0.000000	0.000000	1285.510368	0.001951	0.000000	0.001951	30.7	85.6	1420.8
1	-0.402513	-0.402513	0.000000	0.000000	1285.510368	0.001800	0.000000	0.001800	23.3	80.0	104.4
2	-0.419615	-0.419615	0.000000	0.000000	1285.510368	0.001762	0.000000	0.001762	14.1	81.8	97.4
3	-0.419279	-0.419279	0.000000	0.000000	1285.510368	0.001477	0.000000	0.001477	21.7	68.1	91.0
4	-0.418228	-0.418229	0.000000	0.000000	1285.510368	0.000978	0.000000	0.000978	26.1	65.8	93.0
5	-0.422565	-0.422565	0.000000	0.000000	1285.510368	0.001146	0.000000	0.001146	24.5	100.1	125.7
6	-0.417099	-0.417100	0.000000	0.000000	1285.510368	0.001180	0.000000	0.001180	26.3	69.9	97.4
7	-0.428113	-0.428113	0.000000	0.000000	1285.510368	0.001209	0.000000	0.001209	18.1	74.0	93.1
8	-0.426566	-0.426566	0.000000	0.000000	1285.510368	0.000956	0.000000	0.000956	14.5	68.0	83.6
9	-0.434885	-0.434885	0.000000	0.000000	1285.510368	0.001228	0.000000	0.001228	18.8	68.5	88.4
10	-0.428850	-0.428850	0.000000	0.000000	1285.510368	0.000992	0.000000	0.000992	22.5	66.0	89.6
11	-0.430983	-0.430983	0.000000	0.000000	1285.510368	0.001442	0.000000	0.001442	16.5	67.6	85.4
12	-0.436162	-0.436162	0.000000	0.000000	1285.510368	0.001506	0.000000	0.001506	21.0	66.4	88.5
13	-0.435194	-0.435194	0.000000	0.000000	1285.510368	0.001418	0.000000	0.001418	17.4	68.3	86.8
14	-0.437725	-0.437725	0.000000	0.000000	1285.510368	0.001246	0.000000	0.001246	27.6	67.1	95.7
15	-0.428333	-0.428333	0.000000	0.000000	1285.510368	0.001017	0.000000	0.001017	24.3	77.3	102.6
16	-0.445120	-0.445120	0.000000	0.000000	1285.510368	0.000954	0.000000	0.000954	20.6	67.4	89.2
17	-0.445173	-0.445173	0.000000	0.000000	1285.510368	0.000890	0.000000	0.000890	16.8	63.2	81.2
18	-0.439346	-0.439347	0.000000	0.000000	1285.510368	0.000847	0.000000	0.000847	21.6	67.3	89.9
19	-0.436471	-0.436471	0.000000	0.000000	1285.510368	0.000742	0.000000	0.000742	12.7	67.1	81.0
20	-0.444734	-0.444734	0.000000	0.000000	1285.510368	0.000744	0.000000	0.000744	27.8	63.1	91.9
21	-0.446046	-0.446047	0.000000	0.000000	1285.510368	0.000791	0.000000	0.000791	14.6	70.8	86.8
22	-0.446877	-0.446877	0.000000	0.000000	1285.510368	0.000708	0.000000	0.000708	15.9	78.0	94.9
23	-0.444975	-0.444976	0.000000	0.000000	1285.510368	0.000929	0.000000	0.000929	19.3	79.9	100.4
24	-0.448534	-0.448534	0.000000	0.000000	1285.510368	0.000600	0.000000	0.000600	24.7	74.1	100.0
25	-0.450705	-0.450705	0.000000	0.000000	1285.510368	0.000975	0.000000	0.000975	24.5	86.3	112.0
26	-0.449731	-0.449732	0.000000	0.000000	1285.510368	0.000894	0.000000	0.000894	14.5	84.1	100.0
27	-0.445161	-0.445161	0.000000	0.000000	1285.510368	0.000919	0.000000	0.000919	17.5	77.3	96.3
28	-0.453893	-0.453894	0.000000	0.000000	1285.510368	0.001173	0.000000	0.001173	16.6	77.9	95.7
29	-0.448449	-0.448449	0.000000	0.000000	1285.510368	0.000807	0.000000	0.000807	19.5	77.3	98.3
30	-0.443844	-0.443844	0.000000	1.000000	1227.078079	0.000673	0.000000	0.000673	15.2	71.5	88.2
31	-0.448564	-0.448564	0.000000	0.926433	1231.195132	0.000535	0.000000	0.000535	19.4	68.4	88.8
32	-0.455317	-0.455317	0.000000	0.852866	1235.339904	0.000620	0.000000	0.000620	12.7	77.1	91.1
33	-0.451120	-0.451120	0.000000	0.779299	1239.512677	0.000589	0.000000	0.000589	15.5	62.8	79.5
34	-0.443621	-0.443622	0.000000	0.705733	1243.713735	0.000618	0.000000	0.000618	13.2	76.8	91.2
35	-0.446322	-0.446322	0.000000	0.632166	1247.943368	0.000788	0.000000	0.000788	29.0	74.0	111.6
36	-0.450793	-0.450793	0.000000	0.558599	1252.201867	0.000848	0.000000	0.000848	28.3	57.8	87.1
37	-0.452218	-0.452219	0.000000	0.487637	1256.337188	0.000681	0.000000	0.000681	19.5	61.7	82.3
38	-0.453317	-0.453317	0.000000	0.414070	1260.653261	0.000533	0.000000	0.000533	15.0	69.0	85.1
39	-0.451743	-0.451743	0.000000	0.340504	1264.999096	0.000620	0.000000	0.000620	17.6	63.5	82.3
40	-0.450098	-0.450098	0.000000	0.266937	1269.374997	0.000835	0.000000	0.000835	21.5	71.0	93.4
41	-0.450328	-0.450329	0.000000	0.193370	1273.781277	0.000545	0.000000	0.000545	19.3	83.3	103.9
42	-0.452207	-0.452207	0.000000	0.119803	1278.218254	0.000577	0.000000	0.000577	19.3	76.4	96.8
43	-0.462208	-0.462208	0.000000	0.046236	1282.686243	0.000515	0.000000	0.000515	17.0	68.1	86.3
44	-0.456510	-0.456510	0.000000	0.000000	1285.510368	0.000528	0.000000	0.000528	13.7	71.0	85.7
45	-0.457286	-0.457286	0.000000	0.000000	1285.510368	0.000648	0.000000	0.000648	24.9	86.1	112.1
46	-0.458951	-0.458952	0.000000	0.000000	1285.510368	0.000640	0.000000	0.000640	18.8	63.9	83.7
47	-0.451676	-0.451677	0.000000	0.000000	1285.510368	0.000761	0.000000	0.000761	16.1	73.4	90.8
48	-0.451242	-0.451242	0.000000	0.000000	1285.510368	0.000602	0.000000	0.000602	13.8	73.2	88.2
49	-0.453567	-0.453567	0.000000	0.000000	1285.510368	0.000833	0.000000	0.000833	18.1	69.4	88.6
50	-0.458171	-0.458171	0.000000	0.000000	1285.510368	0.000767	0.000000	0.000767	16.9	64.0	81.9
51	-0.460056	-0.460056	0.000000	1.000000	1227.078081	0.000615	0.000000	0.000615	16.9	72.4	90.5
52	-0.446186	-0.446186	0.000000	0.926433	1231.195133	0.000534	0.000000	0.000534	23.3	59.9	84.4
53	-0.460812	-0.460812	0.000000	0.852867	1235.339856	0.000498	0.000000	0.000498	16.9	72.5	90.3
54	-0.459085	-0.459085	0.000000	0.779300	1239.512628	0.000592	0.000000	0.000592	13.6	69.1	83.9
55	-0.452847	-0.452847	0.000000	0.705733	1243.713686	0.000628	0.000000	0.000628	18.3	86.5	106.3
56	-0.453845	-0.453845	0.000000	0.632167	1247.943318	0.000694	0.000000	0.000694	17.3	68.5	86.8
57	-0.461012	-0.461012	0.000000	0.558600	1252.201817	0.000585	0.000000	0.000585	15.5	66.1	82.7
58	-0.448132	-0.448132	0.000000	0.485033	1256.489479	0.000634	0.000000	0.000634	18.8	77.7	97.8
59	-0.460417	-0.460417	0.000000	0.411466	1260.806604	0.000653	0.000000	0.000653	21.0	63.3	85.4
60	-0.460154	-0.460154	0.000000	0.337900	1265.153429	0.000518	0.000000	0.000518	20.6	67.9	89.6
61	-0.455825	-0.455826	0.000000	0.264335	1269.530323	0.000697	0.000000	0.000697	15.2	68.5	84.6
62	-0.449083	-0.449083	0.000000	0.190768	1273.937683	0.000789	0.000000	0.000789	22.2	67.7	91.1
63	-0.462303	-0.462303	0.000000	1.170064	1217.665307	0.000593	0.000000	0.000593	17.0	72.3	90.4
64	-0.451738	-0.451738	0.000000	1.096497	1221.719334	0.000964	0.000000	0.000964	10.9	68.0	80.0
65	-0.470466	-0.470466	0.000000	1.023251	1225.782572	0.000610	0.000000	0.000610	28.4	86.8	116.2
66	-0.461373	-0.461373	0.000000	0.949685	1229.890921	0.000636	0.000000	0.000636	12.7	72.7	86.4
67	-0.458227	-0.458228	0.000000	0.876118	1234.026902	0.000868	0.000000	0.000868	16.2	69.6	86.9
68	-0.454683	-0.454684	0.000000	1.876118	1180.083008	0.001133	0.000000	0.001133	15.1	70.2	86.5
69	-0.461271	-0.461272	0.000000	2.876118	1130.657761	0.000711	0.000000	0.000711	16.8	68.2	86.1
70	-0.453862	-0.453862	0.000000	3.876118	1085.206225	0.000588	0.000000	0.000588	20.9	67.3	89.2
71	-0.461769	-0.461770	0.000000	3.802553	1088.424979	0.000496	0.000000	0.000496	18.9	68.0	88.0
72	-0.459264	-0.459264	0.000000	3.728986	1091.662960	0.000580	0.000000	0.000580	22.5	68.3	91.9
73	-0.460741	-0.460741	0.000000	3.671090	1094.224759	0.000474	0.000000	0.000474	10.7	60.8	72.9
74	-0.461901	-0.461901	0.000000	3.597523	1097.497392	0.000680	0.000000	0.000680	14.4	76.7	92.3
75	-0.461887	-0.461887	0.000000	3.524108	1100.782879	0.000496	0.000000	0.000496	18.5	93.9	113.7
76	-0.458740	-0.458740	0.000000	3.450541	1104.094918	0.000632	0.000000	0.000632	20.0	65.4	86.5
77	-0.460322	-0.460322	0.000000	3.376974	1107.426933	0.000512	0.000000	0.000512	12.9	63.9	77.9
78	-0.451093	-0.451094	0.000000	3.303407	1110.779133	0.000672	0.000000	0.000672	18.8	66.2	86.3
79	-0.451303	-0.451304	0.000000	3.229840	1114.151690	0.000437	0.000000	0.000437	15.5	73.6	90.1
80	-0.463735	-0.463735	0.000000	3.156274	1117.544789	0.000588	0.000000	0.000588	18.2	74.4	93.7
81	-0.458482	-0.458482	0.000000	3.082707	1120.958618	0.000616	0.000000	0.000616	19.0	64.7	84.9
82	-0.457428	-0.457429	0.000000	3.009140	1124.393368	0.000832	0.000000	0.000832	17.8	62.2	81.1
83	-0.466465	-0.466466	0.000000	2.960042	1126.697436	0.000979	0.000000	0.000979	11.8	65.7	78.7
84	-0.462503	-0.462503	0.000000	3.960042	1081.557390	0.000862	0.000000	0.000862	14.3	65.0	80.6
85	-0.459166	-0.459166	0.000000	4.960042	1039.895000	0.000409	0.000000	0.000409	19.4	62.5	83.1
86	-0.465150	-0.465151	0.000000	4.886475	1042.850280	0.000570	0.000000	0.000570	13.3	84.9	99.3
87	-0.461920	-0.461920	0.000000	4.812908	1045.822406	0.000799	0.000000	0.000799	20.1	61.6	83.0
88	-0.465886	-0.465887	0.000000	5.504506	1018.533152	0.000921	0.000000	0.000921	16.3	64.8	82.1
89	-0.461840	-0.461841	0.000000	6.504506	981.501650	0.000660	0.000000	0.000660	15.7	62.5	79.4
90	-0.466613	-0.466614	0.000000	6.568210	979.233612	0.000674	0.000000	0.000674	19.2	80.5	100.6
91	-0.461484	-0.461485	0.000000	6.494645	981.853644	0.000562	0.000000	0.000562	18.1	70.4	89.6
92	-0.461311	-0.461312	0.000000	6.421079	984.487816	0.000621	0.000000	0.000621	15.1	72.2	88.4
93	-0.466658	-0.466658	0.000000	6.347512	987.136162	0.000950	0.000000	0.000950	18.0	64.6	83.6
94	-0.473780	-0.473780	0.000000	6.274471	989.779716	0.000655	0.000000	0.000655	15.8	67.0	83.8
95	-0.465686	-0.465687	0.000000	6.200904	992.456649	0.000423	0.000000	0.000423	13.1	69.0	83.2
96	-0.467573	-0.467574	0.000000	6.127337	995.148100	0.000574	0.000000	0.000574	14.0	67.3	82.6
97	-0.460437	-0.460437	0.000000	6.053770	997.854190	0.000718	0.000000	0.000718	14.3	62.3	77.8
98	-0.461995	-0.461996	0.000000	5.980203	1000.575036	0.000686	0.000000	0.000686	11.7	65.0	77.7
99	-0.465704	-0.465704	0.000000	5.906636	1003.310760	0.000672	0.000000	0.000672	19.1	65.5	86.0
100	-0.469001	-0.469001	0.000000	5.833313	1006.052351	0.000687	0.000000	0.000687	17.5	80.3	98.8
101	-0.465881	-0.465881	0.000000	5.759811	1008.815696	0.000582	0.000000	0.000582	18.4	65.3	84.9
102	-0.471094	-0.471095	0.000000	5.686259	1011.596166	0.000572	0.000000	0.000572	18.5	59.5	79.3
103	-0.464256	-0.464257	0.000000	5.612693	1014.392574	0.000798	0.000000	0.000798	15.4	63.7	80.2
104	-0.459028	-0.459029	0.000000	5.539197	1017.201764	0.000582	0.000000	0.000582	13.1	65.6	80.1
105	-0.472110	-0.472110	0.000000	5.465630	1020.029293	0.000592	0.000000	0.000592	17.0	67.4	85.6
106	-0.469782	-0.469783	0.000000	5.392063	1022.872585	0.000610	0.000000	0.000610	11.9	64.9	77.8
107	-0.470849	-0.470849	0.000000	5.318496	1025.731762	0.000616	0.000000	0.000616	14.1	70.4	85.6
108	-0.475304	-0.475305	0.000000	5.244930	1028.606979	0.000781	0.000000	0.000781	13.2	58.7	73.1
109	-0.464251	-0.464252	0.000000	5.171432	1031.495645	0.000849	0.000000	0.000849	16.3	67.7	85.1
110	-0.462549	-0.462550	0.000000	5.097865	1034.403311	0.000972	0.000000	0.000972	15.6	62.8	79.5
111	-0.464837	-0.464838	0.000000	6.097865	996.230440	0.000546	0.000000	0.000546	16.3	67.5	84.9
112	-0.468859	-0.468860	0.000000	6.170974	993.549886	0.000909	0.000000	0.000909	17.9	65.2	84.3
113	-0.470646	-0.470646	0.000000	6.097407	996.247279	0.000534	0.000000	0.000534	13.0	68.3	82.4
114	-0.465212	-0.465213	0.000000	7.030768	963.074481	0.000565	0.000000	0.000565	17.6	89.0	107.6
115	-0.464447	-0.464447	0.000000	6.957202	965.608725	0.000520	0.000000	0.000520	16.5	63.9	81.6
116	-0.462191	-0.462191	0.000000	6.883635	968.156341	0.000715	0.000000	0.000715	11.6	58.6	71.4
117	-0.474587	-0.474587	0.000000	6.810068	970.717436	0.000870	0.000000	0.000870	16.6	66.6	84.3
118	-0.472124	-0.472125	0.000000	7.809985	937.026427	0.000745	0.000000	0.000745	15.4	59.7	76.3
119	-0.464158	-0.464158	0.000000	8.791603	906.151896	0.000689	0.000000	0.000689	14.8	68.6	84.4
120	-0.464284	-0.464285	0.000000	8.741654	907.673729	0.001013	0.000000	0.001013	10.8	64.3	76.2
121	-0.471453	-0.471453	0.000000	9.741654	878.147870	0.000911	0.000000	0.000911	13.5	63.8	78.4
122	-0.471976	-0.471976	0.000000	10.741654	850.482397	0.000611	0.000000	0.000611	18.6	61.4	81.3
123	-0.471990	-0.471991	0.000000	10.690484	851.855637	0.000674	0.000000	0.000674	11.1	64.6	76.7
124	-0.464901	-0.464901	0.000000	10.616917	853.837751	0.000773	0.000000	0.000773	17.1	62.7	81.0
125	-0.471193	-0.471194	0.000000	11.616913	827.660105	0.001039	0.000000	0.001039	18.7	64.2	84.2
126	-0.469748	-0.469749	0.000000	12.616913	803.039757	0.000388	0.000000	0.000388	12.0	65.3	78.3
127	-0.462514	-0.462515	0.000000	13.034197	793.193908	0.000551	0.000000	0.000551	19.4	62.5	83.5
128	-0.470831	-0.470832	0.000000	12.960630	794.912155	0.000560	0.000000	0.000560	18.9	67.3	87.3
129	-0.481914	-0.481914	0.000000	12.887063	796.637864	0.000429	0.000000	0.000429	16.7	89.6	107.4
130	-0.476304	-0.476305	0.000000	12.813496	798.371081	0.000609	0.000000	0.000609	22.0	69.2	92.3
131	-0.462437	-0.462438	0.000000	12.739930	800.111856	0.000485	0.000000	0.000485	14.0	71.9	86.9
132	-0.466758	-0.466759	0.000000	12.666363	801.860239	0.000484	0.000000	0.000484	10.6	62.6	74.3
133	-0.467673	-0.467674	0.000000	12.592796	803.616281	0.000771	0.000000	0.000771	12.7	67.6	81.3
134	-0.473689	-0.473690	0.000000	12.519233	805.379946	0.000505	0.000000	0.000505	18.7	60.0	79.6
135	-0.475095	-0.475096	0.000000	12.909295	796.115576	0.000550	0.000000	0.000550	15.9	83.1	100.1
136	-0.469685	-0.469686	0.000000	12.835728	797.846509	0.000636	0.000000	0.000636	44.2	70.0	115.4
137	-0.474756	-0.474757	0.000000	12.762161	799.584995	0.000758	0.000000	0.000758	27.4	74.1	102.6
138	-0.471369	-0.471370	0.000000	12.715592	800.689408	0.000500	0.000000	0.000500	18.5	65.5	85.1
139	-0.471437	-0.471437	0.000000	12.642026	802.440318	0.000454	0.000000	0.000454	13.8	68.6	83.6
140	-0.474808	-0.474809	0.000000	12.568459	804.198904	0.000705	0.000000	0.000705	19.1	68.3	88.6
141	-0.474938	-0.474939	0.000000	12.494894	805.965166	0.000531	0.000000	0.000531	22.2	76.8	100.2
142	-0.468772	-0.468773	0.000000	12.421328	807.739240	0.000778	0.000000	0.000778	14.6	69.1	84.8
143	-0.470302	-0.470302	0.000000	12.347761	809.521152	0.000495	0.000000	0.000495	20.1	69.2	90.4
144	-0.464938	-0.464938	0.000000	12.274350	811.307146	0.000473	0.000000	0.000473	18.1	72.0	91.4
145	-0.470883	-0.470883	0.000000	12.200783	813.104854	0.000451	0.000000	0.000451	19.1	61.9	82.2
146	-0.465186	-0.465186	0.000000	12.127216	814.910546	0.000576	0.000000	0.000576	21.4	67.7	90.0
147	-0.463130	-0.463130	0.000000	12.053651	816.724236	0.000518	0.000000	0.000518	10.2	68.6	79.8
148	-0.470667	-0.470668	0.000000	11.980084	818.546058	0.000776	0.000000	0.000776	22.7	76.3	100.0
149	-0.466351	-0.466351	0.000000	12.979979	794.459525	0.000624	0.000000	0.000624	18.7	74.2	94.1
150	-0.479308	-0.479309	0.000000	12.906412	796.183266	0.000678	0.000000	0.000678	15.9	71.7	88.5
151	-0.478804	-0.478805	0.000000	13.906401	773.374431	0.000536	0.000000	0.000536	10.4	71.1	83.7
152	-0.471874	-0.471875	0.000000	14.903617	751.894094	0.000489	0.000000	0.000489	24.5	67.3	97.0
153	-0.478236	-0.478237	0.000000	14.830050	753.437896	0.000440	0.000000	0.000440	16.9	64.7	82.9
154	-0.471016	-0.471016	0.000000	14.756483	754.988050	0.000445	0.000000	0.000445	19.8	65.1	86.0
155	-0.470344	-0.470345	0.000000	14.682919	756.544538	0.000405	0.000000	0.000405	24.7	72.6	99.3
156	-0.477148	-0.477149	0.000000	14.609352	758.107515	0.000579	0.000000	0.000579	22.9	79.6	103.6
157	-0.473805	-0.473806	0.000000	14.535787	759.676935	0.000925	0.000000	0.000925	22.6	71.8	95.4
158	-0.467995	-0.467996	0.000000	15.535787	738.884257	0.000422	0.000000	0.000422	19.0	75.4	95.5
159	-0.472631	-0.472632	0.000000	15.462220	740.375044	0.000485	0.000000	0.000485	17.3	75.9	94.6
160	-0.471921	-0.471922	0.000000	15.388653	741.871858	0.000571	0.000000	0.000571	16.5	68.0	85.5
161	-0.476597	-0.476598	0.000000	15.315086	743.374737	0.000484	0.000000	0.000484	13.0	68.5	82.6
162	-0.465398	-0.465399	0.000000	15.241519	744.883717	0.000490	0.000000	0.000490	16.0	69.4	86.7
163	-0.463070	-0.463071	0.000000	15.167953	746.398836	0.000691	0.000000	0.000691	31.4	81.2	113.5
164	-0.473858	-0.473859	0.000000	15.137409	747.029695	0.000479	0.000000	0.000479	28.3	72.2	101.6
165	-0.468563	-0.468564	0.000000	15.063842	748.553566	0.000482	0.000000	0.000482	16.8	76.1	94.4
166	-0.470526	-0.470527	0.000000	14.990275	750.083666	0.000474	0.000000	0.000474	17.5	74.7	93.4
167	-0.475139	-0.475140	0.000000	14.916778	751.618584	0.000634	0.000000	0.000634	13.3	80.9	95.5
168	-0.473154	-0.473155	0.000000	14.843228	753.160895	0.000488	0.000000	0.000488	22.5	75.4	98.9
169	-0.477491	-0.477492	0.000000	14.769663	754.709861	0.000475	0.000000	0.000475	15.5	71.9	88.6
170	-0.467176	-0.467177	0.000000	14.696097	756.265253	0.000456	0.000000	0.000456	17.0	79.6	97.9
171	-0.468406	-0.468406	0.000000	14.622530	757.827075	0.000645	0.000000	0.000645	18.8	75.0	94.9
172	-0.471982	-0.471983	0.000000	14.548963	759.395362	0.000659	0.000000	0.000659	14.0	73.4	88.7
173	-0.481440	-0.481441	0.000000	15.544725	738.703542	0.000433	0.000000	0.000433	10.5	79.8	91.3
174	-0.474954	-0.474955	0.000000	15.471158	740.193590	0.000724	0.000000	0.000724	15.2	74.3	90.8
175	-0.475892	-0.475893	0.000000	15.397593	741.689637	0.000789	0.000000	0.000789	16.5	77.8	95.3
176	-0.473480	-0.473481	0.000000	15.324026	743.191777	0.000757	0.000000	0.000757	16.9	72.1	90.1
177	-0.471265	-0.471265	0.000000	16.324026	723.279891	0.000515	0.000000	0.000515	13.8	69.2	84.1
178	-0.473729	-0.473730	0.000000	16.250460	724.708314	0.000526	0.000000	0.000526	21.1	67.1	90.1
179	-0.479956	-0.479957	0.000000	16.176893	726.142390	0.000461	0.000000	0.000461	25.2	72.5	99.2
180	-0.485771	-0.485772	0.000000	16.103356	727.581561	0.000394	0.000000	0.000394	15.9	78.9	96.1
181	-0.474981	-0.474982	0.000000	16.029790	729.027029	0.000457	0.000000	0.000457	22.5	75.8	99.4
182	-0.470840	-0.470841	0.000000	15.956262	730.477498	0.000461	0.000000	0.000461	12.2	89.0	102.5
183	-0.484082	-0.484083	0.000000	15.883826	731.912086	0.000573	0.000000	0.000573	24.9	75.1	101.2
184	-0.474901	-0.474902	0.000000	15.810259	733.374843	0.000559	0.000000	0.000559	14.4	70.0	85.6
185	-0.470606	-0.470607	0.000000	15.943732	730.725257	0.000758	0.000000	0.000758	21.0	62.8	84.9
186	-0.471248	-0.471249	0.000000	16.943732	711.467129	0.000497	0.000000	0.000496	16.0	68.1	86.0
187	-0.474671	-0.474672	0.000000	16.873264	712.790898	0.000435	0.000000	0.000435	21.4	67.6	89.9
188	-0.473214	-0.473215	0.000000	16.799697	714.178153	0.000430	0.000000	0.000430	22.6	66.7	90.3
189	-0.480742	-0.480743	0.000000	16.726130	715.570817	0.000463	0.000000	0.000463	11.2	78.5	90.7
190	-0.478010	-0.478011	0.000000	16.652563	716.968923	0.000335	0.000000	0.000335	17.5	82.1	100.7
191	-0.470739	-0.470740	0.000000	16.579007	718.372309	0.000585	0.000000	0.000585	29.1	73.2	103.7
192	-0.477102	-0.477103	0.000000	16.505440	719.781391	0.000548	0.000000	0.000548	18.4	70.8	90.5
193	-0.473147	-0.473148	0.000000	16.431873	721.196015	0.000529	0.000000	0.000529	15.6	71.0	87.5
194	-0.470059	-0.470060	0.000000	17.229636	706.146351	0.000718	0.000000	0.000718	15.1	71.2	87.3
195	-0.477868	-0.477869	0.000000	17.156069	707.507837	0.000834	0.000000	0.000834	17.6	64.2	83.0
196	-0.477910	-0.477911	0.000000	18.156069	689.438918	0.000407	0.000000	0.000407	21.1	69.9	92.0
197	-0.478446	-0.478447	0.000000	18.783459	678.566378	0.000873	0.000000	0.000873	15.9	75.0	92.0
198	-0.470371	-0.470372	0.000000	19.635205	664.343089	0.000627	0.000000	0.000627	26.2	71.8	99.0
199	-0.475179	-0.475180	0.000000	20.495104	650.575980	0.000476	0.000000	0.000476	28.1	100.4	129.8
200	-0.482588	-0.482589	0.000000	20.421537	651.731437	0.000331	0.000000	0.000331	19.0	76.5	96.7
201	-0.467051	-0.467052	0.000000	20.347971	652.890983	0.000665	0.000000	0.000665	20.5	75.5	97.1
202	-0.471887	-0.471888	0.000000	20.275278	654.040853	0.000405	0.000000	0.000405	22.1	81.3	104.4
203	-0.480018	-0.480019	0.000000	20.201711	655.208662	0.000888	0.000000	0.000888	20.0	95.6	116.8
204	-0.481840	-0.481841	0.000000	20.151935	656.001170	0.000547	0.000000	0.000547	21.4	89.6	112.2
205	-0.473103	-0.473104	0.000000	21.151927	640.438520	0.000627	0.000000	0.000627	17.5	76.4	95.1
206	-0.474209	-0.474210	0.000000	21.215662	639.471615	0.000660	0.000000	0.000660	18.3	83.5	103.0
207	-0.478396	-0.478397	0.000000	21.152065	640.436417	0.000412	0.000000	0.000412	15.0	74.2	91.3
208	-0.475312	-0.475313	0.000000	21.079617	641.539060	0.000736	0.000000	0.000736	22.6	74.3	98.1
209	-0.475655	-0.475656	0.000000	21.006050	642.662613	0.000561	0.000000	0.000561	33.4	70.8	108.8
210	-0.474223	-0.474224	0.000000	22.006050	627.719073	0.000569	0.000000	0.000569	22.2	73.7	97.1
211	-0.482126	-0.482127	0.000000	21.932483	628.794700	0.000419	0.000000	0.000419	23.1	73.7	98.6
212	-0.478441	-0.478442	0.000000	21.859100	629.871319	0.000893	0.000000	0.000893	16.1	73.2	90.2
213	-0.478482	-0.478483	0.000000	22.859092	615.510180	0.000528	0.000000	0.000528	22.7	62.2	86.3
214	-0.471131	-0.471132	0.000000	23.859092	601.789212	0.000560	0.000000	0.000560	18.9	78.1	98.0
215	-0.472556	-0.472557	0.000000	23.910718	601.097440	0.000384	0.000000	0.000384	22.4	74.5	98.0
216	-0.477386	-0.477387	0.000000	23.837154	602.083661	0.000521	0.000000	0.000521	16.5	72.6	90.3
217	-0.482047	-0.482048	0.000000	23.763590	603.073120	0.000726	0.000000	0.000726	10.5	66.4	78.0
218	-0.486143	-0.486144	0.000000	23.690023	604.065874	0.000955	0.000000	0.000955	33.1	77.1	111.5
219	-0.477703	-0.477704	0.000000	24.690023	590.844916	0.000603	0.000000	0.000603	19.9	73.0	94.6
220	-0.474936	-0.474937	0.000000	25.690023	578.190287	0.000611	0.000000	0.000611	23.1	66.8	91.3
221	-0.482220	-0.482221	0.000000	26.690023	566.066361	0.000378	0.000000	0.000378	12.6	68.1	82.3
222	-0.485470	-0.485471	0.000000	26.733976	565.545136	0.000319	0.000000	0.000319	22.1	83.2	106.4
223	-0.473975	-0.473976	0.000000	26.660410	566.418079	0.000488	0.000000	0.000488	22.8	71.7	95.9
224	-0.470122	-0.470123	0.000000	26.586843	567.293731	0.000395	0.000000	0.000395	12.2	73.5	86.8
225	-0.486298	-0.486299	0.000000	26.513276	568.172096	0.001126	0.000000	0.001126	16.9	69.2	87.3
226	-0.479425	-0.479426	0.000000	27.504680	556.559036	0.000512	0.000000	0.000512	19.6	66.3	87.0
227	-0.479520	-0.479521	0.000000	28.504680	545.316482	0.000528	0.000000	0.000528	15.1	75.0	91.3
228	-0.476884	-0.476885	0.000000	28.431113	546.128060	0.000351	0.000000	0.000351	11.2	92.7	106.5
229	-0.479363	-0.479364	0.000000	28.357572	546.941773	0.000360	0.000000	0.000360	17.8	75.0	93.9
230	-0.480327	-0.480328	0.000000	28.284593	547.751661	0.000407	0.000000	0.000407	13.9	65.7	81.1
231	-0.476078	-0.476079	0.000000	28.242923	548.215181	0.000341	0.000000	0.000341	20.2	65.1	86.4
232	-0.477272	-0.477273	0.000000	28.169357	549.035400	0.000347	0.000000	0.000347	17.8	67.4	86.4
233	-0.473333	-0.473334	0.000000	28.095790	549.858093	0.000527	0.000000	0.000527	21.5	60.8	83.3
234	-0.481790	-0.481792	0.000000	28.022224	550.683254	0.000402	0.000000	0.000402	21.5	73.7	96.3
235	-0.476388	-0.476389	0.000000	27.965898	551.316706	0.000383	0.000000	0.000383	17.0	72.2	90.3
236	-0.479822	-0.479823	0.000000	27.892331	552.146256	0.000445	0.000000	0.000445	16.8	67.2	85.1
237	-0.474735	-0.474736	0.000000	27.818765	552.978306	0.000538	0.000000	0.000538	19.7	65.1	86.1
238	-0.489194	-0.489195	0.000000	27.745234	553.812459	0.000339	0.000000	0.000339	22.2	85.7	108.8
239	-0.478404	-0.478406	0.000000	27.671667	554.649542	0.000581	0.000000	0.000581	13.9	68.5	83.5
240	-0.475817	-0.475818	0.000000	28.021110	550.695765	0.000487	0.000000	0.000487	29.0	110.4	140.5
241	-0.477010	-0.477011	0.000000	27.947543	551.523446	0.000497	0.000000	0.000497	32.8	106.0	140.1
242	-0.473355	-0.473356	0.000000	28.945932	540.498830	0.000439	0.000000	0.000439	23.5	89.9	114.9
243	-0.480083	-0.480084	0.000000	28.872365	541.296121	0.000429	0.000000	0.000429	19.7	68.6	89.4
244	-0.474804	-0.474805	0.000000	28.825122	541.809365	0.000340	0.000000	0.000340	22.5	71.3	95.0
245	-0.478636	-0.478637	0.000000	28.776451	542.339144	0.000297	0.000000	0.000297	18.8	92.4	112.5
246	-0.474667	-0.474668	0.000000	28.702932	543.141350	0.000498	0.000000	0.000498	16.6	66.3	84.0
247	-0.479560	-0.479561	0.000000	28.629365	543.946462	0.000412	0.000000	0.000412	15.0	82.6	99.1
248	-0.473477	-0.473478	0.000000	29.383290	535.806968	0.000730	0.000000	0.000730	25.2	66.1	92.4
249	-0.478648	-0.478650	0.000000	30.383281	525.379406	0.000563	0.000000	0.000563	18.1	68.9	88.2
250	-0.483624	-0.483625	0.000000	30.309714	526.132685	0.000548	0.000000	0.000548	23.0	76.8	100.9
251	-0.478564	-0.478565	0.000000	30.236446	526.885058	0.000902	0.000000	0.000901	20.5	77.0	99.6
252	-0.484338	-0.484339	0.000000	30.660646	522.558653	0.000301	0.000000	0.000301	17.4	70.9	89.7
253	-0.477090	-0.477091	0.000000	30.587079	523.303859	0.000624	0.000000	0.000624	12.4	69.1	83.0
254	-0.486659	-0.486661	0.000000	30.657612	522.589348	0.000321	0.000000	0.000321	20.7	68.8	90.7
255	-0.482557	-0.482558	0.000000	31.657036	512.670668	0.000729	0.000000	0.000729	17.2	80.1	98.3
256	-0.489004	-0.489005	0.000000	32.657020	503.116236	0.000424	0.000000	0.000424	22.7	77.2	101.2
257	-0.474034	-0.474035	0.000000	33.657002	493.911423	0.000405	0.000000	0.000405	22.8	88.9	113.1
258	-0.478658	-0.478659	0.000000	33.583443	494.577046	0.000444	0.000000	0.000444	10.9	73.6	85.7
259	-0.474937	-0.474938	0.000000	33.512166	495.223722	0.000346	0.000000	0.000346	19.6	82.8	103.7
260	-0.476380	-0.476381	0.000000	33.438600	495.892941	0.000530	0.000000	0.000530	25.5	91.2	117.9
261	-0.480986	-0.480987	0.000000	34.329918	487.904534	0.000463	0.000000	0.000463	27.3	73.7	102.2
262	-0.478575	-0.478576	0.000000	34.256372	488.553932	0.000287	0.000000	0.000287	19.2	75.0	95.2
263	-0.466259	-0.466261	0.000000	34.183153	489.202158	0.000558	0.000000	0.000558	25.0	79.3	105.4
264	-0.481493	-0.481494	0.000000	34.109601	489.855079	0.000775	0.000000	0.000775	18.2	73.3	92.5
265	-0.490202	-0.490203	0.000000	35.109601	481.124754	0.000657	0.000000	0.000657	19.4	74.6	95.1
266	-0.483291	-0.483293	0.000000	36.109601	472.700167	0.000800	0.000000	0.000800	18.7	79.4	99.1
267	-0.472606	-0.472607	0.000000	37.109600	464.565537	0.000468	0.000000	0.000468	19.3	63.5	85.2
268	-0.483666	-0.483667	0.000000	38.109600	456.706145	0.000750	0.000000	0.000750	22.4	78.4	101.7
269	-0.487263	-0.487264	0.000000	38.036034	457.275262	0.000455	0.000000	0.000455	18.7	72.1	91.9
270	-0.478070	-0.478071	0.000000	39.035979	449.658994	0.000362	0.000000	0.000362	21.0	73.5	95.7
271	-0.475410	-0.475412	0.000000	38.970009	450.153638	0.000307	0.000000	0.000307	16.8	75.3	93.6
272	-0.475817	-0.475819	0.000000	38.903397	450.654205	0.000883	0.000000	0.000883	27.2	78.0	106.3
273	-0.476151	-0.476152	0.000000	38.829830	451.208330	0.000606	0.000000	0.000606	11.2	65.5	77.9
274	-0.483491	-0.483492	0.000000	39.829830	443.790780	0.000415	0.000000	0.000415	17.7	80.4	99.5
275	-0.477009	-0.477010	0.000000	40.794085	436.865724	0.000372	0.000000	0.000372	25.8	73.5	100.5
276	-0.481241	-0.481242	0.000000	40.721977	437.376099	0.000336	0.000000	0.000336	20.7	77.3	99.4
277	-0.474234	-0.474236	0.000000	40.648412	437.898020	0.000350	0.000000	0.000350	20.5	77.8	99.3
278	-0.476562	-0.476564	0.000000	40.577241	438.404143	0.000593	0.000000	0.000593	14.6	74.7	91.1
279	-0.470460	-0.470462	0.000000	40.503675	438.928534	0.000444	0.000000	0.000444	24.2	72.2	97.9
280	-0.477692	-0.477694	0.000000	40.435790	439.413537	0.000347	0.000000	0.000347	25.8	72.2	99.3
281	-0.481103	-0.481104	0.000000	40.362267	439.940035	0.000458	0.000000	0.000458	23.9	81.1	106.3
282	-0.473190	-0.473191	0.000000	40.288904	440.466640	0.000625	0.000000	0.000625	27.9	76.2	105.4
283	-0.479072	-0.479073	0.000000	40.215337	440.995980	0.000385	0.000000	0.000385	11.7	69.8	82.5
284	-0.480286	-0.480287	0.000000	41.215314	433.907925	0.000526	0.000000	0.000526	24.9	76.5	102.4
285	-0.474850	-0.474851	0.000000	41.168577	434.234126	0.000787	0.000000	0.000787	14.3	74.4	89.7
286	-0.478871	-0.478872	0.000000	42.168577	427.359915	0.000596	0.000000	0.000596	19.5	73.7	94.3
287	-0.478306	-0.478307	0.000000	43.168577	420.699959	0.000464	0.000000	0.000464	13.8	73.9	88.8
288	-0.474037	-0.474038	0.000000	43.342172	419.564913	0.000453	0.000000	0.000453	19.9	72.0	93.0
289	-0.479335	-0.479336	0.000000	43.268615	420.045112	0.000398	0.000000	0.000398	16.2	72.4	89.7
290	-0.475472	-0.475473	0.000000	43.195049	420.526479	0.000802	0.000000	0.000802	29.1	88.3	118.6
291	-0.479205	-0.479206	0.000000	44.195043	414.076229	0.000370	0.000000	0.000370	19.5	98.1	118.7
292	-0.481525	-0.481526	0.000000	44.121487	414.543941	0.000549	0.000000	0.000549	26.3	73.1	100.7
293	-0.477366	-0.477367	0.000000	44.047920	415.012775	0.000559	0.000000	0.000559	24.5	77.5	103.0
294	-0.481091	-0.481093	0.000000	45.046490	408.738112	0.000617	0.000000	0.000617	23.1	78.0	102.1
295	-0.479993	-0.479994	0.000000	44.972923	409.193899	0.000718	0.000000	0.000718	19.4	73.6	94.2
296	-0.485336	-0.485337	0.000000	44.899877	409.647467	0.000478	0.000000	0.000478	10.9	72.8	84.7
297	-0.475053	-0.475055	0.000000	45.898308	403.533643	0.000317	0.000000	0.000317	14.6	80.7	96.6
298	-0.483972	-0.483973	0.000000	45.824864	403.977145	0.000369	0.000000	0.000369	22.9	73.7	97.9
299	-0.484357	-0.484359	0.000000	45.751563	404.420758	0.000354	0.000000	0.000354	16.6	75.0	92.9
300	-0.477038	-0.477040	0.000000	45.678001	404.866932	0.000348	0.000000	0.000348	21.7	75.2	98.0
301	-0.475669	-0.475670	0.000000	45.604434	405.314121	0.000540	0.000000	0.000540	19.1	87.8	108.5
302	-0.486727	-0.486728	0.000000	46.597295	399.360915	0.000541	0.000000	0.000541	20.3	62.7	84.1
303	-0.483244	-0.483245	0.000000	46.523768	399.795786	0.000384	0.000000	0.000384	12.9	68.3	82.4
304	-0.478901	-0.478902	0.000000	46.450201	400.231836	0.000364	0.000000	0.000364	22.2	72.8	95.9
305	-0.484536	-0.484537	0.000000	46.448134	400.244104	0.000467	0.000000	0.000467	17.2	73.6	91.9
306	-0.483601	-0.483602	0.000000	46.374585	400.681027	0.000347	0.000000	0.000347	11.7	73.1	85.8
307	-0.480239	-0.480240	0.000000	46.301018	401.119012	0.000593	0.000000	0.000593	21.9	69.9	93.1
308	-0.476357	-0.476358	0.000000	46.227859	401.555516	0.000383	0.000000	0.000383	22.2	73.1	96.4
309	-0.484881	-0.484882	0.000000	46.154292	401.995416	0.000620	0.000000	0.000620	19.0	76.5	96.7
310	-0.479891	-0.479892	0.000000	46.080726	402.436281	0.000902	0.000000	0.000902	16.1	68.4	85.6
311	-0.479715	-0.479716	0.000000	47.080726	396.525118	0.000508	0.000000	0.000508	22.9	84.8	108.9
312	-0.480344	-0.480346	0.000000	48.080726	390.785093	0.000503	0.000000	0.000503	12.7	61.7	75.4
313	-0.482483	-0.482485	0.000000	49.080725	385.208884	0.000401	0.000000	0.000401	19.0	62.6	82.8
314	-0.476690	-0.476692	0.000000	49.228587	384.397850	0.000338	0.000000	0.000338	11.9	68.4	81.4
315	-0.488821	-0.488822	0.000000	49.155076	384.800635	0.000576	0.000000	0.000576	14.3	63.9	79.3
316	-0.487993	-0.487994	0.000000	49.081547	385.204364	0.000548	0.000000	0.000548	12.2	63.7	77.1
317	-0.482039	-0.482040	0.000000	50.081547	379.785176	0.000722	0.000000	0.000722	24.0	69.8	94.8
318	-0.481591	-0.481592	0.000000	51.081547	374.516349	0.000334	0.000000	0.000334	16.6	74.5	92.2
319	-0.483252	-0.483254	0.000000	51.008109	374.898303	0.000475	0.000000	0.000475	13.9	69.5	84.6
320	-0.482243	-0.482244	0.000000	50.936368	375.272179	0.000566	0.000000	0.000566	14.3	64.8	80.3
321	-0.483264	-0.483266	0.000000	50.862802	375.656350	0.000705	0.000000	0.000705	18.0	69.0	88.0
322	-0.481259	-0.481261	0.000000	51.862802	370.500683	0.000455	0.000000	0.000455	26.6	84.3	111.8
323	-0.480248	-0.480249	0.000000	51.789235	370.875142	0.000304	0.000000	0.000304	14.1	65.2	80.8
324	-0.474634	-0.474635	0.000000	51.715670	371.250346	0.000318	0.000000	0.000318	23.1	77.5	101.7
325	-0.482386	-0.482388	0.000000	51.642104	371.626317	0.000323	0.000000	0.000323	15.0	74.8	91.1
326	-0.480663	-0.480664	0.000000	51.571076	371.990046	0.000415	0.000000	0.000415	11.3	74.1	86.8
327	-0.473303	-0.473305	0.000000	51.498106	372.364454	0.000528	0.000000	0.000528	22.5	66.7	90.7
328	-0.483991	-0.483992	0.000000	51.424581	372.742475	0.000403	0.000000	0.000403	14.0	65.9	81.2
329	-0.480747	-0.480748	0.000000	51.351055	373.121271	0.000604	0.000000	0.000604	20.3	70.8	92.1
330	-0.478450	-0.478451	0.000000	51.277489	373.501048	0.000664	0.000000	0.000664	19.6	68.5	89.4
331	-0.472421	-0.472423	0.000000	52.264882	368.467359	0.000440	0.000000	0.000440	20.4	61.7	83.5
332	-0.486733	-0.486734	0.000000	52.191316	368.837717	0.000517	0.000000	0.000517	23.1	77.7	101.9
333	-0.481581	-0.481583	0.000000	52.117753	369.208798	0.000334	0.000000	0.000334	20.5	75.4	97.1
334	-0.475556	-0.475557	0.000000	52.045304	369.574993	0.000441	0.000000	0.000441	21.6	65.5	88.1
335	-0.483877	-0.483878	0.000000	51.971750	369.947517	0.000305	0.000000	0.000305	25.3	65.6	92.0
336	-0.481341	-0.481342	0.000000	51.898184	370.320851	0.000431	0.000000	0.000431	11.5	79.3	91.9
337	-0.486567	-0.486568	0.000000	51.824642	370.694821	0.000376	0.000000	0.000376	16.7	69.3	87.0
338	-0.479213	-0.479214	0.000000	52.799490	365.798159	0.000329	0.000000	0.000329	19.4	78.0	98.4
339	-0.482993	-0.482995	0.000000	52.725958	366.162995	0.000712	0.000000	0.000712	23.2	72.9	97.2
340	-0.479057	-0.479058	0.000000	53.723526	361.274675	0.000658	0.000000	0.000658	23.1	69.3	93.6
341	-0.476315	-0.476316	0.000000	54.723526	356.503705	0.000410	0.000000	0.000410	16.2	76.9	94.5
342	-0.473941	-0.473943	0.000000	55.723526	351.857104	0.000369	0.000000	0.000369	13.0	91.2	105.2
343	-0.475003	-0.475004	0.000000	55.650040	352.194438	0.000701	0.000000	0.000701	13.7	69.9	85.5
344	-0.472885	-0.472886	0.000000	55.576473	352.532791	0.000435	0.000000	0.000435	16.1	65.5	82.6
345	-0.478668	-0.478669	0.000000	56.575460	347.993009	0.000356	0.000000	0.000356	19.5	74.0	94.5
346	-0.480299	-0.480300	0.000000	56.501893	348.323333	0.000798	0.000000	0.000798	15.0	66.9	83.6
347	-0.481687	-0.481688	0.000000	56.428326	348.654285	0.000484	0.000000	0.000484	13.8	68.2	83.1
348	-0.481451	-0.481453	0.000000	57.427963	344.210365	0.000336	0.000000	0.000336	18.4	66.0	85.5
349	-0.474202	-0.474204	0.000000	57.354502	344.533077	0.000331	0.000000	0.000331	13.5	75.2	89.8
350	-0.477871	-0.477872	0.000000	57.282055	344.851928	0.000554	0.000000	0.000554	12.4	65.6	82.0
351	-0.481681	-0.481683	0.000000	58.200819	340.851498	0.000615	0.000000	0.000615	13.6	70.0	84.7
352	-0.483229	-0.483231	0.000000	58.127252	341.168397	0.000452	0.000000	0.000452	18.9	81.3	101.2
353	-0.479749	-0.479750	0.000000	58.053701	341.485816	0.000569	0.000000	0.000569	25.8	65.3	92.2
354	-0.475740	-0.475741	0.000000	57.980135	341.803893	0.000565	0.000000	0.000565	10.3	71.6	83.1
355	-0.484964	-0.484965	0.000000	58.980017	337.530781	0.000467	0.000000	0.000467	16.4	75.8	93.4
356	-0.480245	-0.480246	0.000000	58.906451	337.841533	0.000466	0.000000	0.000466	19.5	69.6	90.2
357	-0.480741	-0.480743	0.000000	59.207804	336.572210	0.000361	0.000000	0.000361	19.6	74.8	95.4
358	-0.470223	-0.470224	0.000000	59.134237	336.881199	0.000525	0.000000	0.000525	13.1	71.6	85.9
359	-0.489638	-0.489639	0.000000	59.610848	334.889392	0.000612	0.000000	0.000612	21.4	65.9	88.4
360	-0.480655	-0.480657	0.000000	60.610847	330.785903	0.000332	0.000000	0.000332	11.3	66.3	78.7
361	-0.480391	-0.480392	0.000000	60.540268	331.072224	0.000370	0.000000	0.000370	16.7	68.0	85.7
362	-0.482740	-0.482741	0.000000	60.466702	331.371189	0.000517	0.000000	0.000517	19.7	62.8	83.7
363	-0.481034	-0.481035	0.000000	60.393135	331.670697	0.000399	0.000000	0.000399	19.8	85.5	106.4
364	-0.480206	-0.480207	0.000000	61.263635	328.161011	0.000455	0.000000	0.000455	11.3	61.1	73.6
365	-0.476678	-0.476679	0.000000	61.193270	328.441947	0.000470	0.000000	0.000470	18.9	69.6	89.5
366	-0.478790	-0.478791	0.000000	61.119733	328.736065	0.000437	0.000000	0.000437	17.9	61.6	81.2
367	-0.482968	-0.482969	0.000000	61.046166	329.030827	0.000485	0.000000	0.000485	12.7	62.0	75.9
368	-0.488006	-0.488007	0.000000	62.032883	325.120804	0.000732	0.000000	0.000732	17.7	67.1	86.0
369	-0.486850	-0.486852	0.000000	61.959316	325.409115	0.000361	0.000000	0.000361	12.0	66.9	79.9
370	-0.490701	-0.490702	0.000000	62.958848	321.535115	0.000549	0.000000	0.000549	12.5	71.2	84.9
371	-0.484942	-0.484943	0.000000	62.885281	321.817100	0.000499	0.000000	0.000499	23.9	64.7	90.0
372	-0.483373	-0.483374	0.000000	63.885154	318.026374	0.000332	0.000000	0.000332	15.7	61.9	78.7
373	-0.483517	-0.483518	0.000000	63.837596	318.204651	0.000743	0.000000	0.000743	18.4	62.4	82.0
374	-0.479189	-0.479190	0.000000	64.837229	314.498943	0.000348	0.000000	0.000348	14.5	67.4	83.0
375	-0.478007	-0.478009	0.000000	64.769768	314.746306	0.000413	0.000000	0.000413	20.7	67.9	89.7
376	-0.487523	-0.487525	0.000000	64.696696	315.014685	0.000277	0.000000	0.000277	15.1	66.9	84.1
377	-0.480454	-0.480456	0.000000	64.623374	315.284442	0.000305	0.000000	0.000305	19.5	67.3	87.9
378	-0.479115	-0.479117	0.000000	64.554258	315.539150	0.000619	0.000000	0.000619	28.9	80.2	110.1
379	-0.488809	-0.488811	0.000000	64.505328	315.719714	0.000724	0.000000	0.000724	17.9	59.0	78.0
380	-0.472979	-0.472980	0.000000	65.505328	312.070000	0.000330	0.000000	0.000330	17.1	70.5	88.8
381	-0.484454	-0.484456	0.000000	65.431858	312.335272	0.000355	0.000000	0.000354	18.5	66.7	86.7
382	-0.482082	-0.482083	0.000000	65.358293	312.601337	0.000453	0.000000	0.000453	15.2	59.6	76.1
383	-0.483961	-0.483962	0.000000	65.284726	312.867861	0.000573	0.000000	0.000573	15.1	69.5	86.4
384	-0.491273	-0.491274	0.000000	65.211159	313.134842	0.000620	0.000000	0.000620	13.8	68.9	83.7
385	-0.480237	-0.480238	0.000000	66.209413	309.550503	0.000733	0.000000	0.000733	16.8	63.5	81.4
386	-0.473846	-0.473847	0.000000	66.135846	309.811850	0.000313	0.000000	0.000313	16.7	68.5	86.6
387	-0.485599	-0.485601	0.000000	66.062286	310.073614	0.000294	0.000000	0.000294	12.0	65.7	78.8
388	-0.472643	-0.472644	0.000000	65.988730	310.335806	0.000620	0.000000	0.000620	19.0	63.1	83.2
389	-0.480167	-0.480168	0.000000	65.915164	310.598481	0.000472	0.000000	0.000472	10.7	65.8	77.5
390	-0.474069	-0.474070	0.000000	66.915046	307.065956	0.000402	0.000000	0.000402	19.3	67.8	88.1
391	-0.476817	-0.476818	0.000000	67.777050	304.084420	0.000527	0.000000	0.000527	18.1	60.7	79.7
392	-0.476461	-0.476462	0.000000	68.513404	301.582963	0.000417	0.000000	0.000417	12.6	69.4	83.0
393	-0.480012	-0.480013	0.000000	68.439838	301.831024	0.000485	0.000000	0.000485	11.9	64.1	77.4
394	-0.478442	-0.478443	0.000000	68.366271	302.079493	0.000479	0.000000	0.000479	30.2	78.0	109.1
395	-0.476294	-0.476295	0.000000	68.292704	302.328371	0.000295	0.000000	0.000295	15.1	66.3	82.6
396	-0.478000	-0.478001	0.000000	68.219147	302.577627	0.001050	0.000000	0.001050	18.7	61.4	81.1
397	-0.483070	-0.483072	0.000000	68.147117	302.822107	0.000352	0.000000	0.000352	17.3	59.9	78.3
398	-0.487201	-0.487202	0.000000	68.505071	301.611043	0.000422	0.000000	0.000422	18.8	70.0	89.9
399	-0.482859	-0.482861	0.000000	68.433043	301.853955	0.000666	0.000000	0.000666	17.2	64.1	82.4
400	-0.476835	-0.476836	0.000000	68.359476	302.102462	0.000407	0.000000	0.000407	11.4	67.7	80.1
401	-0.477834	-0.477836	0.000000	68.286050	302.350901	0.000582	0.000000	0.000582	12.5	70.1	83.8
402	-0.487389	-0.487391	0.000000	68.212484	302.600225	0.000703	0.000000	0.000703	10.9	64.5	79.3
403	-0.482857	-0.482858	0.000000	69.212484	299.245920	0.000453	0.000000	0.000453	21.6	73.0	96.0
404	-0.491379	-0.491380	0.000000	69.138917	299.490149	0.000408	0.000000	0.000408	11.6	63.5	76.1
405	-0.476617	-0.476618	0.000000	69.627753	297.874733	0.000481	0.000000	0.000481	14.6	67.9	83.7
406	-0.486520	-0.486521	0.000000	69.640913	297.831486	0.000431	0.000000	0.000431	19.8	68.4	89.3
407	-0.485012	-0.485013	0.000000	69.567346	298.073411	0.000339	0.000000	0.000339	11.6	67.6	80.2
408	-0.474608	-0.474610	0.000000	69.569280	298.067044	0.000507	0.000000	0.000507	10.9	59.9	74.1
409	-0.482088	-0.482089	0.000000	69.495846	298.308917	0.000435	0.000000	0.000435	29.5	82.7	113.3
410	-0.486448	-0.486450	0.000000	69.422800	298.549899	0.000394	0.000000	0.000394	14.5	69.4	85.3
411	-0.480400	-0.480402	0.000000	69.349233	298.792993	0.000512	0.000000	0.000512	18.4	63.2	82.5
412	-0.483403	-0.483404	0.000000	69.275666	299.036483	0.000375	0.000000	0.000375	17.4	62.6	81.0
413	-0.487447	-0.487449	0.000000	69.228801	299.191805	0.000337	0.000000	0.000337	17.9	62.6	81.5
414	-0.479933	-0.479935	0.000000	69.155234	299.435945	0.000426	0.000000	0.000426	12.5	57.8	71.4
415	-0.480810	-0.480812	0.000000	69.081667	299.680484	0.000681	0.000000	0.000681	18.6	63.3	82.8
416	-0.485711	-0.485712	0.000000	70.045545	296.507839	0.000535	0.000000	0.000535	16.0	63.7	80.8
417	-0.486447	-0.486449	0.000000	70.860802	293.876355	0.000451	0.000000	0.000451	16.7	65.5	83.2
418	-0.479420	-0.479422	0.000000	70.787235	294.111895	0.000557	0.000000	0.000557	13.4	67.0	81.7
419	-0.490691	-0.490692	0.000000	70.713997	294.346759	0.000464	0.000000	0.000464	18.3	66.1	85.4
420	-0.478447	-0.478448	0.000000	71.713072	291.174880	0.000922	0.000000	0.000922	19.0	62.4	82.5
421	-0.479522	-0.479523	0.000000	71.771466	290.991605	0.000784	0.000000	0.000784	17.2	58.0	76.3
422	-0.476581	-0.476582	0.000000	71.697899	291.222542	0.000293	0.000000	0.000293	17.8	60.0	79.0
423	-0.481783	-0.481784	0.000000	72.635764	288.305627	0.000429	0.000000	0.000429	16.2	62.5	79.7
424	-0.492651	-0.492653	0.000000	72.668617	288.204510	0.000539	0.000000	0.000539	17.2	68.9	87.2
425	-0.473407	-0.473409	0.000000	73.470777	285.757338	0.000715	0.000000	0.000715	23.0	71.7	95.9
426	-0.477677	-0.477679	0.000000	73.397210	285.980038	0.000365	0.000000	0.000365	17.2	62.3	80.7
427	-0.483716	-0.483717	0.000000	73.328040	286.189746	0.000429	0.000000	0.000429	52.9	83.0	136.8
428	-0.487631	-0.487633	0.000000	73.599786	285.367641	0.000776	0.000000	0.000776	30.6	71.2	103.0
429	-0.486881	-0.486883	0.000000	73.526219	285.589734	0.000477	0.000000	0.000477	28.8	69.9	99.8
430	-0.480893	-0.480894	0.000000	74.526219	282.600086	0.000833	0.000000	0.000833	15.1	67.0	83.3
431	-0.483176	-0.483177	0.000000	74.452652	282.817890	0.000264	0.000000	0.000264	20.6	81.7	103.3
432	-0.479421	-0.479422	0.000000	74.379349	283.035250	0.000678	0.000000	0.000678	13.6	75.6	90.3
433	-0.487518	-0.487519	0.000000	74.305802	283.253666	0.000574	0.000000	0.000574	13.1	73.2	87.9
434	-0.478787	-0.478788	0.000000	75.305650	280.312916	0.000600	0.000000	0.000600	21.1	66.0	88.3
435	-0.486981	-0.486982	0.000000	76.305650	277.432170	0.000655	0.000000	0.000655	19.2	67.2	87.4
436	-0.486415	-0.486416	0.000000	76.232084	277.642078	0.000461	0.000000	0.000461	38.6	80.1	119.8
437	-0.476444	-0.476445	0.000000	77.231791	274.816507	0.000326	0.000000	0.000326	18.7	77.5	97.3
438	-0.482593	-0.482594	0.000000	77.158227	275.022468	0.000535	0.000000	0.000535	25.7	72.7	99.6
439	-0.484086	-0.484087	0.000000	77.084660	275.228744	0.000588	0.000000	0.000588	25.1	66.6	93.2
440	-0.477959	-0.477961	0.000000	77.011093	275.435329	0.000459	0.000000	0.000458	22.4	70.8	94.1
441	-0.491292	-0.491294	0.000000	78.011083	272.653495	0.000291	0.000000	0.000291	21.5	74.0	96.5
442	-0.470165	-0.470166	0.000000	77.938539	272.853409	0.000356	0.000000	0.000356	27.9	76.4	105.6
443	-0.480727	-0.480728	0.000000	77.864982	273.056417	0.000469	0.000000	0.000469	19.6	73.4	94.2
444	-0.479528	-0.479529	0.000000	77.791415	273.259753	0.000413	0.000000	0.000413	20.6	82.5	104.2
445	-0.489219	-0.489221	0.000000	77.992878	272.703635	0.000377	0.000000	0.000377	13.0	125.3	139.7
446	-0.474190	-0.474192	0.000000	77.919507	272.905906	0.000599	0.000000	0.000599	36.3	94.9	132.5
447	-0.486351	-0.486352	0.000000	78.336281	271.760905	0.000559	0.000000	0.000559	31.9	70.0	103.1
448	-0.492731	-0.492732	0.000000	79.336281	269.052404	0.000905	0.000000	0.000905	22.6	68.9	92.5
449	-0.481891	-0.481892	0.000000	80.336281	266.397359	0.000492	0.000000	0.000492	17.8	68.6	87.4
450	-0.487250	-0.487252	0.000000	81.336281	263.794202	0.000321	0.000000	0.000321	17.8	68.0	87.0
451	-0.486626	-0.486627	0.000000	81.262721	263.983958	0.000473	0.000000	0.000473	14.9	78.1	94.0
452	-0.486254	-0.486255	0.000000	81.191591	264.167702	0.000558	0.000000	0.000558	18.1	67.9	87.5
453	-0.481155	-0.481157	0.000000	82.190939	261.609382	0.000525	0.000000	0.000524	26.1	75.0	102.2
454	-0.478130	-0.478131	0.000000	82.124046	261.779080	0.000504	0.000000	0.000504	22.5	66.2	89.7
455	-0.490954	-0.490955	0.000000	83.124034	259.265001	0.000410	0.000000	0.000410	21.9	84.2	107.8
456	-0.486672	-0.486674	0.000000	84.094041	256.872013	0.000375	0.000000	0.000375	17.8	66.2	85.2
457	-0.486080	-0.486082	0.000000	84.020477	257.051943	0.000334	0.000000	0.000334	19.1	65.5	86.0
458	-0.486126	-0.486127	0.000000	83.946937	257.232069	0.000559	0.000000	0.000559	14.7	63.0	78.9
459	-0.480480	-0.480482	0.000000	83.873370	257.412512	0.000562	0.000000	0.000562	25.7	73.6	100.3
460	-0.488201	-0.488202	0.000000	83.799803	257.593209	0.000838	0.000000	0.000838	16.4	69.3	86.8
461	-0.488462	-0.488463	0.000000	84.799803	255.158487	0.000477	0.000000	0.000477	23.5	64.5	89.2
462	-0.488399	-0.488400	0.000000	84.726237	255.336032	0.000330	0.000000	0.000330	20.1	71.2	92.4
463	-0.483508	-0.483509	0.000000	84.652677	255.513806	0.000318	0.000000	0.000318	19.5	65.9	86.5
464	-0.479267	-0.479268	0.000000	84.579130	255.691799	0.000550	0.000000	0.000550	20.8	66.3	88.3
465	-0.481746	-0.481748	0.000000	84.507116	255.866321	0.000362	0.000000	0.000362	24.4	69.4	94.8
466	-0.485892	-0.485894	0.000000	84.433550	256.044852	0.000560	0.000000	0.000560	21.8	77.7	100.6
467	-0.490150	-0.490151	0.000000	84.608805	255.619952	0.000351	0.000000	0.000351	13.6	63.6	78.3
468	-0.481271	-0.481272	0.000000	84.535343	255.797887	0.000630	0.000000	0.000630	23.2	66.3	90.5
469	-0.474463	-0.474465	0.000000	84.462181	255.975342	0.000352	0.000000	0.000352	15.8	68.8	86.0
470	-0.479617	-0.479619	0.000000	84.388614	256.154025	0.000398	0.000000	0.000398	19.7	71.2	92.1
471	-0.481733	-0.481735	0.000000	84.320132	256.320583	0.000899	0.000000	0.000899	15.3	74.3	90.7
472	-0.479668	-0.479669	0.000000	84.247076	256.498506	0.000579	0.000000	0.000579	21.5	69.5	92.3
473	-0.483653	-0.483654	0.000000	84.173509	256.677922	0.000442	0.000000	0.000442	11.7	73.7	86.6
474	-0.493224	-0.493225	0.000000	85.173454	254.260521	0.000318	0.000000	0.000318	20.0	69.7	90.8
475	-0.479766	-0.479767	0.000000	85.099888	254.436817	0.000881	0.000000	0.000881	21.5	80.9	103.6
476	-0.476671	-0.476673	0.000000	85.035123	254.592223	0.000508	0.000000	0.000508	21.6	82.3	105.1
477	-0.488297	-0.488298	0.000000	86.035123	252.213637	0.000476	0.000000	0.000476	15.7	73.0	90.0
478	-0.481624	-0.481626	0.000000	87.013343	249.929471	0.000343	0.000000	0.000342	20.0	66.7	87.9
479	-0.484564	-0.484566	0.000000	86.939780	250.099803	0.000486	0.000000	0.000486	12.8	77.7	92.1
480	-0.477465	-0.477466	0.000000	86.912499	250.163029	0.000276	0.000000	0.000276	25.4	74.3	100.7
481	-0.487006	-0.487007	0.000000	86.840289	250.330541	0.000464	0.000000	0.000464	25.5	63.8	90.4
482	-0.488987	-0.488989	0.000000	86.769174	250.495729	0.000557	0.000000	0.000557	11.0	68.9	81.1
483	-0.484798	-0.484799	0.000000	87.769116	248.192857	0.000392	0.000000	0.000392	24.5	67.3	93.0
484	-0.488667	-0.488669	0.000000	87.695550	248.360838	0.000517	0.000000	0.000517	15.9	65.5	82.3
485	-0.473108	-0.473109	0.000000	87.622245	248.528446	0.000467	0.000000	0.000467	11.7	72.1	85.0
486	-0.481352	-0.481353	0.000000	87.550805	248.692008	0.000451	0.000000	0.000451	18.2	71.5	90.9
487	-0.486826	-0.486827	0.000000	87.477239	248.860665	0.000566	0.000000	0.000566	34.0	77.4	112.6
488	-0.480908	-0.480909	0.000000	87.421096	248.989529	0.000538	0.000000	0.000538	18.5	72.3	92.0
489	-0.483182	-0.483183	0.000000	87.347529	249.158590	0.000651	0.000000	0.000651	23.0	77.0	101.2
490	-0.479623	-0.479624	0.000000	87.273963	249.327882	0.000763	0.000000	0.000763	16.3	71.6	89.1
491	-0.489240	-0.489242	0.000000	88.273963	247.046205	0.000320	0.000000	0.000320	16.0	73.0	90.1
492	-0.489362	-0.489364	0.000000	88.200396	247.212636	0.000337	0.000000	0.000337	17.7	80.1	98.9
493	-0.485345	-0.485347	0.000000	88.126978	247.378955	0.000461	0.000000	0.000461	11.2	75.2	87.5
494	-0.481261	-0.481262	0.000000	88.053485	247.545668	0.000607	0.000000	0.000607	19.3	71.5	92.0
495	-0.479121	-0.479123	0.000000	87.979918	247.712774	0.000340	0.000000	0.000340	11.5	74.9	87.6
496	-0.486124	-0.486126	0.000000	87.906351	247.880105	0.000453	0.000000	0.000453	21.9	70.5	93.6
497	-0.479869	-0.479870	0.000000	87.832784	248.047662	0.000635	0.000000	0.000635	24.6	82.6	108.7
498	-0.479737	-0.479739	0.000000	87.759217	248.215447	0.000449	0.000000	0.000449	22.3	73.0	96.6
499	-0.480087	-0.480088	0.000000	88.753162	245.967562	0.000890	0.000000	0.000890	16.3	72.2	91.4
500	-0.487251	-0.487253	0.000000	89.752492	243.748175	0.000804	0.000000	0.000804	18.8	68.4	88.5
501	-0.484863	-0.484865	0.000000	90.752492	241.567032	0.000303	0.000000	0.000303	24.8	76.1	102.1
502	-0.485056	-0.485058	0.000000	91.750375	239.429074	0.000496	0.000000	0.000496	13.6	76.5	91.3
503	-0.482144	-0.482145	0.000000	91.676817	239.585377	0.000780	0.000000	0.000780	22.2	75.6	99.1
504	-0.485465	-0.485467	0.000000	92.629238	237.577213	0.000327	0.000000	0.000327	12.6	84.7	99.0
505	-0.488372	-0.488373	0.000000	92.555671	237.731127	0.000670	0.000000	0.000670	23.5	74.8	99.9
506	-0.479226	-0.479228	0.000000	93.535987	235.696381	0.000650	0.000000	0.000650	16.0	71.3	88.5
507	-0.484438	-0.484440	0.000000	93.462420	235.847867	0.000379	0.000000	0.000379	30.0	84.3	115.5
508	-0.488251	-0.488253	0.000000	93.388854	235.999548	0.000309	0.000000	0.000309	23.8	69.6	95.2
509	-0.484176	-0.484177	0.000000	93.320168	236.141340	0.000435	0.000000	0.000435	15.6	64.5	81.2
510	-0.489132	-0.489133	0.000000	93.356016	236.067315	0.000625	0.000000	0.000625	17.2	77.8	96.0
511	-0.480913	-0.480914	0.000000	94.356016	234.020891	0.000312	0.000000	0.000312	11.1	73.7	85.9
512	-0.485102	-0.485104	0.000000	94.283398	234.168303	0.000411	0.000000	0.000411	22.2	72.9	96.2
513	-0.479746	-0.479747	0.000000	94.209844	234.317806	0.000464	0.000000	0.000464	24.0	72.6	98.1
514	-0.485866	-0.485868	0.000000	94.151622	234.436279	0.000811	0.000000	0.000811	15.8	71.0	87.7
515	-0.480113	-0.480114	0.000000	94.078055	234.586148	0.000382	0.000000	0.000382	21.1	66.1	88.3
516	-0.481811	-0.481813	0.000000	95.077923	232.565479	0.000361	0.000000	0.000361	17.7	67.6	86.5
517	-0.482604	-0.482606	0.000000	95.004356	232.712966	0.000447	0.000000	0.000447	12.7	62.9	76.8
518	-0.483667	-0.483668	0.000000	94.930789	232.860639	0.000427	0.000000	0.000427	20.4	87.2	108.8
519	-0.494382	-0.494384	0.000000	94.919430	232.883459	0.000392	0.000000	0.000392	10.2	60.2	71.6
520	-0.477121	-0.477122	0.000000	95.170745	232.379656	0.000497	0.000000	0.000497	20.2	61.7	83.1
521	-0.478875	-0.478876	0.000000	95.097178	232.526907	0.000456	0.000000	0.000456	24.8	70.6	96.3
522	-0.481717	-0.481718	0.000000	95.028205	232.665133	0.000569	0.000000	0.000569	20.0	72.3	93.5
523	-0.481800	-0.481802	0.000000	94.982288	232.757245	0.000536	0.000000	0.000536	24.6	65.5	91.2
524	-0.480815	-0.480816	0.000000	94.908792	232.904831	0.000366	0.000000	0.000366	19.8	71.4	92.3
525	-0.486400	-0.486402	0.000000	94.835226	233.052748	0.000395	0.000000	0.000395	18.1	61.4	80.7
526	-0.479540	-0.479542	0.000000	94.803627	233.116341	0.000389	0.000000	0.000389	14.1	67.6	82.7
527	-0.482849	-0.482850	0.000000	94.730271	233.264102	0.000360	0.000000	0.000360	19.2	66.8	86.9
528	-0.481660	-0.481662	0.000000	94.656775	233.412334	0.000409	0.000000	0.000409	11.1	64.5	76.6
529	-0.477663	-0.477665	0.000000	94.583208	233.560897	0.000389	0.000000	0.000389	10.1	94.9	106.0
530	-0.476999	-0.477000	0.000000	94.604745	233.517386	0.000555	0.000000	0.000555	19.7	67.7	88.9
531	-0.480721	-0.480723	0.000000	94.531186	233.666067	0.000625	0.000000	0.000625	13.5	67.4	82.2
532	-0.484358	-0.484360	0.000000	95.531186	231.660886	0.000653	0.000000	0.000653	13.2	69.1	83.4
533	-0.485067	-0.485068	0.000000	96.274729	230.192113	0.000564	0.000000	0.000564	18.9	63.8	83.7
534	-0.481279	-0.481280	0.000000	96.205585	230.327913	0.000695	0.000000	0.000695	20.2	71.1	92.5
535	-0.484508	-0.484510	0.000000	97.205585	228.379376	0.000441	0.000000	0.000441	11.1	67.3	79.4
536	-0.489614	-0.489615	0.000000	97.132018	228.521600	0.000570	0.000000	0.000570	16.9	69.1	87.0
537	-0.481485	-0.481487	0.000000	97.058451	228.664000	0.000531	0.000000	0.000531	19.3	74.0	94.5
538	-0.483507	-0.483509	0.000000	97.061118	228.658834	0.000390	0.000000	0.000390	17.6	63.7	82.8
539	-0.491223	-0.491224	0.000000	96.989104	228.798397	0.000347	0.000000	0.000347	18.9	58.5	78.6
540	-0.479422	-0.479423	0.000000	96.920129	228.932228	0.000501	0.000000	0.000501	11.1	68.4	80.5
541	-0.488475	-0.488476	0.000000	96.849485	229.069458	0.000379	0.000000	0.000379	15.8	66.0	83.0
542	-0.472961	-0.472963	0.000000	96.795873	229.173713	0.000356	0.000000	0.000356	18.2	70.7	90.1
543	-0.483923	-0.483925	0.000000	96.722348	229.316847	0.000419	0.000000	0.000419	15.6	63.7	80.4
544	-0.485966	-0.485968	0.000000	96.648862	229.460085	0.000419	0.000000	0.000419	19.0	67.6	87.7
545	-0.493097	-0.493098	0.000000	96.575295	229.603658	0.000480	0.000000	0.000480	26.9	78.6	106.6
546	-0.485464	-0.485465	0.000000	97.566555	227.684087	0.000652	0.000000	0.000652	18.3	63.1	82.7
547	-0.481485	-0.481487	0.000000	97.492988	227.825446	0.000515	0.000000	0.000515	19.3	73.1	93.6
548	-0.475444	-0.475446	0.000000	98.492988	225.918845	0.000402	0.000000	0.000402	20.6	62.7	84.3
549	-0.484573	-0.484574	0.000000	98.419421	226.058019	0.000945	0.000000	0.000944	11.0	64.4	76.4
550	-0.488598	-0.488599	0.000000	99.419420	224.180765	0.000463	0.000000	0.000463	12.8	71.3	85.3
551	-0.483592	-0.483593	0.000000	100.409959	222.351757	0.000354	0.000000	0.000354	22.0	63.7	87.0
552	-0.479327	-0.479328	0.000000	100.336401	222.486554	0.000554	0.000000	0.000554	19.8	64.7	85.5
553	-0.480590	-0.480591	0.000000	100.262836	222.621528	0.000482	0.000000	0.000482	12.2	66.7	80.0
554	-0.479147	-0.479148	0.000000	100.189269	222.756668	0.000433	0.000000	0.000433	18.2	67.2	86.6
555	-0.484512	-0.484514	0.000000	100.115702	222.891973	0.000653	0.000000	0.000653	18.0	68.2	87.6
556	-0.489345	-0.489346	0.000000	101.115702	221.066720	0.000613	0.000000	0.000613	21.4	65.1	87.5
557	-0.487405	-0.487406	0.000000	102.115702	219.271119	0.000510	0.000000	0.000510	15.3	67.9	84.4
558	-0.480651	-0.480653	0.000000	102.042135	219.402221	0.000809	0.000000	0.000809	11.4	65.6	78.3
559	-0.488603	-0.488604	0.000000	103.042072	217.633560	0.000505	0.000000	0.000505	18.3	69.0	88.4
560	-0.486736	-0.486738	0.000000	102.973070	217.754693	0.000381	0.000000	0.000381	30.3	80.2	111.6
561	-0.484377	-0.484378	0.000000	103.018339	217.675209	0.000477	0.000000	0.000477	12.6	71.2	84.8
562	-0.477786	-0.477788	0.000000	102.946304	217.801717	0.000498	0.000000	0.000498	19.4	68.6	89.2
563	-0.480435	-0.480437	0.000000	102.872737	217.931066	0.000332	0.000000	0.000332	18.3	65.5	84.8
564	-0.482975	-0.482976	0.000000	102.799234	218.060459	0.000477	0.000000	0.000477	18.9	62.6	82.4
565	-0.486992	-0.486993	0.000000	102.725667	218.190117	0.000725	0.000000	0.000725	16.5	69.3	87.0
566	-0.485997	-0.485999	0.000000	102.652101	218.319928	0.000541	0.000000	0.000541	19.7	59.2	80.0
567	-0.489562	-0.489563	0.000000	103.652101	216.568494	0.000581	0.000000	0.000581	16.2	71.0	89.0
568	-0.491229	-0.491231	0.000000	104.652070	214.844991	0.000454	0.000000	0.000454	15.2	66.4	82.6
569	-0.488931	-0.488933	0.000000	104.583209	214.962796	0.000391	0.000000	0.000391	19.3	62.4	82.7
570	-0.482835	-0.482837	0.000000	104.909131	214.406355	0.000583	0.000000	0.000583	21.1	69.2	91.3
571	-0.483494	-0.483495	0.000000	104.888163	214.442066	0.000352	0.000000	0.000352	14.8	75.4	91.2
572	-0.480077	-0.480079	0.000000	104.814681	214.567311	0.000338	0.000000	0.000338	19.0	64.1	84.1
573	-0.485343	-0.485345	0.000000	104.753441	214.671801	0.000491	0.000000	0.000491	15.9	68.3	85.2
574	-0.481161	-0.481162	0.000000	104.679889	214.797435	0.000489	0.000000	0.000489	17.5	69.4	88.3
575	-0.482602	-0.482604	0.000000	105.404308	213.566438	0.000282	0.000000	0.000282	20.6	62.4	84.5
576	-0.483652	-0.483653	0.000000	105.371357	213.622124	0.000411	0.000000	0.000411	19.5	71.1	91.5
577	-0.488119	-0.488120	0.000000	105.297792	213.746554	0.000326	0.000000	0.000326	31.2	66.1	98.6
578	-0.488165	-0.488167	0.000000	105.224516	213.870638	0.000669	0.000000	0.000669	14.4	59.8	75.7
579	-0.486059	-0.486061	0.000000	105.151022	213.995236	0.000430	0.000000	0.000430	19.5	71.5	92.0
580	-0.485836	-0.485838	0.000000	106.151000	212.312272	0.000534	0.000000	0.000534	17.8	65.2	84.3
581	-0.488919	-0.488920	0.000000	106.077433	212.435183	0.000440	0.000000	0.000440	21.9	62.5	85.5
582	-0.479748	-0.479750	0.000000	107.076243	210.778496	0.000324	0.000000	0.000324	21.5	63.6	86.1
583	-0.487973	-0.487975	0.000000	107.127378	210.694374	0.000465	0.000000	0.000465	17.5	65.9	84.5
584	-0.489918	-0.489920	0.000000	107.053812	210.815417	0.000281	0.000000	0.000281	15.9	69.4	86.4
585	-0.488233	-0.488235	0.000000	106.980256	210.936581	0.000446	0.000000	0.000446	12.3	68.8	82.1
586	-0.484011	-0.484012	0.000000	106.906774	211.057765	0.000525	0.000000	0.000525	20.3	62.2	83.4
587	-0.477094	-0.477096	0.000000	106.833207	211.179227	0.000466	0.000000	0.000466	16.1	67.3	84.7
588	-0.481112	-0.481113	0.000000	106.759640	211.300828	0.000480	0.000000	0.000480	18.1	61.7	80.9
589	-0.476821	-0.476823	0.000000	107.467443	210.136647	0.000541	0.000000	0.000541	18.3	63.5	83.2
590	-0.478390	-0.478392	0.000000	108.467149	208.514035	0.000403	0.000000	0.000403	15.4	64.6	81.5
591	-0.483573	-0.483575	0.000000	108.393659	208.632462	0.000628	0.000000	0.000628	16.5	62.9	80.3
592	-0.489369	-0.489370	0.000000	109.392394	207.034451	0.000624	0.000000	0.000624	15.5	88.6	105.1
593	-0.482197	-0.482198	0.000000	110.391817	205.459657	0.000435	0.000000	0.000435	14.7	59.4	75.2
594	-0.486290	-0.486292	0.000000	110.318250	205.574759	0.000346	0.000000	0.000346	17.3	64.2	82.6
595	-0.486123	-0.486125	0.000000	110.301426	205.601101	0.000352	0.000000	0.000352	17.6	62.6	81.4
596	-0.480388	-0.480390	0.000000	110.227863	205.716356	0.000447	0.000000	0.000447	15.6	69.8	86.4
597	-0.482956	-0.482958	0.000000	110.154593	205.831279	0.000404	0.000000	0.000404	20.3	59.3	80.6
598	-0.485457	-0.485458	0.000000	111.152107	204.277619	0.000307	0.000000	0.000307	13.6	70.3	85.2
599	-0.487735	-0.487736	0.000000	111.106019	204.348886	0.000564	0.000000	0.000564	17.7	65.2	83.9
600	-0.493299	-0.493301	0.000000	111.032942	204.461987	0.000356	0.000000	0.000356	15.1	62.3	78.6
601	-0.487109	-0.487111	0.000000	110.960268	204.574589	0.000695	0.000000	0.000695	12.6	69.6	83.4
602	-0.473086	-0.473088	0.000000	111.053255	204.430537	0.000582	0.000000	0.000582	20.1	73.6	94.8
603	-0.481416	-0.481418	0.000000	112.018434	202.947192	0.000431	0.000000	0.000431	21.8	70.1	92.9
604	-0.482441	-0.482442	0.000000	113.018426	201.432882	0.000548	0.000000	0.000548	23.1	71.5	95.7
605	-0.480184	-0.480186	0.000000	114.018323	199.941142	0.000643	0.000000	0.000643	21.4	66.3	88.9
606	-0.488479	-0.488481	0.000000	113.944756	200.050142	0.000364	0.000000	0.000364	13.9	69.7	84.6
607	-0.487092	-0.487093	0.000000	113.871243	200.159182	0.000383	0.000000	0.000383	26.4	86.3	113.6
608	-0.486333	-0.486335	0.000000	113.797680	200.268414	0.000536	0.000000	0.000536	11.2	68.9	81.4
609	-0.484276	-0.484278	0.000000	114.795079	198.797467	0.000562	0.000000	0.000562	18.5	64.9	84.6
610	-0.479999	-0.480000	0.000000	115.795043	197.344269	0.000430	0.000000	0.000430	14.6	76.4	92.3
611	-0.481041	-0.481042	0.000000	115.780756	197.364882	0.000765	0.000000	0.000765	17.5	81.8	100.4
612	-0.488499	-0.488501	0.000000	116.744597	195.983859	0.000299	0.000000	0.000299	18.4	72.6	93.5
613	-0.488364	-0.488366	0.000000	116.671199	196.088347	0.000625	0.000000	0.000625	18.6	70.5	90.1
614	-0.486857	-0.486859	0.000000	116.597632	196.193185	0.000795	0.000000	0.000795	19.1	73.4	93.6
615	-0.482657	-0.482659	0.000000	117.597632	194.777625	0.000699	0.000000	0.000699	15.2	77.2	93.3
616	-0.482485	-0.482487	0.000000	117.539378	194.859528	0.000451	0.000000	0.000451	14.7	99.8	115.6
617	-0.482292	-0.482294	0.000000	118.209026	193.922180	0.000312	0.000000	0.000312	18.4	66.0	85.7
618	-0.485689	-0.485690	0.000000	118.149327	194.005378	0.000431	0.000000	0.000431	23.1	58.8	83.0
619	-0.478953	-0.478954	0.000000	118.075994	194.107675	0.000621	0.000000	0.000621	18.6	62.5	82.1
620	-0.485704	-0.485706	0.000000	119.075898	192.722075	0.000481	0.000000	0.000481	22.5	86.6	110.3
621	-0.473219	-0.473221	0.000000	120.075884	191.356006	0.000422	0.000000	0.000422	11.1	67.6	79.7
622	-0.491678	-0.491680	0.000000	120.002327	191.455832	0.000519	0.000000	0.000519	22.0	93.2	116.3
623	-0.485756	-0.485758	0.000000	120.492124	190.793077	0.000478	0.000000	0.000478	19.9	74.5	95.3
624	-0.480008	-0.480010	0.000000	120.418574	190.892307	0.000405	0.000000	0.000405	14.1	66.8	81.9
625	-0.490552	-0.490554	0.000000	120.345054	190.991597	0.000389	0.000000	0.000389	23.5	69.3	93.9
626	-0.489315	-0.489316	0.000000	120.271525	191.091005	0.000602	0.000000	0.000602	52.1	101.1	154.6
627	-0.487036	-0.487037	0.000000	121.271467	189.747940	0.000380	0.000000	0.000380	58.7	129.9	189.7
628	-0.487536	-0.487538	0.000000	121.230860	189.802113	0.000472	0.000000	0.000472	39.7	80.2	121.1
629	-0.489286	-0.489288	0.000000	121.157390	189.900206	0.000472	0.000000	0.000472	17.6	108.2	127.0
630	-0.486414	-0.486415	0.000000	122.156913	188.574322	0.000547	0.000000	0.000547	60.7	119.8	181.7
631	-0.484980	-0.484981	0.000000	122.083346	188.671278	0.000425	0.000000	0.000425	35.0	77.9	114.1
632	-0.493719	-0.493720	0.000000	123.081813	187.363812	0.000888	0.000000	0.000888	11.6	78.1	90.7
633	-0.490581	-0.490583	0.000000	124.081813	186.072377	0.000779	0.000000	0.000779	12.7	158.9	172.8
634	-0.480633	-0.480635	0.000000	125.081813	184.798622	0.000522	0.000000	0.000522	158.8	141.8	301.9
635	-0.490170	-0.490171	0.000000	126.081813	183.542188	0.000420	0.000000	0.000420	33.7	76.7	111.9
636	-0.483896	-0.483898	0.000000	126.022292	183.616494	0.000368	0.000000	0.000367	13.8	78.4	93.4
637	-0.481879	-0.481881	0.000000	126.506211	183.014109	0.000579	0.000000	0.000579	31.1	102.4	134.7
638	-0.489758	-0.489760	0.000000	127.506208	181.781746	0.000575	0.000000	0.000575	21.1	71.0	93.8
639	-0.491138	-0.491140	0.000000	128.506203	180.565871	0.000395	0.000000	0.000395	13.6	64.1	79.2
640	-0.486273	-0.486275	0.000000	128.433576	180.653628	0.000749	0.000000	0.000749	12.9	65.8	79.8
641	-0.490801	-0.490803	0.000000	128.360010	180.742608	0.000493	0.000000	0.000493	15.3	65.4	81.7
642	-0.484380	-0.484382	0.000000	128.336195	180.771432	0.000438	0.000000	0.000438	14.6	73.9	89.6
643	-0.488088	-0.488090	0.000000	128.538989	180.526282	0.000924	0.000000	0.000924	17.9	78.4	97.6
644	-0.494185	-0.494187	0.000000	128.465422	180.615137	0.000617	0.000000	0.000616	69.1	72.6	142.8
645	-0.490669	-0.490670	0.000000	129.465422	179.414761	0.000889	0.000000	0.000889	57.0	105.4	163.8
646	-0.486395	-0.486397	0.000000	130.465422	178.230235	0.000464	0.000000	0.000464	74.4	81.0	156.5
647	-0.484213	-0.484214	0.000000	131.465422	177.061247	0.000481	0.000000	0.000481	57.2	82.5	140.9
648	-0.484981	-0.484982	0.000000	131.636271	176.863058	0.000602	0.000000	0.000602	13.9	92.7	108.3
649	-0.482051	-0.482053	0.000000	131.562705	176.948342	0.000648	0.000000	0.000648	52.8	88.7	142.8
650	-0.488422	-0.488423	0.000000	132.562700	175.796061	0.000397	0.000000	0.000397	58.0	114.8	173.9
651	-0.478575	-0.478577	0.000000	132.635393	175.712882	0.000677	0.000000	0.000677	30.4	81.5	120.5
652	-0.484341	-0.484343	0.000000	132.561855	175.797028	0.000423	0.000000	0.000423	40.9	91.0	133.1
653	-0.474913	-0.474915	0.000000	132.488445	175.881107	0.000277	0.000000	0.000277	52.1	97.0	150.1
654	-0.487111	-0.487113	0.000000	132.617213	175.733677	0.000341	0.000000	0.000341	42.0	98.7	141.7
655	-0.480133	-0.480135	0.000000	132.544191	175.817252	0.000358	0.000000	0.000358	34.9	91.4	127.5
656	-0.488244	-0.488246	0.000000	132.470651	175.901500	0.000729	0.000000	0.000729	41.6	90.1	132.7
657	-0.476300	-0.476302	0.000000	132.397084	175.985860	0.000366	0.000000	0.000366	43.2	80.7	125.2
658	-0.484836	-0.484838	0.000000	133.396712	174.846454	0.000539	0.000000	0.000539	54.1	86.7	141.9
659	-0.491227	-0.491229	0.000000	133.323146	174.929805	0.000410	0.000000	0.000410	40.8	78.0	120.8
660	-0.479764	-0.479765	0.000000	133.249579	175.013235	0.000339	0.000000	0.000339	45.8	75.4	122.5
661	-0.484777	-0.484779	0.000000	133.732663	174.466833	0.000366	0.000000	0.000366	41.5	89.9	133.1
662	-0.481837	-0.481838	0.000000	133.797304	174.393979	0.000403	0.000000	0.000403	43.3	74.3	119.1
663	-0.481873	-0.481874	0.000000	134.302841	173.826297	0.000701	0.000000	0.000701	55.6	105.8	162.6
664	-0.493744	-0.493745	0.000000	134.229281	173.908670	0.000794	0.000000	0.000794	44.6	97.9	144.0
665	-0.482143	-0.482145	0.000000	135.229281	172.795506	0.000473	0.000000	0.000473	29.3	109.1	139.7
666	-0.482939	-0.482941	0.000000	136.229281	171.696503	0.000364	0.000000	0.000364	27.5	80.9	109.5
667	-0.475896	-0.475898	0.000000	136.155879	171.776696	0.000426	0.000000	0.000425	33.2	70.4	104.6
668	-0.480658	-0.480659	0.000000	136.142122	171.791734	0.000795	0.000000	0.000795	48.6	96.0	145.7
669	-0.492952	-0.492954	0.000000	136.068555	171.872197	0.000441	0.000000	0.000441	13.7	90.0	105.7
670	-0.484972	-0.484974	0.000000	137.068555	170.784871	0.000411	0.000000	0.000411	32.1	68.7	102.0
671	-0.486499	-0.486501	0.000000	137.133490	170.714741	0.000334	0.000000	0.000334	44.4	61.9	107.5
672	-0.471176	-0.471177	0.000000	137.059934	170.794186	0.000441	0.000000	0.000441	47.1	84.1	132.3
673	-0.490532	-0.490533	0.000000	136.986368	170.873716	0.000345	0.000000	0.000345	43.5	78.2	123.0
674	-0.492137	-0.492139	0.000000	136.912840	170.953279	0.000709	0.000000	0.000709	43.3	78.7	123.2
675	-0.499442	-0.499444	0.000000	136.839368	171.032855	0.000730	0.000000	0.000730	47.5	95.7	151.7
676	-0.486588	-0.486590	0.000000	136.765801	171.112608	0.000494	0.000000	0.000494	28.8	70.3	100.2
677	-0.485433	-0.485435	0.000000	137.765757	170.034888	0.000701	0.000000	0.000701	29.8	111.3	142.9
678	-0.482218	-0.482220	0.000000	138.765757	168.970612	0.000363	0.000000	0.000363	36.9	83.2	121.3
679	-0.487595	-0.487597	0.000000	138.692549	169.048073	0.000506	0.000000	0.000506	35.7	79.4	116.8
680	-0.488861	-0.488863	0.000000	138.619187	169.125768	0.000351	0.000000	0.000351	61.1	68.7	130.9
681	-0.484161	-0.484163	0.000000	138.545621	169.203753	0.000718	0.000000	0.000718	42.8	84.6	128.6
682	-0.481468	-0.481469	0.000000	138.472054	169.281809	0.000599	0.000000	0.000599	20.4	83.2	105.0
683	-0.490732	-0.490734	0.000000	138.398487	169.359937	0.001228	0.000000	0.001228	30.4	94.6	126.6
684	-0.471132	-0.471134	0.000000	139.398487	168.304067	0.000406	0.000000	0.000406	25.5	79.2	106.1
685	-0.484139	-0.484141	0.000000	140.398487	167.261281	0.000342	0.000000	0.000342	31.4	101.7	134.2
686	-0.481295	-0.481297	0.000000	140.325708	167.336738	0.000290	0.000000	0.000290	30.3	95.9	128.3
687	-0.488484	-0.488486	0.000000	140.255331	167.409770	0.000350	0.000000	0.000350	16.8	101.8	119.9
688	-0.482752	-0.482754	0.000000	140.181775	167.486168	0.000474	0.000000	0.000474	29.0	105.4	136.7
689	-0.485780	-0.485782	0.000000	140.108415	167.562431	0.000694	0.000000	0.000694	33.0	116.6	150.7
690	-0.482002	-0.482004	0.000000	140.034848	167.638980	0.000457	0.000000	0.000457	15.3	88.9	105.3
691	-0.491070	-0.491072	0.000000	140.728242	166.920244	0.000369	0.000000	0.000369	26.7	93.8	123.1
692	-0.489438	-0.489440	0.000000	140.665812	166.984704	0.000403	0.000000	0.000403	33.5	85.6	120.4
693	-0.478665	-0.478666	0.000000	140.592262	167.060708	0.000426	0.000000	0.000426	42.1	91.7	134.9
694	-0.481630	-0.481632	0.000000	140.521775	167.133612	0.000476	0.000000	0.000476	34.6	90.6	126.3
695	-0.490605	-0.490607	0.000000	140.448230	167.209748	0.000310	0.000000	0.000310	26.3	93.8	121.3
696	-0.491963	-0.491964	0.000000	140.405208	167.254316	0.000475	0.000000	0.000475	27.8	93.6	123.0
697	-0.486018	-0.486020	0.000000	140.346221	167.315463	0.000384	0.000000	0.000384	23.4	90.2	114.7
698	-0.491045	-0.491047	0.000000	141.280453	166.352245	0.000557	0.000000	0.000557	39.8	81.0	121.9
699	-0.485753	-0.485754	0.000000	141.206916	166.427662	0.000462	0.000000	0.000462	41.4	101.0	143.4
700	-0.492150	-0.492152	0.000000	141.576872	166.048943	0.000374	0.000000	0.000374	17.9	95.7	115.0
701	-0.484675	-0.484677	0.000000	141.504441	166.122953	0.000609	0.000000	0.000609	17.0	79.1	97.9
702	-0.485874	-0.485876	0.000000	141.430874	166.198192	0.000488	0.000000	0.000488	42.3	82.3	125.8
703	-0.479489	-0.479491	0.000000	142.430868	165.181266	0.000379	0.000000	0.000379	36.2	69.9	107.1
704	-0.492153	-0.492154	0.000000	143.429653	164.177916	0.000536	0.000000	0.000536	48.7	65.2	115.6
705	-0.487722	-0.487724	0.000000	144.426922	163.188177	0.000508	0.000000	0.000508	41.8	99.4	142.4
706	-0.490042	-0.490043	0.000000	145.426922	162.207637	0.000466	0.000000	0.000466	44.0	75.8	121.0
707	-0.473368	-0.473370	0.000000	146.426919	161.238813	0.000800	0.000000	0.000800	52.7	95.1	149.0
708	-0.485965	-0.485967	0.000000	147.426919	160.281491	0.000403	0.000000	0.000403	37.7	87.7	126.8
709	-0.491737	-0.491739	0.000000	148.426919	159.335469	0.000742	0.000000	0.000742	30.2	90.9	122.6
710	-0.483525	-0.483527	0.000000	148.353353	159.404685	0.000602	0.000000	0.000602	38.2	82.1	121.4
711	-0.488455	-0.488457	0.000000	149.353353	158.468955	0.000579	0.000000	0.000579	36.3	77.9	115.2
712	-0.474885	-0.474887	0.000000	150.353101	157.544378	0.000523	0.000000	0.000523	30.3	78.2	109.7
713	-0.490321	-0.490323	0.000000	151.322391	156.658213	0.000552	0.000000	0.000552	44.2	78.4	124.3
714	-0.482648	-0.482650	0.000000	151.248824	156.725120	0.000432	0.000000	0.000432	33.4	93.9	128.4
715	-0.484205	-0.484207	0.000000	151.175257	156.792086	0.000505	0.000000	0.000505	47.2	80.9	129.3
716	-0.478720	-0.478722	0.000000	151.101691	156.859108	0.000326	0.000000	0.000326	46.4	90.4	138.0
717	-0.490944	-0.490946	0.000000	151.551487	156.450218	0.000611	0.000000	0.000611	44.3	105.3	151.2
718	-0.482653	-0.482655	0.000000	151.477920	156.516949	0.000513	0.000000	0.000513	31.4	78.9	111.4
719	-0.493873	-0.493875	0.000000	151.404353	156.583736	0.000507	0.000000	0.000507	34.0	105.9	141.9
720	-0.488409	-0.488410	0.000000	151.668311	156.344366	0.000359	0.000000	0.000359	30.5	101.6	133.3
721	-0.485627	-0.485629	0.000000	152.656472	155.454717	0.000434	0.000000	0.000434	24.3	101.3	126.9
722	-0.480489	-0.480491	0.000000	152.583097	155.520429	0.000615	0.000000	0.000615	18.3	83.2	102.6
723	-0.485821	-0.485823	0.000000	152.509530	155.586369	0.000806	0.000000	0.000806	17.1	103.7	121.9
724	-0.489336	-0.489338	0.000000	153.509502	154.694830	0.000301	0.000000	0.000301	20.4	98.8	120.5
725	-0.487172	-0.487174	0.000000	153.435935	154.760071	0.000631	0.000000	0.000631	33.0	111.4	145.6
726	-0.488749	-0.488751	0.000000	154.333917	153.967459	0.000586	0.000000	0.000586	22.0	95.5	118.6
727	-0.483703	-0.483705	0.000000	155.333917	153.094301	0.000321	0.000000	0.000321	28.2	91.3	120.8
728	-0.480354	-0.480356	0.000000	155.260350	153.158199	0.000486	0.000000	0.000486	37.1	78.0	117.8
729	-0.487338	-0.487340	0.000000	155.186806	153.222130	0.000642	0.000000	0.000642	34.7	96.1	132.2
730	-0.483501	-0.483503	0.000000	156.186804	152.357383	0.000288	0.000000	0.000288	40.1	88.1	129.3
731	-0.483586	-0.483588	0.000000	156.113367	152.420555	0.000448	0.000000	0.000448	33.5	91.4	126.1
732	-0.485099	-0.485101	0.000000	156.054648	152.471105	0.000442	0.000000	0.000442	34.0	91.3	127.1
733	-0.484788	-0.484790	0.000000	155.981081	152.534483	0.000299	0.000000	0.000299	17.6	95.5	114.9
734	-0.486628	-0.486630	0.000000	155.907703	152.597752	0.000767	0.000000	0.000767	31.8	86.1	120.1
735	-0.485207	-0.485209	0.000000	156.905396	151.741984	0.000408	0.000000	0.000408	37.4	75.0	113.5
736	-0.496091	-0.496093	0.000000	157.893668	150.903708	0.000314	0.000000	0.000314	40.6	78.4	120.2
737	-0.488079	-0.488081	0.000000	157.820113	150.965780	0.000362	0.000000	0.000362	37.5	76.7	115.4
738	-0.483000	-0.483002	0.000000	158.426768	150.455353	0.000693	0.000000	0.000693	51.3	70.0	122.4
739	-0.484987	-0.484989	0.000000	159.425927	149.622165	0.000460	0.000000	0.000460	76.6	90.5	168.2
740	-0.487394	-0.487396	0.000000	160.425927	148.797464	0.000358	0.000000	0.000358	36.7	147.3	189.1
741	-0.489844	-0.489846	0.000000	161.425609	147.982062	0.000403	0.000000	0.000403	26.8	145.1	187.8
742	-0.487954	-0.487956	0.000000	161.365348	148.030961	0.000434	0.000000	0.000434	31.8	102.0	135.0
743	-0.488718	-0.488720	0.000000	162.329602	147.252366	0.000450	0.000000	0.000450	35.2	88.4	136.8
744	-0.484789	-0.484791	0.000000	162.257017	147.310691	0.000495	0.000000	0.000495	34.0	91.5	126.5
745	-0.491246	-0.491248	0.000000	162.183450	147.369851	0.000382	0.000000	0.000382	26.7	84.3	112.1
746	-0.490133	-0.490135	0.000000	162.109981	147.428980	0.000415	0.000000	0.000415	22.2	74.3	97.8
747	-0.483570	-0.483571	0.000000	163.106560	146.630939	0.000662	0.000000	0.000662	48.7	101.4	151.7
748	-0.485760	-0.485761	0.000000	163.032993	146.689554	0.000432	0.000000	0.000432	20.1	113.1	134.3
749	-0.485400	-0.485402	0.000000	164.022074	145.905389	0.000486	0.000000	0.000486	15.0	87.2	103.2
750	-0.484747	-0.484749	0.000000	164.519342	145.514303	0.000317	0.000000	0.000317	24.4	90.6	117.8
751	-0.482841	-0.482842	0.000000	164.446321	145.571600	0.000482	0.000000	0.000482	48.1	93.0	142.1
752	-0.490246	-0.490247	0.000000	165.434994	144.799628	0.000366	0.000000	0.000366	46.7	72.0	119.8
753	-0.481579	-0.481581	0.000000	165.361428	144.856787	0.000587	0.000000	0.000587	20.5	75.2	97.5
754	-0.479659	-0.479661	0.000000	165.287861	144.913993	0.000456	0.000000	0.000456	53.2	65.3	119.7
755	-0.486602	-0.486604	0.000000	166.287840	144.140259	0.000398	0.000000	0.000398	66.9	98.7	166.8
756	-0.486944	-0.486945	0.000000	167.279022	143.381442	0.000312	0.000000	0.000312	28.2	99.2	128.5
757	-0.484123	-0.484125	0.000000	167.205945	143.437115	0.000435	0.000000	0.000435	35.4	75.1	111.6
758	-0.490075	-0.490077	0.000000	167.132668	143.492983	0.000341	0.000000	0.000341	40.3	77.9	119.3
759	-0.484547	-0.484549	0.000000	167.070382	143.540505	0.000460	0.000000	0.000460	39.8	76.7	117.7
760	-0.479398	-0.479399	0.000000	167.012558	143.584652	0.000449	0.000000	0.000449	43.3	74.7	119.0
761	-0.482981	-0.482983	0.000000	168.002543	142.832564	0.000593	0.000000	0.000593	17.0	92.2	111.8
762	-0.481955	-0.481957	0.000000	167.936690	142.882347	0.000659	0.000000	0.000659	26.7	84.7	114.8
763	-0.484753	-0.484755	0.000000	167.863123	142.938003	0.000344	0.000000	0.000344	39.8	60.6	101.5
764	-0.481456	-0.481458	0.000000	168.856792	142.189897	0.000533	0.000000	0.000533	46.6	92.9	141.3
765	-0.488442	-0.488444	0.000000	168.783226	142.245014	0.000370	0.000000	0.000370	29.2	101.5	132.1
766	-0.491613	-0.491615	0.000000	169.782861	141.499700	0.000453	0.000000	0.000453	17.6	129.1	147.8
767	-0.494345	-0.494347	0.000000	170.781896	140.762597	0.000547	0.000000	0.000547	19.4	99.6	120.1
768	-0.488254	-0.488256	0.000000	171.781896	140.032432	0.000613	0.000000	0.000613	32.6	64.0	97.6
769	-0.491654	-0.491656	0.000000	172.655104	139.401013	0.000587	0.000000	0.000587	36.9	87.2	125.3
770	-0.488959	-0.488961	0.000000	173.655104	138.684869	0.000327	0.000000	0.000327	54.9	78.8	134.9
771	-0.480181	-0.480183	0.000000	174.136512	138.342730	0.000472	0.000000	0.000472	44.2	87.3	136.1
772	-0.477366	-0.477368	0.000000	174.234935	138.272988	0.000399	0.000000	0.000399	66.3	80.0	148.6
773	-0.492056	-0.492058	0.000000	175.234891	137.568388	0.000352	0.000000	0.000352	36.1	77.6	114.7
774	-0.484557	-0.484559	0.000000	176.201042	136.894397	0.000247	0.000000	0.000247	54.6	87.4	143.3
775	-0.474289	-0.474291	0.000000	176.127864	136.945215	0.000727	0.000000	0.000727	32.0	87.7	125.2
776	-0.476529	-0.476531	0.000000	176.075788	136.981402	0.000533	0.000000	0.000533	30.2	96.8	128.1
777	-0.487266	-0.487268	0.000000	177.075788	136.289841	0.000446	0.000000	0.000446	26.3	84.6	112.0
778	-0.484527	-0.484528	0.000000	178.054568	135.619684	0.000513	0.000000	0.000513	42.6	74.6	118.3
779	-0.486503	-0.486505	0.000000	177.981001	135.669825	0.000365	0.000000	0.000365	52.5	73.9	128.5
780	-0.483669	-0.483670	0.000000	178.182056	135.532880	0.000401	0.000000	0.000401	63.0	67.1	131.2
781	-0.493876	-0.493878	0.000000	178.108490	135.582957	0.000502	0.000000	0.000502	66.0	70.3	137.4
782	-0.485979	-0.485981	0.000000	179.071986	134.930023	0.000349	0.000000	0.000349	54.2	86.6	141.9
783	-0.489812	-0.489814	0.000000	178.998954	134.979294	0.000551	0.000000	0.000551	41.3	88.4	130.8
784	-0.479246	-0.479248	0.000000	179.990532	134.313380	0.000573	0.000000	0.000573	50.4	88.5	139.9
785	-0.488578	-0.488580	0.000000	179.917047	134.362505	0.000521	0.000000	0.000521	34.3	72.6	108.5
786	-0.488773	-0.488775	0.000000	180.916852	133.697200	0.000388	0.000000	0.000388	53.4	73.9	128.5
787	-0.488820	-0.488822	0.000000	181.915155	133.039436	0.000410	0.000000	0.000410	56.5	86.6	145.8
788	-0.483783	-0.483785	0.000000	181.841682	133.087625	0.000754	0.000000	0.000754	37.6	85.2	123.9
789	-0.481484	-0.481486	0.000000	181.768120	133.135908	0.000322	0.000000	0.000322	36.5	100.2	137.9
790	-0.482039	-0.482041	0.000000	182.768115	132.482542	0.000601	0.000000	0.000601	18.5	100.6	120.3
791	-0.484743	-0.484745	0.000000	182.694563	132.530379	0.000526	0.000000	0.000526	27.3	80.5	108.8
792	-0.486961	-0.486963	0.000000	182.620997	132.578261	0.000395	0.000000	0.000395	40.3	70.5	111.8
793	-0.489355	-0.489357	0.000000	182.547430	132.626178	0.000538	0.000000	0.000538	62.6	68.2	132.0
794	-0.487235	-0.487237	0.000000	182.542710	132.629254	0.000987	0.000000	0.000987	66.2	79.6	149.3
795	-0.481662	-0.481664	0.000000	182.469143	132.677208	0.000470	0.000000	0.000470	41.8	86.7	129.7
796	-0.482737	-0.482739	0.000000	182.398483	132.723299	0.001053	0.000000	0.001053	40.8	91.0	133.8
797	-0.487236	-0.487238	0.000000	182.327161	132.769855	0.000378	0.000000	0.000378	37.8	103.3	142.8
798	-0.492644	-0.492645	0.000000	183.327161	132.120065	0.000302	0.000000	0.000302	21.5	79.6	103.8
799	-0.478935	-0.478937	0.000000	183.264310	132.160717	0.000389	0.000000	0.000389	67.7	115.4	184.5
800	-0.483438	-0.483440	0.000000	183.196345	132.204706	0.000346	0.000000	0.000346	69.0	111.0	181.3
801	-0.490739	-0.490741	0.000000	183.138382	132.242244	0.000639	0.000000	0.000639	36.9	71.1	109.4
802	-0.492473	-0.492475	0.000000	184.138149	131.597744	0.000349	0.000000	0.000349	52.7	89.5	143.3
803	-0.480427	-0.480429	0.000000	184.162814	131.581924	0.000659	0.000000	0.000659	28.1	92.8	122.0
804	-0.490502	-0.490504	0.000000	184.089270	131.629108	0.000458	0.000000	0.000458	39.5	73.2	114.1
805	-0.478419	-0.478421	0.000000	184.015704	131.676341	0.000468	0.000000	0.000468	74.8	70.9	146.9
806	-0.493548	-0.493550	0.000000	184.143860	131.594081	0.000261	0.000000	0.000261	49.8	87.4	138.3
807	-0.486720	-0.486721	0.000000	184.128624	131.603855	0.000259	0.000000	0.000259	32.2	85.2	118.6
808	-0.492338	-0.492340	0.000000	184.057518	131.649491	0.000413	0.000000	0.000413	40.6	96.1	137.8
809	-0.490896	-0.490898	0.000000	183.983960	131.696733	0.000352	0.000000	0.000352	23.7	86.3	111.1
810	-0.480493	-0.480495	0.000000	183.910431	131.743990	0.000491	0.000000	0.000491	39.3	81.6	122.4
811	-0.485973	-0.485975	0.000000	184.716504	131.227768	0.000420	0.000000	0.000420	43.6	96.1	140.7
812	-0.482098	-0.482100	0.000000	185.715838	130.593369	0.000294	0.000000	0.000294	30.3	99.0	130.5
813	-0.482079	-0.482081	0.000000	185.643561	130.639046	0.000322	0.000000	0.000322	28.1	66.4	95.6
814	-0.488179	-0.488181	0.000000	185.570031	130.685548	0.000391	0.000000	0.000391	46.0	78.1	125.2
815	-0.474506	-0.474508	0.000000	185.496539	130.732059	0.000610	0.000000	0.000610	54.9	91.5	147.8
816	-0.484629	-0.484631	0.000000	185.545138	130.701298	0.000481	0.000000	0.000481	55.4	82.8	139.6
817	-0.484585	-0.484587	0.000000	185.471571	130.747868	0.000799	0.000000	0.000799	51.4	99.9	152.3
818	-0.488093	-0.488095	0.000000	186.471571	130.117671	0.000393	0.000000	0.000393	19.9	84.1	105.1
819	-0.493184	-0.493186	0.000000	187.471571	129.493521	0.000385	0.000000	0.000385	40.1	81.3	122.4
820	-0.490267	-0.490269	0.000000	187.402013	129.536741	0.000380	0.000000	0.000380	58.3	82.2	141.6
821	-0.487801	-0.487803	0.000000	188.326715	128.964512	0.000437	0.000000	0.000437	56.8	79.8	137.8
822	-0.489634	-0.489636	0.000000	188.258154	129.006766	0.000494	0.000000	0.000494	50.6	114.3	166.1
823	-0.479371	-0.479372	0.000000	188.187320	129.050450	0.000498	0.000000	0.000498	28.6	91.3	121.0
824	-0.493574	-0.493575	0.000000	189.186034	128.437257	0.000395	0.000000	0.000395	20.8	75.4	97.4
825	-0.483894	-0.483896	0.000000	190.181541	127.831806	0.000359	0.000000	0.000358	33.4	95.9	130.3
826	-0.485774	-0.485776	0.000000	190.112356	127.873699	0.000395	0.000000	0.000395	40.2	90.3	131.6
827	-0.483135	-0.483137	0.000000	190.038790	127.918274	0.000300	0.000000	0.000300	69.8	91.1	162.3
828	-0.484497	-0.484499	0.000000	189.979076	127.954479	0.000438	0.000000	0.000438	29.3	89.9	120.4
829	-0.486940	-0.486942	0.000000	189.970614	127.959611	0.000452	0.000000	0.000452	34.8	90.1	126.1
830	-0.491392	-0.491394	0.000000	189.897047	128.004247	0.000342	0.000000	0.000342	36.9	110.4	148.4
831	-0.484195	-0.484197	0.000000	189.825788	128.047512	0.000459	0.000000	0.000459	18.1	109.9	129.2
832	-0.484453	-0.484455	0.000000	190.823385	127.444464	0.000728	0.000000	0.000728	34.4	103.0	138.5
833	-0.487224	-0.487226	0.000000	191.823385	126.845637	0.000461	0.000000	0.000461	34.1	71.5	108.4
834	-0.482116	-0.482118	0.000000	191.749818	126.889499	0.000411	0.000000	0.000411	40.6	91.9	133.6
835	-0.492315	-0.492317	0.000000	191.676267	126.933381	0.000679	0.000000	0.000679	35.6	83.7	120.8
836	-0.485556	-0.485558	0.000000	192.676266	126.339337	0.000272	0.000000	0.000272	41.9	85.6	128.8
837	-0.491635	-0.491637	0.000000	192.899793	126.207311	0.000461	0.000000	0.000461	52.8	70.2	124.2
838	-0.486210	-0.486211	0.000000	192.826588	126.250519	0.000375	0.000000	0.000375	63.5	74.6	139.3
839	-0.476866	-0.476867	0.000000	192.928506	126.190372	0.000712	0.000000	0.000712	30.5	102.2	134.3
840	-0.479504	-0.479505	0.000000	193.927691	125.603721	0.000709	0.000000	0.000709	56.8	72.2	130.3
841	-0.477998	-0.478000	0.000000	194.927691	125.022027	0.000375	0.000000	0.000375	43.1	98.6	142.7
842	-0.488030	-0.488032	0.000000	195.927685	124.445701	0.000701	0.000000	0.000701	23.1	111.8	136.0
843	-0.490570	-0.490572	0.000000	195.877730	124.474365	0.000540	0.000000	0.000540	24.5	91.3	117.1
844	-0.490320	-0.490322	0.000000	195.804163	124.516602	0.000461	0.000000	0.000461	30.2	69.8	101.2
845	-0.486617	-0.486618	0.000000	196.803324	123.945389	0.000315	0.000000	0.000315	49.8	66.0	118.3
846	-0.485988	-0.485990	0.000000	196.729760	123.987266	0.000610	0.000000	0.000610	43.8	74.9	119.9
847	-0.487199	-0.487201	0.000000	197.729170	123.420748	0.000442	0.000000	0.000442	53.5	78.3	133.1
848	-0.489134	-0.489136	0.000000	198.729169	122.859053	0.000248	0.000000	0.000248	49.1	76.9	127.2
849	-0.487103	-0.487105	0.000000	198.655689	122.900153	0.000400	0.000000	0.000400	33.4	76.8	111.9
850	-0.481586	-0.481588	0.000000	198.612614	122.924258	0.000389	0.000000	0.000389	24.7	80.1	105.9
851	-0.493850	-0.493852	0.000000	198.540461	122.964658	0.000506	0.000000	0.000506	55.2	72.6	136.5
852	-0.480230	-0.480232	0.000000	199.537005	122.409016	0.000396	0.000000	0.000396	47.6	79.3	128.1
853	-0.480872	-0.480874	0.000000	199.502615	122.428107	0.000377	0.000000	0.000377	51.8	98.1	151.2
854	-0.492095	-0.492097	0.000000	200.485088	121.885035	0.000449	0.000000	0.000449	23.8	90.4	115.3
855	-0.492199	-0.492201	0.000000	200.411523	121.925532	0.000273	0.000000	0.000273	30.7	93.3	125.3
856	-0.487339	-0.487341	0.000000	200.337956	121.966057	0.000397	0.000000	0.000397	32.8	68.0	101.9
857	-0.498161	-0.498162	0.000000	200.504055	121.874598	0.000232	0.000000	0.000232	47.9	84.5	133.8
858	-0.486087	-0.486088	0.000000	200.431593	121.914481	0.000632	0.000000	0.000632	52.7	76.8	130.5
859	-0.490396	-0.490398	0.000000	201.429679	121.367427	0.000535	0.000000	0.000535	52.3	80.4	133.7
860	-0.485789	-0.485791	0.000000	202.429679	120.824225	0.000283	0.000000	0.000283	44.1	67.5	112.7
861	-0.478617	-0.478619	0.000000	203.271972	120.370448	0.000417	0.000000	0.000417	38.6	115.4	155.7
862	-0.484823	-0.484825	0.000000	203.198425	120.409935	0.000642	0.000000	0.000642	16.5	131.6	149.1
863	-0.480441	-0.480443	0.000000	204.198424	119.875252	0.000681	0.000000	0.000681	24.3	133.7	159.2
864	-0.485819	-0.485821	0.000000	205.198424	119.345296	0.000507	0.000000	0.000507	57.0	125.7	183.8
865	-0.486702	-0.486704	0.000000	206.198419	118.820007	0.000507	0.000000	0.000507	31.0	89.5	122.4
866	-0.487013	-0.487015	0.000000	206.200980	118.818668	0.000956	0.000000	0.000956	27.3	76.6	105.0
867	-0.483619	-0.483621	0.000000	207.179124	118.309323	0.000269	0.000000	0.000268	42.1	77.7	121.4
868	-0.493454	-0.493456	0.000000	207.132665	118.333417	0.000602	0.000000	0.000602	45.4	86.1	132.7
869	-0.478504	-0.478505	0.000000	207.059098	118.371588	0.000431	0.000000	0.000431	29.8	80.6	111.6
870	-0.480568	-0.480570	0.000000	206.985531	118.409785	0.000397	0.000000	0.000397	32.5	73.3	108.0
871	-0.481464	-0.481466	0.000000	206.911965	118.448006	0.000385	0.000000	0.000385	42.0	79.5	122.6
872	-0.487294	-0.487295	0.000000	207.857060	117.958859	0.000432	0.000000	0.000432	42.9	83.8	127.7
873	-0.488101	-0.488103	0.000000	208.856859	117.445779	0.000597	0.000000	0.000597	35.0	79.0	115.1
874	-0.485156	-0.485158	0.000000	209.856503	116.937220	0.000306	0.000000	0.000306	41.2	78.5	120.8
875	-0.478794	-0.478795	0.000000	209.782940	116.974495	0.000382	0.000000	0.000382	41.4	70.8	113.3
876	-0.483929	-0.483930	0.000000	209.763116	116.984543	0.000505	0.000000	0.000505	36.2	87.0	124.2
877	-0.491341	-0.491342	0.000000	209.743422	116.994528	0.000536	0.000000	0.000536	34.0	83.2	118.3
878	-0.489549	-0.489551	0.000000	209.708960	117.012004	0.000461	0.000000	0.000461	55.0	82.2	138.4
879	-0.489144	-0.489146	0.000000	210.708960	116.507008	0.000407	0.000000	0.000407	42.5	76.1	119.8
880	-0.482051	-0.482053	0.000000	210.635411	116.544002	0.000482	0.000000	0.000482	43.5	85.1	129.9
881	-0.483547	-0.483549	0.000000	210.561844	116.581028	0.000352	0.000000	0.000352	39.6	87.8	129.4
882	-0.487603	-0.487605	0.000000	211.050510	116.335524	0.000441	0.000000	0.000441	28.3	70.4	99.8
883	-0.484062	-0.484064	0.000000	210.976944	116.372417	0.000528	0.000000	0.000528	44.5	64.8	110.6
884	-0.486146	-0.486148	0.000000	210.903377	116.409334	0.000501	0.000000	0.000501	47.0	82.7	130.8
885	-0.482667	-0.482669	0.000000	211.807326	115.957338	0.000511	0.000000	0.000511	23.6	97.7	124.3
886	-0.481124	-0.481126	0.000000	212.323060	115.701027	0.000340	0.000000	0.000340	31.4	80.1	112.6
887	-0.487728	-0.487730	0.000000	212.249530	115.737501	0.000298	0.000000	0.000298	43.7	80.9	125.7
888	-0.491483	-0.491485	0.000000	212.176682	115.773659	0.000358	0.000000	0.000358	27.3	100.2	128.7
889	-0.487271	-0.487273	0.000000	212.103361	115.810075	0.000365	0.000000	0.000365	20.0	84.3	106.6
890	-0.474554	-0.474556	0.000000	212.030155	115.846457	0.000276	0.000000	0.000276	24.7	80.7	106.5
891	-0.486588	-0.486589	0.000000	211.973073	115.874841	0.000429	0.000000	0.000429	36.4	89.7	127.1
892	-0.483569	-0.483571	0.000000	212.240387	115.742038	0.000321	0.000000	0.000321	37.1	74.4	112.5
893	-0.489655	-0.489657	0.000000	212.185454	115.769304	0.000783	0.000000	0.000783	34.4	85.6	121.1
894	-0.487124	-0.487126	0.000000	212.111887	115.805839	0.000291	0.000000	0.000291	31.8	78.9	111.8
895	-0.481299	-0.481301	0.000000	212.038320	115.842398	0.000333	0.000000	0.000333	35.0	85.3	121.3
896	-0.492242	-0.492244	0.000000	212.330425	115.697375	0.000702	0.000000	0.000702	39.7	87.6	128.6
897	-0.488770	-0.488772	0.000000	212.256858	115.733865	0.000281	0.000000	0.000281	38.8	93.1	134.1
898	-0.487595	-0.487597	0.000000	212.207298	115.758460	0.000493	0.000000	0.000493	22.6	98.9	122.6
899	-0.493049	-0.493051	0.000000	212.232319	115.746042	0.000417	0.000000	0.000417	19.5	101.8	122.7
900	-0.481936	-0.481938	0.000000	213.232060	115.252019	0.000390	0.000000	0.000390	26.3	102.0	129.4
901	-0.488344	-0.488346	0.000000	213.158494	115.288228	0.000493	0.000000	0.000493	24.3	93.5	119.1
902	-0.494823	-0.494825	0.000000	213.084927	115.324460	0.000329	0.000000	0.000329	32.9	61.9	95.9
903	-0.493409	-0.493411	0.000000	213.069178	115.332219	0.000491	0.000000	0.000491	39.8	75.9	116.9
904	-0.484849	-0.484850	0.000000	214.061609	114.845286	0.000453	0.000000	0.000453	38.3	66.8	107.5
905	-0.487904	-0.487906	0.000000	215.058324	114.360372	0.000435	0.000000	0.000435	36.7	68.3	106.7
906	-0.485260	-0.485262	0.000000	214.985106	114.395854	0.000584	0.000000	0.000584	51.8	88.7	141.6
907	-0.485610	-0.485612	0.000000	214.911568	114.431513	0.000409	0.000000	0.000409	36.3	100.7	138.1
908	-0.487738	-0.487740	0.000000	215.911534	113.948516	0.000412	0.000000	0.000412	30.8	93.6	125.6
909	-0.486778	-0.486780	0.000000	216.398776	113.714646	0.000467	0.000000	0.000467	34.6	84.4	120.1
910	-0.486945	-0.486946	0.000000	216.325209	113.749895	0.000376	0.000000	0.000376	25.7	70.5	97.5
911	-0.489299	-0.489300	0.000000	217.317763	113.276146	0.000377	0.000000	0.000377	47.6	81.4	130.2
912	-0.488752	-0.488754	0.000000	217.244267	113.311091	0.000323	0.000000	0.000323	17.9	75.6	113.6
913	-0.485392	-0.485394	0.000000	217.212179	113.326354	0.000632	0.000000	0.000632	43.1	79.6	123.7
914	-0.480560	-0.480562	0.000000	217.144644	113.358492	0.000457	0.000000	0.000457	37.0	87.7	126.1
915	-0.480018	-0.480020	0.000000	217.071077	113.393521	0.000412	0.000000	0.000412	30.9	86.3	118.3
916	-0.491316	-0.491318	0.000000	218.035380	112.936076	0.000523	0.000000	0.000523	35.9	72.2	109.3
917	-0.484253	-0.484254	0.000000	217.996676	112.954365	0.000267	0.000000	0.000267	50.1	68.2	119.4
918	-0.487304	-0.487306	0.000000	218.515676	112.709607	0.000278	0.000000	0.000278	36.3	79.8	117.4
919	-0.480682	-0.480684	0.000000	218.596597	112.671541	0.000336	0.000000	0.000336	30.2	66.8	98.4
920	-0.485090	-0.485091	0.000000	218.523745	112.705810	0.000272	0.000000	0.000272	45.4	85.7	132.2
921	-0.488515	-0.488517	0.000000	218.454117	112.738582	0.000619	0.000000	0.000619	30.7	64.9	97.3
922	-0.490525	-0.490527	0.000000	218.380641	112.773187	0.000390	0.000000	0.000390	39.7	66.5	107.3
923	-0.486908	-0.486910	0.000000	218.307077	112.807854	0.000502	0.000000	0.000502	43.8	67.7	112.5
924	-0.483449	-0.483451	0.000000	219.266511	112.357389	0.000332	0.000000	0.000332	37.8	64.5	103.4
925	-0.486119	-0.486121	0.000000	219.353855	112.316558	0.000474	0.000000	0.000474	42.4	84.8	128.3
926	-0.481338	-0.481340	0.000000	219.280296	112.350943	0.000331	0.000000	0.000331	36.6	86.6	124.3
927	-0.486806	-0.486808	0.000000	219.209506	112.384053	0.000544	0.000000	0.000544	41.4	90.2	132.7
928	-0.479627	-0.479629	0.000000	219.160659	112.406911	0.000616	0.000000	0.000616	28.7	83.9	113.8
929	-0.487175	-0.487177	0.000000	220.160659	111.940803	0.000454	0.000000	0.000454	41.0	91.6	133.9
930	-0.484489	-0.484491	0.000000	220.087092	111.974961	0.000801	0.000000	0.000801	35.1	72.9	109.6
931	-0.477582	-0.477584	0.000000	221.087089	111.512423	0.000672	0.000000	0.000672	63.8	99.5	164.5
932	-0.479741	-0.479743	0.000000	221.013522	111.546320	0.000500	0.000000	0.000500	58.1	74.2	133.5
933	-0.482771	-0.482773	0.000000	222.013522	111.087307	0.000494	0.000000	0.000494	30.8	83.1	115.2
934	-0.486026	-0.486028	0.000000	221.939955	111.120946	0.000778	0.000000	0.000778	33.1	92.0	126.4
935	-0.483143	-0.483145	0.000000	221.866388	111.154606	0.000530	0.000000	0.000530	32.4	87.7	121.4
936	-0.484853	-0.484855	0.000000	222.866388	110.698805	0.000491	0.000000	0.000491	16.2	91.2	108.5
937	-0.486308	-0.486310	0.000000	223.866388	110.246727	0.000443	0.000000	0.000443	17.8	86.6	105.5
938	-0.480668	-0.480670	0.000000	223.933930	110.216325	0.000474	0.000000	0.000474	31.1	75.1	107.3
939	-0.493433	-0.493435	0.000000	223.860363	110.249439	0.000602	0.000000	0.000602	50.0	96.9	149.1
940	-0.489105	-0.489107	0.000000	223.786796	110.282573	0.000814	0.000000	0.000814	63.6	153.2	218.3
941	-0.478783	-0.478785	0.000000	224.786796	109.833881	0.000377	0.000000	0.000377	63.6	179.5	244.3
942	-0.486713	-0.486715	0.000000	224.713229	109.866765	0.000565	0.000000	0.000565	41.1	120.8	163.0
943	-0.480680	-0.480682	0.000000	224.651163	109.894524	0.000269	0.000000	0.000269	63.6	199.8	264.5
944	-0.487623	-0.487625	0.000000	224.577601	109.927443	0.000607	0.000000	0.000607	51.5	76.5	129.3
945	-0.485247	-0.485248	0.000000	224.504035	109.960383	0.000536	0.000000	0.000536	26.4	117.9	146.4
946	-0.479720	-0.479722	0.000000	224.430468	109.993343	0.000891	0.000000	0.000891	73.4	179.4	254.0
947	-0.483672	-0.483673	0.000000	224.356901	110.026323	0.000322	0.000000	0.000322	51.3	98.1	150.5
948	-0.484722	-0.484724	0.000000	224.283334	110.059323	0.000263	0.000000	0.000263	25.3	95.7	122.3
949	-0.480412	-0.480414	0.000000	224.274428	110.063320	0.000379	0.000000	0.000379	106.0	98.0	205.2
950	-0.480910	-0.480912	0.000000	224.297996	110.052745	0.000291	0.000000	0.000291	45.0	79.0	125.1
951	-0.489781	-0.489783	0.000000	224.224430	110.085760	0.000571	0.000000	0.000571	22.4	81.3	104.7
952	-0.488195	-0.488197	0.000000	225.222108	109.639699	0.000425	0.000000	0.000425	33.9	85.8	120.8
953	-0.482028	-0.482030	0.000000	225.148541	109.672467	0.000309	0.000000	0.000309	35.4	77.4	113.9
954	-0.481774	-0.481776	0.000000	225.256284	109.624482	0.000902	0.000000	0.000902	38.4	72.7	112.1
955	-0.482251	-0.482253	0.000000	226.255167	109.181612	0.000589	0.000000	0.000589	42.7	75.2	120.3
956	-0.492381	-0.492383	0.000000	226.181601	109.214107	0.000436	0.000000	0.000436	63.7	76.2	141.4
957	-0.485270	-0.485271	0.000000	227.181244	108.774206	0.000525	0.000000	0.000525	42.3	130.9	174.3
958	-0.485418	-0.485420	0.000000	227.107678	108.806458	0.000585	0.000000	0.000585	52.4	123.2	176.7
959	-0.489950	-0.489952	0.000000	227.034111	108.838730	0.000473	0.000000	0.000473	42.7	144.9	188.9
960	-0.486824	-0.486826	0.000000	226.960544	108.871022	0.000449	0.000000	0.000449	84.3	86.3	171.7
961	-0.490385	-0.490387	0.000000	226.887423	108.903136	0.000617	0.000000	0.000617	48.5	106.5	160.9
962	-0.482668	-0.482669	0.000000	226.813856	108.935465	0.000472	0.000000	0.000472	19.3	115.6	136.2
963	-0.489481	-0.489483	0.000000	227.813856	108.497646	0.000317	0.000000	0.000317	62.5	109.8	173.4
964	-0.496459	-0.496461	0.000000	227.740289	108.529735	0.000395	0.000000	0.000395	46.6	123.6	171.3
965	-0.489647	-0.489649	0.000000	227.667393	108.561550	0.000642	0.000000	0.000642	60.3	81.6	143.0
966	-0.490654	-0.490656	0.000000	227.593835	108.593673	0.000390	0.000000	0.000390	85.8	90.4	179.6
967	-0.492699	-0.492701	0.000000	228.593676	108.158661	0.000382	0.000000	0.000382	76.0	87.9	165.1
968	-0.492149	-0.492151	0.000000	228.520666	108.190308	0.000344	0.000000	0.000344	70.2	99.2	171.1
969	-0.481153	-0.481155	0.000000	228.447103	108.222214	0.000411	0.000000	0.000411	65.8	76.5	143.6
970	-0.490125	-0.490127	0.000000	229.444998	107.791004	0.000485	0.000000	0.000485	74.6	111.8	187.5
971	-0.484574	-0.484576	0.000000	229.371470	107.822659	0.000275	0.000000	0.000275	41.5	120.3	163.3
972	-0.484940	-0.484942	0.000000	229.297904	107.854350	0.000332	0.000000	0.000332	78.4	87.7	167.3
973	-0.483429	-0.483431	0.000000	229.224762	107.885876	0.000543	0.000000	0.000543	56.0	154.4	211.5
974	-0.485102	-0.485103	0.000000	229.161247	107.913268	0.000614	0.000000	0.000614	54.9	140.6	196.9
975	-0.486422	-0.486424	0.000000	230.161240	107.483614	0.000243	0.000000	0.000243	47.3	153.2	201.5
976	-0.493014	-0.493016	0.000000	230.088101	107.514922	0.000422	0.000000	0.000422	72.7	85.7	160.1
977	-0.491000	-0.491002	0.000000	230.016585	107.545554	0.000345	0.000000	0.000345	67.8	104.2	173.4
978	-0.475928	-0.475930	0.000000	230.975839	107.136136	0.000245	0.000000	0.000245	39.9	115.2	156.2
979	-0.485374	-0.485376	0.000000	230.902621	107.167276	0.000293	0.000000	0.000293	44.5	132.0	177.8
980	-0.492549	-0.492551	0.000000	230.829090	107.198568	0.000326	0.000000	0.000326	46.2	129.3	176.5
981	-0.488585	-0.488587	0.000000	230.773956	107.222042	0.000455	0.000000	0.000455	58.7	146.9	206.8
982	-0.492232	-0.492234	0.000000	230.700420	107.253368	0.000332	0.000000	0.000332	22.2	80.2	103.5
983	-0.483114	-0.483116	0.000000	230.995298	107.127863	0.000297	0.000000	0.000297	58.4	96.0	155.5
984	-0.483504	-0.483506	0.000000	230.921764	107.159133	0.000403	0.000000	0.000403	62.7	97.7	161.5
985	-0.479905	-0.479907	0.000000	230.863295	107.184009	0.000549	0.000000	0.000549	64.1	115.2	180.4
986	-0.478322	-0.478324	0.000000	230.789729	107.215326	0.000429	0.000000	0.000429	47.5	75.6	124.1
987	-0.489823	-0.489825	0.000000	231.127384	107.071740	0.000721	0.000000	0.000721	101.5	74.3	176.9
988	-0.482815	-0.482817	0.000000	231.055165	107.102418	0.000270	0.000000	0.000270	56.9	103.9	161.9
989	-0.490988	-0.490990	0.000000	230.981984	107.133523	0.000258	0.000000	0.000258	80.0	95.8	176.9
990	-0.483471	-0.483472	0.000000	230.908683	107.164697	0.000283	0.000000	0.000283	50.8	100.0	152.0
991	-0.483217	-0.483219	0.000000	230.850986	107.189248	0.000369	0.000000	0.000369	71.1	90.3	162.8
992	-0.487436	-0.487438	0.000000	230.838914	107.194386	0.000403	0.000000	0.000403	37.7	108.5	147.3
993	-0.494839	-0.494841	0.000000	230.765347	107.225708	0.000482	0.000000	0.000482	53.1	128.2	182.4
994	-0.479557	-0.479559	0.000000	231.765341	106.801500	0.000502	0.000000	0.000502	33.8	121.6	156.8
995	-0.487762	-0.487764	0.000000	231.692114	106.832450	0.000573	0.000000	0.000573	41.7	159.3	202.6
996	-0.484806	-0.484808	0.000000	232.692114	106.411340	0.000260	0.000000	0.000260	62.5	97.1	160.7
997	-0.485230	-0.485232	0.000000	232.618547	106.442206	0.000467	0.000000	0.000467	28.4	127.9	157.4
998	-0.487118	-0.487120	0.000000	232.545059	106.473058	0.000386	0.000000	0.000386	62.3	105.6	169.0
999	-0.485168	-0.485169	0.000000	233.544776	106.054888	0.000548	0.000000	0.000548	68.3	108.6	179.3
