1:ItNr	2:Metric	2:Metric0	2:Metric1	3a:Time	3b:StepSize	4:||Gradient0||	4:||Gradient1||	4:||Gradient||	Time0[ms]	Time1[ms]	Time[ms]
0	-0.672212	-0.672276	0.000013	0.000000	802.260628	0.008037	0.000000	0.008037	56.3	102.2	13097.4
1	-0.669607	-0.669673	0.000013	0.000000	802.260628	0.009043	0.000000	0.009043	77.2	129.1	209.2
2	-0.677323	-0.677390	0.000013	0.000000	802.260628	0.008683	0.000000	0.008682	75.0	135.9	213.4
3	-0.678444	-0.678513	0.000014	0.000000	802.260628	0.008837	0.000000	0.008837	67.4	108.4	180.9
4	-0.667437	-0.667507	0.000014	0.000000	802.260628	0.008372	0.000000	0.008371	39.5	98.8	140.6
5	-0.667268	-0.667340	0.000014	0.999964	765.795494	0.010089	0.000000	0.010089	86.8	159.9	253.9
6	-0.666598	-0.666673	0.000015	1.948393	734.146089	0.008781	0.000000	0.008781	103.1	151.1	257.0
7	-0.676430	-0.676506	0.000015	2.948393	703.490751	0.008739	0.000000	0.008739	68.9	149.4	220.9
8	-0.682437	-0.682513	0.000015	2.081453	729.913895	0.009108	0.000000	0.009107	79.7	127.0	210.1
9	-0.686891	-0.686969	0.000016	1.214533	758.398716	0.008754	0.000000	0.008754	89.2	114.5	206.0
10	-0.678313	-0.678392	0.000016	2.214533	725.729580	0.008782	0.000000	0.008782	107.1	130.8	242.0
11	-0.685363	-0.685442	0.000016	1.347591	753.883199	0.009235	0.000000	0.009235	49.0	125.6	177.0
12	-0.686903	-0.686983	0.000016	0.487461	784.060689	0.008258	0.000000	0.008258	88.5	145.4	237.1
13	-0.664862	-0.664943	0.000016	0.000000	802.260628	0.007949	0.000000	0.007949	62.4	125.3	190.2
14	-0.676774	-0.676856	0.000016	0.000000	802.260628	0.008863	0.000000	0.008863	47.9	186.1	237.0
15	-0.685251	-0.685337	0.000017	0.000000	802.260628	0.008435	0.000000	0.008435	79.6	143.3	225.4
16	-0.682905	-0.682991	0.000017	0.999998	765.794312	0.007653	0.000000	0.007653	33.8	193.5	230.3
17	-0.678526	-0.678614	0.000018	0.872523	770.257415	0.007483	0.000000	0.007483	56.0	206.4	265.2
18	-0.670098	-0.670188	0.000018	1.871534	736.613177	0.008676	0.000000	0.008676	56.8	210.1	269.4
19	-0.691252	-0.691345	0.000018	2.871522	705.756136	0.007217	0.000000	0.007217	44.2	188.0	236.0
20	-0.677877	-0.677970	0.000019	3.871181	677.389355	0.008999	0.000000	0.008999	29.5	216.1	248.5
21	-0.699005	-0.699100	0.000019	3.004286	701.852720	0.008028	0.000000	0.008028	54.0	160.1	220.9
22	-0.680085	-0.680180	0.000019	2.137360	728.150209	0.007272	0.000000	0.007272	40.5	114.6	157.5
23	-0.685066	-0.685163	0.000019	3.137360	697.983273	0.009403	0.000000	0.009403	71.0	101.2	175.4
24	-0.688233	-0.688330	0.000020	4.137359	670.216508	0.007845	0.000000	0.007845	58.7	150.1	211.5
25	-0.662320	-0.662418	0.000020	5.137359	644.574418	0.009368	0.000000	0.009368	63.8	135.4	201.9
26	-0.680361	-0.680460	0.000020	6.073682	622.282311	0.007352	0.000000	0.007352	64.7	167.6	235.0
27	-0.679102	-0.679202	0.000020	5.206991	642.861791	0.008529	0.000000	0.008529	100.7	140.4	246.1
28	-0.686886	-0.686987	0.000020	4.349058	664.619299	0.009851	0.000000	0.009851	54.7	115.6	174.0
29	-0.691332	-0.691432	0.000020	5.349057	639.395672	0.008508	0.000000	0.008507	26.4	117.0	145.9
30	-0.684181	-0.684282	0.000020	6.348996	616.017969	0.007106	0.000000	0.007106	52.2	129.7	184.5
31	-0.685578	-0.685681	0.000021	5.482168	636.181786	0.006825	0.000000	0.006825	58.2	165.3	227.3
32	-0.674527	-0.674631	0.000021	6.472563	613.247235	0.007345	0.000000	0.007345	89.5	123.6	215.5
33	-0.673916	-0.674021	0.000021	7.472466	591.711060	0.008038	0.000000	0.008038	76.0	121.7	200.2
34	-0.704359	-0.704464	0.000021	6.605587	610.292149	0.010097	0.000000	0.010097	71.0	154.9	228.6
35	-0.700731	-0.700838	0.000021	7.605218	588.965025	0.008210	0.000000	0.008210	51.1	119.8	184.9
36	-0.696076	-0.696181	0.000021	8.605218	569.071066	0.007836	0.000000	0.007836	64.8	124.4	191.7
37	-0.685367	-0.685474	0.000022	7.738276	586.238122	0.008572	0.000001	0.008571	54.1	135.6	192.3
38	-0.690401	-0.690509	0.000022	6.871334	604.473147	0.007903	0.000001	0.007902	58.5	175.7	248.0
39	-0.691405	-0.691515	0.000022	7.871307	583.536907	0.008425	0.000001	0.008425	45.5	180.1	228.3
40	-0.687312	-0.687423	0.000022	8.871307	564.001876	0.008368	0.000001	0.008368	37.4	103.0	143.7
41	-0.693156	-0.693268	0.000022	9.857970	545.968300	0.007887	0.000001	0.007887	57.8	116.5	178.8
42	-0.709999	-0.710113	0.000023	8.991041	561.750197	0.007568	0.000001	0.007568	68.5	151.8	223.1
43	-0.686938	-0.687052	0.000023	8.124322	578.467487	0.008305	0.000001	0.008305	47.0	142.5	193.3
44	-0.692955	-0.693072	0.000023	7.265107	596.051983	0.008781	0.000001	0.008781	100.3	180.1	284.3
45	-0.704345	-0.704461	0.000023	8.265107	575.684657	0.008343	0.000001	0.008342	67.9	211.6	282.7
46	-0.687866	-0.687982	0.000023	7.398169	593.259128	0.007982	0.000001	0.007982	100.4	168.5	272.5
47	-0.707328	-0.707446	0.000024	8.382463	573.385322	0.008184	0.000001	0.008184	96.1	175.6	281.2
48	-0.712793	-0.712911	0.000024	9.382463	554.513077	0.009494	0.000001	0.009494	94.3	175.0	272.1
49	-0.710506	-0.710627	0.000024	8.515628	570.798393	0.007955	0.000001	0.007955	83.2	163.7	250.2
50	-0.688696	-0.688819	0.000025	7.648686	588.071408	0.010205	0.000001	0.010205	52.4	201.7	263.8
51	-0.697500	-0.697625	0.000025	6.781763	606.422026	0.007913	0.000001	0.007913	78.6	95.2	178.7
52	-0.708812	-0.708936	0.000025	5.920557	625.821875	0.008429	0.000001	0.008429	52.1	161.8	216.6
53	-0.713539	-0.713666	0.000025	5.237080	642.124539	0.007829	0.000001	0.007829	38.2	134.9	176.1
54	-0.710708	-0.710836	0.000026	4.371767	664.024444	0.009440	0.000001	0.009440	64.3	115.0	182.2
55	-0.709555	-0.709685	0.000026	5.371758	638.845283	0.010264	0.000001	0.010264	91.1	107.7	201.2
56	-0.702166	-0.702297	0.000026	4.507029	660.503165	0.008005	0.000001	0.008005	63.6	147.4	213.4
57	-0.685900	-0.686031	0.000026	5.507023	635.585262	0.008197	0.000001	0.008197	87.6	123.7	214.0
58	-0.710488	-0.710619	0.000026	4.640116	657.074775	0.008987	0.000001	0.008987	25.1	208.6	236.0
59	-0.681293	-0.681425	0.000026	4.164135	669.503378	0.008999	0.000001	0.008999	66.3	212.9	284.4
60	-0.708811	-0.708945	0.000027	5.162929	643.944463	0.009316	0.000001	0.009316	28.3	83.6	116.7
61	-0.710937	-0.711071	0.000027	6.162929	620.237725	0.007785	0.000001	0.007784	171.5	103.8	278.3
62	-0.700182	-0.700317	0.000027	7.144034	598.616155	0.007552	0.000001	0.007552	70.8	154.6	228.1
63	-0.707977	-0.708114	0.000027	6.277205	617.639269	0.008229	0.000001	0.008229	63.5	167.0	233.8
64	-0.702732	-0.702873	0.000028	5.410391	637.910785	0.007564	0.000001	0.007563	103.1	156.2	262.2
65	-0.697420	-0.697564	0.000029	6.389705	615.102388	0.008080	0.000001	0.008080	57.4	136.1	195.9
66	-0.694924	-0.695069	0.000029	5.523116	635.199609	0.011706	0.000001	0.011706	82.7	103.6	188.9
67	-0.710377	-0.710522	0.000029	6.521993	612.145835	0.009233	0.000001	0.009233	78.3	102.8	183.5
68	-0.706092	-0.706240	0.000030	5.655051	632.055571	0.008206	0.000001	0.008206	64.0	164.8	232.1
69	-0.713879	-0.714028	0.000030	4.788108	653.303954	0.008635	0.000001	0.008635	73.6	143.3	221.1
70	-0.697724	-0.697873	0.000030	5.162167	643.963225	0.010084	0.000001	0.010084	70.9	141.6	215.1
71	-0.704751	-0.704903	0.000030	6.159338	620.319723	0.009667	0.000001	0.009667	91.2	115.7	209.5
72	-0.714546	-0.714697	0.000030	5.292396	640.773595	0.008251	0.000001	0.008251	60.0	132.1	204.2
73	-0.723454	-0.723606	0.000030	6.292352	617.296500	0.008217	0.000001	0.008216	89.8	195.6	288.0
74	-0.702157	-0.702312	0.000031	5.425410	637.548233	0.007743	0.000001	0.007743	64.7	162.5	229.6
75	-0.707413	-0.707567	0.000031	4.564170	659.026797	0.007504	0.000001	0.007503	44.3	137.0	183.8
76	-0.709242	-0.709400	0.000032	3.827003	678.594718	0.008139	0.000001	0.008139	95.3	118.0	216.8
77	-0.713830	-0.713990	0.000032	2.970288	702.848189	0.007247	0.000001	0.007247	72.9	149.3	224.8
78	-0.714965	-0.715123	0.000032	3.965654	674.826025	0.007247	0.000001	0.007247	49.3	176.9	228.9
79	-0.698417	-0.698579	0.000032	3.139155	697.931355	0.007024	0.000001	0.007024	77.4	163.4	254.2
80	-0.702970	-0.703129	0.000032	4.134893	670.282272	0.007130	0.000001	0.007129	65.6	108.1	177.0
81	-0.708595	-0.708757	0.000032	4.090384	671.471330	0.008810	0.000001	0.008810	96.1	265.5	364.1
82	-0.702686	-0.702852	0.000033	5.090372	645.735270	0.006517	0.000001	0.006517	141.3	152.4	297.4
83	-0.724390	-0.724556	0.000033	6.090368	621.899013	0.008739	0.000001	0.008739	53.9	175.9	232.9
84	-0.717958	-0.718127	0.000034	6.944449	602.891581	0.007128	0.000001	0.007128	92.0	152.2	256.5
85	-0.708252	-0.708421	0.000034	6.077522	622.194051	0.007848	0.000001	0.007848	82.9	191.1	277.1
86	-0.694812	-0.694983	0.000034	5.210580	642.773764	0.008034	0.000001	0.008034	47.8	120.6	170.8
87	-0.706696	-0.706868	0.000034	6.210580	619.151569	0.007743	0.000001	0.007743	76.2	88.5	176.8
88	-0.705716	-0.705885	0.000034	7.210524	597.205260	0.008092	0.000001	0.008092	74.8	121.8	200.5
89	-0.723707	-0.723878	0.000034	6.343645	616.138524	0.009116	0.000001	0.009116	50.6	147.8	201.5
90	-0.715451	-0.715620	0.000034	7.343645	594.400370	0.008430	0.000001	0.008430	77.3	177.6	264.4
91	-0.698684	-0.698858	0.000035	6.476706	613.154759	0.007370	0.000001	0.007370	97.5	119.4	220.6
92	-0.724031	-0.724205	0.000035	6.379900	615.322671	0.008679	0.000001	0.008679	107.7	110.7	221.1
93	-0.725833	-0.726008	0.000035	7.259345	596.173524	0.009193	0.000001	0.009193	93.4	85.1	184.2
94	-0.712650	-0.712825	0.000035	8.259039	575.804047	0.007699	0.000001	0.007698	65.8	162.5	231.4
95	-0.709709	-0.709882	0.000035	7.392695	593.373507	0.009360	0.000001	0.009360	66.9	128.2	198.6
96	-0.725709	-0.725884	0.000035	8.385329	573.329395	0.008192	0.000001	0.008192	79.5	131.0	213.1
97	-0.720352	-0.720529	0.000035	7.518495	590.756041	0.008929	0.000001	0.008929	59.0	136.4	198.2
98	-0.711071	-0.711248	0.000035	8.518495	570.742960	0.008591	0.000001	0.008590	65.1	192.9	269.5
99	-0.711010	-0.711187	0.000035	9.518495	552.041416	0.007961	0.000001	0.007960	67.0	155.9	225.7
100	-0.721133	-0.721314	0.000036	8.651553	568.181813	0.008204	0.000001	0.008204	59.8	153.7	216.9
101	-0.709178	-0.709361	0.000037	9.650859	549.657450	0.009109	0.000001	0.009109	74.8	121.0	198.4
102	-0.712481	-0.712662	0.000036	10.650853	532.291277	0.006988	0.000001	0.006988	52.2	131.4	186.1
103	-0.721139	-0.721323	0.000037	11.648734	516.022254	0.008564	0.000001	0.008564	89.6	115.6	207.9
104	-0.714076	-0.714258	0.000036	12.090914	509.126859	0.009938	0.000001	0.009938	63.0	107.0	172.4
105	-0.709432	-0.709614	0.000036	13.090914	494.192474	0.010818	0.000001	0.010818	66.4	127.4	196.2
106	-0.708271	-0.708452	0.000036	14.090914	480.109270	0.009447	0.000001	0.009446	45.0	159.1	206.9
107	-0.716930	-0.717118	0.000038	13.223972	492.271124	0.009342	0.000001	0.009342	39.3	195.0	236.8
108	-0.715906	-0.716093	0.000037	14.223934	478.296185	0.007638	0.000001	0.007638	75.5	198.6	276.8
109	-0.723176	-0.723364	0.000038	15.223934	465.092313	0.007513	0.000001	0.007512	65.8	204.2	277.8
110	-0.718277	-0.718466	0.000038	14.356992	476.496227	0.009582	0.000001	0.009582	55.1	126.3	184.4
111	-0.703421	-0.703609	0.000038	13.490062	488.473264	0.008492	0.000001	0.008492	59.5	172.1	234.9
112	-0.710256	-0.710445	0.000038	14.490062	474.709600	0.007198	0.000001	0.007198	72.7	143.2	220.5
113	-0.723833	-0.724022	0.000038	15.489995	461.701164	0.007389	0.000001	0.007389	59.3	111.1	173.0
114	-0.717861	-0.718052	0.000038	14.623053	472.937375	0.008917	0.000001	0.008917	69.2	138.7	214.3
115	-0.714607	-0.714795	0.000038	15.623049	460.023768	0.008265	0.000001	0.008264	98.2	126.5	227.5
116	-0.720142	-0.720336	0.000039	16.623048	447.796606	0.007759	0.000001	0.007759	55.9	133.1	191.7
117	-0.713471	-0.713662	0.000038	17.622900	436.204252	0.007310	0.000001	0.007310	54.3	168.4	225.0
118	-0.720884	-0.721078	0.000039	16.755998	446.219778	0.007463	0.000001	0.007463	61.7	99.3	163.3
119	-0.716651	-0.716844	0.000039	15.890569	456.687809	0.008474	0.000001	0.008474	86.7	128.6	217.6
120	-0.713710	-0.713906	0.000039	15.023627	467.678427	0.010045	0.000001	0.010045	51.3	151.0	204.9
121	-0.737482	-0.737680	0.000040	14.156685	479.211087	0.008745	0.000001	0.008745	73.8	189.3	265.6
122	-0.708553	-0.708751	0.000040	13.289743	491.326905	0.006656	0.000001	0.006656	60.7	137.8	201.4
123	-0.719327	-0.719526	0.000040	14.286306	477.450744	0.008765	0.000001	0.008765	46.7	127.6	177.3
124	-0.714424	-0.714620	0.000039	15.275900	464.426058	0.008364	0.000001	0.008364	55.0	124.5	181.9
125	-0.715786	-0.715983	0.000039	14.409563	475.788791	0.008793	0.000001	0.008793	62.9	155.5	221.5
126	-0.708729	-0.708927	0.000040	13.542626	487.729943	0.007621	0.000001	0.007621	32.8	153.6	188.9
127	-0.726272	-0.726473	0.000040	14.435701	475.437838	0.009221	0.000001	0.009220	63.0	131.2	197.1
128	-0.718284	-0.718486	0.000040	13.568821	487.360370	0.009189	0.000001	0.009188	51.0	144.4	197.8
129	-0.716039	-0.716242	0.000040	14.568821	473.658472	0.008896	0.000001	0.008896	75.6	165.6	243.9
130	-0.722901	-0.723105	0.000041	14.516354	474.358188	0.008582	0.000001	0.008581	52.9	167.5	225.4
131	-0.734281	-0.734484	0.000040	13.649412	486.226820	0.007546	0.000001	0.007546	55.1	126.4	185.3
132	-0.713300	-0.713504	0.000041	14.649411	472.587695	0.008058	0.000001	0.008057	57.0	128.4	188.0
133	-0.718220	-0.718425	0.000041	13.798896	484.138148	0.007291	0.000001	0.007291	47.9	166.0	216.7
134	-0.714865	-0.715070	0.000041	12.931954	496.507600	0.008050	0.000001	0.008050	75.6	167.2	245.2
135	-0.717992	-0.718199	0.000041	13.881452	482.992319	0.007367	0.000001	0.007366	83.5	176.1	262.1
136	-0.717233	-0.717438	0.000041	13.022190	495.190727	0.007145	0.000001	0.007144	62.0	151.9	216.2
137	-0.716729	-0.716939	0.000042	12.587853	501.594229	0.008679	0.000001	0.008679	54.9	144.9	207.8
138	-0.715586	-0.715792	0.000041	11.826544	513.227140	0.008089	0.000001	0.008089	45.3	99.1	147.0
139	-0.730155	-0.730366	0.000042	12.826544	498.054820	0.008404	0.000001	0.008404	53.1	155.4	211.7
140	-0.708983	-0.709193	0.000042	12.753121	499.138229	0.007729	0.000001	0.007729	72.0	157.4	232.2
141	-0.715441	-0.715651	0.000042	11.886238	512.295547	0.009195	0.000001	0.009195	46.6	116.8	166.2
142	-0.725941	-0.726159	0.000043	11.042535	525.784659	0.008530	0.000001	0.008530	84.8	148.4	236.3
143	-0.724872	-0.725092	0.000044	11.989604	510.690378	0.008582	0.000001	0.008582	60.8	148.9	214.8
144	-0.719980	-0.720195	0.000043	12.989469	495.667447	0.007298	0.000001	0.007298	51.1	155.2	208.7
145	-0.724600	-0.724816	0.000043	12.126806	508.575241	0.008848	0.000001	0.008848	46.0	83.9	132.4
146	-0.728014	-0.728230	0.000043	13.100082	494.059602	0.008950	0.000001	0.008950	58.4	135.3	196.2
147	-0.730871	-0.731089	0.000044	14.100082	479.983863	0.007727	0.000001	0.007727	47.4	169.5	219.3
148	-0.715019	-0.715232	0.000043	13.233140	492.139284	0.008956	0.000001	0.008956	81.8	116.3	203.7
149	-0.728568	-0.728788	0.000044	12.370921	504.854913	0.008570	0.000001	0.008570	74.2	134.2	210.8
150	-0.725783	-0.726001	0.000044	13.370909	490.166647	0.007415	0.000001	0.007415	94.1	178.0	276.3
151	-0.725690	-0.725908	0.000044	14.370906	476.308786	0.008293	0.000001	0.008293	50.2	152.5	206.5
152	-0.726219	-0.726435	0.000043	13.504006	488.275861	0.009036	0.000001	0.009036	62.3	172.8	240.4
153	-0.722000	-0.722216	0.000043	14.504006	474.523163	0.008180	0.000001	0.008180	44.4	174.1	223.4
154	-0.723007	-0.723226	0.000044	15.504002	461.524005	0.008855	0.000001	0.008855	29.7	92.8	125.1
155	-0.722100	-0.722319	0.000044	14.637073	472.751318	0.009016	0.000001	0.009015	83.6	133.9	220.3
156	-0.715644	-0.715863	0.000044	13.770132	484.538664	0.008122	0.000001	0.008122	54.4	187.4	245.0
157	-0.723594	-0.723815	0.000044	14.769642	470.999212	0.008820	0.000001	0.008820	43.3	190.2	247.5
158	-0.725150	-0.725372	0.000044	15.769642	458.189753	0.008401	0.000001	0.008400	66.9	142.7	213.7
159	-0.706501	-0.706723	0.000044	15.126136	466.351374	0.007151	0.000001	0.007151	60.7	168.4	232.2
160	-0.721729	-0.721954	0.000045	14.259195	477.817862	0.008053	0.000001	0.008053	43.9	161.9	208.8
161	-0.728864	-0.729085	0.000044	15.017214	467.761699	0.008745	0.000001	0.008745	36.7	139.0	178.4
162	-0.722030	-0.722254	0.000045	16.017214	455.125370	0.008886	0.000001	0.008886	44.8	148.2	195.7
163	-0.717816	-0.718041	0.000045	15.150272	466.040013	0.009378	0.000001	0.009378	58.5	112.5	173.5
164	-0.716781	-0.717008	0.000045	14.283330	477.491021	0.008374	0.000001	0.008373	112.4	157.8	272.8
165	-0.722727	-0.722957	0.000046	15.276318	464.420704	0.008940	0.000001	0.008939	71.0	157.1	232.5
166	-0.734554	-0.734783	0.000046	14.409376	475.791304	0.008496	0.000001	0.008496	43.5	157.0	202.8
167	-0.726906	-0.727137	0.000046	13.542858	487.726674	0.010442	0.000001	0.010443	42.9	98.1	144.0
168	-0.731278	-0.731511	0.000047	14.542858	474.004461	0.007221	0.000001	0.007221	65.5	139.9	208.0
169	-0.728302	-0.728536	0.000047	13.675916	485.855174	0.008582	0.000001	0.008582	74.4	134.2	214.0
170	-0.733363	-0.733599	0.000047	14.675820	472.237873	0.006842	0.000001	0.006841	65.9	198.1	272.1
171	-0.734947	-0.735186	0.000048	13.808878	483.999323	0.007590	0.000001	0.007590	55.7	184.0	246.0
172	-0.713385	-0.713624	0.000048	12.942839	496.348375	0.008925	0.000001	0.008925	50.2	188.5	247.5
173	-0.718484	-0.718725	0.000048	12.076008	509.356308	0.008266	0.000001	0.008266	70.9	167.8	241.7
174	-0.733786	-0.734031	0.000049	13.076008	494.408656	0.009064	0.000001	0.009064	61.3	107.1	172.3
175	-0.734253	-0.734500	0.000049	12.421531	504.090411	0.008857	0.000001	0.008857	98.2	166.5	267.5
176	-0.709414	-0.709657	0.000049	13.329407	490.759219	0.006718	0.000001	0.006718	50.5	159.1	211.9
177	-0.736361	-0.736605	0.000049	14.329407	476.868264	0.008538	0.000001	0.008538	55.0	159.8	217.7
178	-0.719818	-0.720062	0.000049	15.329327	463.743057	0.008014	0.000001	0.008014	75.4	145.2	223.3
179	-0.727525	-0.727771	0.000049	16.088213	454.254115	0.007812	0.000001	0.007812	74.7	177.1	254.6
180	-0.745298	-0.745542	0.000049	17.088213	442.327745	0.007539	0.000001	0.007539	65.2	140.4	209.8
181	-0.734085	-0.734334	0.000050	17.782424	434.410008	0.006754	0.000001	0.006754	48.5	110.4	161.5
182	-0.720591	-0.720838	0.000049	18.694488	424.428528	0.009186	0.000001	0.009186	63.5	144.8	210.8
183	-0.726241	-0.726487	0.000049	19.694477	413.999010	0.008610	0.000001	0.008610	72.9	142.5	218.1
184	-0.735459	-0.735711	0.000050	18.827536	423.010685	0.007529	0.000001	0.007528	68.8	146.6	218.0
185	-0.726880	-0.727130	0.000050	17.975110	432.262367	0.008729	0.000001	0.008729	56.6	183.4	247.6
186	-0.715982	-0.716233	0.000050	17.108182	442.095957	0.008784	0.000001	0.008783	44.4	147.6	194.6
187	-0.722580	-0.722833	0.000051	17.937868	432.675803	0.007681	0.000001	0.007681	49.0	139.7	191.3
188	-0.724642	-0.724894	0.000050	18.681808	424.564157	0.009198	0.000001	0.009198	97.8	148.0	248.2
189	-0.735715	-0.735970	0.000051	18.653665	424.865472	0.009059	0.000001	0.009059	74.8	126.3	203.6
190	-0.736364	-0.736616	0.000050	17.915373	432.925904	0.008168	0.000001	0.008167	48.1	148.6	203.5
191	-0.724630	-0.724882	0.000050	18.459484	426.956246	0.007401	0.000001	0.007400	68.0	163.2	234.3
192	-0.721429	-0.721685	0.000051	17.851698	433.635445	0.008416	0.000001	0.008416	57.2	108.3	169.1
193	-0.735239	-0.735497	0.000052	18.851691	422.754289	0.006930	0.000001	0.006930	89.8	148.5	241.2
194	-0.728579	-0.728836	0.000051	18.027071	431.686849	0.008088	0.000001	0.008087	57.0	139.6	215.4
195	-0.733327	-0.733584	0.000051	18.113641	430.731401	0.009063	0.000001	0.009063	61.3	86.1	153.0
196	-0.725276	-0.725531	0.000051	19.113641	419.993622	0.007372	0.000001	0.007372	46.0	166.5	215.4
197	-0.719102	-0.719358	0.000051	18.269238	429.024699	0.007774	0.000001	0.007774	38.7	163.1	218.1
198	-0.716941	-0.717199	0.000052	19.267489	418.388973	0.010539	0.000001	0.010539	42.1	126.0	170.6
199	-0.729482	-0.729743	0.000052	20.266142	408.263829	0.009498	0.000001	0.009498	72.0	76.9	151.5
200	-0.711447	-0.711704	0.000051	19.399200	417.024921	0.007796	0.000001	0.007796	65.4	121.5	189.4
201	-0.729399	-0.729657	0.000052	20.399045	406.953181	0.006939	0.000001	0.006939	50.8	150.1	203.5
202	-0.726761	-0.727018	0.000051	21.399024	397.355217	0.008282	0.000001	0.008282	21.2	110.6	134.8
203	-0.753931	-0.754193	0.000052	22.394961	388.235700	0.009906	0.000001	0.009906	58.0	131.7	192.1
204	-0.738314	-0.738577	0.000053	23.394961	379.490660	0.008701	0.000001	0.008701	68.2	143.9	215.2
205	-0.737684	-0.737944	0.000052	24.394961	371.130908	0.009175	0.000001	0.009175	73.1	124.5	205.5
206	-0.740091	-0.740354	0.000053	25.394922	363.131838	0.008002	0.000001	0.008001	62.8	136.6	201.8
207	-0.730923	-0.731185	0.000052	26.376497	355.608251	0.007622	0.000001	0.007622	48.4	118.8	170.2
208	-0.729293	-0.729556	0.000053	25.509559	362.236790	0.010102	0.000001	0.010102	54.1	106.5	162.9
209	-0.733295	-0.733558	0.000052	24.642678	369.116667	0.007886	0.000001	0.007886	81.0	128.5	211.8
210	-0.733368	-0.733631	0.000053	25.642034	361.207941	0.008371	0.000001	0.008371	88.1	164.5	255.0
211	-0.709982	-0.710246	0.000053	24.775153	368.048429	0.007768	0.000001	0.007767	59.9	216.3	279.5
212	-0.724019	-0.724285	0.000053	25.773750	360.190774	0.007958	0.000001	0.007957	81.0	182.2	265.6
213	-0.745867	-0.746140	0.000055	24.971698	366.474892	0.007576	0.000001	0.007576	72.5	156.7	231.9
214	-0.724691	-0.724958	0.000054	24.108721	373.485943	0.008024	0.000001	0.008024	53.0	160.3	220.1
215	-0.745080	-0.745350	0.000054	23.241779	380.804606	0.009010	0.000001	0.009011	48.2	136.1	186.8
216	-0.736468	-0.736739	0.000054	24.241779	372.387505	0.007228	0.000001	0.007227	98.0	200.5	301.6
217	-0.731574	-0.731845	0.000054	23.374843	379.662708	0.007540	0.000001	0.007540	89.1	221.9	314.1
218	-0.718445	-0.718717	0.000054	24.373972	371.302588	0.009175	0.000001	0.009175	61.1	185.1	248.7
219	-0.726124	-0.726398	0.000055	25.373951	363.296053	0.008920	0.000001	0.008921	42.5	191.9	237.8
220	-0.729636	-0.729910	0.000055	24.531271	370.019834	0.007394	0.000001	0.007394	44.2	181.1	228.9
221	-0.721722	-0.721991	0.000054	23.666259	377.185681	0.009558	0.000001	0.009558	77.9	168.9	249.5
222	-0.726459	-0.726731	0.000054	24.640597	369.133499	0.007871	0.000001	0.007871	48.3	156.4	207.2
223	-0.746568	-0.746843	0.000055	25.640374	361.220796	0.007442	0.000001	0.007442	68.9	115.3	186.8
224	-0.723571	-0.723842	0.000054	24.773432	368.062265	0.008493	0.000001	0.008493	51.8	162.4	217.6
225	-0.725673	-0.725946	0.000055	25.773355	360.193815	0.007876	0.000001	0.007876	82.9	110.9	197.1
226	-0.732869	-0.733142	0.000055	24.906413	366.996071	0.008138	0.000001	0.008138	78.9	116.0	198.1
227	-0.731184	-0.731459	0.000055	24.975969	366.440848	0.007492	0.000001	0.007492	68.2	168.2	239.2
228	-0.731160	-0.731432	0.000054	24.708843	368.582358	0.007707	0.000001	0.007706	60.7	113.1	176.5
229	-0.730057	-0.730332	0.000055	23.918006	375.071704	0.007775	0.000001	0.007775	52.3	121.0	175.6
230	-0.721446	-0.721718	0.000054	24.278027	372.089384	0.007499	0.000001	0.007499	87.5	79.0	169.2
231	-0.725516	-0.725789	0.000055	23.411282	379.351200	0.007564	0.000001	0.007564	121.6	188.3	313.5
232	-0.738883	-0.739160	0.000055	23.615793	377.612325	0.006914	0.000001	0.006914	54.3	131.8	204.4
233	-0.724581	-0.724858	0.000055	24.540064	369.948389	0.007630	0.000001	0.007630	93.1	199.8	310.4
234	-0.714442	-0.714718	0.000055	23.859625	375.559834	0.008602	0.000001	0.008602	44.0	128.6	175.1
235	-0.724791	-0.725065	0.000055	24.859625	367.370499	0.008617	0.000001	0.008617	116.1	202.1	321.0
236	-0.743501	-0.743775	0.000055	24.004179	374.353526	0.009140	0.000001	0.009140	53.4	168.0	223.9
237	-0.739717	-0.739993	0.000055	25.004179	366.216145	0.007976	0.000001	0.007976	57.1	181.7	241.6
238	-0.726865	-0.727144	0.000056	24.137556	373.247350	0.008823	0.000001	0.008822	57.6	122.0	182.4
239	-0.726171	-0.726449	0.000056	25.137544	365.157564	0.007950	0.000001	0.007950	107.0	151.4	260.8
240	-0.741966	-0.742243	0.000055	24.477672	370.455930	0.008655	0.000001	0.008655	67.6	80.0	150.3
241	-0.733142	-0.733418	0.000055	25.474166	362.512655	0.008461	0.000001	0.008461	94.0	124.3	221.8
242	-0.720725	-0.721007	0.000056	26.474165	354.876658	0.007923	0.000001	0.007923	43.8	167.3	214.9
243	-0.728192	-0.728475	0.000057	25.618140	361.393078	0.008718	0.000001	0.008718	30.6	88.1	121.3
244	-0.733715	-0.733999	0.000057	24.751212	368.241028	0.007685	0.000001	0.007685	62.8	124.5	189.7
245	-0.754883	-0.755168	0.000057	25.751136	360.365002	0.009801	0.000001	0.009801	68.7	173.9	246.3
246	-0.730687	-0.730970	0.000057	24.884197	367.173757	0.007594	0.000001	0.007594	69.8	160.4	235.1
247	-0.747074	-0.747356	0.000057	24.017255	374.244788	0.008521	0.000001	0.008521	56.5	183.0	242.0
248	-0.731759	-0.732037	0.000056	23.969488	374.642320	0.007883	0.000001	0.007883	56.3	167.6	226.5
249	-0.738285	-0.738571	0.000057	23.566150	378.032951	0.007516	0.000001	0.007516	51.3	99.9	154.9
250	-0.722934	-0.723212	0.000056	22.701960	385.508413	0.007953	0.000001	0.007953	68.4	109.2	180.1
251	-0.722083	-0.722367	0.000057	21.836656	393.295716	0.007925	0.000001	0.007925	79.3	129.0	211.2
252	-0.714081	-0.714369	0.000058	20.969714	401.419780	0.008766	0.000001	0.008766	46.0	130.3	179.1
253	-0.724801	-0.725094	0.000059	20.106160	409.852761	0.007859	0.000001	0.007859	58.9	176.1	237.7
254	-0.743481	-0.743770	0.000058	21.106129	400.119260	0.007394	0.000001	0.007394	64.1	111.7	184.3
255	-0.743688	-0.743979	0.000058	22.106129	390.837071	0.008755	0.000001	0.008755	61.3	138.9	206.7
256	-0.732192	-0.732482	0.000058	21.247872	398.776851	0.007920	0.000001	0.007920	37.9	189.6	230.1
257	-0.738576	-0.738867	0.000058	20.516269	405.804120	0.007424	0.000001	0.007423	92.0	114.4	209.2
258	-0.742688	-0.742984	0.000059	21.516261	396.259524	0.008542	0.000001	0.008542	62.8	154.5	219.8
259	-0.728319	-0.728609	0.000058	22.386512	388.311311	0.007964	0.000001	0.007963	51.6	133.3	189.6
260	-0.720028	-0.720323	0.000059	23.157395	381.532314	0.008141	0.000001	0.008141	40.5	180.1	236.6
261	-0.726880	-0.727173	0.000059	23.174256	381.386686	0.007033	0.000001	0.007033	95.9	191.8	292.1
262	-0.723952	-0.724250	0.000060	22.307847	389.016646	0.008124	0.000001	0.008124	83.0	219.3	304.8
263	-0.757624	-0.757925	0.000060	23.307832	380.236911	0.009436	0.000001	0.009436	127.0	193.1	322.8
264	-0.729568	-0.729866	0.000060	24.307832	371.844611	0.007408	0.000001	0.007407	40.3	152.7	195.9
265	-0.737605	-0.737908	0.000061	23.464885	378.893885	0.008304	0.000001	0.008304	65.8	133.5	202.3
266	-0.744841	-0.745143	0.000060	22.602017	386.392061	0.009336	0.000001	0.009336	62.4	221.0	287.6
267	-0.743752	-0.744051	0.000060	23.531049	378.330934	0.008030	0.000001	0.008030	71.1	197.7	272.0
268	-0.743421	-0.743726	0.000061	22.733349	385.231716	0.008716	0.000001	0.008715	62.8	174.0	250.2
269	-0.732212	-0.732515	0.000061	21.866414	393.022689	0.007392	0.000001	0.007391	56.6	168.0	227.5
270	-0.733360	-0.733667	0.000062	20.999472	401.135359	0.009434	0.000001	0.009433	48.7	177.0	228.4
271	-0.743910	-0.744220	0.000062	20.132536	409.589950	0.008690	0.000001	0.008689	104.0	99.0	207.2
272	-0.731656	-0.731967	0.000062	19.265607	418.408523	0.009374	0.000001	0.009374	125.4	95.3	223.6
273	-0.744904	-0.745217	0.000063	20.140149	409.514151	0.008570	0.000001	0.008570	71.1	123.3	197.5
274	-0.731217	-0.731531	0.000063	21.140128	399.796437	0.008152	0.000001	0.008152	54.7	133.9	191.0
275	-0.720701	-0.721009	0.000062	20.273427	408.191765	0.007236	0.000001	0.007236	90.2	159.7	252.9
276	-0.733147	-0.733459	0.000063	19.578029	415.187078	0.007137	0.000001	0.007137	79.5	158.5	243.8
277	-0.729311	-0.729627	0.000063	18.718565	424.171246	0.008165	0.000001	0.008164	33.2	180.3	215.9
278	-0.742752	-0.743070	0.000064	17.851626	433.636243	0.008675	0.000001	0.008675	75.4	206.0	285.6
279	-0.721763	-0.722079	0.000063	18.851602	422.755226	0.007553	0.000001	0.007553	82.5	112.9	198.0
280	-0.730154	-0.730472	0.000064	19.851602	412.406670	0.008447	0.000001	0.008446	70.8	153.5	226.7
281	-0.745457	-0.745780	0.000065	18.984666	421.348357	0.008024	0.000001	0.008024	50.5	151.6	204.5
282	-0.737294	-0.737613	0.000064	19.157197	419.538073	0.008795	0.000001	0.008795	78.5	131.0	215.6
283	-0.737534	-0.737861	0.000065	20.157197	409.344520	0.008104	0.000001	0.008104	73.2	164.7	241.8
284	-0.730367	-0.730686	0.000064	21.157196	399.634573	0.009206	0.000001	0.009206	83.1	155.0	240.8
285	-0.735831	-0.736158	0.000065	22.157196	390.374598	0.007493	0.000001	0.007493	62.1	123.1	187.8
286	-0.744575	-0.744899	0.000065	23.157196	381.534032	0.008247	0.000001	0.008247	66.8	127.5	197.0
287	-0.726482	-0.726801	0.000064	22.294154	389.139683	0.007896	0.000001	0.007896	87.4	142.4	232.7
288	-0.730071	-0.730391	0.000064	23.294154	380.354332	0.009159	0.000001	0.009159	83.9	145.0	231.4
289	-0.746785	-0.747115	0.000066	24.285248	372.030056	0.007926	0.000001	0.007926	71.8	135.6	213.3
290	-0.729109	-0.729440	0.000066	25.285248	363.992289	0.007029	0.000001	0.007028	61.6	159.9	224.8
291	-0.740071	-0.740403	0.000066	26.283439	356.308121	0.008282	0.000001	0.008282	84.4	92.7	179.9
292	-0.732974	-0.733304	0.000066	27.283427	348.928696	0.008367	0.000001	0.008367	47.8	184.3	234.7
293	-0.740528	-0.740860	0.000066	26.419537	355.285485	0.009216	0.000001	0.009215	59.5	148.7	211.8
294	-0.736754	-0.737083	0.000066	27.419537	347.947838	0.007459	0.000001	0.007459	49.0	143.6	201.2
295	-0.726991	-0.727321	0.000066	26.770813	352.672943	0.008122	0.000001	0.008122	68.7	109.0	181.6
296	-0.748832	-0.749160	0.000066	27.767317	345.466479	0.008262	0.000001	0.008262	109.1	193.3	305.4
297	-0.758856	-0.759191	0.000067	28.592000	339.721593	0.008931	0.000001	0.008931	88.8	146.5	241.2
298	-0.740500	-0.740834	0.000067	29.592000	333.006666	0.009096	0.000001	0.009096	68.7	174.2	246.0
299	-0.741453	-0.741787	0.000067	30.591948	326.552378	0.008680	0.000001	0.008680	46.7	159.9	214.8
300	-0.741526	-0.741856	0.000066	31.591914	320.343415	0.007757	0.000001	0.007757	65.7	119.3	188.3
301	-0.740771	-0.741105	0.000067	32.591906	314.366004	0.008986	0.000001	0.008986	56.3	168.9	227.7
302	-0.728433	-0.728766	0.000067	33.591906	308.607531	0.006960	0.000001	0.006960	28.1	172.5	203.4
303	-0.741903	-0.742241	0.000068	32.724966	313.587412	0.008295	0.000001	0.008296	60.8	162.4	225.5
304	-0.742381	-0.742716	0.000067	33.724960	307.857203	0.007873	0.000001	0.007872	51.7	149.7	204.8
305	-0.750980	-0.751319	0.000068	33.890143	306.930759	0.009446	0.000001	0.009446	79.9	176.4	259.4
306	-0.746185	-0.746523	0.000068	34.443832	303.865600	0.008354	0.000001	0.008354	81.1	176.2	259.9
307	-0.733242	-0.733578	0.000067	34.726334	302.325166	0.008942	0.000001	0.008943	69.5	159.7	232.2
308	-0.739565	-0.739897	0.000067	33.859392	307.102804	0.007579	0.000001	0.007579	59.4	165.2	228.7
309	-0.748512	-0.748848	0.000067	34.652220	302.727781	0.009406	0.000001	0.009406	20.5	108.5	131.8
310	-0.733362	-0.733694	0.000066	33.952101	306.584698	0.008166	0.000001	0.008165	58.3	174.9	236.8
311	-0.746427	-0.746763	0.000067	34.952060	301.105503	0.008271	0.000001	0.008270	132.0	189.5	324.1
312	-0.727473	-0.727810	0.000067	35.951895	295.819362	0.008005	0.000001	0.008004	41.3	172.7	216.8
313	-0.727833	-0.728174	0.000068	36.951895	290.714794	0.008049	0.000001	0.008049	71.2	146.2	220.2
314	-0.732624	-0.732960	0.000067	36.084965	295.129781	0.009090	0.000001	0.009090	58.5	112.2	173.2
315	-0.740072	-0.740405	0.000067	36.682822	292.070890	0.007732	0.000001	0.007731	52.4	156.2	211.7
316	-0.729793	-0.730135	0.000068	35.833502	296.435598	0.007492	0.000001	0.007492	77.3	163.2	243.5
317	-0.738191	-0.738530	0.000068	34.985056	300.928043	0.008763	0.000001	0.008763	62.9	96.6	162.7
318	-0.744725	-0.745066	0.000068	34.118115	305.661274	0.009322	0.000001	0.009321	112.2	169.6	285.0
319	-0.746108	-0.746446	0.000068	35.118115	300.214525	0.007423	0.000001	0.007423	56.1	97.0	164.7
320	-0.734648	-0.734990	0.000068	34.251478	304.923487	0.008995	0.000001	0.008994	110.9	181.1	294.6
321	-0.734839	-0.735186	0.000070	35.241824	299.554174	0.008395	0.000001	0.008395	43.6	165.8	212.2
322	-0.761126	-0.761474	0.000070	34.377568	304.229200	0.009803	0.000001	0.009803	93.9	115.0	213.5
323	-0.742728	-0.743075	0.000069	35.363107	298.909588	0.007457	0.000001	0.007457	100.2	135.4	239.0
324	-0.742067	-0.742410	0.000069	35.902240	296.077505	0.007727	0.000001	0.007727	103.0	123.7	230.6
325	-0.729555	-0.729902	0.000069	35.035373	300.657819	0.008101	0.000001	0.008101	84.3	156.0	243.9
326	-0.724775	-0.725122	0.000070	34.243796	304.965887	0.009049	0.000001	0.009049	78.2	153.0	234.7
327	-0.731195	-0.731544	0.000070	35.243442	299.545555	0.007257	0.000001	0.007257	74.3	141.1	218.0
328	-0.739729	-0.740075	0.000069	36.243425	294.312808	0.009357	0.000001	0.009357	61.3	114.5	178.7
329	-0.726663	-0.727013	0.000070	35.379374	298.823349	0.007256	0.000001	0.007256	56.4	143.7	213.3
330	-0.735321	-0.735667	0.000069	36.368815	293.669536	0.007860	0.000001	0.007860	65.4	101.5	169.8
331	-0.748952	-0.749306	0.000071	37.368729	288.638686	0.008728	0.000001	0.008729	70.2	185.8	259.8
332	-0.740894	-0.741245	0.000070	38.368724	283.776911	0.007653	0.000001	0.007653	46.1	146.9	196.8
333	-0.760865	-0.761217	0.000070	39.277476	279.498651	0.007532	0.000001	0.007531	41.1	144.5	188.3
334	-0.739134	-0.739488	0.000071	40.275669	274.945559	0.007116	0.000001	0.007116	31.8	139.2	184.0
335	-0.742288	-0.742640	0.000070	39.408742	278.891309	0.007853	0.000001	0.007853	74.2	131.7	208.3
336	-0.742217	-0.742568	0.000070	40.210809	275.236897	0.008453	0.000001	0.008453	76.6	147.2	227.4
337	-0.737750	-0.738100	0.000070	41.210809	270.812635	0.007448	0.000001	0.007448	39.4	98.4	140.5
338	-0.742276	-0.742632	0.000071	40.459515	274.123106	0.007745	0.000001	0.007745	58.5	127.7	188.6
339	-0.749484	-0.749843	0.000072	41.459476	269.734461	0.007771	0.000001	0.007770	43.6	162.5	214.0
340	-0.741916	-0.742269	0.000071	40.596064	273.515418	0.009461	0.000001	0.009461	42.2	159.2	204.7
341	-0.744604	-0.744963	0.000072	41.591972	269.163482	0.007149	0.000001	0.007149	37.9	181.6	222.4
342	-0.747177	-0.747533	0.000071	40.731245	272.916465	0.009583	0.000001	0.009583	53.4	171.9	228.1
343	-0.747171	-0.747531	0.000072	41.583720	269.198976	0.008265	0.000001	0.008265	79.2	124.8	206.4
344	-0.743481	-0.743837	0.000071	42.583638	264.965542	0.007041	0.000001	0.007041	80.4	127.9	213.4
345	-0.738413	-0.738770	0.000071	42.723135	264.385504	0.008146	0.000001	0.008145	67.0	158.7	228.3
346	-0.754202	-0.754562	0.000072	43.650362	260.593642	0.008582	0.000001	0.008582	54.5	119.5	176.6
347	-0.740010	-0.740370	0.000072	42.809448	264.027877	0.008472	0.000001	0.008472	47.9	125.8	177.9
348	-0.740875	-0.741234	0.000072	43.809448	259.953967	0.008416	0.000001	0.008416	61.3	165.9	229.5
349	-0.747723	-0.748079	0.000071	44.748242	256.242185	0.009443	0.000001	0.009443	47.6	155.1	205.4
350	-0.749593	-0.749951	0.000071	45.747101	252.407565	0.007224	0.000001	0.007224	59.9	143.2	206.2
351	-0.731794	-0.732156	0.000072	46.679554	248.930026	0.008070	0.000001	0.008070	54.1	122.4	181.3
352	-0.729468	-0.729828	0.000072	47.679182	245.306843	0.008009	0.000001	0.008009	45.0	99.6	147.8
353	-0.740545	-0.740909	0.000073	46.812243	248.442942	0.007530	0.000001	0.007530	77.6	110.3	191.7
354	-0.730533	-0.730892	0.000072	47.719903	245.161480	0.008025	0.000001	0.008025	39.2	133.8	175.9
355	-0.746206	-0.746572	0.000073	48.719903	241.645103	0.008079	0.000001	0.008079	50.0	111.1	163.7
356	-0.747077	-0.747438	0.000072	47.852961	244.687707	0.007668	0.000001	0.007668	85.2	108.2	196.0
357	-0.738193	-0.738558	0.000073	48.834042	241.250151	0.007732	0.000001	0.007732	114.6	144.6	262.5
358	-0.745693	-0.746055	0.000072	47.967100	244.282755	0.007630	0.000001	0.007629	66.0	150.2	218.9
359	-0.744245	-0.744609	0.000073	47.100158	247.392572	0.008735	0.000001	0.008735	60.2	150.3	213.3
360	-0.736865	-0.737229	0.000073	46.247658	250.528770	0.007286	0.000001	0.007286	64.1	161.3	228.0
361	-0.747150	-0.747515	0.000073	47.247658	246.857893	0.007289	0.000001	0.007289	68.9	109.9	181.9
362	-0.735377	-0.735743	0.000073	48.247658	243.293040	0.008406	0.000001	0.008406	96.5	123.6	222.8
363	-0.741162	-0.741526	0.000073	49.247658	239.829678	0.008126	0.000001	0.008125	94.6	127.3	224.7
364	-0.739615	-0.739980	0.000073	50.247658	236.463537	0.007320	0.000001	0.007320	112.7	142.2	257.9
365	-0.747940	-0.748306	0.000073	49.571800	238.728119	0.007233	0.000001	0.007233	91.7	148.7	243.4
366	-0.745109	-0.745477	0.000074	48.721099	241.640957	0.008664	0.000001	0.008664	82.8	167.5	255.4
367	-0.732915	-0.733282	0.000073	49.502210	238.963760	0.007601	0.000001	0.007600	69.7	147.7	220.2
368	-0.735013	-0.735380	0.000073	50.142822	236.811991	0.007940	0.000001	0.007940	44.6	165.3	212.7
369	-0.730564	-0.730929	0.000073	51.142821	233.529447	0.007310	0.000001	0.007311	56.9	161.6	221.8
370	-0.747951	-0.748318	0.000073	51.782542	231.476846	0.007789	0.000001	0.007788	77.2	172.3	253.1
371	-0.750989	-0.751363	0.000075	50.915625	234.267214	0.007774	0.000001	0.007774	86.4	122.4	211.9
372	-0.746249	-0.746620	0.000074	50.048779	237.125441	0.008124	0.000001	0.008123	87.6	109.2	199.5
373	-0.745959	-0.746331	0.000074	49.874412	237.708826	0.007859	0.000001	0.007859	83.9	176.6	263.0
374	-0.730440	-0.730806	0.000073	50.857037	234.458223	0.008071	0.000001	0.008071	49.2	116.8	168.7
375	-0.752923	-0.753295	0.000074	51.688556	231.776143	0.007576	0.000001	0.007576	68.7	139.8	211.0
376	-0.731959	-0.732326	0.000073	52.688556	228.630795	0.009073	0.000001	0.009073	58.8	108.2	180.8
377	-0.739281	-0.739648	0.000073	53.688556	225.569673	0.007979	0.000001	0.007979	88.2	181.9	272.8
378	-0.740245	-0.740617	0.000074	54.688528	222.589522	0.008178	0.000001	0.008178	40.4	168.3	223.0
379	-0.731750	-0.732120	0.000074	55.688476	219.687157	0.007598	0.000001	0.007598	45.8	139.5	188.7
380	-0.754842	-0.755210	0.000074	54.821611	222.198830	0.008102	0.000001	0.008101	59.1	94.4	168.5
381	-0.738048	-0.738419	0.000074	53.954669	224.768830	0.007776	0.000001	0.007776	96.6	114.7	214.5
382	-0.724587	-0.724959	0.000074	54.954669	221.809581	0.008425	0.000001	0.008425	49.9	141.2	193.9
383	-0.766228	-0.766600	0.000074	55.953968	218.929233	0.007612	0.000001	0.007612	47.8	144.0	194.8
384	-0.756229	-0.756604	0.000075	56.953962	216.120806	0.007886	0.000001	0.007886	80.0	143.3	226.2
385	-0.743760	-0.744132	0.000074	57.953962	213.383504	0.009156	0.000001	0.009156	65.5	156.9	244.3
386	-0.757233	-0.757611	0.000076	58.565726	211.742845	0.009614	0.000001	0.009614	51.9	101.6	156.1
387	-0.751128	-0.751501	0.000075	58.806371	211.104364	0.007094	0.000001	0.007094	107.0	118.7	228.8
388	-0.741146	-0.741512	0.000073	57.955920	213.378215	0.007356	0.000001	0.007356	87.4	172.3	262.6
389	-0.743394	-0.743773	0.000076	58.955920	210.709517	0.006866	0.000001	0.006865	88.8	160.1	252.0
390	-0.744834	-0.745207	0.000075	58.088977	213.019231	0.008409	0.000001	0.008409	128.3	137.4	272.7
391	-0.755827	-0.756201	0.000075	59.088977	210.359449	0.007812	0.000001	0.007812	50.8	161.3	214.5
392	-0.752408	-0.752788	0.000076	60.088239	207.767162	0.008146	0.000001	0.008146	32.9	164.7	199.9
393	-0.742155	-0.742531	0.000075	61.088236	205.236147	0.007756	0.000001	0.007756	41.7	153.8	198.1
394	-0.761244	-0.761619	0.000075	60.284500	207.265508	0.008683	0.000001	0.008683	57.4	103.8	164.1
395	-0.754009	-0.754383	0.000075	59.461281	209.386092	0.008139	0.000001	0.008139	56.6	115.2	174.1
396	-0.751357	-0.751727	0.000074	58.594379	211.666621	0.009127	0.000001	0.009127	100.9	172.0	276.1
397	-0.740111	-0.740485	0.000075	57.727684	213.996808	0.008839	0.000001	0.008838	52.4	128.8	187.7
398	-0.757492	-0.757868	0.000075	58.714646	211.347275	0.008122	0.000001	0.008121	72.6	138.2	217.0
399	-0.734699	-0.735076	0.000075	58.947100	210.732762	0.008057	0.000001	0.008056	94.4	160.8	257.8
400	-0.751612	-0.751990	0.000076	58.080164	213.042973	0.008197	0.000001	0.008197	52.7	141.0	200.1
401	-0.734561	-0.734937	0.000075	58.970564	210.670932	0.007912	0.000001	0.007912	53.7	104.6	161.9
402	-0.750274	-0.750654	0.000076	59.970563	208.069113	0.008609	0.000001	0.008609	105.5	124.5	237.4
403	-0.744320	-0.744696	0.000075	60.809791	205.934681	0.007528	0.000001	0.007528	73.1	181.3	257.0
404	-0.755355	-0.755737	0.000076	61.805717	203.457851	0.008703	0.000001	0.008703	58.4	115.5	176.3
405	-0.750521	-0.750897	0.000075	60.938775	205.610509	0.007322	0.000001	0.007322	125.7	107.4	236.3
406	-0.726530	-0.726909	0.000076	61.222189	204.901783	0.008677	0.000001	0.008677	70.8	110.2	186.3
407	-0.746814	-0.747195	0.000076	62.222096	202.439905	0.006968	0.000001	0.006968	62.4	154.3	219.3
408	-0.736980	-0.737357	0.000075	63.221949	200.036611	0.008357	0.000001	0.008356	52.4	176.2	231.4
409	-0.756482	-0.756863	0.000076	64.213380	197.709247	0.008379	0.000001	0.008379	65.6	173.1	242.4
410	-0.757702	-0.758083	0.000076	63.346443	199.741359	0.009201	0.000001	0.009201	43.9	104.4	151.3
411	-0.744896	-0.745273	0.000075	64.217888	197.698787	0.007916	0.000001	0.007916	123.7	84.4	211.9
412	-0.747775	-0.748154	0.000076	65.147724	195.564926	0.008078	0.000001	0.008078	61.9	170.9	235.0
413	-0.745706	-0.746088	0.000076	64.281818	197.550586	0.007791	0.000001	0.007790	52.4	172.3	227.5
414	-0.742910	-0.743292	0.000076	65.281818	195.260991	0.008670	0.000001	0.008670	40.8	158.4	212.3
415	-0.746620	-0.747003	0.000077	66.281818	193.023858	0.008741	0.000001	0.008740	50.5	121.2	174.1
416	-0.742651	-0.743029	0.000076	65.417053	194.955424	0.007477	0.000001	0.007477	77.1	102.8	187.8
417	-0.765433	-0.765818	0.000077	66.416499	192.726468	0.009537	0.000001	0.009537	75.6	107.5	186.1
418	-0.742967	-0.743346	0.000076	65.552273	194.650847	0.008119	0.000001	0.008119	77.8	153.9	234.3
419	-0.751343	-0.751724	0.000076	66.552273	192.427594	0.009650	0.000001	0.009650	86.2	194.7	283.8
420	-0.731268	-0.731655	0.000077	65.685398	194.351917	0.008144	0.000001	0.008143	41.0	142.8	192.8
421	-0.750717	-0.751105	0.000078	64.818456	196.315269	0.008431	0.000001	0.008431	54.9	138.8	196.6
422	-0.748079	-0.748465	0.000077	65.818055	194.054948	0.007862	0.000001	0.007862	91.9	139.3	233.8
423	-0.746216	-0.746598	0.000076	65.055461	195.774597	0.009500	0.000001	0.009499	33.8	172.3	208.9
424	-0.741219	-0.741599	0.000076	64.205961	197.726461	0.007169	0.000001	0.007169	55.7	200.5	258.7
425	-0.743317	-0.743697	0.000076	63.367084	199.692490	0.008671	0.000001	0.008671	71.5	193.4	267.5
426	-0.747272	-0.747657	0.000077	64.366760	197.354019	0.006245	0.000001	0.006245	73.2	129.5	205.0
427	-0.741294	-0.741681	0.000077	65.366742	195.068992	0.009465	0.000001	0.009466	70.9	157.2	230.9
428	-0.757136	-0.757516	0.000076	64.499805	197.046920	0.007666	0.000001	0.007666	99.9	152.3	255.4
429	-0.758937	-0.759326	0.000078	65.499805	194.768916	0.007686	0.000001	0.007685	81.5	127.9	212.5
430	-0.744493	-0.744879	0.000077	66.499787	192.543019	0.008484	0.000001	0.008483	103.5	107.5	213.7
431	-0.758206	-0.758591	0.000077	65.807663	194.078179	0.008226	0.000001	0.008226	67.6	155.1	225.9
432	-0.746089	-0.746474	0.000077	65.037434	195.815617	0.008878	0.000001	0.008878	73.3	138.4	216.4
433	-0.748164	-0.748557	0.000079	66.037434	193.565831	0.008401	0.000001	0.008400	116.4	164.9	284.1
434	-0.757563	-0.757955	0.000078	67.037434	191.367154	0.008110	0.000001	0.008110	103.2	175.9	284.1
435	-0.751344	-0.751732	0.000078	68.034304	189.224517	0.008160	0.000001	0.008160	55.4	203.6	262.0
436	-0.755597	-0.755981	0.000077	69.034220	187.122998	0.008636	0.000001	0.008635	99.7	227.1	330.2
437	-0.753174	-0.753554	0.000076	68.167279	188.942327	0.008801	0.000001	0.008802	136.6	202.3	354.6
438	-0.749341	-0.749727	0.000077	69.167271	186.846879	0.008212	0.000001	0.008212	52.4	108.1	166.3
439	-0.738223	-0.738610	0.000077	68.301204	188.658970	0.007741	0.000001	0.007740	69.7	150.0	223.0
440	-0.751550	-0.751939	0.000078	69.233161	186.710439	0.006758	0.000001	0.006758	81.2	114.7	200.2
441	-0.739437	-0.739826	0.000078	68.366220	188.521717	0.007829	0.000001	0.007829	87.4	125.8	216.3
442	-0.754099	-0.754490	0.000078	67.499319	190.368393	0.008355	0.000001	0.008355	104.9	135.6	243.7
443	-0.754688	-0.755074	0.000077	68.499296	188.241404	0.007643	0.000001	0.007643	73.1	147.5	223.0
444	-0.754845	-0.755234	0.000078	68.054959	189.180629	0.008860	0.000001	0.008860	34.3	139.5	177.4
445	-0.757274	-0.757663	0.000078	68.770399	187.672923	0.008576	0.000001	0.008576	61.3	95.7	159.7
446	-0.753082	-0.753470	0.000078	69.770347	185.605472	0.006216	0.000001	0.006216	64.7	128.0	199.5
447	-0.754110	-0.754502	0.000078	69.442973	186.277304	0.010322	0.000001	0.010322	70.7	129.7	203.3
448	-0.732898	-0.733288	0.000078	68.584973	188.061375	0.009202	0.000001	0.009201	30.8	191.6	225.2
449	-0.745034	-0.745424	0.000078	67.834713	189.649660	0.008049	0.000001	0.008049	42.6	174.0	220.2
450	-0.749902	-0.750294	0.000078	66.980752	191.490443	0.008054	0.000001	0.008053	29.8	197.0	229.5
451	-0.755239	-0.755626	0.000077	66.739874	192.016154	0.008595	0.000001	0.008595	76.8	177.4	257.1
452	-0.749095	-0.749487	0.000078	67.739855	189.852385	0.008214	0.000001	0.008214	69.2	159.6	231.7
453	-0.743062	-0.743452	0.000078	68.739855	187.736799	0.009199	0.000001	0.009199	102.6	180.4	286.9
454	-0.757809	-0.758196	0.000077	69.739855	185.667842	0.008661	0.000001	0.008661	77.1	165.7	245.4
455	-0.743010	-0.743401	0.000078	70.739855	183.643991	0.008150	0.000001	0.008150	62.1	143.5	208.1
456	-0.755310	-0.755702	0.000078	71.739855	181.663785	0.008281	0.000001	0.008281	93.7	120.5	226.8
457	-0.753186	-0.753572	0.000077	70.958084	183.208179	0.008268	0.000001	0.008268	61.4	153.9	217.7
458	-0.750598	-0.750989	0.000078	71.958037	181.237403	0.008562	0.000001	0.008562	92.3	118.0	212.6
459	-0.750261	-0.750649	0.000077	71.642310	181.855064	0.008395	0.000001	0.008395	71.4	159.0	238.4
460	-0.753175	-0.753562	0.000077	72.642310	179.913046	0.007958	0.000001	0.007958	49.3	138.0	189.8
461	-0.749941	-0.750334	0.000079	71.775368	181.594249	0.007741	0.000001	0.007741	69.0	167.5	239.1
462	-0.759881	-0.760276	0.000079	72.769331	179.669334	0.008572	0.000001	0.008572	76.1	188.2	267.2
463	-0.753606	-0.754002	0.000079	71.902389	181.345964	0.008056	0.000001	0.008057	82.7	177.4	263.3
464	-0.747677	-0.748071	0.000079	72.895288	179.428314	0.010694	0.000001	0.010693	68.2	122.6	198.2
465	-0.763129	-0.763523	0.000079	73.895225	177.537629	0.009570	0.000001	0.009570	83.6	141.5	227.5
466	-0.748809	-0.749200	0.000078	73.028282	179.174529	0.007789	0.000001	0.007789	66.3	129.8	198.6
467	-0.741134	-0.741525	0.000078	74.028280	177.289047	0.007888	0.000001	0.007888	75.1	103.3	180.7
468	-0.737967	-0.738354	0.000077	75.020804	175.456489	0.008819	0.000001	0.008819	95.1	120.1	217.5
469	-0.751025	-0.751414	0.000078	74.153862	177.055064	0.008078	0.000001	0.008078	52.3	121.4	176.6
470	-0.743426	-0.743821	0.000079	73.286920	178.683036	0.007593	0.000001	0.007593	61.7	150.2	214.9
471	-0.755532	-0.755926	0.000079	72.425657	180.330261	0.008526	0.000001	0.008526	48.5	159.9	210.9
472	-0.759669	-0.760066	0.000079	71.562531	182.011803	0.007690	0.000001	0.007690	45.9	139.8	188.9
473	-0.755550	-0.755946	0.000079	70.721074	183.681595	0.008306	0.000001	0.008306	42.2	183.2	228.0
474	-0.765306	-0.765701	0.000079	69.854132	185.434308	0.007640	0.000001	0.007640	49.3	134.5	186.1
475	-0.735377	-0.735773	0.000079	70.741265	183.641169	0.007299	0.000001	0.007299	50.4	126.6	179.8
476	-0.742560	-0.742954	0.000079	69.874324	185.393105	0.008681	0.000001	0.008680	86.6	142.3	231.3
477	-0.759686	-0.760078	0.000078	69.012658	187.167822	0.008304	0.000001	0.008303	63.4	165.3	231.6
478	-0.742929	-0.743325	0.000079	70.012657	185.111322	0.007318	0.000001	0.007318	68.7	171.5	243.3
479	-0.747412	-0.747812	0.000080	69.145716	186.891557	0.008348	0.000001	0.008348	78.9	167.0	250.0
480	-0.759365	-0.759767	0.000080	68.278964	188.705966	0.007759	0.000001	0.007759	65.3	153.7	221.9
481	-0.746519	-0.746914	0.000079	67.412239	190.555893	0.007315	0.000001	0.007315	49.3	106.0	159.8
482	-0.745755	-0.746148	0.000079	66.545758	192.441913	0.008589	0.000001	0.008589	48.5	144.0	194.7
483	-0.756797	-0.757193	0.000079	65.678827	194.366648	0.007180	0.000001	0.007180	57.1	148.3	208.6
484	-0.746692	-0.747092	0.000080	66.654241	192.203743	0.008661	0.000001	0.008661	46.7	156.0	205.7
485	-0.772189	-0.772583	0.000079	67.561235	190.235300	0.008470	0.000001	0.008471	60.0	139.7	202.1
486	-0.750692	-0.751089	0.000079	68.427361	188.392825	0.008034	0.000001	0.008034	74.1	152.5	229.1
487	-0.752137	-0.752537	0.000080	67.560427	190.237036	0.008788	0.000001	0.008788	76.6	113.2	204.7
488	-0.769432	-0.769835	0.000081	68.559485	188.114895	0.007368	0.000001	0.007368	65.9	112.9	181.4
489	-0.754055	-0.754455	0.000080	67.694052	189.950428	0.007847	0.000001	0.007847	53.2	185.6	242.1
490	-0.742803	-0.743201	0.000080	68.555999	188.122218	0.008798	0.000001	0.008798	59.9	194.3	256.9
491	-0.761789	-0.762183	0.000079	69.555998	186.044808	0.007447	0.000001	0.007448	44.0	146.7	193.6
492	-0.747775	-0.748170	0.000079	70.555998	184.012775	0.008938	0.000001	0.008938	49.2	142.8	194.8
493	-0.755660	-0.756059	0.000080	69.689056	185.771845	0.007406	0.000001	0.007406	47.5	196.7	247.5
494	-0.760176	-0.760577	0.000080	70.205547	184.719831	0.008996	0.000001	0.008995	86.2	155.7	244.6
495	-0.767494	-0.767896	0.000080	71.205546	182.716484	0.008598	0.000001	0.008598	49.6	139.3	191.9
496	-0.741131	-0.741535	0.000081	70.338848	184.450249	0.009052	0.000001	0.009052	72.8	123.4	198.9
497	-0.757245	-0.757643	0.000080	69.471906	186.217732	0.007854	0.000001	0.007854	84.4	156.3	243.2
498	-0.747535	-0.747935	0.000080	68.604964	188.019418	0.008209	0.000001	0.008209	42.6	155.2	200.6
499	-0.742480	-0.742880	0.000080	67.738044	189.856260	0.008808	0.000001	0.008808	46.0	148.3	197.4
500	-0.737433	-0.737835	0.000080	68.738044	187.740589	0.007452	0.000001	0.007452	60.2	184.3	247.4
501	-0.743844	-0.744241	0.000079	69.738044	185.671549	0.008229	0.000001	0.008229	27.1	158.4	187.9
502	-0.745531	-0.745928	0.000079	68.871102	187.462631	0.008006	0.000001	0.008005	81.0	127.9	211.7
503	-0.760705	-0.761103	0.000080	69.871098	185.399687	0.007330	0.000001	0.007330	56.0	181.7	240.4
504	-0.757885	-0.758287	0.000080	69.004168	187.185477	0.007983	0.000001	0.007983	45.9	152.2	212.4
505	-0.758785	-0.759192	0.000081	70.003935	185.129063	0.007775	0.000001	0.007774	53.5	162.3	223.9
506	-0.749449	-0.749853	0.000081	69.137284	186.909039	0.008323	0.000001	0.008322	80.3	139.9	223.2
507	-0.752493	-0.752899	0.000081	68.270342	188.724191	0.008860	0.000001	0.008859	83.1	139.1	224.5
508	-0.768040	-0.768450	0.000082	67.403579	190.574559	0.007864	0.000001	0.007864	97.6	167.8	267.9
509	-0.768482	-0.768888	0.000081	68.403328	188.443469	0.009048	0.000001	0.009047	54.0	195.4	256.8
510	-0.761252	-0.761662	0.000082	67.568380	190.219954	0.007228	0.000001	0.007228	26.9	153.5	185.3
511	-0.733219	-0.733620	0.000080	68.404952	188.440046	0.008261	0.000001	0.008262	57.4	136.9	196.8
512	-0.755857	-0.756268	0.000082	69.404952	186.355646	0.008203	0.000001	0.008203	79.4	117.4	199.5
513	-0.757603	-0.758007	0.000081	70.389744	184.347525	0.007370	0.000001	0.007370	88.4	101.2	192.1
514	-0.741254	-0.741659	0.000081	69.522804	186.113029	0.007972	0.000001	0.007971	68.1	130.5	201.1
515	-0.754602	-0.755009	0.000081	70.401388	184.324042	0.008548	0.000001	0.008547	55.4	144.5	207.3
516	-0.736990	-0.737396	0.000081	71.401386	182.329226	0.007403	0.000001	0.007404	57.5	148.1	208.4
517	-0.752929	-0.753335	0.000081	70.912610	183.298823	0.008880	0.000001	0.008879	57.2	162.7	222.5
518	-0.738682	-0.739084	0.000080	71.912609	181.326016	0.006531	0.000001	0.006530	83.5	178.7	264.9
519	-0.738301	-0.738701	0.000080	71.045667	183.033854	0.007800	0.000001	0.007799	41.6	119.5	164.0
520	-0.754777	-0.755187	0.000082	70.179945	184.771698	0.007300	0.000001	0.007300	41.3	115.5	163.6
521	-0.761174	-0.761588	0.000083	71.179933	182.767253	0.007935	0.000001	0.007934	92.1	195.8	290.2
522	-0.744699	-0.745110	0.000082	72.179897	180.805879	0.007897	0.000001	0.007897	60.1	156.1	218.9
523	-0.745178	-0.745589	0.000082	73.179897	178.886086	0.007235	0.000001	0.007235	62.6	140.8	206.1
524	-0.752668	-0.753074	0.000081	74.109480	177.137685	0.007374	0.000001	0.007374	61.9	126.5	191.6
525	-0.760708	-0.761119	0.000082	73.242567	178.767129	0.008459	0.000001	0.008458	54.6	113.7	171.6
526	-0.748068	-0.748481	0.000083	74.242271	176.890713	0.007792	0.000001	0.007792	82.2	113.3	198.8
527	-0.749357	-0.749758	0.000080	73.375329	178.515650	0.007639	0.000001	0.007639	53.2	98.9	183.3
528	-0.746806	-0.747208	0.000080	72.508387	180.170718	0.008489	0.000001	0.008489	116.3	116.2	235.4
529	-0.763393	-0.763807	0.000083	73.503954	178.272681	0.008295	0.000001	0.008295	54.5	129.1	187.3
530	-0.761110	-0.761521	0.000082	72.637012	179.923226	0.008038	0.000001	0.008038	74.6	94.3	171.2
531	-0.749170	-0.749575	0.000081	71.770258	181.604250	0.007901	0.000001	0.007902	50.3	146.6	199.4
532	-0.746453	-0.746856	0.000081	70.903316	183.317359	0.007824	0.000001	0.007824	62.5	163.9	229.3
533	-0.755721	-0.756130	0.000082	70.036406	185.063031	0.007694	0.000001	0.007694	53.7	170.6	226.9
534	-0.751397	-0.751807	0.000082	71.035931	183.053217	0.008543	0.000001	0.008543	81.7	151.4	235.6
535	-0.752098	-0.752511	0.000083	71.710669	181.720976	0.008919	0.000001	0.008919	69.2	116.1	189.6
536	-0.756952	-0.757365	0.000083	72.710669	179.781805	0.007402	0.000001	0.007402	54.6	141.6	198.6
537	-0.750559	-0.750970	0.000082	71.844660	181.458719	0.008117	0.000001	0.008117	64.2	122.6	189.9
538	-0.753343	-0.753751	0.000082	70.977748	183.169011	0.006688	0.000001	0.006688	57.6	140.0	200.3
539	-0.748264	-0.748674	0.000082	70.472018	184.181716	0.008169	0.000001	0.008168	83.5	140.9	227.0
540	-0.755280	-0.755692	0.000082	71.472014	182.189968	0.007541	0.000001	0.007541	69.3	140.2	212.4
541	-0.755970	-0.756381	0.000082	72.335300	180.504837	0.009274	0.000001	0.009275	76.1	181.0	259.7
542	-0.755924	-0.756332	0.000082	72.536901	180.115794	0.008818	0.000001	0.008818	54.4	124.9	181.7
543	-0.761144	-0.761553	0.000082	73.536518	178.211273	0.007113	0.000001	0.007113	61.1	132.4	197.7
544	-0.746501	-0.746912	0.000082	74.536517	176.345901	0.008064	0.000001	0.008063	101.4	183.3	289.7
545	-0.741054	-0.741460	0.000081	75.536517	174.519174	0.007216	0.000001	0.007216	97.0	100.3	201.9
546	-0.755824	-0.756234	0.000082	74.719342	176.009078	0.008815	0.000001	0.008815	60.9	169.8	233.6
547	-0.746887	-0.747298	0.000082	75.719342	174.189286	0.008950	0.000001	0.008950	143.4	167.6	315.3
548	-0.753927	-0.754340	0.000083	76.719342	172.406739	0.008150	0.000001	0.008149	61.7	186.2	250.6
549	-0.751056	-0.751474	0.000083	75.852401	173.949980	0.007136	0.000001	0.007136	50.0	144.2	196.8
550	-0.758618	-0.759031	0.000083	74.992055	175.509037	0.008140	0.000001	0.008140	49.1	126.9	180.8
551	-0.755103	-0.755517	0.000083	75.711382	174.203623	0.007081	0.000001	0.007081	89.8	115.3	207.6
552	-0.746664	-0.747081	0.000083	74.844458	175.779316	0.007847	0.000001	0.007847	62.8	148.8	214.6
553	-0.744884	-0.745299	0.000083	74.011725	177.319937	0.007187	0.000001	0.007187	51.6	143.7	198.6
554	-0.766760	-0.767173	0.000083	73.472132	178.332729	0.007542	0.000001	0.007542	41.6	135.9	180.0
555	-0.757171	-0.757582	0.000082	72.605195	179.984383	0.007732	0.000001	0.007732	86.1	157.0	246.6
556	-0.758497	-0.758909	0.000082	71.738334	181.666766	0.007100	0.000001	0.007100	70.1	130.1	204.9
557	-0.750791	-0.751212	0.000084	72.738334	179.728746	0.007394	0.000001	0.007394	90.8	142.8	236.5
558	-0.748576	-0.748991	0.000083	71.871392	181.406490	0.006984	0.000001	0.006983	61.5	171.7	235.8
559	-0.758703	-0.759114	0.000082	72.821222	179.569960	0.007472	0.000001	0.007472	49.3	124.0	176.7
560	-0.751061	-0.751475	0.000083	71.957094	181.239242	0.007974	0.000001	0.007973	88.7	93.9	185.6
561	-0.762783	-0.763199	0.000083	72.957093	179.310285	0.007843	0.000001	0.007843	65.2	126.5	194.0
562	-0.743948	-0.744356	0.000082	73.956084	177.423842	0.007987	0.000001	0.007987	81.8	173.4	259.4
563	-0.737407	-0.737820	0.000082	74.953162	175.580176	0.007028	0.000001	0.007028	68.0	155.6	230.0
564	-0.764378	-0.764785	0.000081	75.953117	173.769278	0.008272	0.000001	0.008272	54.0	158.7	215.6
565	-0.769020	-0.769441	0.000084	76.008295	173.670439	0.007447	0.000001	0.007446	47.6	102.7	152.7
566	-0.755203	-0.755620	0.000083	77.008295	171.898442	0.007274	0.000001	0.007273	77.9	164.8	245.3
567	-0.759262	-0.759681	0.000084	76.141373	173.432521	0.006654	0.000001	0.006654	77.9	165.3	245.7
568	-0.758586	-0.759002	0.000083	75.287161	174.971127	0.009233	0.000001	0.009233	83.5	143.2	229.7
569	-0.744534	-0.744952	0.000084	76.283874	173.178478	0.007631	0.000001	0.007631	57.0	99.7	183.4
570	-0.748767	-0.749187	0.000084	77.166813	171.620864	0.008030	0.000001	0.008030	73.5	133.2	209.2
571	-0.763522	-0.763939	0.000083	77.985187	170.201963	0.008057	0.000001	0.008057	52.4	139.8	195.5
572	-0.748256	-0.748677	0.000084	78.984565	168.500740	0.009432	0.000001	0.009432	79.9	114.4	196.8
573	-0.766639	-0.767052	0.000083	78.167317	169.889373	0.007268	0.000001	0.007268	104.9	131.8	239.2
574	-0.751693	-0.752109	0.000083	79.167277	168.193382	0.007601	0.000001	0.007601	83.9	107.0	193.5
575	-0.772386	-0.772805	0.000084	78.363281	169.554316	0.008446	0.000001	0.008446	102.3	155.8	262.3
576	-0.764471	-0.764891	0.000084	77.497797	171.044163	0.008355	0.000001	0.008355	59.4	128.3	190.0
577	-0.749442	-0.749858	0.000083	78.497257	169.326007	0.008586	0.000001	0.008586	48.1	148.5	199.5
578	-0.743623	-0.744042	0.000084	79.381402	167.834607	0.007650	0.000001	0.007650	73.6	111.7	188.3
579	-0.761663	-0.762078	0.000083	80.378750	166.183477	0.009374	0.000001	0.009374	90.2	168.9	261.7
580	-0.764468	-0.764884	0.000083	79.518653	167.605442	0.007515	0.000001	0.007514	72.6	124.2	200.0
581	-0.768822	-0.769242	0.000084	80.403308	166.143231	0.007251	0.000001	0.007251	87.0	132.4	223.2
582	-0.746905	-0.747328	0.000085	81.403307	164.520792	0.008393	0.000001	0.008393	54.8	150.9	208.5
583	-0.741420	-0.741837	0.000083	80.683947	165.684689	0.008254	0.000001	0.008254	71.8	166.8	244.2
584	-0.762007	-0.762426	0.000084	79.817005	167.109439	0.009091	0.000001	0.009091	46.4	106.6	155.9
585	-0.747187	-0.747607	0.000084	79.176529	168.177850	0.007629	0.000001	0.007630	69.3	117.7	189.5
586	-0.734729	-0.735144	0.000083	78.309587	169.645991	0.007865	0.000001	0.007865	65.4	146.3	214.1
587	-0.788043	-0.788471	0.000086	79.295663	167.978083	0.008977	0.000001	0.008977	40.1	158.6	201.4
588	-0.758430	-0.758854	0.000085	80.295594	166.319901	0.007279	0.000001	0.007278	59.4	145.8	207.8
589	-0.753122	-0.753547	0.000085	81.295594	164.694026	0.007894	0.000001	0.007894	50.3	103.4	156.0
590	-0.749752	-0.750177	0.000085	80.447044	166.071603	0.008830	0.000001	0.008830	55.2	143.9	201.4
591	-0.753706	-0.754130	0.000085	79.875394	167.012713	0.008002	0.000001	0.008001	94.4	171.2	267.9
592	-0.769564	-0.769991	0.000085	80.851746	165.411727	0.007525	0.000001	0.007525	73.8	97.3	173.6
593	-0.760739	-0.761166	0.000085	81.851739	163.803484	0.007762	0.000001	0.007761	88.2	115.4	207.8
594	-0.772060	-0.772482	0.000084	80.984797	165.195928	0.007563	0.000001	0.007563	54.6	113.7	171.0
595	-0.743408	-0.743831	0.000085	80.720738	165.624764	0.007383	0.000001	0.007382	68.1	123.4	197.2
596	-0.764692	-0.765121	0.000086	81.314438	164.663693	0.007742	0.000001	0.007742	68.0	94.0	164.5
597	-0.761265	-0.761688	0.000085	82.175393	163.289645	0.007984	0.000001	0.007983	53.3	151.1	207.4
598	-0.756578	-0.757001	0.000085	81.308519	164.673220	0.006987	0.000001	0.006987	58.4	149.7	210.7
599	-0.770787	-0.771220	0.000087	80.441577	166.080553	0.008554	0.000001	0.008554	82.5	150.1	237.1
600	-0.768505	-0.768929	0.000085	80.526193	165.942134	0.008870	0.000001	0.008871	53.1	135.8	191.4
601	-0.768770	-0.769196	0.000085	81.526191	164.323603	0.007261	0.000001	0.007260	52.0	171.1	226.0
602	-0.767634	-0.768061	0.000085	80.664757	165.715964	0.008258	0.000001	0.008257	37.6	97.8	143.5
603	-0.755198	-0.755624	0.000085	80.791559	165.509531	0.007412	0.000001	0.007412	66.3	123.7	192.9
604	-0.743444	-0.743867	0.000085	81.791551	163.899396	0.009562	0.000001	0.009562	56.7	162.6	222.2
605	-0.759190	-0.759615	0.000085	82.755056	162.377371	0.007820	0.000001	0.007820	59.8	137.9	206.1
606	-0.758038	-0.758463	0.000085	83.753248	160.830080	0.007390	0.000001	0.007391	61.9	140.1	204.4
607	-0.761620	-0.762042	0.000084	84.750630	159.313218	0.009316	0.000001	0.009316	67.0	140.1	209.9
608	-0.755741	-0.756165	0.000085	83.887446	160.624306	0.008637	0.000001	0.008637	72.8	177.4	253.5
609	-0.762597	-0.763022	0.000085	84.867143	159.137885	0.007469	0.000001	0.007469	72.0	153.1	236.4
610	-0.761606	-0.762039	0.000087	85.858532	157.661470	0.009085	0.000001	0.009086	71.3	133.0	206.9
611	-0.752077	-0.752502	0.000085	86.760611	156.341664	0.006340	0.000001	0.006339	58.8	112.2	174.0
612	-0.763513	-0.763941	0.000086	87.760611	154.904180	0.008191	0.000001	0.008191	68.5	115.4	186.5
613	-0.752571	-0.753001	0.000086	88.759211	153.494846	0.007555	0.000001	0.007555	66.6	131.7	200.8
614	-0.755792	-0.756214	0.000084	87.892385	154.716726	0.008660	0.000001	0.008660	68.1	146.2	216.7
615	-0.743583	-0.744012	0.000086	88.824505	153.403589	0.008561	0.000001	0.008560	74.3	171.2	248.3
616	-0.744175	-0.744606	0.000086	89.824505	152.019386	0.008392	0.000001	0.008392	71.3	146.2	225.2
617	-0.742439	-0.742865	0.000085	90.821713	150.663701	0.006913	0.000001	0.006913	35.7	156.8	195.0
618	-0.754941	-0.755371	0.000086	90.778443	150.722024	0.008573	0.000001	0.008573	49.8	149.7	202.1
619	-0.748044	-0.748470	0.000085	91.778443	149.385581	0.008735	0.000001	0.008735	43.8	118.5	164.9
620	-0.741565	-0.741985	0.000084	92.778441	148.072632	0.008151	0.000001	0.008150	65.2	162.8	230.6
621	-0.765265	-0.765693	0.000086	93.778051	146.783057	0.009303	0.000001	0.009302	74.5	179.2	256.5
622	-0.759640	-0.760066	0.000085	94.778048	145.515264	0.007499	0.000001	0.007499	82.4	122.0	207.5
623	-0.763076	-0.763507	0.000086	93.911106	146.613098	0.007664	0.000001	0.007664	64.8	128.5	198.0
624	-0.755050	-0.755481	0.000086	94.911100	145.348230	0.009073	0.000001	0.009072	63.1	119.1	184.8
625	-0.748449	-0.748882	0.000087	95.911100	144.104993	0.006894	0.000001	0.006893	41.4	153.1	200.7
626	-0.749949	-0.750385	0.000087	96.910269	142.883850	0.009251	0.000001	0.009251	75.4	111.9	195.5
627	-0.737104	-0.737533	0.000086	96.083860	143.892363	0.006736	0.000001	0.006736	86.0	99.9	188.4
628	-0.760535	-0.760968	0.000087	95.216918	144.965755	0.007527	0.000001	0.007527	65.7	148.1	216.3
629	-0.762700	-0.763134	0.000087	94.700607	145.612661	0.008415	0.000001	0.008415	61.8	123.5	191.4
630	-0.751165	-0.751598	0.000087	93.838421	146.705894	0.008546	0.000001	0.008547	124.1	87.8	214.9
631	-0.768954	-0.769392	0.000088	92.973434	147.819300	0.007933	0.000001	0.007932	58.2	84.8	145.5
632	-0.764084	-0.764517	0.000087	92.181654	148.853393	0.007812	0.000001	0.007812	41.5	102.9	147.4
633	-0.772797	-0.773236	0.000088	92.369959	148.606150	0.007081	0.000001	0.007081	72.7	120.7	196.1
634	-0.753492	-0.753922	0.000086	93.369958	147.306806	0.009051	0.000001	0.009051	25.8	120.2	149.5
635	-0.748475	-0.748908	0.000087	92.503016	148.431943	0.007917	0.000001	0.007917	52.9	84.8	140.5
636	-0.755006	-0.755437	0.000086	93.191900	147.536500	0.007971	0.000001	0.007971	43.3	116.1	162.1
637	-0.756928	-0.757363	0.000087	94.146210	146.313745	0.006852	0.000001	0.006852	78.9	149.7	231.2
638	-0.763101	-0.763535	0.000087	95.146153	145.054079	0.007381	0.000001	0.007380	36.2	76.0	114.8
639	-0.762841	-0.763270	0.000086	96.127072	143.839276	0.009299	0.000001	0.009299	77.3	74.4	154.9
640	-0.767489	-0.767924	0.000087	96.636762	143.216057	0.007369	0.000001	0.007369	55.7	95.8	155.0
641	-0.753611	-0.754044	0.000087	95.769820	144.279346	0.007231	0.000001	0.007230	90.9	86.2	185.3
642	-0.762518	-0.762952	0.000087	95.064727	145.155842	0.008303	0.000001	0.008303	46.4	93.9	143.3
643	-0.739998	-0.740426	0.000086	94.200759	146.244463	0.006781	0.000001	0.006781	58.4	89.9	151.8
644	-0.749545	-0.749981	0.000087	93.333818	147.353368	0.008434	0.000001	0.008434	65.7	92.7	161.1
645	-0.750722	-0.751155	0.000087	92.525645	148.402356	0.008344	0.000001	0.008343	49.9	95.5	148.3
646	-0.776899	-0.777341	0.000088	93.525645	147.106556	0.008340	0.000001	0.008340	57.7	121.4	182.2
647	-0.752104	-0.752544	0.000088	94.525348	145.833564	0.008671	0.000001	0.008672	33.9	124.7	161.0
648	-0.744428	-0.744865	0.000088	93.658776	146.935750	0.007727	0.000001	0.007727	51.0	134.1	188.0
649	-0.752843	-0.753280	0.000087	92.791834	148.055205	0.007739	0.000001	0.007739	46.6	107.4	156.5
650	-0.761692	-0.762126	0.000087	93.778572	146.782391	0.008289	0.000001	0.008289	39.5	96.8	139.1
651	-0.748580	-0.749018	0.000088	93.856852	146.682352	0.007565	0.000001	0.007565	51.1	107.5	161.1
652	-0.756923	-0.757360	0.000088	92.989910	147.797934	0.008553	0.000001	0.008553	51.3	113.5	167.3
653	-0.754901	-0.755334	0.000087	93.989910	146.512622	0.007258	0.000001	0.007258	38.2	87.9	128.7
654	-0.775312	-0.775746	0.000087	94.989910	145.249472	0.007531	0.000001	0.007531	25.1	109.4	137.7
655	-0.751805	-0.752239	0.000087	94.123165	146.343034	0.007559	0.000001	0.007559	57.7	93.7	154.0
656	-0.755197	-0.755628	0.000086	93.580620	147.035975	0.007720	0.000001	0.007721	65.8	154.7	223.1
657	-0.741570	-0.742008	0.000088	93.182618	147.548492	0.007001	0.000001	0.007001	66.9	101.0	170.6
658	-0.756497	-0.756933	0.000087	94.178016	146.273341	0.007484	0.000001	0.007484	58.5	100.4	161.7
659	-0.755274	-0.755709	0.000087	94.850204	145.424631	0.007991	0.000001	0.007991	47.7	127.9	178.6
660	-0.742998	-0.743430	0.000086	93.983263	146.521092	0.008630	0.000001	0.008629	57.6	80.4	140.6
661	-0.754566	-0.755003	0.000087	94.983263	145.257797	0.008191	0.000001	0.008191	38.3	131.9	173.1
662	-0.751554	-0.751991	0.000087	94.909262	145.350534	0.007549	0.000001	0.007548	44.6	110.9	158.4
663	-0.737642	-0.738079	0.000088	94.042861	146.445187	0.007628	0.000001	0.007628	48.8	123.6	174.8
664	-0.759011	-0.759446	0.000087	93.176055	147.556975	0.006923	0.000001	0.006922	56.1	113.9	172.9
665	-0.757402	-0.757842	0.000088	94.175943	146.275973	0.008049	0.000001	0.008049	63.8	101.7	168.0
666	-0.754017	-0.754451	0.000087	95.175943	145.016884	0.006755	0.000001	0.006755	70.8	101.3	174.7
667	-0.764032	-0.764466	0.000087	96.175853	143.779394	0.008400	0.000001	0.008399	45.9	101.4	150.8
668	-0.760164	-0.760603	0.000088	95.806729	144.233756	0.008276	0.000001	0.008276	71.6	82.9	157.5
669	-0.760542	-0.760984	0.000088	96.803888	143.012879	0.008352	0.000001	0.008352	74.6	100.1	177.3
670	-0.771253	-0.771693	0.000088	97.803887	141.809107	0.007901	0.000001	0.007902	71.2	112.6	187.0
671	-0.744912	-0.745347	0.000087	96.936945	142.851531	0.008169	0.000001	0.008169	29.2	147.7	179.6
672	-0.765590	-0.766026	0.000087	97.936925	141.650485	0.007759	0.000001	0.007759	59.4	153.5	216.0
673	-0.753269	-0.753714	0.000089	97.069985	142.690568	0.008566	0.000001	0.008566	53.4	190.8	247.0
674	-0.754002	-0.754436	0.000087	96.203359	143.745651	0.008023	0.000001	0.008023	44.7	127.7	180.2
675	-0.766539	-0.766979	0.000088	97.203359	142.529564	0.008534	0.000001	0.008534	51.9	137.3	191.5
676	-0.746605	-0.747044	0.000088	98.203326	141.333919	0.008036	0.000001	0.008035	34.8	110.5	148.0
677	-0.754102	-0.754543	0.000088	99.191419	140.172013	0.007940	0.000001	0.007940	48.1	77.9	132.9
678	-0.749038	-0.749469	0.000086	100.191346	139.015480	0.006985	0.000001	0.006984	71.1	109.1	182.8
679	-0.767132	-0.767575	0.000089	99.795477	139.471059	0.007620	0.000001	0.007620	50.3	98.7	160.2
680	-0.765386	-0.765821	0.000087	99.132517	140.240741	0.007371	0.000001	0.007370	57.4	94.4	154.5
681	-0.755125	-0.755561	0.000087	98.267966	141.257320	0.007100	0.000001	0.007100	54.1	96.5	153.3
682	-0.747704	-0.748144	0.000088	99.114508	140.261768	0.007055	0.000001	0.007055	36.0	129.6	168.2
683	-0.763846	-0.764291	0.000089	98.823280	140.602671	0.008168	0.000001	0.008167	31.8	120.0	154.7
684	-0.761179	-0.761621	0.000089	98.961045	140.441200	0.007475	0.000001	0.007475	68.7	94.9	167.1
685	-0.746278	-0.746717	0.000088	99.288784	140.058554	0.008138	0.000001	0.008138	64.0	83.0	152.4
686	-0.752511	-0.752950	0.000088	100.288602	138.904010	0.007232	0.000001	0.007232	36.5	148.8	188.8
687	-0.760801	-0.761243	0.000088	99.490504	139.824075	0.007797	0.000001	0.007797	110.5	152.9	266.0
688	-0.742063	-0.742499	0.000087	98.623565	140.837411	0.009541	0.000001	0.009541	75.0	138.1	215.6
689	-0.772385	-0.772833	0.000089	99.566109	139.736393	0.007837	0.000001	0.007837	75.9	191.8	272.4
690	-0.754370	-0.754817	0.000089	100.566109	138.586924	0.007493	0.000001	0.007493	48.0	131.3	182.4
691	-0.771670	-0.772112	0.000088	99.746934	139.527130	0.007525	0.000001	0.007525	70.4	213.0	286.9
692	-0.763828	-0.764270	0.000088	98.880001	140.536144	0.008325	0.000001	0.008324	70.4	175.8	255.7
693	-0.760540	-0.760976	0.000087	98.013060	141.559869	0.008140	0.000001	0.008140	75.3	187.0	264.8
694	-0.764461	-0.764901	0.000088	99.013060	140.380332	0.007290	0.000001	0.007291	62.5	164.5	230.0
695	-0.768786	-0.769233	0.000089	99.324646	140.016811	0.008056	0.000001	0.008056	41.3	102.6	146.6
696	-0.759049	-0.759492	0.000089	100.259733	138.937080	0.008458	0.000001	0.008458	54.2	180.5	237.4
697	-0.771757	-0.772196	0.000088	101.259732	137.800672	0.007341	0.000001	0.007341	28.4	168.8	200.7
698	-0.774353	-0.774803	0.000090	102.259731	136.682703	0.008595	0.000001	0.008594	52.9	179.0	234.3
699	-0.757925	-0.758370	0.000089	103.255120	135.587759	0.007917	0.000001	0.007917	71.6	151.2	229.4
700	-0.751804	-0.752246	0.000088	102.388178	136.540417	0.008032	0.000001	0.008031	78.4	138.9	220.4
701	-0.771553	-0.772004	0.000090	103.388178	135.442721	0.008244	0.000001	0.008244	70.9	159.0	232.4
702	-0.769083	-0.769531	0.000090	102.525230	136.388924	0.008254	0.000001	0.008254	64.4	170.7	237.7
703	-0.756633	-0.757080	0.000089	103.525229	135.293654	0.007441	0.000001	0.007441	45.0	142.8	190.6
704	-0.754088	-0.754533	0.000089	102.658287	136.242169	0.007039	0.000001	0.007039	102.6	108.5	215.8
705	-0.748070	-0.748518	0.000090	101.791389	137.204028	0.008164	0.000001	0.008164	80.7	102.8	196.3
706	-0.761722	-0.762168	0.000089	101.986936	136.985876	0.008904	0.000001	0.008904	57.3	137.0	197.2
707	-0.744347	-0.744791	0.000089	102.377682	136.552032	0.008423	0.000001	0.008424	56.5	140.2	199.9
708	-0.742369	-0.742814	0.000089	101.662815	137.347844	0.008117	0.000001	0.008117	71.6	103.5	178.3
709	-0.762369	-0.762814	0.000089	102.662655	136.237357	0.009347	0.000001	0.009346	61.7	102.9	167.6
710	-0.755061	-0.755512	0.000090	103.662655	135.144508	0.008733	0.000001	0.008733	79.3	119.8	201.6
711	-0.763248	-0.763695	0.000089	104.662655	134.069054	0.007042	0.000001	0.007042	41.5	143.2	187.3
712	-0.744545	-0.744997	0.000090	105.662642	133.010593	0.008522	0.000001	0.008522	53.9	83.6	139.8
713	-0.744239	-0.744684	0.000089	104.795700	133.927258	0.008107	0.000001	0.008106	61.1	138.3	202.1
714	-0.752452	-0.752896	0.000089	105.795565	132.871155	0.006909	0.000001	0.006908	51.0	181.5	235.0
715	-0.751549	-0.751992	0.000089	104.928695	133.785816	0.008992	0.000001	0.008991	61.4	137.6	201.6
716	-0.768731	-0.769182	0.000090	104.061752	134.713235	0.007939	0.000001	0.007939	64.9	141.9	210.0
717	-0.745461	-0.745908	0.000089	103.195321	135.653043	0.008743	0.000001	0.008743	48.8	193.6	244.7
718	-0.773948	-0.774404	0.000091	102.328870	136.606078	0.007804	0.000001	0.007804	95.6	141.9	240.5
719	-0.751719	-0.752165	0.000089	101.462186	137.572860	0.009798	0.000001	0.009798	66.4	143.8	212.8
720	-0.769122	-0.769569	0.000089	102.462186	136.458569	0.006478	0.000001	0.006478	49.9	138.9	191.2
721	-0.763677	-0.764124	0.000089	103.462051	135.362330	0.008365	0.000001	0.008365	35.0	168.0	208.9
722	-0.755963	-0.756420	0.000091	102.738274	136.154099	0.008487	0.000001	0.008487	87.6	196.2	287.3
723	-0.735922	-0.736369	0.000089	101.871332	137.114760	0.007152	0.000001	0.007152	59.2	141.2	203.0
724	-0.753333	-0.753783	0.000090	102.831235	136.051887	0.008125	0.000001	0.008126	56.8	157.7	217.5
725	-0.746878	-0.747325	0.000089	103.831235	134.962001	0.007894	0.000001	0.007894	67.3	186.7	256.6
726	-0.747927	-0.748384	0.000091	103.029447	135.834462	0.008151	0.000001	0.008150	35.8	170.0	225.2
727	-0.757623	-0.758072	0.000090	104.029430	134.748061	0.006334	0.000001	0.006334	50.2	131.2	184.1
728	-0.757253	-0.757699	0.000089	104.861336	133.857416	0.008320	0.000001	0.008320	56.5	141.8	202.3
729	-0.779793	-0.780253	0.000092	105.861329	132.802276	0.007275	0.000001	0.007274	74.8	126.0	203.3
730	-0.759629	-0.760080	0.000090	106.842434	131.783108	0.008062	0.000001	0.008062	62.7	165.2	230.8
731	-0.750453	-0.750901	0.000090	107.842434	130.760284	0.006740	0.000001	0.006741	79.0	131.1	212.9
732	-0.774869	-0.775318	0.000090	108.417960	130.178788	0.007712	0.000001	0.007712	78.6	118.9	200.1
733	-0.746315	-0.746765	0.000090	109.417960	129.180622	0.008463	0.000001	0.008462	75.5	122.1	200.8
734	-0.766174	-0.766624	0.000090	108.921589	129.674162	0.009375	0.000001	0.009375	67.0	146.1	215.7
735	-0.768731	-0.769180	0.000090	109.854960	128.749214	0.007666	0.000001	0.007665	61.5	134.6	198.5
736	-0.750429	-0.750879	0.000090	109.510010	129.089510	0.008631	0.000001	0.008631	59.8	94.9	158.2
737	-0.753629	-0.754072	0.000089	110.399515	128.215642	0.008173	0.000001	0.008173	85.5	100.6	200.7
738	-0.742523	-0.742975	0.000090	111.399515	127.247242	0.007395	0.000001	0.007395	79.1	118.3	202.0
739	-0.775486	-0.775944	0.000092	112.399515	126.293362	0.007319	0.000001	0.007319	64.7	129.4	196.5
740	-0.744194	-0.744647	0.000091	111.532794	127.119279	0.008915	0.000001	0.008915	46.0	212.3	260.7
741	-0.769508	-0.769962	0.000091	110.665851	127.956285	0.008185	0.000001	0.008185	63.1	147.9	214.2
742	-0.759571	-0.760020	0.000090	109.809267	128.794187	0.008111	0.000001	0.008110	66.7	128.7	198.7
743	-0.758852	-0.759302	0.000090	108.945290	129.650511	0.008279	0.000001	0.008279	73.1	101.0	176.5
744	-0.774436	-0.774886	0.000090	109.945290	128.660399	0.008525	0.000001	0.008525	64.6	126.9	194.2
745	-0.771553	-0.772007	0.000091	110.945290	127.685295	0.007612	0.000001	0.007612	98.5	177.3	278.3
746	-0.748475	-0.748920	0.000089	111.944374	126.725732	0.007340	0.000001	0.007339	58.4	137.8	199.5
747	-0.763965	-0.764421	0.000091	111.077588	127.557396	0.008043	0.000001	0.008043	51.3	139.3	194.0
748	-0.753882	-0.754332	0.000090	110.300901	128.311939	0.008412	0.000001	0.008412	78.4	133.4	215.7
749	-0.758896	-0.759347	0.000090	109.434022	129.164715	0.008252	0.000001	0.008252	73.8	91.6	167.9
750	-0.775613	-0.776078	0.000093	110.274072	128.338163	0.008030	0.000001	0.008030	56.8	143.4	202.8
751	-0.747116	-0.747572	0.000091	111.274072	127.367918	0.008991	0.000001	0.008991	62.7	134.2	199.3
752	-0.740252	-0.740707	0.000091	112.273522	126.412756	0.007183	0.000001	0.007182	64.0	160.2	227.2
753	-0.763806	-0.764262	0.000091	111.406635	127.240400	0.009365	0.000001	0.009366	86.8	174.8	265.8
754	-0.757442	-0.757902	0.000092	112.406635	126.286621	0.008426	0.000001	0.008425	83.7	172.0	258.3
755	-0.760108	-0.760565	0.000091	113.406635	125.347035	0.007698	0.000001	0.007698	60.8	137.2	200.4
756	-0.751416	-0.751868	0.000091	112.589231	126.114007	0.007261	0.000001	0.007260	78.2	109.7	190.4
757	-0.761777	-0.762238	0.000092	113.465406	125.292249	0.008511	0.000001	0.008511	108.9	108.3	219.9
758	-0.765414	-0.765871	0.000091	113.843795	124.940663	0.007749	0.000001	0.007748	111.0	105.1	218.7
759	-0.777661	-0.778119	0.000091	112.976854	125.749133	0.006747	0.000001	0.006747	81.7	167.7	252.0
760	-0.755819	-0.756283	0.000093	113.976853	124.817499	0.007083	0.000001	0.007082	80.3	161.4	244.1
761	-0.758392	-0.758851	0.000092	113.779809	124.999978	0.007712	0.000001	0.007712	53.1	111.2	170.4
762	-0.768109	-0.768568	0.000092	114.779777	124.079399	0.008871	0.000001	0.008871	79.8	123.4	206.2
763	-0.749455	-0.749910	0.000091	115.779759	123.172269	0.009177	0.000001	0.009177	55.7	144.5	211.2
764	-0.767051	-0.767505	0.000091	114.912833	123.957928	0.007977	0.000001	0.007977	103.0	141.7	261.8
765	-0.758634	-0.759093	0.000092	114.050792	124.749163	0.007515	0.000001	0.007515	61.4	136.3	200.3
766	-0.759163	-0.759619	0.000091	115.050784	123.832239	0.007705	0.000001	0.007705	50.2	176.5	235.4
767	-0.754365	-0.754824	0.000092	116.045559	122.933376	0.007564	0.000001	0.007564	130.5	131.5	264.4
768	-0.746458	-0.746919	0.000092	117.041449	122.046482	0.006670	0.000001	0.006670	97.4	146.9	247.8
769	-0.760017	-0.760477	0.000092	116.174507	122.817814	0.007808	0.000001	0.007808	54.2	138.8	195.4
770	-0.762571	-0.763032	0.000092	117.173865	121.929521	0.007661	0.000001	0.007660	39.9	135.4	178.0
771	-0.761291	-0.761748	0.000092	116.306923	122.699372	0.008278	0.000001	0.008278	80.0	203.6	286.9
772	-0.760736	-0.761193	0.000092	117.306923	121.812219	0.007365	0.000001	0.007365	43.0	127.6	172.9
773	-0.776870	-0.777334	0.000093	118.306913	120.937811	0.007967	0.000001	0.007967	66.4	124.5	202.0
774	-0.762644	-0.763103	0.000092	117.836424	121.347646	0.007453	0.000001	0.007452	116.4	102.7	221.8
775	-0.755214	-0.755665	0.000090	118.799851	120.511382	0.008555	0.000001	0.008554	84.1	127.0	213.7
776	-0.760944	-0.761398	0.000091	119.262462	120.113913	0.008666	0.000001	0.008666	68.4	124.6	206.3
777	-0.744399	-0.744854	0.000091	120.262462	119.263624	0.007372	0.000001	0.007371	124.9	176.2	303.4
778	-0.780112	-0.780568	0.000091	121.009759	118.636024	0.008370	0.000001	0.008370	66.4	93.0	162.6
779	-0.760696	-0.761158	0.000092	121.142408	118.525311	0.008666	0.000001	0.008665	88.9	139.4	230.8
780	-0.746833	-0.747292	0.000092	122.142407	117.697289	0.007085	0.000001	0.007085	62.9	165.8	231.5
781	-0.753853	-0.754312	0.000092	123.139585	116.883042	0.008510	0.000001	0.008510	34.3	147.6	184.9
782	-0.742311	-0.742764	0.000091	122.272749	117.590214	0.008470	0.000001	0.008470	52.5	168.6	223.8
783	-0.762439	-0.762901	0.000092	122.506752	117.398470	0.008307	0.000001	0.008307	54.0	106.3	164.0
784	-0.758227	-0.758690	0.000092	123.094034	116.919992	0.008679	0.000001	0.008679	83.1	122.9	208.7
785	-0.757242	-0.757704	0.000092	124.094034	116.114169	0.007954	0.000001	0.007953	65.1	175.4	243.1
786	-0.742957	-0.743414	0.000091	125.093978	115.319423	0.007314	0.000001	0.007314	98.9	120.9	222.8
787	-0.762116	-0.762575	0.000092	124.227037	116.007828	0.006660	0.000001	0.006661	99.9	176.5	278.8
788	-0.742351	-0.742805	0.000091	125.226386	115.215001	0.008815	0.000001	0.008815	72.5	167.5	243.2
789	-0.758772	-0.759231	0.000092	126.222188	114.435693	0.007343	0.000001	0.007343	61.4	112.2	176.3
790	-0.772686	-0.773141	0.000091	125.362977	115.107478	0.007381	0.000001	0.007381	69.9	133.2	208.0
791	-0.755000	-0.755467	0.000093	126.362977	114.326363	0.007103	0.000001	0.007103	39.2	196.6	246.4
792	-0.761741	-0.762200	0.000092	127.357823	113.559723	0.007611	0.000001	0.007611	71.9	152.4	228.2
793	-0.758861	-0.759313	0.000090	126.495809	114.223403	0.007555	0.000001	0.007555	59.5	182.9	254.8
794	-0.765288	-0.765751	0.000093	127.495685	113.454294	0.007991	0.000001	0.007990	47.6	178.1	228.5
795	-0.758913	-0.759372	0.000092	128.492932	112.697457	0.007272	0.000001	0.007272	60.1	186.8	249.5
796	-0.753133	-0.753594	0.000092	129.492845	111.948666	0.007843	0.000001	0.007843	31.1	163.0	197.1
797	-0.755837	-0.756293	0.000091	128.626473	112.596874	0.008916	0.000001	0.008916	58.8	121.9	183.5
798	-0.769951	-0.770417	0.000093	127.759548	113.253054	0.009310	0.000001	0.009309	52.5	146.2	205.7
799	-0.762319	-0.762777	0.000092	126.923196	113.893382	0.008031	0.000001	0.008031	93.4	133.2	229.3
800	-0.748053	-0.748518	0.000093	126.062623	114.559858	0.007329	0.000001	0.007329	80.8	108.8	192.1
801	-0.761310	-0.761778	0.000094	125.195693	115.239190	0.008103	0.000001	0.008103	63.9	141.9	208.4
802	-0.766509	-0.766971	0.000092	124.329973	115.925661	0.008483	0.000001	0.008483	60.4	174.5	237.9
803	-0.755821	-0.756287	0.000093	125.327112	115.135691	0.006817	0.000001	0.006817	61.6	219.2	283.3
804	-0.756340	-0.756810	0.000094	126.320747	114.359135	0.006996	0.000001	0.006996	83.4	168.3	261.0
805	-0.763575	-0.764040	0.000093	125.938531	114.656605	0.008789	0.000001	0.008788	49.3	160.9	212.7
806	-0.754607	-0.755066	0.000092	125.074698	115.334643	0.007467	0.000001	0.007467	42.7	124.3	169.5
807	-0.781601	-0.782064	0.000093	124.207756	116.023232	0.008575	0.000001	0.008575	58.3	107.6	168.5
808	-0.751104	-0.751564	0.000092	125.207756	115.229682	0.007687	0.000001	0.007687	84.4	166.3	254.5
809	-0.772391	-0.772860	0.000094	124.340814	115.917014	0.008091	0.000001	0.008091	126.9	197.8	327.5
810	-0.754829	-0.755293	0.000093	125.340808	115.124916	0.007561	0.000001	0.007561	75.2	140.5	218.6
811	-0.749774	-0.750237	0.000093	124.700804	115.630612	0.006038	0.000001	0.006038	76.0	179.2	258.3
812	-0.773663	-0.774130	0.000093	125.486882	115.010115	0.006780	0.000001	0.006779	35.7	158.8	197.7
813	-0.750962	-0.751422	0.000092	126.414729	114.286227	0.007380	0.000001	0.007380	28.8	188.2	227.3
814	-0.781439	-0.781912	0.000094	125.547788	114.962317	0.008008	0.000001	0.008007	69.4	138.9	211.0
815	-0.752614	-0.753078	0.000093	126.531636	114.195665	0.008185	0.000001	0.008185	61.1	137.6	201.3
816	-0.753345	-0.753814	0.000094	127.531634	113.426835	0.009000	0.000001	0.009000	43.4	115.8	161.4
817	-0.770024	-0.770488	0.000093	128.531634	112.668288	0.008931	0.000001	0.008931	38.6	163.0	204.6
818	-0.750448	-0.750914	0.000093	127.664786	113.325244	0.008256	0.000001	0.008256	57.7	136.3	198.5
819	-0.758539	-0.759002	0.000093	128.664786	112.568051	0.008240	0.000001	0.008239	51.8	173.8	247.3
820	-0.766396	-0.766861	0.000093	129.622464	111.852328	0.008222	0.000001	0.008222	67.9	176.0	246.3
821	-0.760582	-0.761050	0.000094	130.622437	111.114644	0.008403	0.000001	0.008403	51.7	163.2	217.4
822	-0.758172	-0.758641	0.000094	129.755495	111.753626	0.008948	0.000001	0.008947	35.6	174.0	212.0
823	-0.769428	-0.769891	0.000093	130.745857	111.024271	0.008044	0.000001	0.008044	48.7	159.6	212.2
824	-0.759105	-0.759564	0.000092	131.745857	110.297415	0.006610	0.000001	0.006609	59.1	168.8	230.4
825	-0.760511	-0.760985	0.000095	130.879737	110.926404	0.007422	0.000001	0.007422	56.5	166.5	225.5
826	-0.754156	-0.754625	0.000094	130.053965	111.532810	0.008614	0.000001	0.008614	62.6	116.9	182.4
827	-0.765873	-0.766344	0.000094	129.193936	112.171461	0.008449	0.000001	0.008449	59.2	134.2	196.0
828	-0.747676	-0.748143	0.000093	128.328898	112.821251	0.007567	0.000001	0.007566	63.9	157.0	230.0
829	-0.740509	-0.740974	0.000093	128.076748	113.012079	0.007860	0.000001	0.007860	90.4	188.9	282.1
830	-0.752709	-0.753170	0.000092	129.076748	112.259051	0.008298	0.000001	0.008298	32.1	210.8	257.0
831	-0.758370	-0.758833	0.000093	128.933790	112.366086	0.007412	0.000001	0.007412	39.1	168.2	215.8
832	-0.754525	-0.754994	0.000094	128.080333	113.009361	0.006858	0.000001	0.006858	76.1	188.7	268.3
833	-0.749928	-0.750395	0.000093	129.080282	112.256407	0.008999	0.000001	0.008998	67.2	166.2	236.1
834	-0.756685	-0.757157	0.000094	130.037020	111.545323	0.009436	0.000001	0.009436	68.8	194.7	267.4
835	-0.746004	-0.746475	0.000094	129.170078	112.189282	0.007660	0.000001	0.007659	68.5	112.5	187.3
836	-0.768778	-0.769246	0.000094	130.170078	111.447143	0.007614	0.000001	0.007614	59.8	130.0	193.0
837	-0.768349	-0.768820	0.000094	129.303135	112.089965	0.008227	0.000001	0.008226	89.9	153.3	245.5
838	-0.766598	-0.767066	0.000094	130.300862	111.350808	0.007157	0.000001	0.007156	86.1	151.5	240.0
839	-0.781850	-0.782320	0.000094	131.251372	110.655642	0.008535	0.000001	0.008535	120.2	158.7	281.9
840	-0.769204	-0.769680	0.000095	130.384485	111.289299	0.008484	0.000001	0.008484	78.5	206.8	288.4
841	-0.762700	-0.763175	0.000095	131.384485	110.558979	0.008236	0.000001	0.008236	105.1	210.6	318.3
842	-0.757991	-0.758460	0.000094	132.368521	109.849617	0.008154	0.000001	0.008154	71.3	203.3	277.8
843	-0.770618	-0.771091	0.000095	131.503729	110.472533	0.008369	0.000001	0.008369	54.9	124.1	183.3
844	-0.768594	-0.769067	0.000095	132.503718	109.752868	0.008691	0.000001	0.008690	70.3	164.3	241.1
845	-0.773479	-0.773949	0.000094	133.503400	109.042734	0.007277	0.000001	0.007277	41.5	118.5	162.4
846	-0.772804	-0.773277	0.000095	134.503399	108.341511	0.007716	0.000001	0.007715	72.6	129.1	205.0
847	-0.745437	-0.745911	0.000095	135.502980	107.649536	0.008762	0.000001	0.008763	77.4	126.4	212.7
848	-0.761555	-0.762033	0.000096	136.502624	106.966301	0.007851	0.000001	0.007851	62.5	159.4	224.5
849	-0.754646	-0.755115	0.000094	135.635682	107.558335	0.007989	0.000001	0.007990	69.1	142.8	214.2
850	-0.761928	-0.762400	0.000094	135.752109	107.478446	0.007497	0.000001	0.007497	90.7	118.6	214.2
851	-0.778221	-0.778693	0.000094	136.752107	106.797136	0.007867	0.000001	0.007866	97.9	170.6	273.0
852	-0.765814	-0.766293	0.000096	135.885183	107.387280	0.007016	0.000001	0.007016	65.0	219.7	287.1
853	-0.754790	-0.755260	0.000094	135.076326	107.943809	0.008141	0.000001	0.008142	62.2	142.3	207.5
854	-0.753768	-0.754243	0.000095	134.213355	108.543967	0.007833	0.000001	0.007834	66.0	151.4	220.8
855	-0.745445	-0.745916	0.000094	133.346415	109.153641	0.008468	0.000001	0.008468	61.7	183.7	247.9
856	-0.777201	-0.777669	0.000094	132.490765	109.762129	0.009033	0.000001	0.009033	93.6	190.8	287.3
857	-0.755152	-0.755621	0.000094	131.687563	110.339525	0.007487	0.000001	0.007488	52.4	155.6	211.3
858	-0.767268	-0.767738	0.000094	131.086003	110.775961	0.006582	0.000001	0.006582	87.7	119.5	211.1
859	-0.756456	-0.756926	0.000094	130.468469	111.227592	0.007800	0.000001	0.007800	57.4	140.2	200.5
860	-0.767225	-0.767697	0.000094	129.811246	111.712313	0.007276	0.000001	0.007276	68.9	110.9	182.2
861	-0.760610	-0.761082	0.000094	129.053920	112.276129	0.008940	0.000001	0.008940	73.7	136.9	213.1
862	-0.767139	-0.767611	0.000094	128.190799	112.925685	0.008169	0.000001	0.008169	111.4	182.1	298.4
863	-0.774107	-0.774583	0.000095	127.323857	113.585727	0.008635	0.000001	0.008635	50.1	106.3	160.3
864	-0.752812	-0.753292	0.000096	128.322724	112.825916	0.007984	0.000001	0.007984	89.6	90.5	182.8
865	-0.766772	-0.767240	0.000094	127.456683	113.484101	0.007431	0.000001	0.007431	79.8	152.6	236.4
866	-0.745173	-0.745651	0.000096	128.456683	112.724790	0.007509	0.000001	0.007509	93.1	155.0	250.4
867	-0.772773	-0.773246	0.000095	127.589740	113.382479	0.008262	0.000001	0.008261	58.5	181.2	253.8
868	-0.766259	-0.766735	0.000095	128.589729	112.624532	0.007592	0.000001	0.007592	58.9	192.0	253.6
869	-0.756387	-0.756856	0.000094	128.830222	112.443758	0.007564	0.000001	0.007564	99.6	151.5	256.8
870	-0.763507	-0.763987	0.000096	129.110452	112.233845	0.008754	0.000001	0.008754	67.3	169.7	240.7
871	-0.781692	-0.782168	0.000095	129.245842	112.132708	0.006177	0.000001	0.006176	89.8	150.6	243.6
872	-0.759906	-0.760379	0.000095	130.245842	111.391315	0.006886	0.000001	0.006885	55.4	181.3	239.3
873	-0.772019	-0.772500	0.000096	131.210067	110.685670	0.007910	0.000001	0.007910	36.3	144.0	183.4
874	-0.749905	-0.750387	0.000096	130.343125	111.319713	0.008443	0.000001	0.008443	118.4	170.6	291.7
875	-0.772304	-0.772781	0.000095	129.877598	111.663185	0.007976	0.000001	0.007976	102.7	121.3	226.4
876	-0.766939	-0.767414	0.000095	130.877598	110.927967	0.008800	0.000001	0.008800	55.9	124.8	193.6
877	-0.768652	-0.769133	0.000096	130.010660	111.564794	0.008763	0.000001	0.008763	61.0	141.0	206.7
878	-0.750751	-0.751226	0.000095	131.010660	110.830867	0.006960	0.000001	0.006960	118.4	125.5	246.2
879	-0.753526	-0.753997	0.000094	132.000055	110.114164	0.007212	0.000001	0.007212	76.1	148.2	227.5
880	-0.762519	-0.762999	0.000096	132.150068	110.006306	0.008471	0.000001	0.008470	42.7	157.9	205.4
881	-0.784343	-0.784816	0.000095	133.146505	109.295201	0.008933	0.000001	0.008933	54.1	141.3	197.9
882	-0.777139	-0.777617	0.000096	134.146505	108.590736	0.007096	0.000001	0.007096	57.2	133.5	193.5
883	-0.757525	-0.757995	0.000094	133.279590	109.200920	0.008530	0.000001	0.008530	88.4	91.7	184.7
884	-0.759951	-0.760435	0.000097	134.279590	108.497667	0.008272	0.000001	0.008272	80.2	160.1	242.8
885	-0.790138	-0.790617	0.000096	135.270459	107.809712	0.009870	0.000001	0.009869	94.1	152.0	249.1
886	-0.765625	-0.766103	0.000096	134.403517	108.411145	0.008320	0.000001	0.008321	58.6	144.2	205.5
887	-0.773378	-0.773851	0.000094	133.536577	109.019324	0.008632	0.000001	0.008631	63.6	174.9	246.5
888	-0.755523	-0.756003	0.000096	132.798639	109.542408	0.007951	0.000001	0.007950	86.7	149.4	238.8
889	-0.752371	-0.752844	0.000095	133.798639	108.834763	0.006745	0.000001	0.006744	52.8	149.6	204.9
890	-0.760608	-0.761088	0.000096	134.350024	108.448475	0.008916	0.000001	0.008915	59.2	109.0	170.8
891	-0.755772	-0.756257	0.000097	133.483082	109.057076	0.007357	0.000001	0.007356	89.9	127.8	220.8
892	-0.758797	-0.759277	0.000096	132.634475	109.659458	0.008794	0.000001	0.008794	68.4	113.6	184.6
893	-0.772582	-0.773069	0.000097	131.770805	110.279403	0.008254	0.000001	0.008254	53.3	171.0	227.0
894	-0.759355	-0.759837	0.000096	132.770805	109.562236	0.007044	0.000001	0.007043	108.6	114.3	227.3
895	-0.761618	-0.762101	0.000097	133.770392	108.854627	0.009223	0.000001	0.009223	40.9	158.6	206.0
896	-0.747847	-0.748322	0.000095	134.770392	108.155812	0.008430	0.000001	0.008430	68.8	111.3	184.2
897	-0.757127	-0.757604	0.000096	135.770391	107.465913	0.008442	0.000001	0.008443	88.4	154.0	244.9
898	-0.751309	-0.751788	0.000096	136.770391	106.784759	0.007892	0.000001	0.007891	70.2	141.0	215.0
899	-0.764604	-0.765088	0.000097	135.903813	107.374530	0.007559	0.000001	0.007559	72.6	167.9	243.2
900	-0.767159	-0.767636	0.000095	135.036872	107.971103	0.008685	0.000001	0.008685	83.3	156.3	254.4
901	-0.754344	-0.754827	0.000097	134.169929	108.574343	0.007916	0.000001	0.007916	57.0	98.3	159.1
902	-0.763208	-0.763692	0.000097	133.303206	109.184207	0.007510	0.000001	0.007509	72.2	145.4	220.3
903	-0.765879	-0.766353	0.000095	132.439917	109.798503	0.006931	0.000001	0.006931	72.0	150.8	226.0
904	-0.771116	-0.771596	0.000096	133.439917	109.087557	0.009275	0.000001	0.009274	76.7	190.1	269.1
905	-0.773214	-0.773698	0.000097	134.434923	108.389240	0.007827	0.000001	0.007828	61.1	180.3	244.6
906	-0.773171	-0.773656	0.000097	135.421225	107.705800	0.006589	0.000001	0.006588	80.5	143.4	226.6
907	-0.775140	-0.775631	0.000098	136.406716	107.031476	0.009200	0.000001	0.009200	63.7	84.3	150.8
908	-0.766015	-0.766500	0.000097	137.224699	106.478150	0.007979	0.000001	0.007979	87.2	145.1	235.3
909	-0.774961	-0.775446	0.000097	138.224689	105.809427	0.007551	0.000001	0.007551	91.1	148.5	242.1
910	-0.770223	-0.770704	0.000096	137.390569	106.366643	0.006109	0.000001	0.006109	85.8	199.9	288.8
911	-0.763501	-0.763989	0.000098	138.385872	105.702425	0.008358	0.000001	0.008358	55.0	169.0	226.7
912	-0.767498	-0.767985	0.000097	137.520826	106.279242	0.008897	0.000001	0.008897	66.6	201.4	270.4
913	-0.761206	-0.761692	0.000097	136.654035	106.863571	0.007986	0.000001	0.007986	67.7	191.8	262.1
914	-0.756648	-0.757125	0.000095	137.654022	106.190017	0.006967	0.000001	0.006967	78.8	119.8	201.3
915	-0.761476	-0.761963	0.000097	136.845730	106.733792	0.010107	0.000001	0.010107	91.6	88.6	182.5
916	-0.754166	-0.754648	0.000096	135.981720	107.321242	0.007744	0.000001	0.007744	98.8	139.2	241.3
917	-0.757180	-0.757662	0.000096	136.980926	106.642451	0.009640	0.000001	0.009640	70.1	155.9	228.5
918	-0.754388	-0.754867	0.000096	136.113984	107.230896	0.007981	0.000001	0.007981	74.1	154.6	233.3
919	-0.765868	-0.766347	0.000096	137.113984	106.552708	0.008771	0.000001	0.008771	63.2	127.2	204.1
920	-0.762144	-0.762622	0.000096	138.113984	105.883046	0.007985	0.000001	0.007984	67.4	173.2	243.1
921	-0.764456	-0.764942	0.000097	137.247041	106.463116	0.008503	0.000001	0.008503	100.5	242.5	346.6
922	-0.753524	-0.754008	0.000097	138.247016	105.794593	0.007072	0.000001	0.007072	57.7	93.2	154.3
923	-0.761451	-0.761926	0.000095	138.281577	105.771637	0.006969	0.000001	0.006969	102.2	203.2	308.0
924	-0.760515	-0.760993	0.000096	137.414635	106.350485	0.007423	0.000001	0.007423	172.6	171.6	347.1
925	-0.774840	-0.775322	0.000096	138.412780	105.684583	0.009421	0.000001	0.009421	86.3	151.3	240.9
926	-0.766984	-0.767468	0.000097	137.545838	106.262475	0.009415	0.000001	0.009415	163.5	114.2	281.3
927	-0.762645	-0.763126	0.000096	138.545838	105.596444	0.006707	0.000001	0.006706	127.1	170.1	300.1
928	-0.754138	-0.754620	0.000096	137.697629	106.160837	0.006540	0.000001	0.006540	116.1	186.0	305.4
929	-0.770037	-0.770524	0.000098	137.322171	106.412596	0.008908	0.000001	0.008907	92.4	108.5	205.3
930	-0.764832	-0.765314	0.000096	136.455299	106.998452	0.008359	0.000001	0.008359	80.1	116.5	206.7
931	-0.761397	-0.761885	0.000098	137.443115	106.331368	0.007731	0.000001	0.007732	78.4	115.7	197.0
932	-0.750863	-0.751344	0.000096	138.400183	105.692935	0.007768	0.000001	0.007768	65.2	191.3	259.4
933	-0.745026	-0.745508	0.000096	139.400183	105.034002	0.007720	0.000001	0.007720	97.3	167.4	267.8
934	-0.769707	-0.770195	0.000098	140.219855	104.499990	0.007494	0.000001	0.007494	54.0	161.4	218.1
935	-0.762687	-0.763176	0.000098	139.353939	105.064293	0.008888	0.000001	0.008887	55.4	149.1	207.5
936	-0.766010	-0.766488	0.000096	140.352541	104.414056	0.007491	0.000001	0.007491	81.1	143.9	227.6
937	-0.759642	-0.760126	0.000097	139.485599	104.978100	0.010073	0.000001	0.010072	45.3	199.6	247.5
938	-0.759756	-0.760242	0.000097	140.485595	104.328025	0.007997	0.000001	0.007997	35.5	153.0	191.4
939	-0.764650	-0.765138	0.000097	139.618654	104.891137	0.007439	0.000001	0.007439	72.0	134.7	209.3
940	-0.766603	-0.767089	0.000097	138.752563	105.459799	0.007663	0.000001	0.007663	99.6	130.7	238.3
941	-0.756091	-0.756574	0.000097	139.752463	104.803826	0.008760	0.000001	0.008760	98.4	149.4	250.6
942	-0.761681	-0.762166	0.000097	140.740724	104.163459	0.007398	0.000001	0.007398	68.4	222.2	293.3
943	-0.765686	-0.766173	0.000098	139.880660	104.720314	0.007926	0.000001	0.007926	44.7	119.4	169.3
944	-0.750285	-0.750774	0.000098	139.013723	105.287677	0.006846	0.000001	0.006846	83.5	94.3	182.7
945	-0.762863	-0.763352	0.000098	138.808530	105.422866	0.007630	0.000001	0.007630	132.5	109.4	244.5
946	-0.757991	-0.758480	0.000098	137.941592	105.997889	0.007265	0.000001	0.007265	91.9	179.6	274.5
947	-0.753154	-0.753635	0.000096	138.809004	105.422553	0.007921	0.000001	0.007921	89.7	180.3	273.0
948	-0.768652	-0.769135	0.000097	137.954780	105.989095	0.007226	0.000001	0.007226	80.5	171.1	254.3
949	-0.759872	-0.760355	0.000097	137.087838	106.570331	0.006787	0.000001	0.006786	113.5	144.8	261.6
950	-0.744602	-0.745084	0.000097	136.753285	106.796338	0.007633	0.000001	0.007633	117.1	132.2	252.2
951	-0.768307	-0.768799	0.000098	135.888713	107.384865	0.007740	0.000001	0.007740	109.7	184.5	296.9
952	-0.763098	-0.763583	0.000097	136.888653	106.704775	0.007424	0.000001	0.007424	68.9	126.2	199.1
953	-0.754078	-0.754562	0.000097	136.021711	107.293909	0.007861	0.000001	0.007861	49.5	105.1	157.4
954	-0.761072	-0.761558	0.000097	137.021624	106.614986	0.007566	0.000001	0.007566	72.9	95.1	170.9
955	-0.759308	-0.759791	0.000097	138.011762	105.951113	0.009585	0.000001	0.009585	43.9	151.3	198.4
956	-0.758348	-0.758834	0.000097	139.009129	105.290700	0.007726	0.000001	0.007726	82.9	112.8	199.5
957	-0.774483	-0.774971	0.000098	138.142187	105.864281	0.008204	0.000001	0.008204	63.4	136.1	202.4
958	-0.770143	-0.770625	0.000096	139.123910	105.215225	0.007666	0.000001	0.007666	78.4	114.4	195.3
959	-0.752838	-0.753323	0.000097	140.070355	104.596983	0.007336	0.000001	0.007337	97.8	96.2	196.9
960	-0.763644	-0.764134	0.000098	140.968599	104.016910	0.009053	0.000001	0.009053	93.7	115.4	212.2
961	-0.759149	-0.759638	0.000098	141.968599	103.378647	0.007359	0.000001	0.007359	73.0	116.8	192.4
962	-0.765232	-0.765729	0.000099	142.968599	102.748168	0.007786	0.000001	0.007786	61.5	98.8	162.8
963	-0.755737	-0.756221	0.000097	142.101657	103.294310	0.008786	0.000001	0.008786	100.3	124.3	227.5
964	-0.758269	-0.758757	0.000098	141.240215	103.842769	0.007573	0.000001	0.007573	39.8	140.7	184.5
965	-0.751982	-0.752471	0.000098	142.240215	103.206634	0.007508	0.000001	0.007508	50.7	165.7	224.5
966	-0.775668	-0.776154	0.000097	141.373275	103.757673	0.007322	0.000001	0.007322	38.8	116.8	158.3
967	-0.771305	-0.771792	0.000097	141.927940	103.404445	0.008640	0.000001	0.008641	67.8	105.9	177.4
968	-0.765325	-0.765817	0.000098	141.060998	103.957605	0.007731	0.000001	0.007731	70.0	102.6	180.9
969	-0.760163	-0.760654	0.000098	140.195847	104.515554	0.007998	0.000001	0.007998	78.3	99.4	183.6
970	-0.770108	-0.770598	0.000098	139.328904	105.080698	0.007978	0.000001	0.007978	79.2	117.4	199.0
971	-0.760274	-0.760760	0.000097	138.461962	105.651987	0.007653	0.000001	0.007653	57.2	128.6	188.4
972	-0.755575	-0.756065	0.000098	139.461962	104.993563	0.006876	0.000001	0.006876	64.4	133.9	201.5
973	-0.756354	-0.756838	0.000097	140.394940	104.386626	0.007598	0.000001	0.007598	60.8	114.0	178.7
974	-0.753485	-0.753964	0.000096	141.391893	103.745777	0.008241	0.000001	0.008241	56.1	132.3	197.3
975	-0.765906	-0.766398	0.000099	142.391893	103.110827	0.008538	0.000001	0.008537	62.1	143.5	208.6
976	-0.761295	-0.761785	0.000098	141.525583	103.660438	0.007892	0.000001	0.007892	69.4	119.2	191.7
977	-0.765606	-0.766090	0.000097	142.525583	103.026529	0.008176	0.000001	0.008176	38.8	142.5	184.2
978	-0.783263	-0.783750	0.000097	143.525579	102.400327	0.008450	0.000001	0.008450	48.7	96.3	148.0
979	-0.749031	-0.749516	0.000097	143.641185	102.328425	0.007923	0.000001	0.007923	58.5	86.5	147.6
980	-0.772385	-0.772874	0.000098	143.113179	102.657650	0.009035	0.000001	0.009035	65.2	98.8	166.5
981	-0.757034	-0.757522	0.000098	144.111715	102.036813	0.007537	0.000001	0.007537	66.9	95.0	167.3
982	-0.771965	-0.772451	0.000097	143.244780	102.575395	0.008424	0.000001	0.008423	65.0	105.4	173.4
983	-0.758724	-0.759213	0.000098	142.377847	103.119692	0.008066	0.000001	0.008066	90.3	134.2	227.4
984	-0.763136	-0.763628	0.000098	142.007389	103.354046	0.008822	0.000001	0.008821	44.3	146.7	193.6
985	-0.768090	-0.768579	0.000098	141.140447	103.906666	0.007942	0.000001	0.007942	42.4	125.9	171.0
986	-0.756364	-0.756854	0.000098	142.112939	103.287166	0.008449	0.000001	0.008449	52.9	146.6	202.1
987	-0.752548	-0.753039	0.000098	143.030103	102.709642	0.007413	0.000001	0.007413	39.5	120.8	163.0
988	-0.768350	-0.768838	0.000098	143.416404	102.468323	0.008806	0.000001	0.008805	48.4	123.1	174.4
989	-0.762739	-0.763222	0.000097	144.035223	102.084106	0.007453	0.000001	0.007453	43.0	112.4	158.6
990	-0.762010	-0.762494	0.000097	145.032742	101.470788	0.008506	0.000001	0.008506	56.7	99.0	158.3
991	-0.762944	-0.763434	0.000098	144.167156	102.002563	0.009175	0.000001	0.009174	58.9	88.3	149.7
992	-0.749411	-0.749901	0.000098	145.167153	101.388709	0.009334	0.000001	0.009334	64.9	111.2	179.2
993	-0.764064	-0.764558	0.000099	144.300211	101.920458	0.007450	0.000001	0.007450	90.5	154.4	248.1
994	-0.763630	-0.764117	0.000097	143.556666	102.380983	0.007876	0.000001	0.007876	79.9	118.8	201.8
995	-0.741125	-0.741615	0.000098	144.054934	102.071915	0.007254	0.000001	0.007254	58.7	115.1	176.5
996	-0.774328	-0.774821	0.000099	145.054934	101.457227	0.007958	0.000001	0.007958	58.0	124.7	184.9
997	-0.776109	-0.776602	0.000099	146.054925	100.849904	0.007898	0.000001	0.007898	60.9	98.1	161.4
998	-0.754597	-0.755093	0.000099	145.187983	101.376002	0.007293	0.000001	0.007294	69.3	117.8	189.8
999	-0.749892	-0.750377	0.000097	146.187884	100.769702	0.007401	0.000001	0.007400	70.6	103.4	178.8
