1:ItNr	2:Metric	3a:Time	3b:StepSize	4:||Gradient||	Time[ms]
0	-1.024539	0.000000	13.523376	0.030903	74.8
1	-1.041082	0.000000	13.523376	0.030705	7.9
2	-1.051705	0.000000	13.523376	0.022597	8.3
3	-1.061062	0.000000	13.523376	0.016378	8.3
4	-1.067918	0.000000	13.523376	0.011302	8.3
5	-1.064288	0.000000	13.523376	0.011632	7.7
6	-1.066774	0.000000	13.523376	0.009464	9.2
7	-1.070378	0.000000	13.523376	0.008842	10.5
8	-1.062839	0.000000	13.523376	0.008489	8.5
9	-1.070236	0.000000	13.523376	0.008618	8.6
10	-1.072987	0.000000	13.523376	0.008571	8.6
11	-1.074882	0.000000	13.523376	0.008525	8.1
12	-1.066831	0.000000	13.523376	0.008483	7.9
13	-1.077254	0.000000	13.523376	0.008168	6.9
14	-1.080097	0.000000	13.523376	0.008676	8.2
15	-1.076022	0.000000	13.523376	0.008237	7.8
16	-1.082722	0.000000	13.523376	0.008343	8.6
17	-1.082205	0.000000	13.523376	0.008196	8.3
18	-1.090178	0.000000	13.523376	0.008519	7.4
19	-1.081377	0.000000	13.523376	0.009454	6.5
20	-1.087646	0.000000	13.523376	0.007778	8.1
21	-1.085130	0.000000	13.523376	0.008019	7.1
22	-1.086281	0.000000	13.523376	0.009295	7.2
23	-1.090944	0.000000	13.523376	0.009103	9.5
24	-1.089485	0.000000	13.523376	0.008706	17.2
25	-1.089589	0.000000	13.523376	0.008432	8.0
26	-1.097748	0.000000	13.523376	0.008768	8.7
27	-1.083798	0.000000	13.523376	0.007773	8.4
28	-1.092240	0.000000	13.523376	0.007832	9.6
29	-1.097999	0.000000	13.523376	0.007528	10.6
30	-1.093264	0.000000	13.523376	0.007957	10.1
31	-1.099490	0.000000	13.523376	0.007786	9.1
32	-1.095505	0.000000	13.523376	0.008777	10.7
33	-1.100488	0.000000	13.523376	0.008057	7.6
34	-1.097755	0.000000	13.523376	0.009055	8.0
35	-1.093048	0.000000	13.523376	0.009026	11.1
36	-1.088667	0.000000	13.523376	0.008010	9.3
37	-1.097713	0.000000	13.523376	0.007701	8.9
38	-1.105266	0.000000	13.523376	0.007236	10.1
39	-1.097689	0.000000	13.523376	0.005751	7.7
40	-1.100292	0.000000	13.523376	0.006153	7.5
41	-1.112035	0.000000	13.523376	0.005695	8.8
42	-1.101811	0.000000	13.523376	0.005692	8.3
43	-1.104184	0.000000	13.523376	0.004974	9.5
44	-1.101140	0.000000	13.523376	0.004967	8.5
45	-1.106446	0.000000	13.523376	0.005101	8.2
46	-1.121781	0.000000	13.523376	0.005202	8.3
47	-1.108577	0.000000	13.523376	0.005599	8.0
48	-1.113659	0.000000	13.523376	0.005413	17.0
49	-1.110123	0.000000	13.523376	0.004495	9.5
50	-1.109985	0.000000	13.523376	0.005688	18.6
51	-1.110776	0.000000	13.523376	0.004919	7.9
52	-1.110993	0.000000	13.523376	0.004992	19.2
53	-1.102609	0.000000	13.523376	0.004917	6.5
54	-1.105731	0.000000	13.523376	0.005492	39.0
55	-1.106784	0.000000	13.523376	0.005364	17.3
56	-1.108347	0.000000	13.523376	0.004651	24.0
57	-1.110388	0.000000	13.523376	0.004975	17.9
58	-1.107271	0.000000	13.523376	0.004776	9.0
59	-1.113727	0.000000	13.523376	0.004280	21.0
60	-1.107314	0.000000	13.523376	0.005840	20.9
61	-1.114915	0.000000	13.523376	0.004094	22.7
62	-1.104480	0.000000	13.523376	0.004377	13.9
63	-1.108517	0.000000	13.523376	0.003533	20.6
64	-1.116094	0.000000	13.523376	0.003260	31.3
65	-1.106344	0.000000	13.523376	0.004478	22.2
66	-1.104010	0.000000	13.523376	0.004941	9.8
67	-1.114222	0.000000	13.523376	0.005359	7.6
68	-1.113775	0.000000	13.523376	0.006175	10.3
69	-1.114614	1.000000	12.908677	0.004079	19.5
70	-1.109208	0.986407	12.916658	0.004316	10.1
71	-1.107090	0.972814	12.924648	0.005463	12.1
72	-1.108460	1.972814	12.362042	0.004639	12.4
73	-1.121027	1.959221	12.369361	0.004193	7.2
74	-1.111493	1.945628	12.376689	0.003500	7.1
75	-1.114060	1.932035	12.384025	0.002466	10.2
76	-1.104538	1.918442	12.391370	0.004467	9.3
77	-1.110722	1.904850	12.398723	0.003780	9.1
78	-1.115147	1.891257	12.406086	0.005161	11.3
79	-1.114801	1.877664	12.413457	0.004614	10.1
80	-1.116927	1.864071	12.420837	0.002939	6.9
81	-1.122173	1.850478	12.428226	0.003436	7.3
82	-1.119839	1.836885	12.435623	0.002954	6.1
83	-1.111208	1.823292	12.443030	0.003921	8.2
84	-1.123301	1.809699	12.450445	0.003405	12.7
85	-1.111628	1.796106	12.457869	0.004540	14.3
86	-1.118400	1.782513	12.465301	0.004474	8.1
87	-1.119090	1.768920	12.472743	0.003511	11.5
88	-1.112806	1.755327	12.480194	0.004691	13.0
89	-1.105928	1.741735	12.487653	0.004655	11.3
90	-1.120800	1.728142	12.495122	0.003375	11.7
91	-1.113557	1.714549	12.502599	0.004806	12.4
92	-1.119169	1.700956	12.510085	0.005046	12.7
93	-1.115344	1.712466	12.503745	0.002971	10.7
94	-1.111620	1.960465	12.368691	0.003333	9.2
95	-1.118682	1.946872	12.376018	0.004194	9.6
96	-1.120676	1.933279	12.383353	0.003829	9.1
97	-1.113464	1.919686	12.390698	0.004457	8.1
98	-1.116532	1.906093	12.398050	0.003453	10.0
99	-1.118649	1.892500	12.405412	0.003413	9.2
100	-1.110335	1.878907	12.412782	0.003928	9.2
101	-1.121485	1.865314	12.420162	0.004275	7.8
102	-1.121237	1.866108	12.419730	0.003249	10.5
103	-1.116000	1.852515	12.427118	0.003963	10.5
104	-1.101100	1.838922	12.434514	0.004215	8.2
105	-1.115779	1.825330	12.441919	0.003607	8.6
106	-1.108247	1.811737	12.449333	0.003455	7.9
107	-1.113815	1.798144	12.456755	0.004273	8.0
108	-1.122392	1.784551	12.464187	0.004416	13.5
109	-1.111433	1.898964	12.401910	0.003698	7.8
110	-1.116783	1.885371	12.409277	0.006609	11.2
111	-1.113407	1.871778	12.416652	0.005234	9.0
112	-1.112160	2.871778	11.896512	0.003895	8.0
113	-1.114934	3.871778	11.418198	0.003914	10.4
114	-1.117447	4.871778	10.976860	0.004243	8.0
115	-1.112392	5.871778	10.568370	0.005806	10.1
116	-1.119344	6.871778	10.189192	0.004947	18.0
117	-1.121208	7.871778	9.836280	0.003361	14.9
118	-1.119595	8.871778	9.506997	0.004339	101.2
119	-1.110018	9.871778	9.199046	0.005569	100.2
120	-1.121256	10.871778	8.910419	0.004590	143.1
121	-1.115664	11.786647	8.661785	0.003963	98.9
122	-1.113947	12.786647	8.405418	0.005223	37.2
123	-1.117672	12.773054	8.408801	0.003824	15.6
124	-1.120715	13.773054	8.166982	0.004214	8.1
125	-1.115912	13.759461	8.170176	0.004089	9.0
126	-1.115380	14.759461	7.941700	0.004018	86.8
127	-1.114431	15.759461	7.725655	0.003515	30.1
128	-1.121274	15.760746	7.725384	0.003357	48.9
129	-1.112142	16.760746	7.520797	0.003257	36.0
130	-1.125533	17.760746	7.326765	0.003274	30.4
131	-1.108612	18.760746	7.142494	0.005027	9.2
132	-1.116173	19.760746	6.967264	0.003638	9.1
133	-1.107123	20.760746	6.800427	0.003583	7.0
134	-1.114777	20.747153	6.802641	0.005455	7.4
135	-1.110923	21.747153	6.643504	0.004369	8.5
136	-1.114244	22.747153	6.491643	0.003443	8.9
137	-1.111949	23.747153	6.346569	0.003388	7.0
138	-1.121384	24.747153	6.207838	0.003776	12.0
139	-1.108402	24.733561	6.209683	0.003990	7.5
140	-1.117860	24.719968	6.211529	0.004092	25.2
141	-1.118676	25.719968	6.078576	0.004784	54.7
142	-1.113052	26.719968	5.951196	0.004167	44.1
143	-1.107450	27.719968	5.829045	0.005572	32.5
144	-1.109358	28.719968	5.711808	0.003933	31.7
145	-1.116199	28.706460	5.713360	0.003810	12.4
146	-1.117693	29.706460	5.600685	0.004241	13.7
147	-1.117827	30.706460	5.492368	0.005361	11.2
148	-1.112381	31.706460	5.388161	0.003362	10.8
149	-1.109526	32.706460	5.287835	0.003767	13.8
150	-1.117430	33.706460	5.191177	0.003914	11.5
151	-1.125439	34.706460	5.097989	0.003382	12.0
152	-1.117571	35.706460	5.008087	0.003508	25.6
153	-1.112536	36.706460	4.921302	0.003718	68.8
154	-1.116972	37.706460	4.837473	0.005494	37.9
155	-1.128330	38.706460	4.756452	0.006292	34.8
156	-1.125549	39.706460	4.678100	0.001850	12.3
157	-1.116374	40.706460	4.602288	0.005292	16.5
158	-1.126212	41.706437	4.528895	0.003970	10.7
159	-1.113970	42.706437	4.457805	0.003541	9.1
160	-1.125154	42.692844	4.458757	0.002091	11.3
161	-1.122322	43.668138	4.391512	0.003372	7.6
162	-1.118685	44.505599	4.335368	0.005673	7.9
163	-1.118661	44.492006	4.336268	0.002430	6.9
164	-1.118030	45.492006	4.271053	0.002911	7.0
165	-1.115329	45.478413	4.271927	0.005148	8.1
166	-1.108736	46.478413	4.208619	0.003386	8.5
167	-1.116416	47.478413	4.147159	0.002760	7.8
168	-1.119392	48.478413	4.087470	0.003800	10.1
169	-1.114659	49.478413	4.029473	0.004411	15.3
170	-1.113323	50.478413	3.973100	0.002668	11.5
171	-1.117772	51.477285	3.918343	0.002636	11.7
172	-1.125625	51.486400	3.917851	0.003337	11.1
173	-1.110816	52.485679	3.864575	0.001938	10.6
174	-1.119070	53.485679	3.812691	0.001952	10.3
175	-1.121361	53.992876	3.786905	0.002620	6.9
176	-1.117935	53.979289	3.787591	0.004039	6.6
177	-1.115483	54.979289	3.737741	0.003064	9.4
178	-1.115667	55.979289	3.689186	0.003904	11.9
179	-1.121880	56.979289	3.641876	0.002370	11.3
180	-1.114438	56.965696	3.642511	0.002363	8.2
181	-1.124584	56.952103	3.643146	0.002759	8.4
182	-1.115105	56.940729	3.643678	0.005272	9.3
183	-1.115585	57.940729	3.597521	0.003854	10.4
184	-1.106874	58.940729	3.552518	0.003056	8.9
185	-1.116594	58.927136	3.553122	0.005373	7.4
186	-1.111230	59.927136	3.509217	0.003539	13.4
187	-1.125999	60.927136	3.466384	0.002149	6.8
188	-1.120481	61.027070	3.462161	0.001901	9.3
189	-1.108092	61.013524	3.462733	0.004283	10.7
190	-1.116336	62.013524	3.421020	0.003042	7.0
191	-1.114687	63.013524	3.380300	0.002714	8.1
192	-1.121776	62.999931	3.380847	0.002365	10.4
193	-1.111398	63.999222	3.341100	0.004313	6.7
194	-1.114786	64.999222	3.302250	0.005368	7.6
195	-1.109843	64.985629	3.302772	0.004075	13.3
196	-1.111850	65.985629	3.264802	0.003579	15.0
197	-1.115485	65.972036	3.265313	0.004874	9.5
198	-1.121254	66.972036	3.228195	0.004198	12.2
199	-1.114364	67.972036	3.191912	0.002446	8.8
200	-1.116663	68.972019	3.156436	0.002172	8.6
201	-1.111728	69.959688	3.122162	0.003003	11.4
202	-1.110950	70.568791	3.101394	0.003112	12.4
203	-1.124770	71.568791	3.067890	0.004473	13.8
204	-1.117969	72.568791	3.035103	0.002768	11.9
205	-1.118966	73.568791	3.003009	0.003810	8.2
206	-1.112876	73.555198	3.003440	0.002701	9.7
207	-1.118263	73.541641	3.003871	0.005476	12.7
208	-1.110730	74.541641	2.972431	0.005545	6.4
209	-1.123408	75.541641	2.941641	0.001984	11.1
210	-1.129839	76.541641	2.911484	0.002955	11.1
211	-1.122176	77.541625	2.881938	0.001639	10.0
212	-1.124699	78.515820	2.853726	0.005127	13.7
213	-1.116146	79.515682	2.825339	0.003289	13.8
214	-1.110634	80.515682	2.797508	0.002020	12.5
215	-1.115151	81.515682	2.770219	0.003024	9.7
216	-1.119858	82.515668	2.743458	0.005608	9.7
217	-1.118448	83.515668	2.717209	0.001908	10.4
218	-1.115398	83.502076	2.717562	0.003045	10.4
219	-1.119146	84.500355	2.691848	0.004620	11.6
220	-1.114282	85.452760	2.667765	0.002685	9.2
221	-1.116082	86.452760	2.642937	0.002552	12.4
222	-1.106849	86.439167	2.643272	0.001317	10.9
223	-1.107877	86.434552	2.643385	0.002010	11.4
224	-1.119888	86.420961	2.643720	0.004637	12.2
225	-1.119823	87.420961	2.619336	0.003271	7.7
226	-1.113192	88.420961	2.595398	0.003605	7.1
227	-1.128986	88.407368	2.595720	0.005304	6.9
228	-1.120149	89.407368	2.572210	0.003317	12.0
229	-1.115086	90.407368	2.549121	0.002486	14.0
230	-1.116038	91.407368	2.526444	0.001768	12.2
231	-1.126155	91.393775	2.526749	0.004496	21.4
232	-1.117216	92.393775	2.504466	0.002053	11.0
233	-1.114701	93.098590	2.488996	0.004649	14.7
234	-1.119381	94.098590	2.467371	0.003127	14.6
235	-1.115307	95.098590	2.446118	0.005130	13.1
236	-1.125287	95.085795	2.446388	0.003337	9.4
237	-1.121132	95.072202	2.446675	0.005787	10.5
238	-1.118823	96.072202	2.425776	0.003215	13.5
239	-1.120396	97.072202	2.405231	0.002532	12.9
240	-1.112493	97.058610	2.405508	0.002613	9.2
241	-1.114368	97.046016	2.405764	0.001968	9.5
242	-1.123257	97.032423	2.406041	0.005890	11.0
243	-1.131700	97.036798	2.405952	0.006661	9.2
244	-1.119527	98.036798	2.385740	0.002121	13.0
245	-1.112918	98.023205	2.386013	0.003082	12.1
246	-1.115476	98.009612	2.386285	0.005451	8.6
247	-1.111252	99.009612	2.366401	0.003029	10.9
248	-1.106765	98.996131	2.366667	0.003902	14.7
249	-1.110651	98.982538	2.366935	0.005121	10.1
250	-1.110992	99.982538	2.347371	0.003597	10.4
251	-1.126897	100.982538	2.328127	0.002357	14.4
252	-1.115948	100.968945	2.328387	0.005185	12.1
253	-1.117225	101.968945	2.309452	0.004689	11.3
254	-1.127646	102.968945	2.290823	0.002732	9.9
255	-1.120831	103.968945	2.272492	0.001843	10.7
256	-1.118928	104.442686	2.263910	0.001857	9.1
257	-1.122926	104.429454	2.264148	0.003615	8.8
258	-1.117657	105.429454	2.246240	0.004744	11.3
259	-1.116298	106.429454	2.228613	0.002778	10.8
260	-1.118039	107.429454	2.211260	0.002545	12.3
261	-1.110412	107.415861	2.211494	0.004462	11.0
262	-1.116414	108.415861	2.194406	0.002219	7.1
263	-1.123617	108.437858	2.194033	0.002648	8.0
264	-1.113286	109.437572	2.177217	0.005034	9.6
265	-1.109473	110.437572	2.160652	0.003035	8.2
266	-1.122991	111.437572	2.144338	0.002519	15.0
267	-1.122897	111.427697	2.144498	0.001866	16.5
268	-1.122330	111.414105	2.144718	0.002480	10.7
269	-1.120238	111.920800	2.136542	0.004748	13.8
270	-1.119932	112.920800	2.120588	0.003588	10.6
271	-1.123942	113.920800	2.104871	0.002529	19.7
272	-1.110044	113.907207	2.105083	0.005819	20.7
273	-1.127652	114.907207	2.089594	0.002196	11.1
274	-1.119046	115.907207	2.074331	0.005300	14.7
275	-1.108006	116.907203	2.059290	0.003682	13.4
276	-1.113718	117.907203	2.044465	0.003103	20.8
277	-1.109697	118.907203	2.029852	0.004608	13.4
278	-1.104533	119.907203	2.015446	0.004939	15.1
279	-1.109076	120.907203	2.001244	0.002633	11.9
280	-1.113559	121.907203	1.987240	0.005848	12.0
281	-1.119480	121.908934	1.987216	0.003234	11.1
282	-1.115261	121.895341	1.987405	0.005492	7.4
283	-1.104042	122.895341	1.973593	0.003430	11.6
284	-1.116613	123.895341	1.959973	0.003186	8.2
285	-1.117286	123.881748	1.960156	0.002127	7.6
286	-1.118631	124.182384	1.956097	0.005828	6.7
287	-1.123885	125.182384	1.942716	0.007000	7.4
288	-1.112999	126.182384	1.929517	0.002828	13.0
289	-1.121750	127.182384	1.916496	0.004189	11.4
290	-1.120357	127.168791	1.916671	0.006675	11.0
291	-1.114560	128.168791	1.903822	0.002480	11.2
292	-1.110708	129.167859	1.891156	0.002784	10.8
293	-1.108368	130.167858	1.878646	0.002069	7.7
294	-1.119957	131.167675	1.866302	0.002813	8.0
295	-1.116281	131.154082	1.866469	0.004000	8.7
296	-1.113741	132.154082	1.854282	0.002784	10.7
297	-1.116047	133.154080	1.842254	0.007072	9.5
298	-1.115277	134.154080	1.830380	0.003964	12.5
299	-1.124129	135.154080	1.818658	0.002035	10.1
300	-1.127459	135.269601	1.817314	0.006186	10.6
301	-1.113929	136.269601	1.805758	0.002337	8.8
302	-1.118127	137.269601	1.794349	0.002729	10.2
303	-1.122071	138.260015	1.783190	0.004411	12.7
304	-1.108604	139.258973	1.772075	0.004755	10.7
305	-1.111690	140.258973	1.761086	0.001978	9.7
306	-1.118856	140.245384	1.761234	0.004971	10.8
307	-1.111463	141.245384	1.750379	0.003490	11.0
308	-1.122174	142.245384	1.739657	0.001950	12.0
309	-1.114680	142.559970	1.736311	0.001280	17.3
310	-1.115473	142.546538	1.736453	0.002995	15.0
311	-1.110796	142.532945	1.736597	0.004656	18.6
312	-1.119422	142.519352	1.736742	0.005615	14.4
313	-1.105757	143.519352	1.726185	0.003429	11.7
314	-1.111676	144.519352	1.715756	0.002376	12.1
315	-1.109112	144.505759	1.715897	0.002005	11.1
316	-1.112282	144.492166	1.716038	0.001660	9.7
317	-1.122371	144.478616	1.716179	0.003135	8.8
318	-1.106724	144.465064	1.716319	0.004820	7.8
319	-1.115423	145.465064	1.706009	0.004957	8.4
320	-1.115547	146.465064	1.695822	0.002283	11.9
321	-1.109229	147.465064	1.685755	0.003117	14.1
322	-1.115930	147.451471	1.685891	0.003186	13.8
323	-1.116958	147.437878	1.686028	0.001910	6.5
324	-1.115257	148.437878	1.676077	0.001426	11.5
325	-1.113442	148.424286	1.676211	0.003284	13.9
326	-1.112798	148.410696	1.676346	0.004249	12.4
327	-1.104124	149.410696	1.666509	0.003147	9.4
328	-1.115823	150.410696	1.656786	0.002476	7.9
329	-1.111894	150.397115	1.656918	0.004152	8.7
330	-1.117259	151.397115	1.647307	0.005388	8.2
331	-1.118320	152.397115	1.637806	0.005711	7.7
332	-1.110379	153.397115	1.628415	0.003540	10.6
333	-1.124861	154.397115	1.619131	0.002140	8.0
334	-1.117976	154.383525	1.619256	0.002348	10.5
335	-1.115280	154.369962	1.619382	0.004183	10.2
336	-1.121206	155.369962	1.610200	0.002684	9.5
337	-1.112767	156.369962	1.601122	0.001861	9.0
338	-1.112452	156.356369	1.601244	0.001965	11.7
339	-1.120170	156.342777	1.601367	0.003118	5.7
340	-1.127438	157.342714	1.592389	0.004827	10.9
341	-1.109838	158.342714	1.583510	0.004119	11.8
342	-1.109773	159.342714	1.574729	0.001259	12.8
343	-1.117889	159.329121	1.574848	0.002230	10.6
344	-1.117340	159.315528	1.574966	0.005445	9.7
345	-1.114747	160.315528	1.566280	0.003410	13.6
346	-1.110392	161.315528	1.557689	0.002449	9.4
347	-1.120824	162.315528	1.549192	0.003602	7.3
348	-1.116510	162.301935	1.549307	0.005547	8.7
349	-1.121901	163.301935	1.540900	0.003755	7.6
350	-1.118097	164.301935	1.532585	0.002644	7.1
351	-1.113082	164.288342	1.532697	0.002468	15.1
352	-1.119557	164.274751	1.532809	0.002859	9.4
353	-1.110969	164.261158	1.532922	0.005771	12.7
354	-1.110583	164.248082	1.533030	0.002232	11.4
355	-1.115873	165.248082	1.524799	0.002921	10.8
356	-1.111195	165.234489	1.524910	0.002454	11.7
357	-1.118694	165.220896	1.525022	0.001417	10.6
358	-1.113523	165.207304	1.525133	0.002681	11.8
359	-1.109960	165.512045	1.522641	0.005767	12.9
360	-1.113204	166.512045	1.514521	0.003712	13.8
361	-1.114131	167.512045	1.506487	0.002173	11.5
362	-1.114579	167.498452	1.506595	0.002915	11.4
363	-1.112381	168.495938	1.498665	0.002832	13.4
364	-1.118504	168.482345	1.498772	0.004864	10.1
365	-1.120561	169.482345	1.490904	0.005029	11.0
366	-1.118877	169.468898	1.491009	0.002410	9.0
367	-1.113623	170.468898	1.483222	0.003008	8.9
368	-1.116778	170.455305	1.483327	0.003499	14.9
369	-1.115699	170.441712	1.483433	0.005336	12.3
370	-1.121979	171.441712	1.475724	0.003450	6.8
371	-1.115069	172.441712	1.468095	0.002244	7.2
372	-1.114723	172.428119	1.468199	0.005987	12.2
373	-1.115472	173.428119	1.460647	0.003114	10.7
374	-1.125586	174.428119	1.453173	0.002196	12.2
375	-1.109632	174.414526	1.453274	0.003290	6.7
376	-1.113783	174.400933	1.453375	0.002576	11.0
377	-1.115763	174.387341	1.453476	0.003798	9.7
378	-1.116356	175.387299	1.446076	0.002400	6.4
379	-1.111427	176.387299	1.438750	0.001955	6.0
380	-1.125275	176.380254	1.438801	0.001748	8.8
381	-1.114329	176.369251	1.438881	0.005283	9.4
382	-1.113337	177.369250	1.431628	0.003380	7.1
383	-1.116831	178.369250	1.424447	0.006157	9.4
384	-1.117437	178.359447	1.424517	0.004936	9.5
385	-1.117887	179.359447	1.417407	0.002795	9.7
386	-1.113644	180.359447	1.410368	0.003211	9.9
387	-1.123480	180.345855	1.410463	0.004011	5.7
388	-1.128615	180.332262	1.410558	0.002343	6.3
389	-1.113321	180.720748	1.407842	0.004687	8.7
390	-1.121627	181.720748	1.400897	0.004973	12.9
391	-1.125684	182.720748	1.394020	0.003364	12.4
392	-1.111703	183.720748	1.387211	0.003264	8.1
393	-1.114254	184.719285	1.380478	0.003032	7.3
394	-1.111285	185.719233	1.373800	0.003372	6.1
395	-1.111207	185.705641	1.373890	0.002648	8.2
396	-1.115128	185.692048	1.373981	0.001911	6.4
397	-1.111055	186.682305	1.367429	0.004036	7.0
398	-1.109773	186.668712	1.367519	0.006350	12.1
399	-1.113144	187.668712	1.360965	0.002535	11.9
400	-1.112918	188.668712	1.354474	0.003606	9.4
401	-1.116823	189.663418	1.348079	0.002176	11.6
402	-1.119968	189.650051	1.348164	0.004574	11.6
403	-1.117459	190.650051	1.341795	0.002879	11.2
404	-1.115612	191.650051	1.335485	0.001742	10.7
405	-1.115795	191.636489	1.335570	0.002222	12.7
406	-1.119281	191.622896	1.335655	0.002564	14.0
407	-1.122724	191.609303	1.335741	0.006208	13.2
408	-1.120787	192.609303	1.329487	0.005005	13.6
409	-1.127177	193.609303	1.323293	0.003597	9.2
410	-1.109692	194.607813	1.317164	0.004783	9.9
411	-1.115685	194.594221	1.317247	0.005215	12.3
412	-1.111730	195.594221	1.311166	0.004805	8.9
413	-1.111667	196.594221	1.305140	0.002505	10.4
414	-1.112474	197.594221	1.299169	0.001923	14.7
415	-1.112827	198.562346	1.293441	0.003251	8.8
416	-1.115275	198.571328	1.293388	0.002752	11.8
417	-1.112463	199.570578	1.287528	0.002185	7.5
418	-1.105788	200.569853	1.281722	0.002642	10.8
419	-1.126250	201.223175	1.277954	0.002357	12.8
420	-1.115737	201.209582	1.278032	0.002151	13.1
421	-1.111720	201.195989	1.278110	0.007072	13.5
422	-1.108700	202.195989	1.272384	0.003443	9.3
423	-1.109398	203.195989	1.266708	0.003470	11.1
424	-1.112250	203.182397	1.266785	0.002677	11.1
425	-1.113255	203.168804	1.266862	0.006079	10.6
426	-1.115214	204.168776	1.261236	0.004291	11.9
427	-1.117796	205.168776	1.255659	0.002386	8.1
428	-1.108735	205.155183	1.255735	0.002297	8.1
429	-1.112637	205.141724	1.255809	0.004167	7.5
430	-1.109900	205.404039	1.254354	0.005444	10.1
431	-1.119330	206.404039	1.248838	0.003826	12.3
432	-1.121866	207.404039	1.243371	0.001758	10.5
433	-1.112969	208.399201	1.237977	0.002998	11.3
434	-1.110773	208.385608	1.238050	0.005379	18.1
435	-1.110603	209.385608	1.232676	0.004468	8.1
436	-1.114316	210.385608	1.227349	0.001380	18.4
437	-1.119986	211.384944	1.222071	0.002850	10.1
438	-1.120693	211.371541	1.222141	0.002835	9.2
439	-1.114066	212.371541	1.216905	0.002678	7.0
440	-1.110068	212.357948	1.216975	0.004830	12.9
441	-1.119565	213.357948	1.211783	0.002282	13.9
442	-1.119749	214.357948	1.206634	0.005995	10.7
443	-1.112709	215.357948	1.201529	0.002173	12.6
444	-1.125475	216.357948	1.196467	0.003276	12.7
445	-1.111611	217.357948	1.191447	0.004172	13.1
446	-1.123197	218.357948	1.186469	0.003573	14.6
447	-1.114642	219.356591	1.181540	0.002080	10.6
448	-1.117088	219.342998	1.181607	0.005102	10.9
449	-1.114345	220.342998	1.176711	0.003296	11.5
450	-1.122489	221.342998	1.171855	0.001717	11.4
451	-1.117352	221.574143	1.170739	0.002808	17.8
452	-1.111581	221.560550	1.170804	0.005050	15.3
453	-1.113621	222.560550	1.165997	0.004848	12.6
454	-1.117693	223.560520	1.161230	0.003152	14.5
455	-1.124881	224.560520	1.156501	0.004430	5.7
456	-1.118821	224.546927	1.156565	0.002119	6.3
457	-1.107263	224.533357	1.156629	0.005116	7.2
458	-1.112953	225.533357	1.151937	0.003526	7.7
459	-1.114484	226.533357	1.147283	0.001543	11.7
460	-1.114475	226.519765	1.147346	0.001198	9.0
461	-1.116324	226.506243	1.147409	0.002421	7.0
462	-1.112333	226.492650	1.147472	0.002246	8.0
463	-1.110609	227.491460	1.142860	0.004487	13.6
464	-1.108132	228.491460	1.138279	0.002932	6.5
465	-1.115408	229.491460	1.133735	0.003266	8.0
466	-1.120592	229.477867	1.133796	0.002351	10.7
467	-1.112372	229.464274	1.133858	0.002149	9.6
468	-1.116712	229.450681	1.133919	0.002520	13.1
469	-1.109892	230.450681	1.129410	0.005435	11.9
470	-1.119655	231.450681	1.124936	0.003937	11.4
471	-1.108667	232.450681	1.120498	0.006453	8.8
472	-1.115428	233.450681	1.116094	0.002332	9.9
473	-1.111757	233.437088	1.116154	0.005586	11.8
474	-1.113474	234.437088	1.111784	0.003837	13.2
475	-1.108258	235.437088	1.107449	0.003151	11.8
476	-1.123602	236.437086	1.103147	0.003575	13.7
477	-1.115211	237.423944	1.098934	0.001839	11.6
478	-1.115852	237.498802	1.098616	0.002290	14.9
479	-1.119620	237.485929	1.098671	0.001967	10.1
480	-1.119912	237.570747	1.098310	0.004279	13.6
481	-1.120442	238.570504	1.094080	0.006552	11.0
482	-1.111236	239.570504	1.089881	0.003251	10.9
483	-1.109587	240.570504	1.085715	0.003459	10.8
484	-1.113736	241.483075	1.081940	0.002397	11.4
485	-1.118169	242.483074	1.077834	0.004201	13.1
486	-1.113322	242.469482	1.077889	0.002971	10.7
487	-1.113800	243.469482	1.073813	0.002701	9.3
488	-1.130585	243.455889	1.073869	0.006198	13.9
489	-1.110560	244.455889	1.069823	0.005151	8.3
490	-1.115202	245.455889	1.065808	0.002701	11.4
491	-1.117992	246.455889	1.061823	0.003480	8.2
492	-1.120899	247.455885	1.057868	0.002217	11.8
493	-1.117978	247.442293	1.057922	0.005665	10.3
494	-1.108349	247.428700	1.057975	0.002735	12.4
495	-1.110427	248.428700	1.054048	0.003611	10.6
496	-1.118809	249.428696	1.050151	0.001986	11.0
497	-1.119880	250.428695	1.046282	0.001837	12.2
498	-1.109240	250.415134	1.046334	0.001972	11.0
499	-1.114275	250.401541	1.046386	0.004588	11.0
500	-1.120852	251.401541	1.042545	0.004797	9.9
501	-1.114439	252.401541	1.038732	0.003514	9.2
502	-1.113126	253.401541	1.034946	0.003847	7.5
503	-1.117978	254.129221	1.032209	0.003310	10.9
504	-1.115024	255.128501	1.028474	0.005449	7.2
505	-1.127342	256.128501	1.024763	0.004233	10.7
506	-1.123328	257.128501	1.021078	0.004404	8.0
507	-1.124155	258.128501	1.017420	0.001636	11.0
508	-1.122538	258.114909	1.017469	0.005128	14.2
509	-1.117965	259.114909	1.013837	0.003363	10.4
510	-1.121203	260.114909	1.010231	0.002380	15.8
511	-1.127792	260.101316	1.010279	0.002697	10.4
512	-1.115771	261.101284	1.006698	0.003516	6.4
513	-1.121211	262.101284	1.003142	0.004447	6.2
514	-1.114780	263.101284	0.999611	0.003020	8.9
515	-1.106737	264.101284	0.996105	0.003053	7.1
516	-1.118982	264.087703	0.996153	0.001675	11.9
517	-1.110622	264.074110	0.996200	0.003833	14.0
518	-1.118128	264.060517	0.996248	0.006181	11.0
519	-1.118231	265.060517	0.992765	0.002913	10.6
520	-1.117213	266.060517	0.989307	0.002947	11.6
521	-1.112754	266.857889	0.986566	0.006008	11.7
522	-1.108512	267.857889	0.983151	0.003582	16.4
523	-1.115042	268.857889	0.979759	0.002845	9.7
524	-1.113757	269.857889	0.976391	0.002159	6.8
525	-1.120634	269.844296	0.976436	0.002598	11.7
526	-1.118825	269.844839	0.976434	0.004656	9.0
527	-1.123377	270.844839	0.973089	0.005707	10.3
528	-1.118651	271.843667	0.969770	0.004363	12.6
529	-1.120324	272.843667	0.966469	0.001823	8.5
530	-1.113071	273.843652	0.963191	0.003045	14.4
531	-1.119347	273.830059	0.963236	0.003536	9.1
532	-1.112999	274.830059	0.959980	0.002109	10.3
533	-1.113911	274.822128	0.960006	0.003019	7.8
534	-1.118450	275.819307	0.956780	0.002324	11.7
535	-1.113558	275.805714	0.956824	0.003605	9.9
536	-1.121401	276.805714	0.953611	0.002294	8.3
537	-1.110753	276.792121	0.953655	0.005338	11.1
538	-1.113710	277.792121	0.950463	0.002876	11.2
539	-1.116470	278.792121	0.947293	0.003472	11.7
540	-1.112629	278.778529	0.947336	0.002286	5.7
541	-1.106511	278.764938	0.947379	0.003266	9.5
542	-1.114052	278.751346	0.947422	0.002489	12.5
543	-1.109591	279.751346	0.944271	0.003130	8.4
544	-1.114516	280.751346	0.941142	0.001874	10.8
545	-1.123401	280.740079	0.941177	0.005318	9.9
546	-1.113443	281.740079	0.938068	0.006725	9.2
547	-1.108995	282.740079	0.934980	0.001799	8.9
548	-1.112138	283.740079	0.931912	0.001899	11.1
549	-1.111766	284.248657	0.930359	0.003496	11.7
550	-1.115602	284.245087	0.930370	0.001581	5.7
551	-1.114115	284.232103	0.930410	0.001796	9.4
552	-1.113593	284.416774	0.929847	0.004365	10.5
553	-1.122959	285.416774	0.926812	0.003003	9.7
554	-1.118712	286.416774	0.923798	0.001026	10.8
555	-1.125926	287.323127	0.921082	0.002696	12.5
556	-1.118434	287.309656	0.921122	0.005396	8.8
557	-1.124421	288.309656	0.918144	0.002785	8.3
558	-1.109459	289.309656	0.915185	0.001634	12.5
559	-1.124341	289.296063	0.915226	0.003192	10.8
560	-1.115435	289.282490	0.915266	0.001811	9.3
561	-1.109715	289.268897	0.915306	0.005433	10.1
562	-1.114698	290.268895	0.912365	0.006746	12.5
563	-1.113929	291.268895	0.909443	0.001724	11.8
564	-1.125300	292.268895	0.906540	0.003132	9.9
565	-1.112208	292.255304	0.906580	0.002255	6.4
566	-1.108850	292.241711	0.906619	0.002339	6.0
567	-1.122697	293.241170	0.903735	0.003816	10.0
568	-1.116224	294.241170	0.900869	0.002764	11.0
569	-1.119770	294.229780	0.900901	0.004029	18.0
570	-1.109975	295.229780	0.898052	0.004925	7.8
571	-1.117544	296.229779	0.895221	0.002278	7.6
572	-1.122823	297.229779	0.892408	0.001803	12.2
573	-1.120268	297.216187	0.892446	0.001085	7.7
574	-1.115259	297.202604	0.892485	0.002559	6.2
575	-1.120577	297.959366	0.890367	0.003800	6.4
576	-1.113357	298.959366	0.887584	0.003959	8.0
577	-1.107398	299.880147	0.885037	0.002340	9.5
578	-1.112720	300.879783	0.882289	0.002376	12.9
579	-1.120011	301.035171	0.881863	0.002975	11.0
580	-1.118977	302.035170	0.879133	0.002016	10.6
581	-1.120061	302.021577	0.879170	0.002576	7.1
582	-1.124449	302.007985	0.879207	0.002106	7.9
583	-1.113637	303.006094	0.876499	0.004431	12.1
584	-1.115709	304.006094	0.873802	0.005121	8.9
585	-1.123958	305.006094	0.871121	0.005863	9.7
586	-1.119905	306.006094	0.868458	0.003882	12.8
587	-1.118824	307.006094	0.865810	0.001960	10.8
588	-1.120221	308.006094	0.863178	0.002466	10.4
589	-1.122634	307.992525	0.863214	0.002114	9.6
590	-1.120472	307.978932	0.863249	0.005974	10.1
591	-1.121950	307.965340	0.863285	0.002797	6.3
592	-1.111422	308.965340	0.860669	0.002054	8.1
593	-1.117695	308.951800	0.860704	0.002310	8.5
594	-1.114839	308.938208	0.860740	0.001811	7.8
595	-1.119345	308.924615	0.860775	0.002379	6.5
596	-1.120002	308.911024	0.860811	0.005616	6.6
597	-1.122251	309.911024	0.858209	0.002420	10.8
598	-1.108528	310.911024	0.855624	0.001742	10.0
599	-1.121118	310.897910	0.855657	0.002327	7.4
600	-1.121572	310.912820	0.855619	0.003710	8.3
601	-1.112661	311.912820	0.853049	0.003419	7.9
602	-1.122176	312.912820	0.850494	0.002557	7.3
603	-1.117109	312.899799	0.850527	0.003039	8.1
604	-1.119116	312.886206	0.850562	0.005881	9.6
605	-1.117545	313.886206	0.848022	0.002284	6.5
606	-1.115795	313.872613	0.848056	0.001882	8.9
607	-1.117707	313.859020	0.848091	0.002024	7.6
608	-1.121201	314.859017	0.845566	0.002068	8.5
609	-1.113453	314.875470	0.845524	0.002526	7.5
610	-1.121763	314.864143	0.845553	0.001426	5.6
611	-1.115327	314.855457	0.845575	0.005317	8.2
612	-1.106464	315.855457	0.843065	0.002503	6.4
613	-1.120200	316.855457	0.840569	0.003305	6.4
614	-1.115696	316.841864	0.840603	0.001915	9.7
615	-1.114275	316.828271	0.840637	0.002621	7.7
616	-1.115736	316.814678	0.840671	0.001738	9.6
617	-1.120959	316.801087	0.840705	0.005425	9.3
618	-1.116758	317.801087	0.838223	0.001819	6.5
619	-1.117386	318.801087	0.835756	0.002503	6.4
620	-1.120980	318.801840	0.835754	0.001313	9.8
621	-1.126721	318.788247	0.835788	0.002507	8.6
622	-1.122892	318.774654	0.835821	0.002463	8.2
623	-1.117558	319.429904	0.834213	0.001961	5.0
624	-1.113077	319.416312	0.834246	0.001940	9.7
625	-1.118814	319.402719	0.834279	0.001312	8.3
626	-1.111806	319.389126	0.834312	0.003126	7.5
627	-1.123002	319.376780	0.834343	0.001780	7.3
628	-1.124565	319.390410	0.834309	0.001994	7.4
629	-1.110728	319.376817	0.834343	0.003866	7.4
630	-1.120264	320.376817	0.831899	0.004784	6.5
631	-1.119644	321.376817	0.829469	0.002495	6.4
632	-1.113584	322.376817	0.827053	0.006158	5.6
633	-1.118070	322.363224	0.827086	0.003132	5.8
634	-1.111749	322.349632	0.827119	0.004693	6.1
635	-1.116085	323.349632	0.824717	0.001800	6.3
636	-1.120778	323.336039	0.824749	0.003361	8.7
637	-1.112454	323.322446	0.824782	0.001861	7.2
638	-1.111311	323.308853	0.824814	0.002717	8.9
639	-1.114832	324.308846	0.822426	0.002002	8.1
640	-1.105824	324.305877	0.822433	0.003185	8.2
641	-1.119652	324.316655	0.822407	0.001951	8.9
642	-1.116026	325.316655	0.820032	0.002269	7.7
643	-1.110918	326.145583	0.818074	0.002727	9.1
644	-1.121362	326.131990	0.818106	0.004924	7.2
645	-1.117238	327.131990	0.815756	0.001228	7.8
646	-1.114184	327.118402	0.815788	0.005334	10.0
647	-1.111153	328.118402	0.813452	0.003911	9.7
648	-1.116556	329.118316	0.811128	0.003974	9.1
649	-1.117035	330.118316	0.808818	0.002065	8.4
650	-1.114136	330.105151	0.808849	0.002402	9.2
651	-1.129774	330.091558	0.808880	0.003191	9.5
652	-1.112040	330.077965	0.808911	0.003741	7.9
653	-1.112284	331.077965	0.806614	0.002721	8.2
654	-1.115912	332.077965	0.804329	0.005232	8.5
655	-1.116993	333.077965	0.802058	0.003725	8.0
656	-1.115314	334.073105	0.799810	0.002092	8.1
657	-1.110979	334.059512	0.799840	0.001856	6.3
658	-1.118176	335.055417	0.797603	0.002897	7.1
659	-1.121458	335.041824	0.797634	0.004311	5.0
660	-1.112124	336.041824	0.795400	0.001233	8.2
661	-1.109546	336.811843	0.793688	0.002003	9.5
662	-1.125691	336.798250	0.793718	0.002138	8.6
663	-1.108219	336.784657	0.793748	0.001645	7.5
664	-1.115945	336.771065	0.793778	0.002824	6.8
665	-1.110774	336.760218	0.793802	0.004789	5.5
666	-1.106510	337.760218	0.791590	0.002320	8.1
667	-1.116680	337.749584	0.791613	0.002855	6.0
668	-1.121088	338.749584	0.789413	0.001989	6.7
669	-1.109148	338.735991	0.789443	0.002322	5.8
670	-1.123672	338.722398	0.789472	0.002968	8.0
671	-1.115091	338.711022	0.789497	0.001676	6.9
672	-1.124387	338.697429	0.789527	0.001194	6.9
673	-1.127760	338.683844	0.789557	0.002349	7.4
674	-1.112748	338.734718	0.789445	0.002184	7.3
675	-1.114014	339.671625	0.787395	0.005016	8.2
676	-1.117603	339.662823	0.787414	0.003336	7.4
677	-1.118710	339.649230	0.787444	0.003890	7.5
678	-1.115143	340.649230	0.785266	0.006263	10.0
679	-1.113049	340.635637	0.785296	0.005798	6.6
680	-1.110058	341.635637	0.783130	0.001925	7.9
681	-1.111081	341.622044	0.783159	0.002033	7.9
682	-1.117459	341.608469	0.783189	0.003432	8.5
683	-1.120817	341.594876	0.783218	0.002513	6.7
684	-1.118598	342.594876	0.781064	0.004541	8.3
685	-1.118405	342.581285	0.781093	0.002274	7.4
686	-1.112911	343.581285	0.778951	0.004883	8.3
687	-1.108750	344.576988	0.776829	0.002013	6.0
688	-1.113061	345.576988	0.774710	0.002218	7.5
689	-1.108961	345.563395	0.774739	0.002329	7.6
690	-1.116322	345.549803	0.774768	0.006235	7.8
691	-1.118230	346.549801	0.772660	0.004527	7.3
692	-1.110457	347.549801	0.770563	0.002870	8.9
693	-1.109863	347.536208	0.770592	0.004247	6.9
694	-1.113846	348.171185	0.769266	0.004613	6.3
695	-1.119028	349.171185	0.767188	0.002603	7.9
696	-1.109570	349.157593	0.767216	0.002017	8.2
697	-1.114924	349.456676	0.766597	0.002026	6.5
698	-1.119918	349.443083	0.766625	0.002328	7.4
699	-1.122199	349.429490	0.766653	0.003973	7.9
700	-1.114424	349.991153	0.765492	0.001757	7.3
701	-1.124355	350.991153	0.763435	0.001477	8.2
702	-1.111636	350.977565	0.763462	0.001587	7.6
703	-1.107320	350.963975	0.763490	0.006379	9.4
704	-1.113929	351.963975	0.761443	0.002682	7.7
705	-1.111133	352.963975	0.759407	0.003319	6.6
706	-1.114007	352.970621	0.759394	0.003729	7.4
707	-1.116655	353.695132	0.757925	0.002826	7.1
708	-1.122833	354.695132	0.755908	0.002038	7.2
709	-1.111018	354.681539	0.755935	0.002087	5.6
710	-1.108385	355.046146	0.755202	0.002456	8.9
711	-1.129933	355.717350	0.753857	0.005361	8.1
712	-1.114642	356.717350	0.751861	0.001957	7.6
713	-1.109831	357.717350	0.749876	0.002652	7.4
714	-1.118419	358.717350	0.747901	0.003773	8.2
715	-1.119538	359.717346	0.745936	0.002443	7.9
716	-1.121917	359.703753	0.745963	0.003275	7.3
717	-1.124488	360.703421	0.744009	0.002617	7.3
718	-1.117809	360.689828	0.744036	0.005541	6.3
719	-1.107517	361.689828	0.742092	0.002184	8.8
720	-1.112313	362.689822	0.740157	0.001953	6.7
721	-1.114974	362.676229	0.740184	0.001084	8.7
722	-1.111930	362.662861	0.740210	0.001943	7.8
723	-1.111532	362.649268	0.740236	0.003404	8.6
724	-1.113589	363.430425	0.738732	0.004800	8.3
725	-1.114631	364.430425	0.736815	0.002235	8.2
726	-1.125283	365.430425	0.734908	0.001266	5.3
727	-1.124392	365.417554	0.734933	0.003067	8.4
728	-1.107519	365.403961	0.734959	0.003829	6.8
729	-1.113118	365.403320	0.734960	0.003370	6.5
730	-1.126826	366.402188	0.733065	0.001557	7.3
731	-1.114771	366.388858	0.733090	0.002283	6.8
732	-1.121033	366.375647	0.733115	0.005996	7.4
733	-1.113007	366.424336	0.733023	0.003082	9.4
734	-1.125775	367.424336	0.731136	0.005750	7.1
735	-1.114086	367.410743	0.731161	0.002674	8.1
736	-1.124460	368.410743	0.729284	0.002516	9.1
737	-1.117446	368.555271	0.729013	0.004017	6.3
738	-1.122995	368.541678	0.729039	0.002276	7.8
739	-1.118157	369.295839	0.727630	0.004783	8.2
740	-1.121061	370.295839	0.725770	0.002014	7.4
741	-1.116933	371.295839	0.723920	0.002032	9.2
742	-1.115471	371.282246	0.723945	0.003109	7.3
743	-1.120647	372.282246	0.722105	0.001929	6.9
744	-1.125906	372.268653	0.722130	0.002595	10.5
745	-1.117948	373.268653	0.720298	0.002573	6.7
746	-1.117725	374.265092	0.718482	0.005431	6.3
747	-1.123076	375.265092	0.716669	0.002623	9.6
748	-1.116975	376.265086	0.714865	0.001730	9.1
749	-1.105625	376.251747	0.714889	0.004706	8.0
750	-1.119801	376.238154	0.714913	0.003365	7.8
751	-1.111798	377.238154	0.713118	0.003333	10.5
752	-1.128603	377.224562	0.713143	0.001610	13.7
753	-1.109512	378.224562	0.711356	0.001441	8.9
754	-1.120896	378.212299	0.711378	0.002357	10.4
755	-1.111808	379.036845	0.709912	0.001849	6.8
756	-1.124523	380.036750	0.708142	0.005939	9.0
757	-1.113524	381.036750	0.706380	0.003299	7.9
758	-1.121020	382.036750	0.704628	0.001660	6.9
759	-1.119662	382.023325	0.704651	0.002071	7.3
760	-1.116317	382.013592	0.704668	0.002232	7.3
761	-1.116411	381.999999	0.704692	0.002677	8.4
762	-1.113943	382.880863	0.703155	0.002658	5.8
763	-1.120943	382.867270	0.703179	0.006212	5.8
764	-1.114604	383.850918	0.701470	0.002595	5.8
765	-1.111929	383.837331	0.701494	0.002101	7.5
766	-1.116772	384.082679	0.701069	0.002252	7.9
767	-1.122026	384.069086	0.701092	0.003260	6.4
768	-1.113214	384.909103	0.699642	0.001328	6.9
769	-1.114176	384.895511	0.699665	0.005545	9.0
770	-1.116384	385.895511	0.697946	0.003455	7.2
771	-1.099471	386.895511	0.696234	0.001204	6.1
772	-1.112985	386.882212	0.696257	0.001816	8.9
773	-1.111060	386.868619	0.696280	0.002086	7.0
774	-1.108672	386.866770	0.696283	0.003739	7.5
775	-1.131636	386.853177	0.696307	0.001460	6.5
776	-1.121075	386.839585	0.696330	0.005141	5.7
777	-1.126107	387.839585	0.694627	0.002257	6.5
778	-1.108620	388.839583	0.692932	0.001380	7.7
779	-1.113294	388.825990	0.692955	0.001303	5.7
780	-1.118533	388.814283	0.692975	0.001892	8.0
781	-1.106122	388.800850	0.692997	0.002234	6.6
782	-1.120123	389.714232	0.691456	0.005688	8.4
783	-1.115722	390.714232	0.689777	0.002985	5.6
784	-1.113843	391.714232	0.688105	0.002903	7.3
785	-1.117314	391.700639	0.688128	0.003553	6.2
786	-1.122551	392.700639	0.686465	0.003156	7.2
787	-1.121050	393.700639	0.684809	0.001700	8.6
788	-1.120850	393.773419	0.684689	0.003480	8.7
789	-1.113824	394.773419	0.683042	0.002171	6.8
790	-1.117990	394.759836	0.683065	0.003333	6.9
791	-1.113950	395.697521	0.681528	0.002024	5.4
792	-1.121954	396.697521	0.679896	0.002324	7.5
793	-1.127654	396.684672	0.679917	0.003304	8.9
794	-1.126031	397.684672	0.678293	0.005994	8.4
795	-1.113473	397.671079	0.678315	0.005304	6.7
796	-1.103685	398.671079	0.676699	0.002163	7.6
797	-1.118621	399.671079	0.675090	0.002325	7.1
798	-1.116364	399.657486	0.675112	0.002412	7.3
799	-1.124960	400.531273	0.673713	0.003034	9.5
800	-1.121741	400.517680	0.673734	0.004732	6.2
801	-1.116468	401.517680	0.672140	0.002533	8.3
802	-1.123685	402.517680	0.670553	0.002139	6.4
803	-1.115706	402.504087	0.670574	0.001805	7.9
804	-1.114854	402.493295	0.670591	0.002217	6.8
805	-1.123198	403.229054	0.669428	0.002987	7.1
806	-1.115301	404.229054	0.667854	0.002520	7.6
807	-1.106894	404.215461	0.667875	0.002408	9.2
808	-1.116125	404.201948	0.667897	0.003250	6.2
809	-1.115904	404.188423	0.667918	0.006170	7.4
810	-1.110227	405.188423	0.666351	0.003414	7.6
811	-1.125677	405.175052	0.666371	0.002316	8.3
812	-1.113654	405.161459	0.666393	0.001925	7.6
813	-1.114334	405.147867	0.666414	0.002134	6.1
814	-1.116101	405.134317	0.666435	0.001403	6.2
815	-1.118836	405.120735	0.666456	0.002453	6.9
816	-1.117130	405.107142	0.666478	0.004837	6.2
817	-1.111339	406.107142	0.664917	0.001689	7.1
818	-1.111029	406.106541	0.664918	0.001078	7.8
819	-1.110122	406.115029	0.664905	0.002227	8.7
820	-1.118911	406.101436	0.664926	0.003050	11.4
821	-1.123640	406.542594	0.664240	0.003497	8.5
822	-1.115833	406.529001	0.664261	0.005417	10.0
823	-1.116194	407.529001	0.662711	0.002120	7.0
824	-1.118786	407.515409	0.662732	0.001915	8.2
825	-1.113209	407.501816	0.662753	0.001890	6.2
826	-1.112466	407.498213	0.662759	0.003025	6.2
827	-1.114645	407.484620	0.662780	0.002046	6.6
828	-1.120023	407.471027	0.662801	0.006469	6.5
829	-1.107011	408.471027	0.661257	0.006953	6.6
830	-1.121198	409.471027	0.659721	0.003418	8.0
831	-1.124950	410.471027	0.658192	0.002403	9.4
832	-1.112647	410.457434	0.658213	0.001693	9.2
833	-1.116664	411.309079	0.656916	0.002342	7.1
834	-1.128385	411.814203	0.656150	0.002369	7.3
835	-1.118083	412.814201	0.654637	0.002461	8.4
836	-1.111249	412.800608	0.654658	0.005246	5.8
837	-1.122240	413.800608	0.653152	0.003384	6.5
838	-1.122047	413.787015	0.653172	0.005425	7.0
839	-1.121367	414.787015	0.651674	0.002709	8.6
840	-1.109369	415.787015	0.650182	0.001683	6.5
841	-1.114045	415.773423	0.650202	0.001828	9.3
842	-1.119253	415.759842	0.650222	0.001701	7.6
843	-1.110165	415.746257	0.650242	0.001772	7.5
844	-1.118750	415.732664	0.650263	0.002429	5.7
845	-1.118645	415.719073	0.650283	0.002785	6.3
846	-1.115369	415.705480	0.650303	0.002189	8.4
847	-1.116562	415.692079	0.650323	0.002107	5.7
848	-1.125148	415.678560	0.650343	0.002816	7.3
849	-1.124544	416.670075	0.648870	0.001899	6.0
850	-1.122020	416.656482	0.648890	0.003655	5.9
851	-1.115461	417.652259	0.647417	0.001483	5.4
852	-1.115261	417.638666	0.647437	0.002706	7.0
853	-1.125249	417.625073	0.647457	0.006961	7.8
854	-1.115807	418.625073	0.645984	0.002509	10.5
855	-1.113860	419.625073	0.644518	0.002012	7.4
856	-1.118614	419.611481	0.644538	0.003598	10.0
857	-1.115721	420.567607	0.643143	0.002247	9.4
858	-1.116119	421.565051	0.641693	0.003079	10.1
859	-1.115130	421.551641	0.641712	0.001953	6.5
860	-1.118516	421.538048	0.641732	0.004353	7.9
861	-1.115096	422.538048	0.640285	0.003867	9.3
862	-1.120242	423.364286	0.639095	0.001893	6.1
863	-1.119685	423.350693	0.639114	0.004502	8.9
864	-1.117063	423.337100	0.639134	0.003458	6.2
865	-1.121382	424.337100	0.637699	0.003023	9.8
866	-1.117897	424.323507	0.637718	0.002189	9.3
867	-1.108838	424.356319	0.637671	0.005903	7.1
868	-1.115475	425.356319	0.636243	0.002690	7.6
869	-1.115747	426.356319	0.634820	0.002690	7.7
870	-1.115690	426.342726	0.634840	0.002542	11.1
871	-1.118612	427.342693	0.633424	0.001768	7.8
872	-1.121932	428.342688	0.632014	0.002160	8.1
873	-1.118928	428.329095	0.632033	0.002327	9.4
874	-1.117701	429.329095	0.630630	0.006270	9.5
875	-1.115475	430.329095	0.629232	0.003052	9.8
876	-1.117126	431.329095	0.627841	0.003244	7.9
877	-1.115062	431.315502	0.627860	0.004755	9.6
878	-1.115795	432.315502	0.626475	0.002297	8.1
879	-1.114289	433.315502	0.625096	0.001781	10.1
880	-1.116517	433.372836	0.625017	0.002636	9.6
881	-1.113470	433.359243	0.625036	0.001575	8.5
882	-1.115077	433.350606	0.625048	0.002487	7.0
883	-1.114862	433.377771	0.625011	0.003062	10.8
884	-1.118689	433.364178	0.625029	0.002996	8.0
885	-1.119620	433.350585	0.625048	0.002856	8.4
886	-1.120959	433.336992	0.625067	0.004064	10.8
887	-1.114041	434.316339	0.623722	0.003198	8.6
888	-1.107437	435.316338	0.622355	0.005542	10.2
889	-1.118519	436.316338	0.620994	0.003289	10.4
890	-1.123960	437.316338	0.619639	0.002719	9.8
891	-1.119272	438.316338	0.618290	0.002230	7.1
892	-1.109742	438.532481	0.618000	0.004349	6.7
893	-1.124799	439.532481	0.616658	0.006024	9.1
894	-1.125055	440.532481	0.615322	0.002604	8.3
895	-1.117226	440.518888	0.615340	0.002658	8.4
896	-1.119634	441.518880	0.614009	0.003198	11.5
897	-1.120729	442.515462	0.612689	0.003395	7.3
898	-1.111774	442.501869	0.612707	0.003522	6.7
899	-1.112273	443.501869	0.611388	0.006224	7.8
900	-1.111409	444.501869	0.610075	0.006590	11.3
901	-1.116691	445.501869	0.608767	0.003776	7.5
902	-1.119009	445.488276	0.608785	0.001598	8.0
903	-1.112820	445.474683	0.608802	0.001925	8.1
904	-1.124418	445.461091	0.608820	0.002525	7.8
905	-1.112923	445.764637	0.608424	0.003812	8.5
906	-1.109306	445.751045	0.608442	0.006614	7.3
907	-1.111976	445.737452	0.608460	0.002117	11.1
908	-1.113061	446.737452	0.607159	0.003452	8.6
909	-1.121532	446.723859	0.607176	0.005664	9.4
910	-1.113309	447.723859	0.605881	0.002497	8.7
911	-1.108474	448.723859	0.604591	0.002077	7.6
912	-1.121283	448.710266	0.604609	0.002701	8.2
913	-1.118999	448.696673	0.604626	0.002913	10.6
914	-1.115988	448.683080	0.604644	0.001894	10.2
915	-1.115181	448.669487	0.604661	0.004868	7.4
916	-1.111130	448.659270	0.604674	0.002720	7.7
917	-1.124396	449.659270	0.603390	0.005804	9.7
918	-1.107626	450.658742	0.602111	0.002449	8.1
919	-1.111570	451.658742	0.600837	0.003924	7.7
920	-1.108501	452.658742	0.599569	0.002792	6.2
921	-1.124556	453.658742	0.598305	0.003034	6.2
922	-1.114966	454.658742	0.597048	0.003109	6.1
923	-1.120488	455.658742	0.595795	0.001717	7.7
924	-1.118084	456.658676	0.594548	0.001961	7.6
925	-1.118061	457.584554	0.593398	0.003841	8.0
926	-1.110306	457.577828	0.593406	0.002236	7.0
927	-1.118970	458.577827	0.592169	0.001921	6.7
928	-1.124125	458.564904	0.592184	0.002719	6.7
929	-1.115914	458.551364	0.592201	0.004087	6.9
930	-1.110372	459.551364	0.590969	0.004056	7.0
931	-1.121284	460.551364	0.589742	0.001666	8.2
932	-1.114241	461.551364	0.588520	0.002257	9.0
933	-1.120551	461.537771	0.588536	0.005438	8.1
934	-1.108767	461.524178	0.588553	0.002493	7.9
935	-1.116729	462.524102	0.587336	0.004781	7.9
936	-1.115629	463.524102	0.586123	0.002595	6.1
937	-1.114904	463.510509	0.586140	0.002081	8.6
938	-1.116961	463.502825	0.586149	0.001926	8.9
939	-1.121402	463.489233	0.586166	0.001914	8.7
940	-1.116521	464.487594	0.584960	0.002355	9.7
941	-1.122372	464.496007	0.584950	0.001479	8.5
942	-1.114672	464.482414	0.584966	0.003073	7.6
943	-1.112781	464.468821	0.584983	0.004091	9.7
944	-1.119252	465.468821	0.583780	0.001435	8.4
945	-1.120366	466.462799	0.582590	0.001609	8.0
946	-1.123988	466.449209	0.582606	0.001354	10.0
947	-1.116407	466.435648	0.582622	0.002027	6.1
948	-1.116726	466.422311	0.582638	0.003837	7.3
949	-1.117391	467.422311	0.581445	0.007114	13.2
950	-1.112480	468.422311	0.580257	0.005639	11.3
951	-1.109588	469.422311	0.579074	0.004134	8.6
952	-1.123267	470.422311	0.577896	0.001405	14.3
953	-1.123381	470.429150	0.577888	0.002212	9.0
954	-1.114645	470.415557	0.577904	0.001738	6.8
955	-1.108628	471.415537	0.576730	0.002975	6.5
956	-1.113969	471.828033	0.576247	0.003126	9.8
957	-1.114945	472.828033	0.575081	0.003906	7.1
958	-1.127590	473.828033	0.573918	0.001492	8.1
959	-1.108292	474.827527	0.572761	0.005917	9.2
960	-1.125324	475.827527	0.571609	0.004334	7.6
961	-1.115699	476.827527	0.570460	0.002052	7.1
962	-1.114293	476.813934	0.570476	0.002685	9.5
963	-1.124405	476.800722	0.570491	0.004261	8.1
964	-1.127446	476.787129	0.570507	0.002346	8.1
965	-1.117781	477.787129	0.569363	0.001677	9.3
966	-1.116858	477.773606	0.569378	0.002168	5.7
967	-1.116522	477.760072	0.569394	0.001595	6.4
968	-1.108301	477.746939	0.569409	0.005070	7.8
969	-1.111796	478.746939	0.568269	0.002621	7.0
970	-1.118421	479.746939	0.567135	0.004250	9.3
971	-1.112913	480.746939	0.566004	0.002601	8.0
972	-1.108614	481.688961	0.564944	0.001635	9.4
973	-1.119060	481.675438	0.564959	0.003340	5.9
974	-1.117145	482.180846	0.564391	0.003475	8.0
975	-1.109812	482.167254	0.564407	0.005136	7.7
976	-1.118448	483.167254	0.563287	0.002545	8.4
977	-1.118488	483.153661	0.563302	0.003387	7.7
978	-1.118333	484.153660	0.562187	0.005485	8.3
979	-1.123214	485.153660	0.561076	0.004065	8.9
980	-1.111139	486.153660	0.559970	0.003137	8.1
981	-1.119597	487.153660	0.558868	0.002687	7.5
982	-1.114085	488.153660	0.557771	0.001673	8.3
983	-1.117896	488.140067	0.557785	0.001585	8.0
984	-1.110867	488.126475	0.557800	0.002787	7.4
985	-1.119960	488.112882	0.557815	0.001716	9.4
986	-1.119113	488.099289	0.557830	0.004191	9.0
987	-1.112469	489.099166	0.556737	0.005882	7.0
988	-1.120359	490.099166	0.555647	0.002772	6.9
989	-1.111487	490.085573	0.555662	0.004913	6.4
990	-1.116768	491.085573	0.554577	0.003716	7.8
991	-1.112698	492.085573	0.553496	0.004480	9.3
992	-1.111073	493.085573	0.552420	0.002829	6.5
993	-1.110968	494.085573	0.551347	0.001976	8.4
994	-1.121080	494.071980	0.551362	0.005339	7.5
995	-1.118281	495.071980	0.550293	0.002009	8.6
996	-1.109905	496.071980	0.549229	0.003780	9.1
997	-1.120655	496.058387	0.549243	0.002751	7.9
998	-1.111935	496.044795	0.549258	0.004781	8.6
999	-1.116651	497.044795	0.548198	0.001961	11.0
1000	-1.117392	498.044795	0.547141	0.002281	8.2
1001	-1.115645	498.032260	0.547155	0.001811	7.9
1002	-1.117498	499.018365	0.546117	0.003839	7.0
1003	-1.114642	499.004772	0.546131	0.004664	7.5
1004	-1.114169	500.004772	0.545083	0.003207	8.7
1005	-1.115458	501.004772	0.544039	0.001674	8.8
1006	-1.116547	500.991179	0.544053	0.002494	9.0
1007	-1.108905	501.893818	0.543114	0.005410	7.6
1008	-1.122796	501.880250	0.543128	0.001978	7.2
1009	-1.110150	501.866657	0.543142	0.002405	7.3
1010	-1.122486	501.858302	0.543151	0.005633	7.6
1011	-1.125720	502.858302	0.542114	0.002402	9.0
1012	-1.110787	502.844709	0.542128	0.003139	11.2
1013	-1.118735	503.471988	0.541480	0.001829	9.5
1014	-1.117000	503.458397	0.541494	0.002041	8.3
1015	-1.120060	503.444814	0.541508	0.002854	12.0
1016	-1.118544	503.431221	0.541522	0.002597	8.7
1017	-1.121120	504.431079	0.540491	0.002455	5.9
1018	-1.110733	504.417486	0.540505	0.004710	7.1
1019	-1.108635	505.417486	0.539478	0.003314	34.5
1020	-1.114000	506.417486	0.538456	0.002165	21.6
1021	-1.118979	506.403893	0.538469	0.004463	26.4
1022	-1.127771	506.762919	0.538103	0.003400	28.3
1023	-1.119497	506.749326	0.538117	0.006490	17.7
1024	-1.112048	507.749326	0.537099	0.002725	8.4
1025	-1.118909	508.749326	0.536085	0.004561	17.8
1026	-1.113406	509.749326	0.535075	0.003010	17.8
1027	-1.120774	510.749326	0.534069	0.001428	10.4
1028	-1.115129	510.735733	0.534083	0.003085	14.2
1029	-1.121564	510.722141	0.534096	0.003888	15.3
1030	-1.108014	511.722141	0.533094	0.002555	10.0
1031	-1.118566	512.722140	0.532095	0.002433	11.4
1032	-1.125162	512.708547	0.532109	0.001380	7.4
1033	-1.124415	512.694954	0.532122	0.001961	11.7
1034	-1.119857	512.681361	0.532136	0.005595	10.0
1035	-1.120126	513.681361	0.531140	0.002730	12.1
1036	-1.113623	514.681321	0.530149	0.003290	9.5
1037	-1.112656	514.667728	0.530162	0.002959	7.8
1038	-1.111696	514.654135	0.530176	0.002931	7.2
1039	-1.121099	515.654135	0.529188	0.002962	7.5
1040	-1.130266	516.654133	0.528204	0.004550	10.1
1041	-1.125989	517.654133	0.527223	0.002425	10.1
1042	-1.108070	518.654133	0.526246	0.002515	6.7
1043	-1.112381	519.654133	0.525273	0.001616	6.6
1044	-1.098178	519.640540	0.525286	0.001747	10.4
1045	-1.117110	519.626947	0.525299	0.001612	7.4
1046	-1.120646	519.613390	0.525312	0.002050	11.1
1047	-1.121166	520.242118	0.524702	0.002902	11.9
1048	-1.120848	520.228525	0.524715	0.001415	9.9
1049	-1.110436	520.214940	0.524728	0.002300	10.1
1050	-1.111610	520.201347	0.524742	0.002385	11.9
1051	-1.116422	520.187754	0.524755	0.005268	9.7
1052	-1.119061	521.187754	0.523787	0.003527	11.1
1053	-1.117545	522.187754	0.522823	0.004127	11.6
1054	-1.122666	522.175429	0.522835	0.001055	9.4
1055	-1.112282	522.162414	0.522847	0.003319	10.1
1056	-1.125081	522.937169	0.522102	0.002471	11.8
1057	-1.126040	522.923576	0.522115	0.002598	10.5
1058	-1.115540	523.917693	0.521163	0.002582	10.9
1059	-1.118032	523.904137	0.521176	0.005687	10.6
1060	-1.107302	524.904137	0.520221	0.003338	11.7
1061	-1.120939	525.904137	0.519270	0.002146	9.7
1062	-1.124478	525.890544	0.519283	0.003775	10.8
1063	-1.116829	526.890544	0.518335	0.005882	15.9
1064	-1.116940	527.890544	0.517391	0.002539	11.8
1065	-1.122015	528.890544	0.516450	0.002032	12.1
1066	-1.119327	528.876951	0.516463	0.002337	13.2
1067	-1.115333	528.863883	0.516475	0.002821	9.4
1068	-1.112219	528.850290	0.516488	0.001570	12.4
1069	-1.121153	528.836697	0.516500	0.002171	9.3
1070	-1.117855	528.823206	0.516513	0.002185	11.1
1071	-1.115673	528.809613	0.516526	0.003189	10.6
1072	-1.112916	528.796020	0.516539	0.001410	16.1
1073	-1.116815	528.782428	0.516551	0.002966	10.0
1074	-1.115613	528.769132	0.516564	0.004872	8.3
1075	-1.117326	529.769132	0.515626	0.005699	13.1
1076	-1.110540	530.769132	0.514692	0.002740	12.3
1077	-1.110355	530.755589	0.514704	0.002733	9.5
1078	-1.107377	530.741997	0.514717	0.005658	11.7
1079	-1.115342	531.741997	0.513786	0.001991	8.8
1080	-1.109709	531.728404	0.513798	0.002338	9.4
1081	-1.115682	531.714812	0.513811	0.002008	10.3
1082	-1.113698	532.714284	0.512883	0.004553	8.0
1083	-1.120570	533.714284	0.511959	0.003386	8.2
1084	-1.113046	534.714284	0.511038	0.003980	6.6
1085	-1.113799	535.714284	0.510120	0.002652	10.5
1086	-1.112607	536.482301	0.509417	0.002251	10.3
1087	-1.120120	536.468708	0.509429	0.005008	12.4
1088	-1.121158	537.468708	0.508517	0.002240	10.6
1089	-1.115977	538.468708	0.507608	0.003006	11.5
1090	-1.118034	538.470246	0.507607	0.005548	9.7
1091	-1.114929	539.470246	0.506701	0.001609	9.9
1092	-1.118934	539.456653	0.506713	0.003744	12.1
1093	-1.112377	539.443062	0.506726	0.004022	14.9
1094	-1.117187	540.443062	0.505823	0.002242	12.9
1095	-1.119941	540.429469	0.505835	0.004406	11.0
1096	-1.108395	541.429469	0.504936	0.002117	13.2
1097	-1.112238	542.429466	0.504040	0.002580	11.8
1098	-1.120267	543.020255	0.503512	0.001298	8.7
1099	-1.117149	543.006662	0.503524	0.002244	13.1
1100	-1.115162	544.005971	0.502633	0.004104	9.2
1101	-1.113314	545.005971	0.501745	0.003121	11.8
1102	-1.112761	546.005971	0.500861	0.002201	12.4
1103	-1.109894	545.992777	0.500872	0.005001	9.4
1104	-1.118304	546.992777	0.499990	0.001947	11.2
1105	-1.119265	547.992776	0.499112	0.001764	10.8
1106	-1.121961	548.779407	0.498423	0.003095	12.7
1107	-1.113573	548.765840	0.498434	0.002560	11.3
1108	-1.116813	549.715248	0.497605	0.001824	9.5
1109	-1.118887	549.829316	0.497506	0.001636	9.1
1110	-1.111767	549.817074	0.497516	0.002153	8.0
1111	-1.107862	549.820241	0.497514	0.004963	7.5
1112	-1.122318	550.820241	0.496644	0.005516	6.4
1113	-1.106941	551.820241	0.495777	0.001943	7.3
1114	-1.117238	552.820241	0.494913	0.002365	7.8
1115	-1.121218	552.806648	0.494924	0.002018	9.6
1116	-1.121121	552.793055	0.494936	0.001419	7.5
1117	-1.120621	552.779477	0.494948	0.003953	8.7
1118	-1.119386	553.769703	0.494095	0.002899	9.5
1119	-1.113885	554.769703	0.493237	0.002708	6.9
1120	-1.128278	555.769614	0.492382	0.004853	8.5
1121	-1.109570	556.769614	0.491530	0.003153	10.0
1122	-1.116858	556.756022	0.491541	0.005866	9.1
1123	-1.114718	557.756022	0.490692	0.002434	8.9
1124	-1.117161	558.756022	0.489846	0.001806	9.6
1125	-1.112658	558.742430	0.489857	0.002391	5.6
1126	-1.113580	558.728837	0.489869	0.004519	12.5
1127	-1.116074	559.728837	0.489025	0.002091	8.6
1128	-1.114439	559.715244	0.489036	0.003409	9.5
1129	-1.119341	560.715244	0.488196	0.001675	14.0
1130	-1.113995	560.701651	0.488207	0.002165	7.4
1131	-1.117547	561.701650	0.487369	0.001347	10.5
1132	-1.111999	561.688093	0.487381	0.005234	6.9
1133	-1.120052	562.688093	0.486546	0.002275	6.8
1134	-1.108567	563.688093	0.485713	0.003535	8.4
1135	-1.122203	563.674500	0.485725	0.002478	9.6
1136	-1.118885	563.660907	0.485736	0.003794	8.3
1137	-1.127409	563.647314	0.485747	0.003058	9.3
1138	-1.118326	564.647314	0.484918	0.004331	9.2
1139	-1.115497	565.647314	0.484091	0.002533	9.2
1140	-1.110346	566.647314	0.483268	0.001709	10.5
1141	-1.118235	566.638331	0.483275	0.004058	10.4
1142	-1.117489	566.624738	0.483286	0.001675	9.8
1143	-1.117985	566.768784	0.483168	0.002577	10.8
1144	-1.112001	567.476752	0.482586	0.005542	9.7
1145	-1.107500	568.476752	0.481768	0.002923	9.0
1146	-1.113423	569.476752	0.480952	0.003107	7.9
1147	-1.112819	570.404493	0.480197	0.002062	7.1
1148	-1.105096	570.983749	0.479728	0.001922	6.3
1149	-1.114440	570.970156	0.479739	0.001696	6.0
1150	-1.120548	570.956563	0.479750	0.003683	5.5
1151	-1.106482	571.956563	0.478940	0.006609	10.8
1152	-1.116419	572.956563	0.478134	0.003592	9.6
1153	-1.116122	572.942970	0.478145	0.005594	7.7
1154	-1.114633	573.942970	0.477341	0.002528	7.7
1155	-1.109999	574.942970	0.476540	0.001243	14.8
1156	-1.118244	574.929656	0.476551	0.002818	11.2
1157	-1.117824	574.916063	0.476562	0.003900	10.9
1158	-1.124858	575.916063	0.475764	0.003797	8.7
1159	-1.114630	576.916063	0.474968	0.001262	11.9
1160	-1.117290	577.916063	0.474175	0.002031	11.4
1161	-1.117068	577.902481	0.474186	0.004050	10.9
1162	-1.121442	578.902481	0.473395	0.005064	15.8
1163	-1.118213	578.888888	0.473406	0.001703	10.8
1164	-1.112874	578.875295	0.473417	0.003352	10.3
1165	-1.122613	578.861702	0.473427	0.002799	8.1
1166	-1.120509	578.848109	0.473438	0.005503	10.8
1167	-1.114297	579.848109	0.472650	0.003742	7.6
1168	-1.115279	580.848109	0.471865	0.005264	7.2
1169	-1.111797	580.834715	0.471875	0.002627	7.6
1170	-1.117880	581.834715	0.471092	0.001885	8.5
1171	-1.107341	581.821142	0.471103	0.003194	12.0
1172	-1.118765	582.821142	0.470323	0.002145	10.1
1173	-1.114928	583.821142	0.469545	0.003623	10.1
1174	-1.117231	583.807644	0.469556	0.004270	10.3
1175	-1.122904	584.807644	0.468781	0.002302	10.0
1176	-1.117439	585.807644	0.468008	0.002792	8.2
1177	-1.121394	585.794051	0.468019	0.005325	6.1
1178	-1.114339	586.794051	0.467249	0.002323	5.5
1179	-1.116451	586.780458	0.467259	0.006376	9.9
1180	-1.109397	587.780458	0.466491	0.003317	11.3
1181	-1.109578	588.780458	0.465726	0.001469	8.4
1182	-1.118359	589.607281	0.465096	0.001538	11.6
1183	-1.110749	589.593689	0.465106	0.002278	10.6
1184	-1.124353	590.559224	0.464372	0.002759	10.7
1185	-1.114528	590.545631	0.464382	0.002568	9.9
1186	-1.113304	591.507631	0.463653	0.004616	26.0
1187	-1.114638	592.507631	0.462897	0.002983	13.1
1188	-1.118448	592.494053	0.462907	0.002074	16.5
1189	-1.115248	593.459873	0.462180	0.003178	10.2
1190	-1.116048	593.446280	0.462190	0.005832	6.5
1191	-1.121886	594.446280	0.461439	0.004774	6.5
1192	-1.125332	595.446280	0.460690	0.003287	6.6
1193	-1.116223	596.446280	0.459944	0.004621	7.1
1194	-1.124500	596.432687	0.459954	0.001935	9.9
1195	-1.121282	597.432687	0.459211	0.002318	11.0
1196	-1.111276	597.419097	0.459221	0.002352	11.9
1197	-1.121768	597.405504	0.459231	0.005302	9.8
1198	-1.112361	598.405504	0.458489	0.002516	10.1
1199	-1.121446	598.391911	0.458500	0.005777	9.6
1200	-1.118011	599.391911	0.457760	0.002985	12.2
1201	-1.121839	600.391911	0.457024	0.001827	10.1
1202	-1.115827	600.378865	0.457033	0.001716	8.4
1203	-1.121736	600.365272	0.457043	0.002638	8.9
1204	-1.113443	600.351679	0.457053	0.004450	8.1
1205	-1.115543	601.351679	0.456319	0.001539	8.6
1206	-1.116204	602.351679	0.455587	0.001561	8.7
1207	-1.120611	602.338086	0.455597	0.003430	9.0
1208	-1.122772	602.324493	0.455607	0.005678	6.2
1209	-1.118004	602.310910	0.455617	0.005270	9.6
1210	-1.119921	603.310910	0.454887	0.001633	9.4
1211	-1.113984	604.310910	0.454160	0.003028	9.7
1212	-1.119143	604.304587	0.454164	0.001530	6.5
1213	-1.118183	604.290994	0.454174	0.004881	16.4
1214	-1.115587	605.290994	0.453449	0.002818	13.8
1215	-1.114010	606.290994	0.452726	0.002217	7.0
1216	-1.114311	606.277401	0.452736	0.003444	8.8
1217	-1.119476	607.277401	0.452015	0.005539	9.0
1218	-1.110756	608.277401	0.451297	0.002896	8.8
1219	-1.113883	609.276884	0.450581	0.003787	11.0
1220	-1.120051	610.276884	0.449867	0.001912	10.0
1221	-1.117312	610.263291	0.449877	0.002730	10.4
1222	-1.117767	610.249698	0.449887	0.001724	9.7
1223	-1.111991	611.249698	0.449175	0.002427	6.9
1224	-1.122522	611.453221	0.449031	0.002842	7.2
1225	-1.121781	612.446425	0.448327	0.004385	7.4
1226	-1.120395	613.446423	0.447620	0.002641	9.0
1227	-1.109915	613.432837	0.447630	0.006439	9.6
1228	-1.122782	613.419244	0.447639	0.004954	10.7
1229	-1.108355	614.419244	0.446935	0.001503	8.8
1230	-1.115063	615.395576	0.446249	0.001421	7.8
1231	-1.122548	615.527945	0.446156	0.001619	10.7
1232	-1.121651	615.514356	0.446166	0.002614	9.3
1233	-1.114779	615.500784	0.446175	0.003993	5.9
1234	-1.125034	616.500784	0.445475	0.002520	5.9
1235	-1.118316	617.500784	0.444778	0.002816	9.7
1236	-1.128289	617.690034	0.444646	0.005474	8.3
1237	-1.122395	618.690034	0.443951	0.003022	9.5
1238	-1.115637	619.690034	0.443258	0.001042	12.8
1239	-1.112752	619.836897	0.443156	0.001744	8.0
1240	-1.105910	620.628860	0.442609	0.001453	12.3
1241	-1.103108	620.615408	0.442619	0.002602	10.7
1242	-1.122639	620.602150	0.442628	0.003667	15.8
1243	-1.113527	621.602150	0.441939	0.003144	21.9
1244	-1.118323	622.602150	0.441252	0.001934	53.0
1245	-1.117074	622.588559	0.441262	0.002356	54.6
1246	-1.121123	622.574966	0.441271	0.001298	44.9
1247	-1.107951	623.060184	0.440938	0.005633	37.6
1248	-1.115466	623.159062	0.440871	0.004638	38.5
1249	-1.126083	624.159062	0.440187	0.002811	16.7
1250	-1.117957	625.159061	0.439506	0.002133	13.5
1251	-1.114396	625.145695	0.439515	0.002049	9.1
1252	-1.117538	625.132102	0.439525	0.002203	8.6
1253	-1.116630	625.118722	0.439534	0.005622	10.6
1254	-1.114281	626.118722	0.438854	0.001566	66.4
1255	-1.119386	626.105151	0.438864	0.005140	35.1
1256	-1.119703	627.105151	0.438186	0.002889	36.7
1257	-1.115969	628.105151	0.437511	0.001913	51.3
1258	-1.115720	628.091558	0.437521	0.002973	25.5
1259	-1.115679	628.077965	0.437530	0.002550	13.6
1260	-1.120358	628.957875	0.436937	0.002042	11.3
1261	-1.116708	629.957875	0.436266	0.003143	7.1
1262	-1.116136	629.944284	0.436275	0.004530	6.7
1263	-1.113479	630.944270	0.435606	0.006537	7.0
1264	-1.111066	631.944270	0.434939	0.002103	8.1
1265	-1.113331	632.944270	0.434274	0.002459	11.0
1266	-1.118254	632.930677	0.434283	0.002641	11.2
1267	-1.116634	632.917087	0.434292	0.002934	21.0
1268	-1.120324	633.917087	0.433629	0.001906	40.8
1269	-1.118454	633.903494	0.433638	0.004983	45.8
1270	-1.112629	634.903494	0.432977	0.003189	48.2
1271	-1.122293	634.890085	0.432985	0.002555	35.6
1272	-1.116973	634.876493	0.432994	0.002684	37.3
1273	-1.116413	635.834520	0.432363	0.004997	13.2
1274	-1.126422	636.834520	0.431706	0.002175	12.1
1275	-1.120195	637.834520	0.431050	0.003330	13.2
1276	-1.116036	637.820927	0.431059	0.002299	10.6
1277	-1.107803	637.807334	0.431068	0.006297	15.2
1278	-1.118342	638.807332	0.430415	0.004721	11.5
1279	-1.114967	639.807332	0.429764	0.001332	9.0
1280	-1.107705	639.795096	0.429771	0.002737	10.5
1281	-1.118340	639.781503	0.429780	0.005064	38.3
1282	-1.117826	640.781503	0.429131	0.003002	77.6
1283	-1.113930	640.767910	0.429140	0.002207	9.4
1284	-1.115420	641.767910	0.428492	0.001633	13.0
1285	-1.120245	641.756750	0.428499	0.001743	18.2
1286	-1.114619	641.808493	0.428466	0.005819	8.3
1287	-1.113540	642.808493	0.427821	0.005013	8.9
1288	-1.110546	643.808493	0.427177	0.002970	14.6
1289	-1.121995	643.810062	0.427176	0.002277	8.8
1290	-1.115649	643.796496	0.427185	0.001693	10.6
1291	-1.121100	643.782903	0.427193	0.004976	14.2
1292	-1.114660	644.782903	0.426552	0.005420	12.3
1293	-1.122724	645.782903	0.425912	0.006181	13.4
1294	-1.118346	646.782903	0.425274	0.004121	10.6
1295	-1.113888	647.782903	0.424638	0.003987	9.1
1296	-1.115095	648.782903	0.424004	0.001938	6.8
1297	-1.118705	649.782903	0.423372	0.003643	18.4
1298	-1.118485	649.769310	0.423381	0.006227	11.7
1299	-1.125078	650.769310	0.422751	0.002972	12.0
1300	-1.112826	651.769310	0.422122	0.002227	14.3
1301	-1.116411	651.755717	0.422131	0.002732	18.8
1302	-1.120208	651.742124	0.422139	0.003256	18.4
1303	-1.109268	651.728531	0.422148	0.004164	14.3
1304	-1.108897	652.728531	0.421521	0.001940	12.4
1305	-1.126993	653.728531	0.420897	0.003197	12.0
1306	-1.117579	654.728330	0.420274	0.002709	11.5
1307	-1.117448	655.719638	0.419658	0.007029	15.3
1308	-1.114384	656.719638	0.419039	0.003219	14.5
1309	-1.115895	657.719638	0.418422	0.001853	12.3
1310	-1.117366	657.706045	0.418430	0.000848	15.6
1311	-1.120019	657.692463	0.418438	0.001674	16.3
1312	-1.118857	657.702483	0.418432	0.002634	16.8
1313	-1.111192	657.690198	0.418440	0.003837	26.8
1314	-1.109786	658.690198	0.417824	0.001928	12.1
1315	-1.115851	659.412719	0.417380	0.002219	10.4
1316	-1.121818	659.400018	0.417388	0.002925	18.0
1317	-1.119551	659.386425	0.417396	0.003685	14.1
1318	-1.111748	660.386425	0.416784	0.003214	7.7
1319	-1.119270	660.372832	0.416792	0.002548	10.2
1320	-1.124395	660.465346	0.416736	0.007594	10.5
1321	-1.118845	661.465346	0.416125	0.002811	15.9
1322	-1.113601	662.465346	0.415516	0.002397	16.6
1323	-1.116631	662.451753	0.415524	0.003704	11.1
1324	-1.109827	662.438160	0.415533	0.002688	16.4
1325	-1.120711	663.438160	0.414926	0.002477	16.5
1326	-1.123809	663.424567	0.414934	0.004154	10.7
1327	-1.123683	664.424567	0.414328	0.002374	7.8
1328	-1.119981	665.424567	0.413725	0.002127	20.6
1329	-1.105037	665.410983	0.413733	0.005713	12.9
1330	-1.112077	666.410983	0.413131	0.002392	12.0
1331	-1.111500	667.410980	0.412531	0.003718	11.4
1332	-1.113963	668.410980	0.411933	0.001998	10.0
1333	-1.112798	669.410980	0.411336	0.001975	8.5
1334	-1.122301	669.397390	0.411344	0.002251	10.6
1335	-1.119409	669.383798	0.411352	0.003370	15.4
1336	-1.124512	669.370205	0.411360	0.003993	12.3
1337	-1.115109	670.370205	0.410765	0.001600	15.2
1338	-1.118054	670.356642	0.410773	0.005785	12.0
1339	-1.124841	671.356642	0.410180	0.002647	11.0
1340	-1.111854	671.343835	0.410188	0.004076	13.7
1341	-1.120727	671.334795	0.410193	0.002287	10.9
1342	-1.112246	672.334795	0.409601	0.001767	11.2
1343	-1.116327	672.449950	0.409533	0.002541	18.8
1344	-1.112332	672.436577	0.409541	0.005167	14.5
1345	-1.116225	673.436577	0.408952	0.001615	9.8
1346	-1.123579	674.436577	0.408363	0.002420	9.9
1347	-1.119842	674.422984	0.408371	0.001495	9.3
1348	-1.124554	674.457387	0.408351	0.001802	9.9
1349	-1.109372	674.443794	0.408359	0.005885	10.4
1350	-1.116551	675.441075	0.407774	0.003338	10.9
1351	-1.112553	676.441075	0.407190	0.002785	9.3
1352	-1.116958	677.439816	0.406608	0.001816	10.9
1353	-1.112192	678.439789	0.406026	0.004268	10.8
1354	-1.111839	678.426196	0.406034	0.004542	9.0
1355	-1.124463	679.426196	0.405454	0.004082	9.3
1356	-1.108477	679.412603	0.405462	0.003486	15.4
1357	-1.117684	680.412603	0.404884	0.002164	8.2
1358	-1.113566	680.399010	0.404892	0.003246	7.3
1359	-1.118085	680.385417	0.404900	0.005466	8.8
1360	-1.115048	681.385417	0.404323	0.002487	8.8
1361	-1.111379	682.385417	0.403749	0.004106	10.1
1362	-1.122597	683.385417	0.403175	0.003523	10.4
1363	-1.119773	683.371824	0.403183	0.004599	9.6
1364	-1.117290	684.371824	0.402612	0.001713	8.4
1365	-1.109159	685.371824	0.402042	0.002248	10.7
1366	-1.118334	685.358232	0.402049	0.005804	10.0
1367	-1.114967	685.344639	0.402057	0.001533	13.0
1368	-1.115889	685.331046	0.402065	0.003638	7.7
1369	-1.119247	685.317453	0.402073	0.002720	9.9
1370	-1.117089	685.303860	0.402080	0.002747	9.7
1371	-1.108565	685.290267	0.402088	0.005294	11.4
1372	-1.117943	686.290267	0.401520	0.002515	11.7
1373	-1.113740	687.290267	0.400953	0.002755	11.0
1374	-1.120886	687.276674	0.400960	0.003906	7.7
1375	-1.122730	688.276674	0.400395	0.003974	7.9
1376	-1.113995	689.276674	0.399831	0.003232	17.4
1377	-1.116166	690.276674	0.399269	0.001668	6.7
1378	-1.107772	691.276618	0.398709	0.003377	9.6
1379	-1.112147	692.276600	0.398150	0.005670	7.0
1380	-1.121680	693.276600	0.397592	0.005154	8.0
1381	-1.099912	694.276600	0.397036	0.003724	11.2
1382	-1.115650	694.994330	0.396638	0.003047	7.5
1383	-1.107158	694.980737	0.396646	0.002797	9.9
1384	-1.110070	695.924729	0.396124	0.002602	9.5
1385	-1.114659	696.924729	0.395572	0.003627	13.0
1386	-1.117090	696.911136	0.395579	0.004849	11.3
1387	-1.115879	697.911136	0.395029	0.003147	9.7
1388	-1.115459	698.911136	0.394480	0.006120	6.6
1389	-1.118995	699.911136	0.393933	0.002397	5.4
1390	-1.120451	700.911136	0.393388	0.001700	10.4
1391	-1.117186	700.897543	0.393395	0.002579	8.2
1392	-1.122253	700.883964	0.393402	0.003248	14.5
1393	-1.125859	700.870375	0.393410	0.003029	16.0
1394	-1.116035	701.870375	0.392866	0.006979	10.5
1395	-1.114246	702.870375	0.392323	0.002487	9.7
1396	-1.116306	703.870375	0.391782	0.001906	10.1
1397	-1.114925	704.480844	0.391452	0.001915	11.5
1398	-1.117214	704.467251	0.391459	0.002839	7.0
1399	-1.113711	704.453658	0.391467	0.005536	6.8
1400	-1.109331	705.453658	0.390928	0.002604	9.0
1401	-1.101089	706.453658	0.390390	0.002706	12.3
1402	-1.122843	706.440065	0.390398	0.002863	11.5
1403	-1.117934	707.439151	0.389862	0.005224	11.3
1404	-1.116645	708.439151	0.389328	0.005190	14.6
1405	-1.121390	708.425558	0.389335	0.003514	9.6
1406	-1.113262	709.425558	0.388802	0.002513	10.5
1407	-1.114668	709.411966	0.388809	0.002196	23.3
1408	-1.110767	709.398373	0.388816	0.004561	19.9
1409	-1.121762	710.398373	0.388285	0.001390	13.4
1410	-1.114991	711.398370	0.387755	0.002728	17.5
1411	-1.104271	711.384777	0.387762	0.002814	12.3
1412	-1.122431	711.830999	0.387526	0.004876	9.8
1413	-1.113042	712.830999	0.386998	0.004384	12.2
1414	-1.113970	713.830999	0.386471	0.001638	13.1
1415	-1.115621	714.830999	0.385946	0.002063	11.2
1416	-1.117092	714.817406	0.385953	0.004267	14.0
1417	-1.115915	715.817406	0.385429	0.005039	14.7
1418	-1.110698	716.817406	0.384907	0.004033	11.9
1419	-1.128300	717.817405	0.384386	0.005794	14.4
1420	-1.106281	718.817405	0.383866	0.003073	13.5
1421	-1.124335	718.803812	0.383873	0.002368	11.5
1422	-1.110729	718.790219	0.383880	0.002799	10.8
1423	-1.116001	718.776626	0.383887	0.005001	13.9
1424	-1.112597	719.776626	0.383369	0.005653	13.5
1425	-1.128551	720.776626	0.382852	0.002709	9.4
1426	-1.114977	720.763041	0.382859	0.002391	10.8
1427	-1.115728	720.749449	0.382866	0.005147	10.8
1428	-1.112790	720.735856	0.382873	0.005144	14.5
1429	-1.121296	721.735856	0.382358	0.002370	12.3
1430	-1.109048	722.735856	0.381844	0.002439	16.3
1431	-1.119105	722.722263	0.381851	0.001767	10.3
1432	-1.110145	723.722258	0.381338	0.003247	12.7
1433	-1.114279	723.708670	0.381345	0.006468	9.5
1434	-1.120406	724.708670	0.380834	0.002258	12.8
1435	-1.114992	725.708670	0.380324	0.001578	12.5
1436	-1.112259	726.708562	0.379815	0.005667	9.9
1437	-1.118161	727.707422	0.379308	0.002863	13.9
1438	-1.115017	728.707422	0.378802	0.001951	13.4
1439	-1.111975	728.693829	0.378809	0.002840	13.7
1440	-1.129272	728.680236	0.378816	0.005758	11.0
1441	-1.118035	729.680236	0.378311	0.002535	9.3
1442	-1.109549	730.680236	0.377808	0.003689	15.1
1443	-1.116983	730.666643	0.377815	0.001829	13.8
1444	-1.114387	730.653051	0.377822	0.003685	19.0
1445	-1.113302	731.650349	0.377321	0.001736	19.6
1446	-1.118335	732.650349	0.376820	0.003005	14.0
1447	-1.123152	732.636756	0.376827	0.004322	7.4
1448	-1.121013	733.636756	0.376328	0.002309	10.9
1449	-1.120640	734.636756	0.375830	0.002279	9.2
1450	-1.119025	735.636423	0.375333	0.002691	9.2
1451	-1.116549	736.636423	0.374838	0.002439	14.4
1452	-1.114937	737.636423	0.374344	0.001518	12.4
1453	-1.121927	737.622830	0.374351	0.003835	11.4
1454	-1.117291	738.622830	0.373858	0.003161	11.2
1455	-1.114542	739.622830	0.373366	0.001602	9.7
1456	-1.111858	739.609252	0.373373	0.002286	9.9
1457	-1.122743	739.595659	0.373380	0.006092	10.6
1458	-1.114543	740.595659	0.372889	0.001882	10.3
1459	-1.113103	741.595659	0.372400	0.004665	10.8
1460	-1.109840	742.549921	0.371935	0.004616	12.6
1461	-1.122106	743.549921	0.371448	0.002324	13.9
1462	-1.121612	743.536328	0.371455	0.002005	11.1
1463	-1.115987	743.522736	0.371462	0.001918	12.7
1464	-1.118810	744.434651	0.371019	0.001460	9.1
1465	-1.112400	744.422850	0.371025	0.003225	9.1
1466	-1.117861	744.409294	0.371031	0.003012	10.0
1467	-1.115941	744.395701	0.371038	0.004309	8.7
1468	-1.112256	745.395701	0.370554	0.001733	12.4
1469	-1.117234	746.395701	0.370071	0.001295	7.6
1470	-1.112860	746.382108	0.370078	0.002375	13.4
1471	-1.123855	746.368515	0.370084	0.004373	7.7
1472	-1.123982	747.368509	0.369602	0.005385	7.5
1473	-1.109363	748.368509	0.369122	0.002704	10.8
1474	-1.109468	749.368509	0.368643	0.002474	12.4
1475	-1.116747	750.368508	0.368165	0.004607	15.9
1476	-1.123593	751.368508	0.367688	0.001670	9.1
1477	-1.117761	751.354915	0.367695	0.003668	9.9
1478	-1.117272	752.354573	0.367220	0.005049	9.4
1479	-1.116186	753.354573	0.366745	0.002498	8.4
1480	-1.111771	754.354573	0.366272	0.001640	13.2
1481	-1.114469	754.340980	0.366279	0.002429	10.0
1482	-1.113382	754.327395	0.366285	0.001698	11.4
1483	-1.112123	754.313802	0.366292	0.001829	10.7
1484	-1.116610	754.311362	0.366293	0.001328	9.6
1485	-1.119341	755.119971	0.365911	0.005480	6.4
1486	-1.117761	756.119971	0.365440	0.001998	10.6
1487	-1.110918	756.106378	0.365447	0.002080	8.3
1488	-1.114821	756.092837	0.365453	0.002384	12.5
1489	-1.121587	756.079244	0.365459	0.003579	11.9
1490	-1.116377	756.960848	0.365045	0.002921	13.9
1491	-1.120747	756.947270	0.365052	0.004997	11.1
1492	-1.112028	757.947270	0.364583	0.003544	9.4
1493	-1.111303	758.947270	0.364116	0.003461	14.1
1494	-1.120409	759.947270	0.363649	0.003234	16.6
1495	-1.106399	760.947270	0.363184	0.001976	9.4
1496	-1.115135	761.944439	0.362722	0.002203	13.2
1497	-1.118926	761.930846	0.362728	0.005441	14.2
1498	-1.115253	761.917253	0.362734	0.004910	14.4
1499	-1.115124	762.917253	0.362272	0.002488	10.6
1500	-1.124407	763.917253	0.361810	0.003232	10.2
1501	-1.117072	763.903661	0.361816	0.003421	9.7
1502	-1.125406	763.890068	0.361823	0.003407	12.1
1503	-1.114218	764.890068	0.361362	0.003638	13.2
1504	-1.117864	765.890068	0.360903	0.005377	10.7
1505	-1.119057	766.890068	0.360445	0.002255	10.4
1506	-1.116792	767.890067	0.359988	0.002370	11.1
1507	-1.115557	768.584237	0.359671	0.005575	9.3
1508	-1.124416	769.584237	0.359216	0.003526	11.4
1509	-1.127723	770.584237	0.358763	0.002333	12.0
1510	-1.116611	770.570644	0.358769	0.001904	15.2
1511	-1.113967	770.562717	0.358772	0.001340	12.6
1512	-1.116548	770.549172	0.358779	0.003231	15.2
1513	-1.115111	770.535579	0.358785	0.004455	10.6
1514	-1.123268	771.535579	0.358332	0.001624	9.6
1515	-1.117442	772.535579	0.357880	0.003215	10.6
1516	-1.111702	772.522735	0.357886	0.002065	10.5
1517	-1.120013	772.509142	0.357892	0.002822	14.4
1518	-1.113750	772.504332	0.357895	0.004248	11.8
1519	-1.105004	773.504332	0.357444	0.001492	18.6
1520	-1.120478	773.499373	0.357446	0.002862	11.0
1521	-1.118750	774.490170	0.357001	0.005176	8.8
1522	-1.116341	775.490170	0.356553	0.003831	8.6
1523	-1.111764	775.476583	0.356559	0.005455	16.7
1524	-1.108613	776.476583	0.356112	0.004091	22.3
1525	-1.120481	777.476583	0.355666	0.002144	21.5
1526	-1.117396	777.462990	0.355672	0.002433	10.1
1527	-1.115790	777.449397	0.355678	0.004660	8.5
1528	-1.116806	777.435804	0.355684	0.004978	20.6
1529	-1.117228	778.435804	0.355239	0.001938	9.5
1530	-1.112807	779.435760	0.354795	0.002546	13.7
1531	-1.110293	779.422167	0.354801	0.002586	20.6
1532	-1.113007	779.408578	0.354807	0.002712	16.5
1533	-1.118682	780.408542	0.354365	0.001943	27.7
1534	-1.109656	780.950648	0.354125	0.004276	23.7
1535	-1.117643	781.950500	0.353684	0.002220	21.5
1536	-1.123944	782.950500	0.353244	0.004097	17.9
1537	-1.120463	783.950495	0.352805	0.001766	14.0
1538	-1.104123	784.950495	0.352368	0.002195	11.9
1539	-1.108776	784.936902	0.352374	0.002004	12.2
1540	-1.127395	784.923309	0.352380	0.002774	10.4
1541	-1.115053	784.909716	0.352385	0.004379	21.6
1542	-1.119888	785.909714	0.351949	0.003819	7.7
1543	-1.114627	786.909714	0.351513	0.005786	17.7
1544	-1.114645	787.909714	0.351079	0.002449	14.5
1545	-1.105171	788.909714	0.350645	0.002842	17.3
1546	-1.117176	788.896121	0.350651	0.001570	19.4
1547	-1.119518	788.882528	0.350657	0.002408	11.2
1548	-1.107411	788.868935	0.350663	0.001975	15.0
1549	-1.120828	788.855342	0.350669	0.005447	13.7
1550	-1.118919	789.855342	0.350236	0.005793	18.9
1551	-1.119501	790.855342	0.349805	0.002789	17.5
1552	-1.111878	791.855342	0.349374	0.002542	19.5
1553	-1.112134	791.841750	0.349380	0.001986	12.2
1554	-1.119444	791.828158	0.349386	0.002823	7.5
1555	-1.116614	792.828154	0.348957	0.002748	12.8
1556	-1.114073	793.828051	0.348529	0.002695	14.6
1557	-1.120175	793.814458	0.348534	0.003630	10.6
1558	-1.119238	794.814458	0.348107	0.002260	13.1
1559	-1.119907	795.814458	0.347681	0.002052	11.8
1560	-1.110183	795.800865	0.347687	0.005442	11.8
1561	-1.118129	796.800865	0.347262	0.001949	10.3
1562	-1.117889	797.800778	0.346838	0.002409	10.6
1563	-1.113911	797.787203	0.346843	0.003872	11.7
1564	-1.119494	798.787203	0.346420	0.004582	13.4
1565	-1.121859	799.787203	0.345998	0.004215	10.0
1566	-1.124440	800.787203	0.345577	0.002268	11.7
1567	-1.132004	801.787203	0.345157	0.002958	12.7
1568	-1.110687	801.773737	0.345163	0.004891	11.2
1569	-1.114859	802.773737	0.344744	0.002720	11.9
1570	-1.111127	803.773737	0.344326	0.004489	11.4
1571	-1.114478	804.773737	0.343909	0.002531	12.4
1572	-1.113238	805.773737	0.343493	0.002414	9.1
1573	-1.112559	805.760144	0.343499	0.003952	9.6
1574	-1.112961	806.760144	0.343084	0.002322	8.6
1575	-1.116869	807.760144	0.342670	0.001038	9.6
1576	-1.113359	807.764402	0.342668	0.002856	11.2
1577	-1.113812	807.757273	0.342671	0.004527	11.6
1578	-1.115958	808.757273	0.342258	0.002768	11.6
1579	-1.114889	809.756324	0.341846	0.002005	10.6
1580	-1.120278	810.704482	0.341456	0.006220	14.1
1581	-1.104163	811.704482	0.341046	0.003943	10.2
1582	-1.116508	812.704482	0.340637	0.002474	9.2
1583	-1.103871	812.690890	0.340643	0.001413	7.6
1584	-1.112260	813.642020	0.340255	0.001729	12.4
1585	-1.114577	813.632087	0.340259	0.003461	6.2
1586	-1.118494	813.618494	0.340264	0.005208	8.4
1587	-1.118474	814.618494	0.339857	0.005795	8.9
1588	-1.118765	815.618494	0.339451	0.002654	10.8
1589	-1.119185	816.618494	0.339046	0.002007	10.3
1590	-1.120133	816.604901	0.339051	0.002155	12.1
1591	-1.137770	816.591310	0.339057	0.002819	11.0
1592	-1.114802	816.706975	0.339010	0.004286	10.6
1593	-1.122798	816.693386	0.339015	0.003102	8.7
1594	-1.111746	817.693386	0.338611	0.005646	16.6
1595	-1.119054	818.693386	0.338208	0.002620	8.4
1596	-1.121177	819.693386	0.337806	0.002931	7.6
1597	-1.115281	820.331916	0.337549	0.002642	12.3
1598	-1.117120	820.318323	0.337555	0.001610	6.7
1599	-1.118100	821.315812	0.337155	0.002556	6.5
1600	-1.111666	821.302285	0.337160	0.002551	9.8
1601	-1.114471	822.302285	0.336760	0.001538	8.4
1602	-1.111520	822.288695	0.336766	0.004974	10.4
1603	-1.120966	823.288695	0.336367	0.005538	10.4
1604	-1.121158	824.288695	0.335969	0.002755	11.5
1605	-1.113223	824.608363	0.335842	0.001769	7.9
1606	-1.119350	824.594770	0.335848	0.004641	12.0
1607	-1.125736	825.594770	0.335451	0.003365	11.6
1608	-1.109731	826.594770	0.335055	0.001869	9.3
1609	-1.126945	826.723254	0.335004	0.003927	9.5
1610	-1.113702	827.723254	0.334610	0.002875	11.9
1611	-1.116787	828.723254	0.334216	0.003037	11.5
1612	-1.114121	829.723254	0.333823	0.003011	12.3
1613	-1.118098	830.721831	0.333432	0.004672	11.1
1614	-1.110899	831.721831	0.333040	0.002079	11.1
1615	-1.117795	832.715206	0.332653	0.002519	10.2
1616	-1.117291	832.701613	0.332658	0.005437	12.2
1617	-1.114151	833.701613	0.332269	0.002168	12.2
1618	-1.109883	834.701613	0.331881	0.003532	11.2
1619	-1.115656	834.688020	0.331886	0.002945	11.4
1620	-1.115588	835.630038	0.331521	0.002449	13.0
1621	-1.117893	835.616445	0.331526	0.004068	7.6
1622	-1.112261	836.616445	0.331140	0.001868	10.9
1623	-1.110341	837.616445	0.330754	0.003794	9.8
1624	-1.124372	838.338322	0.330476	0.005034	11.7
1625	-1.118418	839.338322	0.330092	0.001953	9.8
1626	-1.114214	840.338322	0.329709	0.005198	10.6
1627	-1.120045	841.338322	0.329327	0.002388	13.7
1628	-1.117183	842.338322	0.328945	0.003052	9.8
1629	-1.111559	842.326257	0.328950	0.002189	12.8
1630	-1.113673	842.313106	0.328955	0.002190	8.0
1631	-1.121124	842.299513	0.328960	0.004885	13.0
1632	-1.117373	843.299513	0.328579	0.003131	10.8
1633	-1.122512	844.299513	0.328200	0.002712	10.4
1634	-1.106815	844.285920	0.328205	0.005626	11.5
1635	-1.121839	845.285920	0.327826	0.003509	12.0
1636	-1.115213	846.285920	0.327448	0.001764	10.5
1637	-1.114433	846.344539	0.327426	0.002899	11.1
1638	-1.113796	847.323962	0.327056	0.005721	9.0
1639	-1.121959	848.323962	0.326680	0.002628	10.6
1640	-1.119160	849.323962	0.326305	0.002580	13.7
1641	-1.116528	849.310369	0.326310	0.004640	9.6
1642	-1.118641	850.310369	0.325935	0.002389	8.1
1643	-1.112004	851.310369	0.325562	0.003021	13.4
1644	-1.115852	851.296776	0.325567	0.001325	12.2
1645	-1.110778	851.283281	0.325572	0.002228	10.1
1646	-1.119771	851.269688	0.325577	0.001567	13.8
1647	-1.112281	851.256932	0.325582	0.001708	11.9
1648	-1.128327	851.243339	0.325587	0.004210	10.5
1649	-1.117469	852.243336	0.325214	0.005527	11.0
1650	-1.114445	853.243336	0.324842	0.003408	7.6
1651	-1.120984	854.243336	0.324471	0.003097	8.9
1652	-1.114855	854.229743	0.324476	0.003816	10.9
1653	-1.121931	855.229743	0.324106	0.002807	14.0
1654	-1.127809	856.229743	0.323736	0.005531	8.7
1655	-1.119448	857.229743	0.323367	0.005129	11.9
1656	-1.117653	858.229743	0.323000	0.003098	12.2
1657	-1.120696	859.229743	0.322633	0.001750	10.5
1658	-1.109422	859.218028	0.322637	0.001980	10.1
1659	-1.114896	860.218013	0.322271	0.002559	8.5
1660	-1.119773	860.204426	0.322276	0.002874	13.6
1661	-1.105233	860.190833	0.322281	0.004656	10.6
1662	-1.115561	861.190833	0.321915	0.003396	9.1
1663	-1.114387	862.190833	0.321551	0.002529	9.4
1664	-1.117414	863.190833	0.321187	0.002402	7.8
1665	-1.119324	864.160044	0.320836	0.005205	7.9
1666	-1.111412	865.160044	0.320474	0.001961	7.5
1667	-1.114671	866.160044	0.320112	0.006225	7.4
1668	-1.112394	867.160044	0.319752	0.002341	8.9
1669	-1.111695	868.160044	0.319392	0.002387	10.7
1670	-1.115836	868.146451	0.319397	0.001713	12.5
1671	-1.119303	868.132858	0.319402	0.004990	8.9
1672	-1.118339	869.132858	0.319043	0.002590	10.9
1673	-1.114600	870.132858	0.318685	0.001940	14.0
1674	-1.117761	870.119274	0.318690	0.002186	8.1
1675	-1.125236	870.105682	0.318695	0.005615	9.8
1676	-1.112744	871.105682	0.318338	0.002477	7.9
1677	-1.120631	872.105682	0.317981	0.002677	8.8
1678	-1.115645	872.144929	0.317967	0.005591	9.3
1679	-1.118934	873.144929	0.317612	0.003171	12.7
1680	-1.116948	874.144929	0.317257	0.002039	9.1
1681	-1.115908	874.131336	0.317262	0.001532	9.1
1682	-1.113837	874.117744	0.317267	0.004776	10.0
1683	-1.112427	875.117744	0.316912	0.002192	9.9
1684	-1.120213	876.117744	0.316559	0.002255	10.6
1685	-1.123528	877.011836	0.316244	0.006222	13.3
1686	-1.115881	878.011836	0.315892	0.003527	11.7
1687	-1.111243	879.011836	0.315541	0.002063	7.2
1688	-1.110222	878.998243	0.315546	0.003639	9.7
1689	-1.120336	879.997427	0.315196	0.005636	11.3
1690	-1.123600	880.997427	0.314847	0.002031	10.8
1691	-1.115304	881.997427	0.314498	0.002162	10.9
1692	-1.116026	881.983835	0.314503	0.001427	10.9
1693	-1.122148	881.970245	0.314507	0.002802	7.4
1694	-1.108550	881.956670	0.314512	0.002560	11.3
1695	-1.107963	881.943077	0.314517	0.003941	11.5
1696	-1.118357	882.943077	0.314169	0.003273	11.2
1697	-1.110840	883.943077	0.313822	0.004593	8.5
1698	-1.118434	884.943077	0.313475	0.005324	9.1
1699	-1.109254	885.943077	0.313130	0.002909	12.7
1700	-1.112470	886.943077	0.312785	0.002448	8.9
1701	-1.116385	886.929484	0.312790	0.004873	6.2
1702	-1.119374	887.929484	0.312445	0.003525	8.6
1703	-1.125230	888.929484	0.312102	0.002009	9.6
1704	-1.115031	889.929484	0.311759	0.004838	8.4
1705	-1.115948	890.927685	0.311418	0.002127	6.1
1706	-1.107164	891.927685	0.311077	0.002013	8.9
1707	-1.114370	891.914092	0.311082	0.003763	12.2
1708	-1.108041	891.900499	0.311086	0.004892	7.5
1709	-1.110888	892.900499	0.310746	0.002183	5.7
1710	-1.106933	893.900499	0.310406	0.002114	10.7
1711	-1.108994	893.886906	0.310411	0.003369	10.4
1712	-1.119851	894.886906	0.310072	0.003129	12.6
1713	-1.108187	894.873313	0.310077	0.003666	8.2
1714	-1.105603	895.873313	0.309738	0.003529	8.4
1715	-1.104581	896.873313	0.309401	0.002940	11.7
1716	-1.115699	897.873313	0.309064	0.005307	9.8
1717	-1.116809	898.873313	0.308728	0.006231	11.0
1718	-1.115688	899.873313	0.308393	0.001949	10.6
1719	-1.128272	900.873313	0.308058	0.002302	10.3
1720	-1.107407	900.859720	0.308063	0.002083	10.1
1721	-1.122154	901.826235	0.307740	0.001810	10.4
1722	-1.112445	901.947804	0.307700	0.002243	12.1
1723	-1.114068	902.947791	0.307367	0.001759	13.5
1724	-1.120322	902.934198	0.307371	0.004507	12.5
1725	-1.108637	903.934198	0.307039	0.002997	11.4
1726	-1.121078	904.934198	0.306707	0.003297	8.8
1727	-1.112501	904.920605	0.306712	0.006015	14.1
1728	-1.117486	905.920605	0.306381	0.005585	9.7
1729	-1.113376	906.920605	0.306051	0.002993	8.1
1730	-1.108221	906.907060	0.306055	0.002111	13.4
1731	-1.119444	907.907060	0.305726	0.002711	10.9
1732	-1.127717	907.893467	0.305730	0.002273	8.8
1733	-1.122832	907.879874	0.305735	0.006112	14.3
1734	-1.122481	908.879874	0.305406	0.002708	10.3
1735	-1.115315	909.879874	0.305078	0.002724	14.1
1736	-1.118999	910.879874	0.304751	0.001927	10.9
1737	-1.110089	911.875828	0.304425	0.002448	12.8
1738	-1.119158	911.908771	0.304414	0.001715	12.1
1739	-1.113790	912.789728	0.304127	0.005199	10.7
1740	-1.114524	913.789728	0.303802	0.003373	11.2
1741	-1.126534	914.789728	0.303477	0.004642	10.4
1742	-1.113087	915.789728	0.303153	0.002082	11.0
1743	-1.109353	916.789726	0.302830	0.001898	9.1
1744	-1.111619	916.776133	0.302834	0.002846	11.8
1745	-1.112252	917.249260	0.302682	0.001354	12.6
1746	-1.115670	917.444407	0.302619	0.002332	11.3
1747	-1.110054	917.430815	0.302623	0.004554	13.3
1748	-1.116175	918.430815	0.302301	0.002096	8.0
1749	-1.122197	919.430815	0.301980	0.002573	13.5
1750	-1.112537	920.429625	0.301659	0.002088	9.8
1751	-1.124566	920.416032	0.301664	0.004357	10.8
1752	-1.111404	921.416032	0.301343	0.006464	10.4
1753	-1.116302	922.416032	0.301024	0.003838	10.5
1754	-1.116187	923.416032	0.300705	0.002020	11.9
1755	-1.116376	924.332930	0.300414	0.002690	10.0
1756	-1.118729	924.319338	0.300418	0.004621	10.1
1757	-1.118621	925.319257	0.300101	0.002254	11.1
1758	-1.117847	926.319257	0.299784	0.001478	10.6
1759	-1.112326	926.305664	0.299788	0.002973	9.4
1760	-1.115963	927.305661	0.299472	0.002630	12.9
1761	-1.118861	928.182706	0.299195	0.003348	12.0
1762	-1.117428	929.182706	0.298880	0.002398	9.8
1763	-1.116765	930.182706	0.298566	0.002129	7.8
1764	-1.112875	930.169113	0.298570	0.006800	20.5
1765	-1.123713	931.169113	0.298257	0.003626	10.3
1766	-1.117671	932.169113	0.297944	0.002447	7.7
1767	-1.116001	932.156173	0.297948	0.002309	7.0
1768	-1.116610	933.156172	0.297636	0.002651	10.2
1769	-1.120731	933.142579	0.297640	0.002278	11.7
1770	-1.112037	933.129017	0.297644	0.005221	11.4
1771	-1.117110	934.129017	0.297332	0.002329	9.5
1772	-1.122805	934.301106	0.297279	0.003654	12.3
1773	-1.115784	934.287513	0.297283	0.001918	12.1
1774	-1.119098	935.287513	0.296972	0.003913	9.3
1775	-1.107368	935.273921	0.296977	0.004115	10.1
1776	-1.108947	936.273921	0.296666	0.002337	12.3
1777	-1.120766	936.260328	0.296670	0.001565	8.5
1778	-1.119180	936.246739	0.296675	0.003299	8.3
1779	-1.119696	936.233147	0.296679	0.004152	11.0
1780	-1.110788	937.233147	0.296369	0.002302	9.9
1781	-1.109022	938.233011	0.296060	0.002465	10.6
1782	-1.114443	939.233007	0.295752	0.003335	6.0
1783	-1.125703	940.215333	0.295450	0.001605	9.2
1784	-1.119265	941.215333	0.295143	0.005243	12.3
1785	-1.112738	942.215333	0.294836	0.002395	10.1
1786	-1.118920	943.215333	0.294531	0.003528	6.3
1787	-1.117506	943.201742	0.294535	0.005676	5.4
1788	-1.107588	944.201742	0.294230	0.001818	9.2
1789	-1.115640	945.201737	0.293925	0.002123	9.7
1790	-1.112904	945.188144	0.293929	0.000594	11.2
1791	-1.111509	945.383099	0.293870	0.003060	6.5
1792	-1.116647	945.393046	0.293867	0.006028	8.1
1793	-1.122409	946.393046	0.293563	0.004623	9.0
1794	-1.117221	946.379453	0.293567	0.003933	8.4
1795	-1.115045	947.379453	0.293264	0.002207	8.3
1796	-1.117548	948.379453	0.292962	0.002930	10.9
1797	-1.112021	948.365860	0.292966	0.004574	5.9
1798	-1.126099	949.365860	0.292664	0.003409	10.6
1799	-1.108070	950.365860	0.292362	0.003685	9.4
1800	-1.115174	950.352267	0.292367	0.005279	8.8
1801	-1.121141	951.352267	0.292066	0.002621	9.4
1802	-1.109424	952.352267	0.291766	0.002468	8.9
1803	-1.120449	952.342785	0.291769	0.003436	8.6
1804	-1.122287	952.329192	0.291773	0.005566	8.6
1805	-1.115204	952.315599	0.291777	0.004325	9.4
1806	-1.111384	953.315599	0.291477	0.002081	9.5
1807	-1.110025	954.315599	0.291178	0.004483	11.0
1808	-1.112266	955.315599	0.290880	0.003357	9.1
1809	-1.113241	956.315599	0.290583	0.002027	8.8
1810	-1.111223	956.302006	0.290587	0.004389	10.1
1811	-1.119396	957.302006	0.290290	0.004065	9.6
1812	-1.115503	958.302006	0.289993	0.001876	7.6
1813	-1.120048	958.458472	0.289947	0.002072	6.5
1814	-1.117387	958.445436	0.289951	0.007043	8.9
1815	-1.109123	959.445436	0.289655	0.002455	8.8
1816	-1.115862	960.445436	0.289360	0.003465	8.5
1817	-1.110578	960.431843	0.289364	0.003108	10.8
1818	-1.116624	961.431827	0.289069	0.004149	7.8
1819	-1.126436	962.426994	0.288777	0.002132	8.6
1820	-1.115971	963.426908	0.288483	0.002056	10.7
1821	-1.114120	963.432460	0.288482	0.002330	8.2
1822	-1.120828	963.419020	0.288486	0.002339	10.6
1823	-1.113838	963.405986	0.288490	0.003761	11.0
1824	-1.109493	964.405986	0.288197	0.002315	8.3
1825	-1.120656	965.405986	0.287905	0.006014	6.4
1826	-1.113956	966.405986	0.287613	0.003364	8.7
1827	-1.107633	967.405986	0.287322	0.002187	19.5
1828	-1.118145	967.392398	0.287326	0.003413	8.7
1829	-1.113710	968.392398	0.287036	0.001862	14.2
1830	-1.119670	969.392398	0.286746	0.001622	12.4
1831	-1.108774	969.378805	0.286750	0.002209	15.0
1832	-1.111236	969.365212	0.286754	0.003697	8.2
1833	-1.120250	969.361876	0.286755	0.002633	9.4
1834	-1.120413	969.348283	0.286759	0.001827	9.4
1835	-1.113031	970.345772	0.286470	0.005134	8.6
1836	-1.114339	971.345772	0.286181	0.004061	9.0
1837	-1.122917	972.345772	0.285893	0.002285	8.4
1838	-1.123317	973.345772	0.285606	0.002631	9.3
1839	-1.114786	973.332179	0.285610	0.004364	9.6
1840	-1.120076	974.332179	0.285323	0.002422	9.3
1841	-1.109647	975.332179	0.285036	0.003288	12.0
1842	-1.109889	976.332179	0.284751	0.002404	7.7
1843	-1.125893	977.332179	0.284465	0.002609	8.0
1844	-1.110739	978.320481	0.284184	0.003298	10.6
1845	-1.124427	979.320481	0.283900	0.006433	7.9
1846	-1.116201	980.320481	0.283616	0.003111	9.1
1847	-1.117086	981.320481	0.283333	0.002782	10.5
1848	-1.112235	981.306888	0.283337	0.004529	10.0
1849	-1.120005	982.276270	0.283064	0.003211	7.6
1850	-1.122406	983.276270	0.282782	0.003102	8.3
1851	-1.116574	983.262677	0.282785	0.001778	7.1
1852	-1.115648	983.249085	0.282789	0.004877	9.2
1853	-1.118549	984.249085	0.282508	0.001386	7.5
1854	-1.119061	985.249085	0.282227	0.004208	7.5
1855	-1.114220	985.235492	0.282231	0.001782	7.4
1856	-1.121604	986.123420	0.281982	0.004250	11.3
1857	-1.124312	987.123420	0.281703	0.002413	8.8
1858	-1.120775	988.123420	0.281423	0.003609	9.1
1859	-1.116336	988.109827	0.281427	0.007135	9.1
1860	-1.105391	989.109827	0.281149	0.005099	8.6
1861	-1.117743	990.109827	0.280870	0.004769	8.7
1862	-1.114634	990.096234	0.280874	0.002685	8.1
1863	-1.121888	990.082641	0.280878	0.002853	7.7
1864	-1.132717	991.082641	0.280601	0.001263	6.4
1865	-1.111688	992.082270	0.280324	0.003366	7.8
1866	-1.115888	992.068678	0.280327	0.003032	9.6
1867	-1.112344	993.068678	0.280051	0.002078	6.2
1868	-1.108044	994.068678	0.279775	0.001803	8.9
1869	-1.112405	994.055085	0.279779	0.002238	9.5
1870	-1.118559	994.041492	0.279783	0.005616	8.2
1871	-1.114265	995.041492	0.279507	0.002926	7.7
1872	-1.121815	996.041492	0.279232	0.005906	6.6
1873	-1.121405	997.041492	0.278958	0.003253	8.1
1874	-1.109796	998.041492	0.278684	0.002067	7.9
1875	-1.114582	998.027899	0.278688	0.002065	9.2
1876	-1.117548	999.021361	0.278417	0.004646	8.3
1877	-1.119275	1000.021361	0.278144	0.003454	7.3
1878	-1.115834	1001.021361	0.277872	0.002775	9.6
1879	-1.126636	1002.021361	0.277600	0.002113	8.2
1880	-1.123505	1002.007819	0.277604	0.003085	9.5
1881	-1.109036	1001.994392	0.277607	0.003919	9.6
1882	-1.115065	1002.994392	0.277336	0.002305	6.1
1883	-1.110561	1003.994392	0.277066	0.003067	10.6
1884	-1.114212	1004.056910	0.277049	0.006121	8.4
1885	-1.111464	1005.056910	0.276779	0.002466	11.2
1886	-1.117857	1006.056910	0.276509	0.002084	7.6
1887	-1.121972	1007.029731	0.276248	0.001574	8.2
1888	-1.118229	1007.031988	0.276247	0.004925	10.7
1889	-1.117851	1008.031988	0.275979	0.002043	10.1
1890	-1.104119	1008.018395	0.275982	0.003247	9.2
1891	-1.125298	1009.018395	0.275714	0.001616	8.6
1892	-1.111261	1009.004802	0.275718	0.002103	15.0
1893	-1.106528	1008.991209	0.275722	0.002613	10.2
1894	-1.113613	1009.000053	0.275719	0.002285	11.5
1895	-1.118179	1008.987619	0.275723	0.002165	5.5
1896	-1.117852	1008.974028	0.275726	0.003475	11.7
1897	-1.113595	1009.974028	0.275459	0.001775	7.4
1898	-1.115237	1010.974028	0.275192	0.005627	7.5
1899	-1.119072	1011.974028	0.274925	0.005981	9.3
1900	-1.120674	1012.974028	0.274660	0.002398	11.1
1901	-1.109910	1013.974027	0.274394	0.002834	8.3
1902	-1.123315	1013.960435	0.274398	0.002535	11.1
1903	-1.112003	1013.946842	0.274401	0.003859	10.5
1904	-1.124977	1014.946842	0.274137	0.001617	8.4
1905	-1.113757	1015.946842	0.273872	0.003249	9.6
1906	-1.118816	1015.934034	0.273876	0.001541	10.0
1907	-1.122126	1015.920441	0.273879	0.002338	9.2
1908	-1.119698	1016.919583	0.273616	0.003960	9.1
1909	-1.115810	1017.917177	0.273353	0.005334	11.8
1910	-1.120750	1018.917177	0.273090	0.003112	9.0
1911	-1.125379	1019.917153	0.272828	0.003089	9.9
1912	-1.114545	1019.903560	0.272831	0.005929	8.1
1913	-1.123023	1019.889969	0.272835	0.003631	10.5
1914	-1.109373	1020.889969	0.272573	0.001884	13.8
1915	-1.111314	1021.889967	0.272311	0.002866	11.9
1916	-1.111133	1022.889967	0.272051	0.005229	10.5
1917	-1.113548	1023.889967	0.271790	0.002966	19.5
1918	-1.126149	1024.889967	0.271530	0.001309	13.8
1919	-1.117146	1024.876374	0.271534	0.003717	13.4
1920	-1.122685	1025.876331	0.271275	0.002430	12.9
1921	-1.120420	1026.876331	0.271016	0.002606	10.5
1922	-1.115627	1027.744833	0.270791	0.002685	8.5
1923	-1.116991	1027.731240	0.270795	0.003962	8.8
1924	-1.114437	1028.731240	0.270537	0.002968	9.5
1925	-1.119444	1029.495490	0.270340	0.005448	9.8
1926	-1.116883	1030.495490	0.270083	0.003442	11.8
1927	-1.117920	1031.495490	0.269826	0.002608	8.2
1928	-1.108016	1031.481897	0.269830	0.003899	10.5
1929	-1.116626	1032.481896	0.269574	0.004481	8.2
1930	-1.128916	1033.481896	0.269318	0.002803	12.8
1931	-1.104577	1034.440431	0.269073	0.003286	8.2
1932	-1.115241	1034.426838	0.269077	0.001460	8.5
1933	-1.119938	1034.452792	0.269070	0.003091	9.3
1934	-1.114808	1034.439199	0.269074	0.002204	10.2
1935	-1.113914	1035.439199	0.268819	0.003323	9.7
1936	-1.116700	1036.439159	0.268565	0.006280	9.9
1937	-1.118015	1037.439159	0.268311	0.005274	8.5
1938	-1.115412	1038.439159	0.268058	0.003911	9.0
1939	-1.118857	1039.439159	0.267805	0.001676	9.3
1940	-1.120084	1039.438508	0.267805	0.002820	8.9
1941	-1.117811	1039.424915	0.267809	0.002866	10.3
1942	-1.111075	1039.411322	0.267812	0.005531	7.7
1943	-1.117275	1040.411322	0.267560	0.002513	11.9
1944	-1.115558	1040.397729	0.267563	0.002648	8.2
1945	-1.116764	1040.404073	0.267562	0.005332	10.1
1946	-1.112600	1041.404073	0.267310	0.002193	8.4
1947	-1.121024	1042.404010	0.267058	0.002746	7.1
1948	-1.117270	1042.391309	0.267062	0.001859	11.1
1949	-1.121359	1042.377716	0.267065	0.002168	9.8
1950	-1.117800	1042.364129	0.267068	0.003776	7.4
1951	-1.110329	1043.364129	0.266817	0.002894	6.4
1952	-1.122090	1044.364129	0.266567	0.002383	7.3
1953	-1.115580	1045.346835	0.266321	0.001703	7.5
1954	-1.120440	1045.462108	0.266293	0.006489	7.0
1955	-1.127519	1046.462108	0.266043	0.004553	10.6
1956	-1.114381	1047.462108	0.265794	0.001643	11.1
1957	-1.114125	1048.460075	0.265546	0.003328	11.2
1958	-1.133284	1049.460075	0.265298	0.003939	14.9
1959	-1.111753	1050.460075	0.265050	0.004450	10.2
1960	-1.107367	1051.460075	0.264803	0.003046	13.9
1961	-1.127919	1051.446482	0.264807	0.004800	11.2
1962	-1.118675	1052.446482	0.264560	0.002987	10.1
1963	-1.110702	1053.446482	0.264314	0.001589	11.0
1964	-1.122441	1053.432889	0.264317	0.001218	11.4
1965	-1.114188	1053.419775	0.264320	0.005897	10.5
1966	-1.116905	1054.419774	0.264074	0.004672	9.9
1967	-1.113147	1055.419774	0.263829	0.003858	11.7
1968	-1.129278	1056.419774	0.263584	0.004541	9.4
1969	-1.112610	1057.419774	0.263340	0.003262	9.2
1970	-1.117519	1058.419774	0.263096	0.003211	10.7
1971	-1.111434	1059.419774	0.262852	0.002584	9.2
1972	-1.120468	1060.419772	0.262609	0.003746	11.7
1973	-1.118468	1061.419772	0.262367	0.002404	7.0
1974	-1.110415	1062.419772	0.262125	0.003380	9.6
1975	-1.105483	1063.419772	0.261883	0.002077	11.0
1976	-1.117167	1063.406179	0.261886	0.005311	8.9
1977	-1.111296	1063.437234	0.261879	0.001840	9.5
1978	-1.113372	1064.437234	0.261637	0.002503	8.9
1979	-1.118470	1064.423642	0.261641	0.002318	9.9
1980	-1.109940	1064.495781	0.261623	0.005626	7.8
1981	-1.113519	1065.495781	0.261382	0.002044	7.3
1982	-1.116656	1066.495781	0.261142	0.002755	9.1
1983	-1.109624	1067.495705	0.260902	0.002770	11.8
1984	-1.118533	1068.495705	0.260663	0.006094	6.9
1985	-1.120451	1068.929472	0.260559	0.004447	7.9
1986	-1.107557	1069.929472	0.260320	0.001887	7.8
1987	-1.114827	1070.929471	0.260082	0.002051	7.0
1988	-1.118807	1071.925669	0.259845	0.002444	11.9
1989	-1.120636	1071.912109	0.259848	0.003147	8.8
1990	-1.117977	1072.912109	0.259610	0.002709	8.3
1991	-1.108483	1072.898516	0.259614	0.004548	10.3
1992	-1.121679	1073.898516	0.259376	0.002344	10.2
1993	-1.116766	1074.898376	0.259140	0.002201	10.7
1994	-1.118002	1074.884784	0.259143	0.002359	8.3
1995	-1.110827	1074.871191	0.259146	0.002103	6.0
1996	-1.111341	1075.802114	0.258926	0.004892	7.5
1997	-1.115563	1076.802114	0.258690	0.003019	6.7
1998	-1.115824	1077.802114	0.258455	0.003852	8.6
1999	-1.121849	1077.788521	0.258458	0.002116	6.2
