1:ItNr	2:Metric	2:Metric0	2:Metric1	3a:Time	3b:StepSize	4:||Gradient0||	4:||Gradient1||	4:||Gradient||	Time0[ms]	Time1[ms]	Time[ms]
0	-0.565469	-0.565472	0.000000	0.000000	1308.454027	0.001811	0.000000	0.001811	77.9	84.9	1152.3
1	-0.582650	-0.582652	0.000000	0.000000	1308.454027	0.001662	0.000000	0.001662	67.2	127.2	195.6
2	-0.576440	-0.576443	0.000000	0.000000	1308.454027	0.001830	0.000000	0.001830	53.9	99.3	154.4
3	-0.585341	-0.585343	0.000000	0.000000	1308.454027	0.002003	0.000000	0.002003	50.2	135.1	186.5
4	-0.577471	-0.577474	0.000000	0.000000	1308.454027	0.001618	0.000000	0.001618	30.5	117.6	149.3
5	-0.577288	-0.577291	0.000000	0.000000	1308.454027	0.001837	0.000000	0.001837	38.7	76.0	115.9
6	-0.577097	-0.577099	0.000000	0.000000	1308.454027	0.002293	0.000000	0.002293	88.9	91.0	181.1
7	-0.594216	-0.594218	0.000000	0.448599	1281.087593	0.001655	0.000000	0.001655	101.3	93.2	195.8
8	-0.593778	-0.593780	0.000000	0.228119	1294.393270	0.001618	0.000000	0.001618	56.0	124.7	181.9
9	-0.595236	-0.595238	0.000000	0.351256	1286.928256	0.001748	0.000000	0.001748	52.4	74.6	128.2
10	-0.584421	-0.584423	0.000000	1.351256	1229.350809	0.001398	0.000000	0.001398	40.5	113.5	155.3
11	-0.581262	-0.581264	0.000000	1.140444	1241.056145	0.001710	0.000000	0.001710	51.2	91.9	144.6
12	-0.595905	-0.595908	0.000000	0.919964	1253.539211	0.001202	0.000000	0.001202	72.9	90.7	164.9
13	-0.579427	-0.579430	0.000000	1.919964	1198.847191	0.001861	0.000000	0.001861	47.4	100.2	148.7
14	-0.593263	-0.593265	0.000000	1.699591	1210.485901	0.002100	0.000000	0.002100	57.8	87.8	146.8
15	-0.589422	-0.589424	0.000000	2.699591	1159.409665	0.002005	0.000000	0.002005	61.5	127.8	190.4
16	-0.582158	-0.582161	0.000000	3.699591	1112.469224	0.001538	0.000000	0.001538	36.7	92.1	130.3
17	-0.587334	-0.587337	0.000000	4.699591	1069.181795	0.001360	0.000000	0.001360	56.6	104.8	162.7
18	-0.590823	-0.590825	0.000000	5.316899	1044.102280	0.001809	0.000000	0.001809	44.0	106.9	152.2
19	-0.589990	-0.589993	0.000001	5.096545	1052.918482	0.002201	0.000000	0.002201	50.4	122.0	174.1
20	-0.595975	-0.595977	0.000001	6.096545	1014.060448	0.001581	0.000000	0.001581	48.1	140.7	190.0
21	-0.594723	-0.594726	0.000001	5.876464	1022.364185	0.002006	0.000000	0.002006	30.6	79.4	111.1
22	-0.602924	-0.602926	0.000001	6.876464	985.689369	0.001572	0.000000	0.001572	48.2	100.8	150.3
23	-0.594324	-0.594327	0.000001	7.875594	951.583350	0.001100	0.000000	0.001100	55.8	122.6	179.5
24	-0.598784	-0.598787	0.000001	7.655114	958.905090	0.001676	0.000000	0.001676	37.7	112.5	151.6
25	-0.579943	-0.579946	0.000001	7.874137	951.631356	0.001840	0.000000	0.001840	45.4	132.2	178.8
26	-0.578788	-0.578791	0.000001	8.873948	919.782500	0.002140	0.000000	0.002140	37.7	95.2	134.1
27	-0.586876	-0.586879	0.000001	9.873948	889.990959	0.001782	0.000000	0.001782	43.9	90.4	135.5
28	-0.584955	-0.584957	0.000001	9.895886	889.359013	0.001917	0.000000	0.001917	50.7	123.1	175.1
29	-0.583960	-0.583963	0.000001	10.895886	861.475824	0.001342	0.000000	0.001342	88.0	92.7	181.9
30	-0.588823	-0.588826	0.000001	10.696246	866.901848	0.001839	0.000000	0.001839	54.9	112.0	168.3
31	-0.600831	-0.600834	0.000001	11.696246	840.388045	0.001263	0.000000	0.001263	54.3	168.2	223.9
32	-0.594773	-0.594775	0.000001	11.475766	846.093498	0.001716	0.000000	0.001716	33.4	127.3	162.3
33	-0.607191	-0.607194	0.000001	12.076987	830.714544	0.001620	0.000000	0.001620	47.0	131.7	179.8
34	-0.587341	-0.587344	0.000001	13.076974	806.337272	0.001655	0.000000	0.001655	74.5	104.1	179.8
35	-0.589127	-0.589130	0.000001	12.856494	811.588301	0.001263	0.000000	0.001263	87.1	85.7	174.1
36	-0.597054	-0.597058	0.000001	12.657194	816.394087	0.001338	0.000000	0.001338	97.5	129.7	228.7
37	-0.598445	-0.598448	0.000001	13.657191	792.837908	0.001602	0.000000	0.001602	56.6	105.9	163.6
38	-0.592496	-0.592499	0.000001	13.438470	797.873270	0.002073	0.000000	0.002073	45.3	112.1	159.6
39	-0.590512	-0.590515	0.000001	13.217990	803.014288	0.001409	0.000000	0.001409	66.0	140.7	207.9
40	-0.594436	-0.594439	0.000001	14.217990	780.213035	0.001251	0.000000	0.001251	64.2	167.2	232.6
41	-0.594874	-0.594877	0.000001	13.997509	785.128287	0.002022	0.000000	0.002022	51.6	138.5	191.5
42	-0.590910	-0.590913	0.000001	14.880479	765.807358	0.001550	0.000000	0.001550	49.3	133.1	184.2
43	-0.589152	-0.589155	0.000001	15.880479	745.042786	0.001325	0.000000	0.001325	54.8	115.6	171.5
44	-0.584359	-0.584362	0.000001	16.880478	725.374537	0.001729	0.000000	0.001729	80.1	140.6	221.8
45	-0.599046	-0.599050	0.000001	16.702770	728.793521	0.002984	0.000000	0.002984	77.4	94.8	173.6
46	-0.593949	-0.593952	0.000001	17.702770	709.962995	0.002552	0.000000	0.002552	65.2	150.8	217.3
47	-0.601223	-0.601226	0.000001	18.702770	692.081044	0.001621	0.000000	0.001621	86.4	195.4	283.1
48	-0.596603	-0.596606	0.000001	19.702770	675.077753	0.002059	0.000000	0.002059	56.3	109.2	166.8
49	-0.592730	-0.592733	0.000001	20.702770	658.889914	0.001476	0.000000	0.001476	56.3	122.1	179.7
50	-0.605553	-0.605556	0.000001	21.702770	643.460237	0.002323	0.000000	0.002323	43.5	129.3	174.0
51	-0.599572	-0.599576	0.000001	22.702769	628.736695	0.002880	0.000000	0.002880	87.6	110.6	199.5
52	-0.598568	-0.598571	0.000001	23.702769	614.671868	0.002283	0.000000	0.002283	81.3	125.8	208.3
53	-0.601360	-0.601364	0.000001	24.702769	601.222533	0.001746	0.000000	0.001746	27.9	129.6	158.8
54	-0.596657	-0.596661	0.000001	24.482289	604.137022	0.001637	0.000000	0.001636	45.7	144.5	191.7
55	-0.610233	-0.610236	0.000001	25.482289	591.139878	0.001427	0.000000	0.001427	37.2	124.7	164.3
56	-0.605806	-0.605809	0.000001	25.608835	589.534897	0.001062	0.000000	0.001062	51.5	112.2	165.0
57	-0.600361	-0.600365	0.000001	26.570254	577.620089	0.002073	0.000000	0.002073	39.1	137.9	178.3
58	-0.598704	-0.598707	0.000001	26.349774	580.309728	0.001672	0.000000	0.001672	83.5	104.6	189.4
59	-0.597625	-0.597629	0.000001	27.349750	568.307681	0.001385	0.000000	0.001385	47.5	104.2	154.9
60	-0.584612	-0.584616	0.000001	27.129270	570.911099	0.001665	0.000000	0.001665	57.9	108.3	168.6
61	-0.593461	-0.593465	0.000001	28.129267	559.290545	0.001638	0.000000	0.001638	16.2	142.2	159.5
62	-0.606862	-0.606866	0.000001	29.129267	548.133579	0.001647	0.000000	0.001647	37.8	110.0	149.0
63	-0.604307	-0.604311	0.000001	30.129267	537.413034	0.001669	0.000000	0.001669	44.2	97.3	142.6
64	-0.599002	-0.599006	0.000001	31.129267	527.103796	0.001066	0.000000	0.001066	53.4	125.3	179.8
65	-0.618026	-0.618029	0.000001	32.129266	517.182648	0.002416	0.000000	0.002416	46.0	96.0	143.1
66	-0.598708	-0.598712	0.000001	31.908786	519.337839	0.003281	0.000000	0.003281	43.5	122.7	168.9
67	-0.591788	-0.591792	0.000001	32.908786	509.704199	0.002009	0.000000	0.002009	48.6	91.3	141.5
68	-0.600739	-0.600743	0.000001	33.908786	500.421455	0.001208	0.000000	0.001208	67.1	94.1	162.3
69	-0.601238	-0.601242	0.000001	33.688307	502.438931	0.001252	0.000000	0.001252	40.3	112.7	154.8
70	-0.608751	-0.608755	0.000001	34.688298	493.416671	0.001198	0.000000	0.001198	36.4	141.9	179.7
71	-0.597722	-0.597726	0.000001	34.467818	495.377963	0.000928	0.000000	0.000928	48.9	141.0	191.2
72	-0.603478	-0.603482	0.000001	34.247337	497.354910	0.002107	0.000000	0.002107	46.8	124.6	172.7
73	-0.608236	-0.608240	0.000001	35.247336	488.512637	0.001876	0.000000	0.001876	54.3	124.3	179.9
74	-0.602804	-0.602808	0.000001	36.247336	479.979268	0.001806	0.000000	0.001806	66.3	93.8	166.1
75	-0.598064	-0.598068	0.000001	37.247336	471.738904	0.001367	0.000000	0.001367	45.9	100.1	147.2
76	-0.602634	-0.602638	0.000001	37.026856	473.531333	0.001636	0.000000	0.001636	47.7	84.4	133.5
77	-0.606486	-0.606490	0.000001	36.887053	474.674962	0.002050	0.000000	0.002050	33.2	132.4	166.7
78	-0.606417	-0.606421	0.000001	37.887049	466.614220	0.001998	0.000000	0.001998	35.0	125.1	161.5
79	-0.603197	-0.603201	0.000001	38.887049	458.822648	0.001869	0.000000	0.001869	35.2	147.1	183.4
80	-0.614210	-0.614214	0.000001	38.666569	460.518092	0.001246	0.000000	0.001246	57.5	110.3	169.0
81	-0.586905	-0.586909	0.000001	39.666569	452.927125	0.001367	0.000000	0.001366	45.8	97.0	144.1
82	-0.607903	-0.607908	0.000001	39.446100	454.579115	0.001936	0.000000	0.001936	56.2	93.2	151.7
83	-0.600094	-0.600098	0.000001	39.225620	456.243285	0.001725	0.000000	0.001725	64.9	94.8	160.8
84	-0.608638	-0.608642	0.000001	40.225620	448.791449	0.001411	0.000000	0.001411	53.8	121.6	176.6
85	-0.600170	-0.600174	0.000001	41.225620	441.579123	0.001320	0.000000	0.001320	44.7	121.3	167.2
86	-0.608582	-0.608587	0.000001	41.005140	443.149300	0.001887	0.000000	0.001887	54.8	143.3	199.2
87	-0.614544	-0.614548	0.000001	42.005132	436.115815	0.001665	0.000000	0.001665	67.1	88.9	157.2
88	-0.608424	-0.608428	0.000001	43.005132	429.302051	0.002023	0.000000	0.002023	45.3	135.5	182.3
89	-0.593663	-0.593667	0.000001	44.005132	422.697926	0.001962	0.000000	0.001962	57.2	91.1	149.4
90	-0.605901	-0.605905	0.000001	45.005132	416.293910	0.001721	0.000000	0.001721	49.2	80.8	131.1
91	-0.598658	-0.598662	0.000001	46.005132	410.081044	0.002310	0.000000	0.002310	85.7	100.3	187.1
92	-0.598965	-0.598969	0.000001	47.005132	404.050895	0.002324	0.000000	0.002324	60.4	92.4	153.9
93	-0.599594	-0.599598	0.000001	48.005132	398.195521	0.001413	0.000000	0.001413	80.5	156.9	238.7
94	-0.605151	-0.605155	0.000001	49.005096	392.507632	0.002106	0.000000	0.002106	29.1	145.0	175.2
95	-0.599878	-0.599882	0.000001	48.784616	393.747736	0.001509	0.000000	0.001509	23.7	95.1	120.1
96	-0.611035	-0.611039	0.000001	49.784616	388.185118	0.001609	0.000000	0.001609	64.3	84.3	149.7
97	-0.602345	-0.602349	0.000001	50.766313	382.875102	0.002104	0.000000	0.002104	40.0	112.8	154.0
98	-0.603563	-0.603567	0.000001	51.766313	377.613394	0.001998	0.000000	0.001998	17.8	92.9	112.1
99	-0.598786	-0.598791	0.000001	52.766313	372.494345	0.001107	0.000000	0.001107	44.8	106.4	152.8
100	-0.606397	-0.606402	0.000001	53.766313	367.512231	0.001788	0.000000	0.001788	69.9	93.4	164.4
101	-0.604638	-0.604642	0.000001	54.766255	362.661907	0.001681	0.000000	0.001681	20.3	119.4	141.0
102	-0.605715	-0.605719	0.000001	55.766255	357.937671	0.001549	0.000000	0.001549	45.6	139.3	187.3
103	-0.606769	-0.606773	0.000001	56.766255	353.334934	0.001450	0.000000	0.001450	43.2	128.0	172.5
104	-0.596708	-0.596712	0.000001	57.256876	351.119748	0.002267	0.000000	0.002267	36.0	125.2	162.5
105	-0.601114	-0.601119	0.000001	58.256876	346.689599	0.001772	0.000000	0.001772	59.1	85.8	146.1
106	-0.606701	-0.606706	0.000001	59.256876	342.369850	0.001595	0.000000	0.001595	59.3	89.7	153.3
107	-0.603565	-0.603569	0.000001	60.256876	338.156424	0.001931	0.000000	0.001931	57.8	119.9	181.0
108	-0.607970	-0.607975	0.000001	61.256876	334.045443	0.001677	0.000000	0.001677	50.4	91.3	142.9
109	-0.599858	-0.599862	0.000001	62.256876	330.033216	0.001332	0.000000	0.001332	40.6	129.0	170.8
110	-0.600689	-0.600693	0.000001	62.036396	330.909528	0.001565	0.000000	0.001565	64.5	127.2	193.2
111	-0.607530	-0.607534	0.000001	63.036396	326.971835	0.001754	0.000000	0.001754	64.9	125.4	191.5
112	-0.605899	-0.605903	0.000001	64.036396	323.126754	0.001381	0.000000	0.001381	42.9	127.9	171.9
113	-0.599914	-0.599919	0.000001	65.036396	319.371056	0.001290	0.000000	0.001290	20.7	127.5	149.5
114	-0.606954	-0.606959	0.000001	64.815924	320.191558	0.001446	0.000000	0.001446	37.6	102.9	141.9
115	-0.596133	-0.596138	0.000001	65.815924	316.503393	0.001738	0.000000	0.001738	52.1	76.8	130.0
116	-0.603342	-0.603347	0.000001	65.595446	317.309232	0.001368	0.000000	0.001368	65.2	99.7	166.0
117	-0.596667	-0.596671	0.000001	66.595446	313.686792	0.001133	0.000000	0.001133	44.5	123.5	169.2
118	-0.603445	-0.603449	0.000001	66.378782	314.464609	0.001733	0.000000	0.001733	47.8	120.3	169.3
119	-0.609766	-0.609770	0.000001	66.158302	315.260095	0.002020	0.000000	0.002020	53.9	120.4	175.5
120	-0.607729	-0.607733	0.000001	67.158302	311.684027	0.001738	0.000000	0.001738	41.5	114.6	157.5
121	-0.598658	-0.598663	0.000001	66.937823	312.465485	0.001843	0.000000	0.001843	48.9	87.6	137.9
122	-0.594914	-0.594919	0.000001	67.937823	308.952182	0.001443	0.000000	0.001443	54.0	124.1	179.5
123	-0.596970	-0.596974	0.000001	68.937809	305.517056	0.001472	0.000000	0.001472	40.2	168.8	210.1
124	-0.592573	-0.592577	0.000001	68.717329	306.267864	0.001636	0.000000	0.001636	71.5	86.0	158.8
125	-0.612042	-0.612046	0.000001	69.717329	302.891796	0.001662	0.000000	0.001662	108.1	107.6	217.1
126	-0.600625	-0.600630	0.000001	69.496883	303.629623	0.001937	0.000000	0.001937	72.3	80.1	154.0
127	-0.604924	-0.604928	0.000001	70.496883	300.311154	0.001365	0.000000	0.001364	54.0	112.4	167.6
128	-0.598530	-0.598534	0.000001	70.318233	300.898666	0.001873	0.000000	0.001873	35.2	107.4	143.9
129	-0.606344	-0.606348	0.000001	71.146760	298.193172	0.002094	0.000000	0.002094	65.1	120.6	187.5
130	-0.596971	-0.596976	0.000001	72.146760	294.991846	0.001489	0.000000	0.001489	42.8	113.8	157.9
131	-0.602823	-0.602827	0.000001	73.146760	291.858527	0.001268	0.000000	0.001268	37.2	100.3	138.8
132	-0.604617	-0.604621	0.000001	74.146759	288.791071	0.001710	0.000000	0.001710	83.3	86.7	171.2
133	-0.599346	-0.599351	0.000001	75.146759	285.787422	0.001747	0.000000	0.001747	80.9	95.8	178.3
134	-0.608183	-0.608188	0.000001	76.146759	282.845611	0.002172	0.000000	0.002172	66.5	100.1	168.0
135	-0.604969	-0.604973	0.000001	77.146759	279.963747	0.003345	0.000000	0.003345	61.3	119.6	182.3
136	-0.596259	-0.596264	0.000001	78.146759	277.140017	0.002143	0.000000	0.002143	25.4	96.7	123.3
137	-0.603748	-0.603753	0.000001	79.146759	274.372678	0.001524	0.000000	0.001524	68.5	108.5	178.8
138	-0.600938	-0.600942	0.000001	78.926279	274.978062	0.001579	0.000000	0.001579	79.4	105.0	185.6
139	-0.610896	-0.610901	0.000001	79.926279	272.253518	0.002311	0.000000	0.002311	77.1	106.3	184.6
140	-0.609087	-0.609091	0.000001	79.705799	272.849576	0.001443	0.000000	0.001443	59.5	116.5	177.9
141	-0.606197	-0.606202	0.000001	80.705799	270.166842	0.001358	0.000000	0.001358	25.8	89.4	116.5
142	-0.589141	-0.589145	0.000001	81.654200	267.670827	0.001457	0.000000	0.001457	38.3	135.0	174.5
143	-0.603566	-0.603571	0.000001	82.556624	265.338262	0.001808	0.000000	0.001808	55.6	101.9	158.6
144	-0.601555	-0.601560	0.000001	83.556624	262.800515	0.001374	0.000000	0.001374	72.0	120.4	193.6
145	-0.595256	-0.595261	0.000001	83.336143	263.355858	0.001789	0.000000	0.001789	59.6	107.1	168.0
146	-0.608680	-0.608684	0.000001	84.336143	260.855711	0.002625	0.000000	0.002625	62.2	89.6	153.0
147	-0.600333	-0.600338	0.000001	85.336143	258.402587	0.001173	0.000000	0.001173	38.3	109.7	149.7
148	-0.616306	-0.616311	0.000001	85.115668	258.939468	0.001647	0.000000	0.001647	34.2	110.3	145.7
149	-0.606324	-0.606329	0.000001	86.111344	256.532442	0.001326	0.000000	0.001326	63.2	86.2	150.4
150	-0.604958	-0.604962	0.000001	87.110952	254.160509	0.001525	0.000000	0.001525	56.2	127.3	192.0
151	-0.605950	-0.605955	0.000001	88.110952	251.831132	0.001746	0.000000	0.001746	37.0	126.1	164.5
152	-0.609844	-0.609849	0.000001	89.110952	249.544065	0.001536	0.000000	0.001536	42.8	115.6	160.3
153	-0.604112	-0.604117	0.000001	90.110952	247.298165	0.001228	0.000000	0.001228	56.8	115.7	176.4
154	-0.613139	-0.613144	0.000001	91.110950	245.092335	0.001136	0.000000	0.001135	42.5	82.7	126.6
155	-0.606879	-0.606884	0.000001	90.890497	245.575230	0.001202	0.000000	0.001202	105.8	87.4	194.5
156	-0.606002	-0.606007	0.000001	90.670614	246.058776	0.001251	0.000000	0.001251	34.7	138.3	174.3
157	-0.613023	-0.613028	0.000001	91.442695	244.369227	0.001279	0.000000	0.001279	55.3	133.5	190.1
158	-0.605374	-0.605378	0.000001	92.438139	242.224836	0.001716	0.000000	0.001716	39.9	115.6	157.5
159	-0.603100	-0.603105	0.000001	92.957540	241.120812	0.001662	0.000000	0.001662	41.5	121.7	164.7
160	-0.608929	-0.608934	0.000001	93.957540	239.023335	0.002059	0.000000	0.002059	46.3	81.9	129.5
161	-0.612601	-0.612605	0.000001	94.957540	236.962035	0.001263	0.000000	0.001263	67.5	104.5	173.2
162	-0.594415	-0.594420	0.000001	95.957540	234.935983	0.001691	0.000000	0.001691	61.5	104.2	166.8
163	-0.593703	-0.593708	0.000001	95.954543	234.942003	0.001563	0.000000	0.001563	98.6	145.7	245.6
164	-0.605644	-0.605649	0.000001	95.734165	235.385541	0.001582	0.000000	0.001581	38.1	139.0	178.5
165	-0.608047	-0.608052	0.000001	96.734165	233.386244	0.001791	0.000000	0.001791	24.4	117.2	143.1
166	-0.594746	-0.594751	0.000001	97.734165	231.420624	0.001676	0.000000	0.001676	54.7	119.0	175.6
167	-0.611007	-0.611012	0.000001	98.726165	229.503171	0.001090	0.000000	0.001090	39.0	95.2	135.4
168	-0.619832	-0.619836	0.000001	99.726135	227.602205	0.001602	0.000000	0.001602	26.4	109.6	137.2
169	-0.603256	-0.603260	0.000001	100.726031	225.732609	0.001907	0.000000	0.001907	47.1	133.8	182.1
170	-0.612316	-0.612321	0.000001	100.505551	226.142217	0.001892	0.000000	0.001892	49.7	106.6	157.7
171	-0.595688	-0.595693	0.000001	101.505551	224.296241	0.001432	0.000000	0.001432	37.8	123.9	162.8
172	-0.612313	-0.612318	0.000001	101.914439	223.550095	0.001159	0.000000	0.001159	59.7	100.4	165.1
173	-0.599965	-0.599970	0.000001	101.693959	223.951813	0.001463	0.000000	0.001463	62.5	84.0	148.2
174	-0.604826	-0.604831	0.000001	101.473677	224.354615	0.001421	0.000000	0.001421	37.0	147.5	186.0
175	-0.607687	-0.607692	0.000001	101.253197	224.759232	0.001894	0.000000	0.001894	22.9	136.9	160.9
176	-0.612119	-0.612124	0.000001	101.688846	223.961147	0.002437	0.000000	0.002437	28.1	100.1	130.0
177	-0.612702	-0.612707	0.000001	102.688846	222.150465	0.002206	0.000000	0.002206	54.6	107.7	163.6
178	-0.610060	-0.610064	0.000001	103.688846	220.368826	0.001236	0.000000	0.001236	42.4	93.5	137.0
179	-0.607705	-0.607710	0.000001	103.468366	220.759181	0.001246	0.000000	0.001246	65.0	93.7	159.9
180	-0.604366	-0.604371	0.000001	103.402089	220.876793	0.001988	0.000000	0.001988	49.6	71.0	121.8
181	-0.589870	-0.589875	0.000001	104.402089	219.115445	0.000833	0.000000	0.000833	41.6	140.1	182.9
182	-0.618280	-0.618285	0.000001	105.402073	217.381994	0.002328	0.000000	0.002328	77.5	131.4	210.3
183	-0.613513	-0.613518	0.000001	106.402063	215.675742	0.001290	0.000000	0.001290	65.5	117.1	184.0
184	-0.591154	-0.591159	0.000001	107.402055	213.996066	0.001554	0.000000	0.001554	64.1	127.0	192.8
185	-0.601127	-0.601132	0.000001	107.963343	213.064689	0.001565	0.000000	0.001565	74.3	117.5	193.1
186	-0.599140	-0.599145	0.000001	108.963343	211.425268	0.001565	0.000000	0.001565	30.5	124.8	156.8
187	-0.604202	-0.604207	0.000001	108.742862	211.784556	0.001382	0.000000	0.001382	100.9	150.9	252.9
188	-0.610588	-0.610592	0.000001	108.522691	212.144561	0.002227	0.000000	0.002227	109.6	95.6	212.3
189	-0.611875	-0.611880	0.000001	109.522691	210.519215	0.001042	0.000000	0.001042	102.1	107.5	210.8
190	-0.606199	-0.606204	0.000001	109.302212	210.875427	0.001678	0.000000	0.001678	65.2	77.7	144.1
191	-0.610098	-0.610102	0.000001	110.302212	209.269396	0.001344	0.000000	0.001344	60.4	123.8	185.6
192	-0.600113	-0.600118	0.000001	111.302212	207.687643	0.001718	0.000000	0.001718	57.5	105.6	164.3
193	-0.607641	-0.607646	0.000001	111.081732	208.034330	0.001754	0.000000	0.001754	49.2	105.6	156.3
194	-0.598831	-0.598836	0.000001	112.081732	206.471123	0.001665	0.000000	0.001665	53.3	87.9	142.4
195	-0.610225	-0.610230	0.000001	111.861348	206.813606	0.001285	0.000000	0.001285	52.7	92.9	146.8
196	-0.612611	-0.612616	0.000001	112.861348	205.268623	0.001694	0.000000	0.001694	32.5	109.6	143.3
197	-0.599708	-0.599713	0.000001	112.640870	205.607271	0.001405	0.000000	0.001405	43.1	140.1	184.6
198	-0.615512	-0.615517	0.000001	113.640866	204.080198	0.001276	0.000000	0.001276	51.9	105.3	158.2
199	-0.604666	-0.604671	0.000001	113.420386	204.414936	0.001642	0.000000	0.001642	64.8	85.2	151.4
200	-0.603600	-0.603605	0.000001	113.470593	204.338613	0.001281	0.000000	0.001281	34.1	152.5	188.2
201	-0.614387	-0.614392	0.000001	114.470593	202.830252	0.001810	0.000000	0.001810	50.3	152.2	203.7
202	-0.592805	-0.592810	0.000001	115.470588	201.344004	0.001784	0.000000	0.001784	69.7	127.7	198.9
203	-0.615254	-0.615259	0.000001	116.470588	199.879371	0.001131	0.000000	0.001131	45.0	123.8	170.0
204	-0.610715	-0.610720	0.000001	117.470346	198.436238	0.002119	0.000000	0.002119	41.5	111.0	153.7
205	-0.589879	-0.589884	0.000001	118.470346	197.013454	0.001150	0.000000	0.001150	34.4	93.3	129.0
206	-0.587944	-0.587949	0.000001	119.470346	195.610927	0.001353	0.000000	0.001353	52.1	88.6	141.9
207	-0.611007	-0.611012	0.000001	119.249913	195.918371	0.001268	0.000000	0.001268	63.7	98.2	163.3
208	-0.608469	-0.608474	0.000001	120.249913	194.531338	0.001559	0.000000	0.001559	59.5	111.0	172.1
209	-0.608364	-0.608369	0.000001	120.316981	194.439015	0.001247	0.000000	0.001247	81.3	92.6	175.2
210	-0.596381	-0.596386	0.000001	121.316981	193.072776	0.001744	0.000000	0.001744	47.1	121.1	169.5
211	-0.611410	-0.611415	0.000001	121.096501	193.372352	0.001543	0.000000	0.001543	38.1	131.5	170.8
212	-0.595791	-0.595796	0.000001	120.880246	193.667092	0.001308	0.000000	0.001308	39.9	107.3	149.0
213	-0.596491	-0.596496	0.000001	121.880246	192.311641	0.001697	0.000000	0.001697	82.4	90.9	174.7
214	-0.600754	-0.600759	0.000001	121.659766	192.608858	0.001528	0.000000	0.001528	55.9	87.1	144.1
215	-0.612134	-0.612139	0.000001	122.659766	191.268129	0.001933	0.000000	0.001933	67.9	168.5	237.9
216	-0.612708	-0.612713	0.000001	123.659766	189.945936	0.001943	0.000000	0.001944	60.0	229.1	290.6
217	-0.597706	-0.597711	0.000001	124.659765	188.641899	0.001402	0.000000	0.001402	84.0	151.9	238.2
218	-0.599880	-0.599885	0.000001	125.659765	187.355644	0.001214	0.000000	0.001214	93.2	152.1	246.4
219	-0.606668	-0.606673	0.000001	125.510447	187.546589	0.001755	0.000000	0.001755	77.7	118.0	197.4
220	-0.606092	-0.606097	0.000001	125.417295	187.665908	0.001628	0.000000	0.001628	130.4	224.4	356.1
221	-0.614814	-0.614819	0.000001	125.196814	187.948928	0.001833	0.000000	0.001833	48.8	144.0	194.0
222	-0.601083	-0.601088	0.000001	126.196814	186.672073	0.001745	0.000000	0.001745	35.9	172.0	212.5
223	-0.616954	-0.616959	0.000001	127.196814	185.412451	0.001334	0.000000	0.001334	71.1	145.9	218.9
224	-0.598436	-0.598441	0.000001	127.683711	184.805278	0.002205	0.000000	0.002205	72.7	125.3	199.2
225	-0.618365	-0.618371	0.000001	128.683711	183.570639	0.001588	0.000000	0.001588	21.6	152.1	175.2
226	-0.601339	-0.601344	0.000001	129.664446	182.375705	0.001743	0.000000	0.001744	83.4	107.4	192.8
227	-0.605424	-0.605429	0.000001	130.664446	181.173210	0.001845	0.000000	0.001845	44.0	131.9	177.1
228	-0.602777	-0.602782	0.000001	130.451472	181.427980	0.001589	0.000000	0.001589	65.9	164.7	231.8
229	-0.601303	-0.601308	0.000001	131.451472	180.237909	0.001466	0.000000	0.001466	41.6	124.0	167.0
230	-0.612643	-0.612648	0.000001	132.451373	179.063465	0.001823	0.000000	0.001823	108.3	99.1	212.4
231	-0.604215	-0.604220	0.000001	132.231714	179.320154	0.001853	0.000000	0.001853	106.1	123.9	231.3
232	-0.608367	-0.608372	0.000001	133.231714	178.157487	0.001117	0.000000	0.001117	45.3	184.4	231.0
233	-0.602411	-0.602416	0.000001	134.231691	177.009826	0.001443	0.000000	0.001443	60.0	92.9	154.1
234	-0.597977	-0.597982	0.000001	135.231691	175.876831	0.001524	0.000000	0.001524	53.7	106.2	161.1
235	-0.606358	-0.606363	0.000001	136.107613	174.896264	0.001504	0.000000	0.001504	45.0	151.8	198.3
236	-0.615322	-0.615328	0.000001	137.107613	173.790079	0.001267	0.000000	0.001267	72.0	126.0	199.2
237	-0.596710	-0.596715	0.000001	138.107613	172.697799	0.001484	0.000000	0.001484	54.1	82.5	138.0
238	-0.608385	-0.608390	0.000001	139.068618	171.660972	0.001935	0.000000	0.001935	75.4	112.2	188.9
239	-0.606741	-0.606746	0.000001	138.848496	171.897361	0.001160	0.000000	0.001160	77.4	160.2	241.8
240	-0.600634	-0.600639	0.000001	139.848496	170.828670	0.001769	0.000000	0.001769	94.5	124.8	220.5
241	-0.613576	-0.613582	0.000001	139.703657	170.982634	0.001021	0.000000	0.001021	39.0	162.3	202.5
242	-0.606990	-0.606995	0.000001	139.487683	171.212731	0.002166	0.000000	0.002166	25.0	165.6	191.9
243	-0.603288	-0.603293	0.000001	140.261136	170.391548	0.001293	0.000000	0.001293	30.1	141.5	173.2
244	-0.604994	-0.604999	0.000001	141.261135	169.341442	0.001577	0.000000	0.001577	50.2	128.1	179.6
245	-0.602194	-0.602199	0.000001	142.229842	168.336465	0.001114	0.000000	0.001114	53.8	130.4	185.7
246	-0.594129	-0.594134	0.000001	143.229842	167.311459	0.001406	0.000000	0.001406	73.6	136.0	210.7
247	-0.604545	-0.604550	0.000001	143.009362	167.536379	0.002069	0.000000	0.002069	79.4	151.6	232.3
248	-0.607598	-0.607604	0.000001	143.982830	166.547844	0.001869	0.000000	0.001869	64.5	140.9	206.5
249	-0.620724	-0.620729	0.000001	144.982830	165.544440	0.002581	0.000000	0.002581	53.0	126.6	180.8
250	-0.606264	-0.606269	0.000001	145.982830	164.553054	0.001270	0.000000	0.001270	73.3	115.2	190.1
251	-0.607952	-0.607957	0.000001	146.982830	163.573471	0.001547	0.000000	0.001547	73.2	164.0	238.4
252	-0.611176	-0.611181	0.000001	146.762349	163.788446	0.002100	0.000000	0.002100	78.9	129.7	209.9
253	-0.608909	-0.608915	0.000001	146.541869	164.003987	0.001287	0.000000	0.001287	54.7	150.7	206.5
254	-0.607958	-0.607963	0.000001	146.321416	164.220070	0.001810	0.000000	0.001810	80.6	124.4	206.1
255	-0.598160	-0.598166	0.000001	147.321416	163.244436	0.001339	0.000000	0.001339	64.3	115.2	180.8
256	-0.608358	-0.608363	0.000001	148.321359	162.280380	0.001201	0.000000	0.001201	67.9	125.6	194.8
257	-0.596874	-0.596879	0.000001	148.206274	162.390755	0.001017	0.000000	0.001017	47.1	138.5	186.8
258	-0.610937	-0.610942	0.000001	147.986144	162.602293	0.000961	0.000000	0.000961	75.3	151.0	229.2
259	-0.603805	-0.603810	0.000001	147.766866	162.813562	0.001341	0.000000	0.001341	76.1	133.7	211.0
260	-0.607648	-0.607653	0.000001	147.550069	163.022980	0.001276	0.000000	0.001276	49.4	121.4	172.1
261	-0.615178	-0.615183	0.000001	147.330145	163.235970	0.001615	0.000000	0.001615	82.5	131.3	215.0
262	-0.607117	-0.607122	0.000001	148.298933	162.301877	0.001400	0.000000	0.001400	49.9	131.9	183.0
263	-0.608690	-0.608695	0.000001	148.079289	162.512716	0.001175	0.000000	0.001175	71.0	142.6	214.7
264	-0.610419	-0.610424	0.000001	149.079289	161.557205	0.002311	0.000000	0.002311	75.3	155.0	231.5
265	-0.606375	-0.606380	0.000001	148.858809	161.766910	0.002022	0.000000	0.002022	65.4	159.5	226.7
266	-0.600076	-0.600081	0.000001	149.858809	160.820122	0.001375	0.000000	0.001375	64.2	139.2	204.6
267	-0.608251	-0.608256	0.000001	150.858809	159.884354	0.001409	0.000000	0.001409	43.0	140.0	184.2
268	-0.607230	-0.607235	0.000001	151.858808	158.959412	0.001622	0.000000	0.001622	49.1	135.1	185.4
269	-0.603657	-0.603662	0.000001	152.858571	158.045326	0.001794	0.000000	0.001794	85.1	147.9	235.2
270	-0.604068	-0.604073	0.000001	153.858571	157.141480	0.002194	0.000000	0.002194	62.6	79.5	143.2
271	-0.617522	-0.617527	0.000001	154.858571	156.247912	0.001164	0.000000	0.001164	66.2	107.1	175.0
272	-0.614048	-0.614053	0.000001	154.638091	156.444052	0.001804	0.000000	0.001804	69.3	143.9	214.3
273	-0.592742	-0.592747	0.000001	155.188749	155.955104	0.001444	0.000000	0.001444	46.1	170.7	218.4
274	-0.606431	-0.606436	0.000001	156.188457	155.075195	0.001314	0.000000	0.001314	57.3	127.8	187.0
275	-0.601881	-0.601886	0.000001	155.967977	155.268400	0.001332	0.000000	0.001332	70.3	97.8	169.3
276	-0.601813	-0.601818	0.000001	156.967977	154.395948	0.001373	0.000000	0.001373	25.8	154.7	181.6
277	-0.604037	-0.604042	0.000001	156.747529	154.587434	0.001838	0.000000	0.001838	55.1	151.3	207.6
278	-0.606381	-0.606386	0.000001	157.747529	153.722598	0.002298	0.000000	0.002298	48.4	126.0	175.7
279	-0.617489	-0.617494	0.000001	158.746710	152.868081	0.002461	0.000000	0.002461	61.0	127.6	189.9
280	-0.614953	-0.614958	0.000001	159.746710	152.022322	0.001678	0.000000	0.001678	74.7	141.4	218.1
281	-0.606498	-0.606504	0.000001	160.130485	151.700221	0.001493	0.000000	0.001493	78.6	169.4	249.9
282	-0.595070	-0.595075	0.000001	161.130456	150.867324	0.001490	0.000000	0.001490	86.7	107.8	195.7
283	-0.598724	-0.598729	0.000001	162.130456	150.043500	0.000924	0.000000	0.000924	50.9	183.3	236.2
284	-0.607073	-0.607079	0.000001	163.128479	149.230226	0.000941	0.000000	0.000941	47.5	124.2	173.0
285	-0.610388	-0.610393	0.000001	162.928128	149.392781	0.001354	0.000000	0.001354	55.9	144.9	201.9
286	-0.607524	-0.607529	0.000001	162.715954	149.565315	0.001694	0.000000	0.001694	58.8	100.0	160.0
287	-0.605739	-0.605745	0.000001	163.715954	148.755611	0.001914	0.000000	0.001914	49.1	129.3	179.6
288	-0.608215	-0.608220	0.000001	163.495475	148.933380	0.001318	0.000000	0.001318	54.1	158.5	213.8
289	-0.606930	-0.606935	0.000001	163.278655	149.108613	0.001091	0.000000	0.001091	44.1	143.4	189.5
290	-0.600123	-0.600128	0.000001	164.057378	148.481162	0.001382	0.000000	0.001382	45.1	170.3	216.6
291	-0.597382	-0.597387	0.000001	163.898277	148.608927	0.001560	0.000000	0.001560	31.0	98.3	130.5
292	-0.615157	-0.615162	0.000001	163.677797	148.786346	0.001060	0.000000	0.001060	64.9	124.8	191.0
293	-0.609775	-0.609781	0.000001	163.457760	148.963831	0.000900	0.000000	0.000900	79.5	138.8	219.5
294	-0.603761	-0.603766	0.000001	163.643390	148.814071	0.002530	0.000000	0.002530	76.2	111.0	188.3
295	-0.599755	-0.599761	0.000001	164.637026	148.017533	0.001014	0.000000	0.001014	81.3	140.7	224.1
296	-0.607821	-0.607826	0.000001	165.637026	147.224456	0.001652	0.000000	0.001652	75.0	92.7	168.8
297	-0.606540	-0.606545	0.000001	165.416545	147.398583	0.001485	0.000000	0.001485	92.5	83.9	177.6
298	-0.600720	-0.600726	0.000001	166.416545	146.612107	0.001831	0.000000	0.001831	41.7	146.4	189.2
299	-0.610747	-0.610752	0.000001	166.196065	146.784787	0.001430	0.000000	0.001430	43.9	87.0	132.7
300	-0.610431	-0.610436	0.000001	167.196065	146.004830	0.002435	0.000000	0.002435	63.7	93.0	157.9
301	-0.610092	-0.610097	0.000001	168.196065	145.233118	0.001010	0.000000	0.001010	77.8	157.6	236.5
302	-0.605748	-0.605754	0.000001	169.196065	144.469522	0.001913	0.000000	0.001913	49.1	133.7	184.0
303	-0.592782	-0.592787	0.000001	168.975697	144.637104	0.001137	0.000000	0.001137	49.2	135.4	185.7
304	-0.610061	-0.610067	0.000001	168.758437	144.802703	0.001393	0.000000	0.001393	44.2	96.6	141.9
305	-0.606510	-0.606515	0.000001	169.538486	144.209893	0.001233	0.000000	0.001233	71.1	85.7	158.7
306	-0.613689	-0.613694	0.000001	169.756840	144.044820	0.001238	0.000000	0.001238	80.7	145.1	227.0
307	-0.600228	-0.600234	0.000001	169.536361	144.211500	0.001192	0.000000	0.001192	85.8	116.8	203.7
308	-0.603014	-0.603020	0.000001	169.653681	144.122759	0.001420	0.000000	0.001420	40.7	160.9	202.8
309	-0.592607	-0.592613	0.000001	170.185170	143.722102	0.001253	0.000000	0.001253	120.9	176.4	298.5
310	-0.595312	-0.595317	0.000001	169.964754	143.887990	0.001070	0.000000	0.001070	51.4	158.6	211.1
311	-0.617321	-0.617326	0.000001	170.964419	143.138685	0.001704	0.000000	0.001704	41.3	130.7	173.2
312	-0.597341	-0.597346	0.000001	170.758041	143.292737	0.001467	0.000000	0.001467	63.3	91.6	156.1
313	-0.610175	-0.610181	0.000001	171.757880	142.549475	0.001821	0.000000	0.001821	79.6	123.9	213.9
314	-0.602883	-0.602888	0.000001	172.757880	141.813766	0.002082	0.000000	0.002082	58.5	146.3	206.1
315	-0.609694	-0.609699	0.000001	172.538465	141.974540	0.001044	0.000000	0.001044	76.5	121.1	198.7
316	-0.612805	-0.612810	0.000001	173.538394	141.244790	0.002143	0.000000	0.002143	70.4	163.8	235.8
317	-0.611277	-0.611283	0.000001	174.524728	140.532273	0.001522	0.000000	0.001522	129.3	152.3	283.3
318	-0.615893	-0.615899	0.000001	174.304573	140.690687	0.001489	0.000000	0.001489	39.2	160.3	201.4
319	-0.593054	-0.593059	0.000001	175.304568	139.973994	0.001586	0.000000	0.001586	61.4	91.7	154.3
320	-0.600489	-0.600494	0.000001	175.084088	140.131383	0.001913	0.000000	0.001913	43.2	143.5	187.8
321	-0.603062	-0.603068	0.000001	176.084088	139.420360	0.001495	0.000000	0.001495	63.1	148.1	212.7
322	-0.598903	-0.598909	0.000001	175.863608	139.576506	0.001226	0.000000	0.001226	57.8	165.8	226.7
323	-0.613648	-0.613654	0.000001	175.650238	139.727950	0.001498	0.000000	0.001499	39.0	166.5	206.6
324	-0.609365	-0.609370	0.000001	176.650094	139.021105	0.001925	0.000000	0.001925	34.6	126.2	162.0
325	-0.603214	-0.603219	0.000001	177.650094	138.321276	0.001540	0.000000	0.001540	47.2	81.0	129.5
326	-0.606339	-0.606344	0.000001	178.650094	137.628458	0.001563	0.000000	0.001563	51.1	144.3	197.5
327	-0.604818	-0.604823	0.000001	179.650088	136.942549	0.001255	0.000000	0.001255	38.6	170.1	210.2
328	-0.601318	-0.601323	0.000001	179.463685	137.069886	0.000798	0.000000	0.000798	37.7	164.4	203.2
329	-0.601874	-0.601880	0.000001	180.463677	136.389522	0.001319	0.000000	0.001319	61.3	91.9	156.7
330	-0.613455	-0.613460	0.000001	181.463076	135.716275	0.001326	0.000000	0.001326	59.5	114.3	175.0
331	-0.614419	-0.614424	0.000001	181.242596	135.864230	0.001570	0.000000	0.001570	71.5	99.1	172.4
332	-0.607392	-0.607397	0.000001	181.022116	136.012507	0.002189	0.000000	0.002189	44.4	159.9	205.5
333	-0.605784	-0.605790	0.000001	182.022116	135.342568	0.000827	0.000000	0.000827	44.4	148.0	193.6
334	-0.607450	-0.607455	0.000001	181.845044	135.460715	0.001091	0.000000	0.001091	43.5	170.4	215.1
335	-0.619134	-0.619139	0.000001	182.788495	134.833591	0.001076	0.000000	0.001076	45.0	98.4	144.6
336	-0.611676	-0.611681	0.000001	182.568015	134.979626	0.002003	0.000000	0.002003	89.1	127.9	218.2
337	-0.604222	-0.604227	0.000001	182.347605	135.125932	0.001900	0.000000	0.001900	37.8	179.9	218.8
338	-0.606339	-0.606345	0.000001	183.347605	134.464677	0.001241	0.000000	0.001241	45.9	164.1	211.6
339	-0.610159	-0.610165	0.000001	183.127124	134.609913	0.001488	0.000000	0.001488	82.6	146.5	230.4
340	-0.604346	-0.604352	0.000001	184.127124	133.953687	0.002746	0.000000	0.002746	32.8	148.1	182.1
341	-0.605943	-0.605948	0.000001	185.127124	133.303827	0.001062	0.000000	0.001062	61.8	179.9	242.8
342	-0.603286	-0.603291	0.000001	186.096465	132.679882	0.001923	0.000000	0.001923	71.1	147.9	220.2
343	-0.619384	-0.619390	0.000001	185.881188	132.817946	0.001573	0.000000	0.001573	59.4	102.0	162.6
344	-0.612277	-0.612283	0.000001	185.660708	132.959646	0.001332	0.000000	0.001332	63.1	155.2	219.4
345	-0.604409	-0.604414	0.000001	185.621139	132.985108	0.001398	0.000000	0.001398	27.5	178.8	207.5
346	-0.606857	-0.606863	0.000001	186.621136	132.344592	0.001273	0.000000	0.001273	56.3	171.5	229.1
347	-0.605240	-0.605245	0.000001	187.621136	131.710214	0.002220	0.000000	0.002220	38.4	101.9	141.6
348	-0.606516	-0.606521	0.000001	188.621135	131.081890	0.000995	0.000000	0.000995	91.5	98.8	191.6
349	-0.613184	-0.613189	0.000001	188.400662	131.219903	0.001569	0.000000	0.001569	135.0	98.8	235.3
350	-0.618679	-0.618685	0.000001	188.439349	131.195665	0.001500	0.000000	0.001500	73.7	117.1	191.9
351	-0.617394	-0.617400	0.000001	188.218914	131.333893	0.001415	0.000000	0.001415	70.8	127.0	199.1
352	-0.597977	-0.597982	0.000001	189.218681	130.709290	0.002046	0.000000	0.002046	28.4	148.5	178.2
353	-0.600467	-0.600473	0.000001	188.998201	130.846524	0.001727	0.000000	0.001727	51.0	131.9	184.2
354	-0.606948	-0.606953	0.000001	189.998201	130.226393	0.001323	0.000000	0.001322	77.7	116.6	195.5
355	-0.608557	-0.608562	0.000001	190.998196	129.612115	0.001119	0.000000	0.001119	63.2	87.6	165.7
356	-0.598500	-0.598505	0.000001	191.997604	129.003961	0.001701	0.000000	0.001701	102.0	103.8	207.2
357	-0.596246	-0.596251	0.000001	191.777124	129.137635	0.001201	0.000000	0.001201	134.2	91.9	227.3
358	-0.606350	-0.606355	0.000001	191.556693	129.271557	0.001338	0.000000	0.001338	106.1	123.6	230.8
359	-0.602472	-0.602478	0.000001	191.457472	129.331928	0.001823	0.000000	0.001823	72.2	127.4	200.8
360	-0.603169	-0.603175	0.000001	191.236992	129.466284	0.001779	0.000000	0.001779	66.2	124.9	193.0
361	-0.595947	-0.595952	0.000001	191.439683	129.342758	0.001809	0.000000	0.001809	38.4	158.8	209.7
362	-0.594071	-0.594076	0.000001	192.439683	128.736766	0.000964	0.000000	0.000964	69.1	126.1	196.4
363	-0.611422	-0.611427	0.000001	192.219207	128.869885	0.001114	0.000000	0.001114	74.7	124.4	200.2
364	-0.607012	-0.607018	0.000001	191.998728	129.003280	0.001754	0.000000	0.001754	59.7	100.9	162.0
365	-0.608725	-0.608731	0.000001	191.778248	129.136953	0.002322	0.000000	0.002322	56.0	155.1	212.4
366	-0.611239	-0.611244	0.000001	192.778248	128.532883	0.001210	0.000000	0.001210	75.6	112.4	189.3
367	-0.611225	-0.611230	0.000001	193.778247	127.934439	0.001283	0.000000	0.001283	70.4	170.6	242.4
368	-0.607729	-0.607734	0.000001	193.558279	128.065599	0.001424	0.000000	0.001424	42.0	155.9	199.2
369	-0.604631	-0.604637	0.000001	194.558279	127.471488	0.001074	0.000000	0.001074	43.6	159.2	204.0
370	-0.613671	-0.613676	0.000001	195.538630	126.894377	0.001197	0.000000	0.001197	82.1	85.6	169.0
371	-0.608340	-0.608345	0.000001	195.318151	127.023712	0.001629	0.000000	0.001629	96.5	81.6	181.9
372	-0.600839	-0.600844	0.000001	196.245021	126.481769	0.001427	0.000000	0.001427	94.7	103.6	199.6
373	-0.606638	-0.606644	0.000001	196.030982	126.606507	0.001276	0.000000	0.001276	41.8	167.7	210.7
374	-0.608477	-0.608483	0.000001	195.810554	126.735226	0.001453	0.000000	0.001453	34.1	168.1	204.9
375	-0.613346	-0.613352	0.000001	196.810554	126.153366	0.001627	0.000000	0.001627	33.8	157.7	192.9
376	-0.616873	-0.616879	0.000001	197.810552	125.576826	0.001528	0.000000	0.001528	68.3	95.1	164.5
377	-0.617499	-0.617504	0.000001	197.590072	125.703488	0.001679	0.000000	0.001679	70.9	122.0	198.0
378	-0.599691	-0.599697	0.000001	198.589067	125.131615	0.001503	0.000000	0.001503	60.6	138.3	200.5
379	-0.606570	-0.606575	0.000001	199.589067	124.564354	0.001843	0.000000	0.001843	71.4	144.6	217.2
380	-0.615873	-0.615879	0.000001	200.568554	124.013693	0.001413	0.000000	0.001413	44.8	155.9	202.2
381	-0.608294	-0.608299	0.000001	201.568554	123.456499	0.001611	0.000000	0.001611	78.2	205.8	285.6
382	-0.611927	-0.611932	0.000001	202.474512	122.956011	0.001439	0.000000	0.001439	38.2	122.4	161.8
383	-0.601422	-0.601427	0.000001	203.474508	122.408263	0.001191	0.000000	0.001191	73.5	93.5	168.2
384	-0.603865	-0.603871	0.000001	204.088487	122.074367	0.001408	0.000000	0.001408	71.1	143.1	215.4
385	-0.610209	-0.610214	0.000001	204.173835	122.028097	0.001462	0.000000	0.001462	71.8	108.5	181.4
386	-0.616710	-0.616716	0.000001	204.024562	122.109046	0.001757	0.000000	0.001757	67.9	120.1	189.2
387	-0.602979	-0.602984	0.000001	205.024562	121.568799	0.001413	0.000000	0.001413	60.7	128.4	190.3
388	-0.597266	-0.597272	0.000001	206.024562	121.033312	0.001911	0.000000	0.001911	110.0	98.6	209.9
389	-0.614614	-0.614620	0.000001	207.023734	120.502959	0.001569	0.000000	0.001569	76.3	140.7	218.2
390	-0.615975	-0.615981	0.000001	208.023734	119.976799	0.002081	0.000000	0.002081	63.3	142.1	206.5
391	-0.606055	-0.606060	0.000001	207.803254	120.092412	0.001502	0.000000	0.001502	94.7	116.1	212.2
392	-0.601972	-0.601978	0.000001	208.803254	119.569824	0.001053	0.000000	0.001053	52.9	146.0	200.1
393	-0.608889	-0.608895	0.000001	208.583274	119.684392	0.001223	0.000000	0.001223	43.1	160.2	204.7
394	-0.599374	-0.599379	0.000001	209.438615	119.240148	0.001075	0.000000	0.001075	70.5	148.6	220.2
395	-0.609604	-0.609609	0.000001	209.218223	119.354299	0.001434	0.000000	0.001434	50.5	127.5	179.1
396	-0.607622	-0.607627	0.000001	208.997830	119.468669	0.001389	0.000000	0.001389	45.1	165.4	213.9
397	-0.607527	-0.607532	0.000001	208.852231	119.544345	0.001676	0.000000	0.001676	42.3	176.7	220.3
398	-0.618141	-0.618147	0.000001	209.852231	119.026506	0.001536	0.000000	0.001536	30.7	182.5	214.5
399	-0.610996	-0.611001	0.000001	210.852231	118.513134	0.001642	0.000000	0.001642	39.5	116.1	156.8
400	-0.614826	-0.614832	0.000001	211.852231	118.004171	0.001494	0.000000	0.001494	87.0	144.9	239.9
401	-0.611586	-0.611591	0.000001	212.852231	117.499561	0.001254	0.000000	0.001254	76.1	115.7	193.1
402	-0.603749	-0.603755	0.000001	212.631751	117.610446	0.002088	0.000000	0.002088	65.5	166.7	233.9
403	-0.605330	-0.605335	0.000001	213.631751	117.109191	0.001201	0.000000	0.001201	45.8	187.7	234.6
404	-0.608148	-0.608154	0.000001	214.631751	116.612190	0.001119	0.000000	0.001119	76.7	121.1	199.0
405	-0.619234	-0.619240	0.000001	215.631751	116.119390	0.001037	0.000000	0.001037	81.0	151.1	239.4
406	-0.600586	-0.600591	0.000001	215.431433	116.217773	0.001627	0.000000	0.001627	36.4	106.5	144.1
407	-0.612753	-0.612759	0.000001	215.211497	116.325983	0.001550	0.000000	0.001550	79.4	114.3	195.2
408	-0.610581	-0.610586	0.000001	214.991017	116.434663	0.001562	0.000000	0.001562	64.5	136.0	201.7
409	-0.603499	-0.603505	0.000001	215.990898	115.943417	0.001235	0.000000	0.001235	51.5	145.1	197.8
410	-0.610618	-0.610624	0.000001	215.770419	116.051383	0.001242	0.000000	0.001242	44.1	167.8	213.9
411	-0.598483	-0.598489	0.000001	216.770416	115.563303	0.001603	0.000000	0.001603	80.1	82.7	164.0
412	-0.613593	-0.613598	0.000001	217.770414	115.079310	0.001555	0.000000	0.001555	57.7	131.3	190.5
413	-0.620083	-0.620088	0.000001	217.549934	115.185673	0.001064	0.000000	0.001064	68.8	164.0	233.9
414	-0.609694	-0.609699	0.000001	218.548594	114.705472	0.002000	0.000000	0.002000	63.3	162.1	226.7
415	-0.609406	-0.609412	0.000001	218.328114	114.811144	0.001427	0.000000	0.001427	31.3	167.4	200.5
416	-0.611031	-0.611037	0.000001	219.328114	114.333417	0.001108	0.000000	0.001108	52.1	136.8	190.1
417	-0.607917	-0.607922	0.000001	219.107749	114.438350	0.001303	0.000000	0.001303	75.2	132.7	227.8
418	-0.604742	-0.604747	0.000001	218.889133	114.542640	0.001803	0.000000	0.001803	75.2	148.0	224.9
419	-0.610153	-0.610158	0.000001	219.889121	114.067146	0.001529	0.000000	0.001529	58.6	117.9	177.8
420	-0.608570	-0.608575	0.000001	219.668641	114.171645	0.002226	0.000000	0.002226	132.9	97.0	231.0
421	-0.612044	-0.612049	0.000001	220.668641	113.699214	0.001185	0.000000	0.001185	51.0	83.9	136.1
422	-0.606951	-0.606957	0.000001	220.448161	113.803040	0.001592	0.000000	0.001592	70.5	131.9	203.4
423	-0.600743	-0.600749	0.000001	220.227684	113.907053	0.001321	0.000000	0.001321	73.2	128.2	202.5
424	-0.607120	-0.607125	0.000001	220.184398	113.927496	0.000963	0.000000	0.000963	51.2	151.8	207.1
425	-0.604253	-0.604258	0.000001	221.132003	113.481631	0.001698	0.000000	0.001698	61.1	170.4	232.9
426	-0.609474	-0.609480	0.000001	222.132003	113.014882	0.001553	0.000000	0.001553	69.4	110.1	180.8
427	-0.602855	-0.602860	0.000001	223.132003	112.551956	0.001504	0.000000	0.001504	89.4	101.8	192.4
428	-0.606404	-0.606409	0.000001	224.132003	112.092808	0.001112	0.000000	0.001112	77.6	117.2	196.0
429	-0.604757	-0.604763	0.000001	223.911523	112.193719	0.001531	0.000000	0.001531	64.8	152.5	218.6
430	-0.617017	-0.617023	0.000001	224.911523	111.737483	0.001556	0.000000	0.001556	95.2	135.0	231.4
431	-0.604911	-0.604917	0.000001	224.691049	111.837752	0.001301	0.000000	0.001301	80.5	145.1	226.8
432	-0.612393	-0.612399	0.000001	225.691027	111.384410	0.000936	0.000000	0.000936	50.7	163.4	215.2
433	-0.612527	-0.612533	0.000001	226.690998	110.934732	0.000983	0.000000	0.000982	49.0	132.9	183.2
434	-0.604053	-0.604058	0.000001	226.470537	111.033560	0.001829	0.000000	0.001829	67.5	127.9	196.6
435	-0.597121	-0.597127	0.000001	227.470533	110.586693	0.001873	0.000000	0.001873	46.8	100.9	148.8
436	-0.595621	-0.595627	0.000001	228.470533	110.143407	0.001503	0.000000	0.001503	100.4	155.0	256.8
437	-0.598848	-0.598853	0.000001	229.470533	109.703661	0.002007	0.000000	0.002007	63.8	98.1	163.1
438	-0.614456	-0.614461	0.000001	229.251297	109.799769	0.001520	0.000000	0.001520	77.8	123.6	202.6
439	-0.615407	-0.615412	0.000001	230.251297	109.362757	0.001371	0.000000	0.001371	95.9	99.9	197.0
440	-0.602140	-0.602146	0.000001	230.030817	109.458810	0.001565	0.000000	0.001565	65.8	155.8	223.1
441	-0.602138	-0.602143	0.000001	231.030817	109.024503	0.001463	0.000000	0.001463	34.4	214.7	250.3
442	-0.601430	-0.601435	0.000001	232.017008	108.599555	0.001255	0.000000	0.001255	107.4	131.4	241.1
443	-0.606319	-0.606325	0.000001	233.013393	108.173566	0.001182	0.000000	0.001182	87.3	185.6	274.1
444	-0.614195	-0.614200	0.000001	232.792913	108.267541	0.001033	0.000000	0.001033	49.6	148.1	198.9
445	-0.611884	-0.611889	0.000001	232.572543	108.361632	0.001957	0.000000	0.001957	63.8	115.3	180.3
446	-0.615896	-0.615902	0.000001	233.572543	107.935971	0.001478	0.000000	0.001478	72.0	137.1	210.2
447	-0.612629	-0.612635	0.000001	234.572543	107.513641	0.001664	0.000000	0.001664	43.9	142.8	187.9
448	-0.608673	-0.608678	0.000001	234.352063	107.606472	0.001141	0.000000	0.001141	69.5	124.0	194.7
449	-0.605715	-0.605721	0.000001	235.352061	107.186712	0.001159	0.000000	0.001159	67.4	106.1	175.9
450	-0.604291	-0.604296	0.000001	236.347301	106.772189	0.001300	0.000000	0.001300	49.3	115.6	167.6
451	-0.605248	-0.605254	0.000001	237.347301	106.358899	0.001414	0.000000	0.001414	75.7	135.8	212.7
452	-0.605623	-0.605629	0.000001	238.347293	105.948800	0.001474	0.000000	0.001474	75.2	131.0	207.4
453	-0.601131	-0.601136	0.000001	238.126812	106.038948	0.001257	0.000000	0.001257	53.9	96.0	151.5
454	-0.606249	-0.606255	0.000001	238.999022	105.683223	0.001881	0.000000	0.001881	79.0	116.1	196.5
455	-0.611290	-0.611296	0.000001	238.778542	105.772919	0.001032	0.000000	0.001032	118.9	136.0	256.2
456	-0.604207	-0.604212	0.000001	238.558061	105.862767	0.001466	0.000000	0.001466	75.4	119.8	196.6
457	-0.613434	-0.613439	0.000001	239.558060	105.456475	0.001714	0.000000	0.001714	109.5	78.8	189.6
458	-0.593424	-0.593429	0.000001	240.404130	105.115151	0.001370	0.000000	0.001370	82.3	132.0	215.8
459	-0.603649	-0.603655	0.000001	240.183650	105.203885	0.001430	0.000000	0.001430	54.5	142.3	197.9
460	-0.606135	-0.606141	0.000001	241.183650	104.802624	0.001088	0.000000	0.001088	74.2	164.0	239.4
461	-0.621857	-0.621862	0.000001	240.968012	104.888892	0.001933	0.000000	0.001933	50.7	131.4	183.4
462	-0.603716	-0.603721	0.000001	241.968009	104.490028	0.001399	0.000000	0.001399	39.8	95.5	136.5
463	-0.601799	-0.601805	0.000001	242.968009	104.094184	0.001452	0.000000	0.001452	67.5	103.3	176.1
464	-0.609828	-0.609833	0.000001	243.716087	103.800018	0.001609	0.000000	0.001609	41.7	129.5	172.5
465	-0.613769	-0.613775	0.000001	244.637813	103.439846	0.001110	0.000000	0.001110	82.6	134.0	218.0
466	-0.601417	-0.601423	0.000001	244.417337	103.525771	0.002598	0.000000	0.002598	106.3	106.5	214.8
467	-0.610757	-0.610763	0.000001	245.417337	103.137187	0.001491	0.000000	0.001491	81.9	151.0	234.1
468	-0.603692	-0.603698	0.000001	245.196856	103.222611	0.001195	0.000000	0.001195	53.3	151.6	206.1
469	-0.595611	-0.595617	0.000001	246.196856	102.836294	0.001652	0.000000	0.001652	65.1	132.4	198.7
470	-0.614587	-0.614593	0.000001	245.976376	102.921221	0.001374	0.000000	0.001374	69.2	159.7	230.0
471	-0.596732	-0.596738	0.000001	246.976376	102.537153	0.001531	0.000000	0.001531	46.4	125.6	173.1
472	-0.602644	-0.602649	0.000001	246.789515	102.608702	0.000902	0.000000	0.000902	67.3	84.7	153.1
473	-0.610376	-0.610382	0.000001	247.572597	102.309524	0.001603	0.000000	0.001603	91.8	148.0	240.9
474	-0.610872	-0.610878	0.000001	248.024205	102.137778	0.001141	0.000000	0.001141	51.7	141.2	194.0
475	-0.617409	-0.617415	0.000001	247.803731	102.221552	0.001827	0.000000	0.001827	68.7	75.8	146.0
476	-0.611404	-0.611410	0.000001	248.803079	101.842924	0.001268	0.000000	0.001268	66.2	98.5	166.3
477	-0.606474	-0.606480	0.000001	248.582610	101.926213	0.000771	0.000000	0.000771	57.4	117.2	175.9
478	-0.601680	-0.601686	0.000001	248.947129	101.788579	0.001005	0.000000	0.001005	90.5	158.6	251.0
479	-0.611364	-0.611370	0.000001	249.858462	101.446100	0.001969	0.000000	0.001969	79.8	116.2	197.1
480	-0.616900	-0.616905	0.000001	250.857902	101.073150	0.001268	0.000000	0.001267	62.3	160.0	223.6
481	-0.609672	-0.609677	0.000001	251.651342	100.779018	0.001480	0.000000	0.001480	71.1	130.5	202.8
482	-0.612337	-0.612342	0.000001	252.651200	100.410795	0.000958	0.000000	0.000958	84.8	175.3	261.6
483	-0.594878	-0.594884	0.000001	253.650935	100.045298	0.001515	0.000000	0.001515	65.8	145.2	212.1
484	-0.598674	-0.598680	0.000001	253.463974	100.113447	0.001154	0.000000	0.001154	54.2	147.4	202.8
485	-0.611740	-0.611746	0.000001	254.463971	99.750012	0.001258	0.000000	0.001258	42.2	135.5	178.9
486	-0.608736	-0.608741	0.000001	255.463970	99.389206	0.001063	0.000000	0.001063	53.6	127.7	182.6
487	-0.619991	-0.619997	0.000001	255.244103	99.468312	0.001431	0.000000	0.001431	90.4	136.0	227.5
488	-0.605658	-0.605664	0.000001	256.243751	99.109662	0.001083	0.000000	0.001083	61.7	92.7	155.7
489	-0.616877	-0.616883	0.000001	257.243749	98.753466	0.001180	0.000000	0.001180	82.6	104.3	188.0
490	-0.614851	-0.614856	0.000001	258.243250	98.399996	0.001320	0.000000	0.001321	60.5	112.3	173.9
491	-0.611903	-0.611909	0.000001	258.078535	98.458072	0.001310	0.000000	0.001310	34.4	147.1	182.6
492	-0.612229	-0.612234	0.000001	257.858055	98.535918	0.001388	0.000000	0.001388	89.9	85.1	177.5
493	-0.608837	-0.608843	0.000001	257.637575	98.613888	0.001187	0.000000	0.001187	39.1	159.3	199.5
494	-0.606802	-0.606807	0.000001	258.636967	98.261453	0.001098	0.000000	0.001098	60.8	133.1	195.7
495	-0.603758	-0.603763	0.000001	258.416508	98.338981	0.001490	0.000000	0.001490	71.1	133.1	205.3
496	-0.608577	-0.608583	0.000001	258.196028	98.416639	0.001271	0.000000	0.001271	97.8	127.3	226.6
497	-0.620071	-0.620077	0.000001	258.919982	98.162105	0.001383	0.000000	0.001382	46.9	105.1	153.1
498	-0.603564	-0.603569	0.000001	259.917901	97.813398	0.002065	0.000000	0.002065	52.7	148.4	202.2
499	-0.613619	-0.613624	0.000001	260.917901	97.466441	0.001340	0.000000	0.001340	39.5	129.7	170.7
500	-0.608056	-0.608062	0.000001	261.917901	97.121937	0.001894	0.000000	0.001894	74.2	129.9	205.4
501	-0.603520	-0.603526	0.000001	261.697470	97.197667	0.001357	0.000000	0.001357	59.6	119.0	179.7
502	-0.606080	-0.606086	0.000001	261.477081	97.273501	0.001694	0.000000	0.001694	81.1	111.0	194.6
503	-0.600278	-0.600284	0.000001	262.477081	96.930356	0.001903	0.000000	0.001903	74.0	132.7	207.9
504	-0.604716	-0.604722	0.000001	263.477081	96.589625	0.001521	0.000000	0.001521	84.8	120.1	206.1
505	-0.601323	-0.601329	0.000001	263.256601	96.664543	0.001768	0.000000	0.001768	80.8	91.4	174.7
506	-0.606628	-0.606634	0.000001	263.036121	96.739578	0.001189	0.000000	0.001189	59.9	128.0	189.9
507	-0.623498	-0.623503	0.000001	264.036121	96.400184	0.001369	0.000000	0.001369	80.9	103.2	185.7
508	-0.614608	-0.614614	0.000001	263.815641	96.474809	0.001213	0.000000	0.001213	49.3	114.3	164.9
509	-0.607806	-0.607812	0.000001	264.815641	96.137267	0.001316	0.000000	0.001316	67.4	84.7	154.0
510	-0.609123	-0.609128	0.000001	265.815641	95.802079	0.001544	0.000000	0.001544	103.1	116.7	220.9
511	-0.596674	-0.596680	0.000001	266.767759	95.485105	0.001366	0.000000	0.001366	52.1	159.7	212.9
512	-0.604726	-0.604732	0.000001	267.767759	95.154441	0.002033	0.000000	0.002033	75.2	144.4	220.8
513	-0.615479	-0.615485	0.000001	267.547298	95.227142	0.001580	0.000000	0.001580	52.7	119.0	173.0
514	-0.606686	-0.606692	0.000001	268.016626	95.072505	0.001469	0.000000	0.001469	60.6	163.5	225.3
515	-0.608914	-0.608920	0.000001	269.016626	94.744687	0.001975	0.000000	0.001975	51.0	133.3	185.4
516	-0.612549	-0.612554	0.000001	269.995901	94.425848	0.001652	0.000000	0.001652	76.4	135.9	213.4
517	-0.609813	-0.609819	0.000001	269.775421	94.497446	0.001636	0.000000	0.001636	49.8	127.9	178.8
518	-0.615598	-0.615603	0.000001	270.775421	94.173575	0.001752	0.000000	0.001752	45.0	158.4	204.9
519	-0.610915	-0.610921	0.000001	271.775421	93.851917	0.001761	0.000000	0.001760	83.5	124.0	208.8
520	-0.608482	-0.608488	0.000001	271.554940	93.922648	0.001675	0.000000	0.001675	59.3	119.1	179.4
521	-0.608730	-0.608735	0.000001	271.334461	93.993484	0.001361	0.000000	0.001361	76.6	160.2	238.0
522	-0.605265	-0.605271	0.000001	272.334461	93.673053	0.001304	0.000000	0.001304	71.8	117.1	190.1
523	-0.609365	-0.609371	0.000001	273.334431	93.354809	0.001031	0.000000	0.001031	106.0	223.7	330.8
524	-0.615772	-0.615777	0.000001	274.283955	93.054614	0.001443	0.000000	0.001442	94.3	152.6	248.8
525	-0.609160	-0.609166	0.000001	275.283920	92.740553	0.001810	0.000000	0.001810	64.0	127.1	193.1
526	-0.613104	-0.613110	0.000001	275.223621	92.759431	0.001184	0.000000	0.001184	95.7	115.1	222.9
527	-0.604961	-0.604967	0.000001	276.223621	92.447345	0.002147	0.000000	0.002147	44.9	163.7	210.1
528	-0.603719	-0.603725	0.000001	276.003141	92.515973	0.001410	0.000000	0.001410	106.1	84.2	191.5
529	-0.603778	-0.603784	0.000001	277.002860	92.205607	0.001314	0.000000	0.001313	73.7	116.1	191.1
530	-0.606460	-0.606466	0.000001	278.002793	91.897250	0.001359	0.000000	0.001359	89.5	158.3	250.2
531	-0.606574	-0.606580	0.000001	279.002793	91.590929	0.002026	0.000000	0.002026	44.9	108.6	155.3
532	-0.616555	-0.616560	0.000001	280.002793	91.286643	0.001851	0.000000	0.001851	61.0	111.2	173.3
533	-0.608436	-0.608442	0.000001	281.002793	90.984372	0.001859	0.000000	0.001859	80.0	140.8	221.8
534	-0.612372	-0.612378	0.000001	280.782313	91.050845	0.001261	0.000000	0.001261	50.9	146.9	199.0
535	-0.601288	-0.601294	0.000001	280.939672	91.003393	0.001716	0.000000	0.001716	61.6	128.0	190.8
536	-0.602987	-0.602993	0.000001	280.719192	91.069893	0.001268	0.000000	0.001268	73.3	97.8	172.2
537	-0.612080	-0.612086	0.000001	280.498738	91.136483	0.001494	0.000000	0.001494	79.2	99.8	181.2
538	-0.602651	-0.602657	0.000001	280.278513	91.203101	0.001207	0.000000	0.001207	111.6	111.6	224.4
539	-0.601344	-0.601350	0.000001	281.278513	90.901382	0.001239	0.000000	0.001238	72.3	94.8	168.4
540	-0.605551	-0.605557	0.000001	282.244216	90.611900	0.001398	0.000000	0.001398	102.6	102.8	208.7
541	-0.598514	-0.598519	0.000001	283.243917	90.314162	0.001674	0.000000	0.001674	69.3	110.0	180.4
542	-0.607124	-0.607130	0.000001	284.243917	90.018287	0.001214	0.000000	0.001214	72.5	131.2	204.8
543	-0.606138	-0.606144	0.000001	285.243917	89.724344	0.001333	0.000000	0.001333	83.4	108.4	193.1
544	-0.600307	-0.600313	0.000001	286.243917	89.432314	0.001398	0.000000	0.001398	72.3	145.6	219.0
545	-0.614145	-0.614151	0.000001	286.023437	89.496537	0.001556	0.000000	0.001556	41.6	89.1	132.0
546	-0.606793	-0.606798	0.000001	287.023436	89.205987	0.001694	0.000000	0.001694	73.7	135.7	210.6
547	-0.606012	-0.606017	0.000001	288.023327	88.917348	0.001678	0.000000	0.001678	83.4	122.2	207.1
548	-0.613484	-0.613489	0.000001	289.023327	88.630539	0.001123	0.000000	0.001123	67.2	112.4	181.2
549	-0.609507	-0.609512	0.000001	288.802847	88.693616	0.001385	0.000000	0.001385	33.8	162.7	197.8
550	-0.619569	-0.619575	0.000001	288.667291	88.732441	0.000928	0.000000	0.000928	43.1	156.2	200.5
551	-0.615156	-0.615162	0.000001	288.447534	88.795455	0.001568	0.000000	0.001568	44.2	116.1	161.5
552	-0.600769	-0.600775	0.000001	288.530989	88.771514	0.001200	0.000000	0.001200	57.2	110.0	168.4
553	-0.607957	-0.607963	0.000001	289.530989	88.485644	0.002050	0.000000	0.002050	53.4	127.6	182.2
554	-0.610513	-0.610518	0.000001	289.352928	88.536411	0.001709	0.000000	0.001709	69.2	129.6	200.0
555	-0.615593	-0.615599	0.000001	289.132448	88.599354	0.001379	0.000000	0.001379	84.8	120.7	207.2
556	-0.608798	-0.608804	0.000001	290.132448	88.314590	0.001306	0.000000	0.001306	53.1	177.4	231.7
557	-0.613388	-0.613394	0.000001	291.127079	88.033165	0.001511	0.000000	0.001511	49.7	120.5	171.4
558	-0.614034	-0.614039	0.000001	290.924404	88.090365	0.001047	0.000000	0.001047	59.8	128.0	188.9
559	-0.606461	-0.606466	0.000001	290.703952	88.152667	0.001517	0.000000	0.001517	64.0	158.9	234.6
560	-0.600804	-0.600810	0.000001	290.483669	88.215009	0.001264	0.000000	0.001264	52.3	104.3	159.3
561	-0.617088	-0.617094	0.000001	291.482609	87.933004	0.001508	0.000000	0.001508	89.3	118.6	209.1
562	-0.599854	-0.599860	0.000001	292.482600	87.652503	0.001860	0.000000	0.001860	41.9	154.2	197.4
563	-0.601620	-0.601626	0.000001	293.482600	87.373783	0.000972	0.000000	0.000972	29.1	174.5	204.8
564	-0.607642	-0.607648	0.000001	293.391055	87.399225	0.001234	0.000000	0.001234	76.8	103.9	181.9
565	-0.605836	-0.605842	0.000001	294.354839	87.132116	0.001241	0.000000	0.001242	54.6	141.1	196.8
566	-0.612078	-0.612084	0.000001	294.134364	87.193076	0.001040	0.000000	0.001040	49.3	159.9	210.4
567	-0.602567	-0.602573	0.000001	293.913886	87.254122	0.001022	0.000000	0.001022	54.9	126.4	182.6
568	-0.615452	-0.615458	0.000001	294.913693	86.977979	0.000954	0.000000	0.000954	62.0	95.5	158.7
569	-0.616271	-0.616277	0.000001	294.693238	87.038718	0.001383	0.000000	0.001383	87.7	97.2	186.0
570	-0.608184	-0.608190	0.000001	294.852936	86.994710	0.001805	0.000000	0.001805	58.4	132.6	192.2
571	-0.595904	-0.595910	0.000001	295.852936	86.720151	0.001027	0.000000	0.001027	77.3	115.2	193.6
572	-0.606513	-0.606518	0.000001	296.852727	86.447377	0.001246	0.000000	0.001246	70.2	134.8	206.2
573	-0.615023	-0.615029	0.000001	297.811601	86.187374	0.001273	0.000000	0.001273	80.1	148.6	229.9
574	-0.621593	-0.621599	0.000001	297.591120	86.247019	0.001376	0.000000	0.001376	56.9	168.1	226.1
575	-0.601090	-0.601096	0.000001	297.370643	86.306747	0.001781	0.000000	0.001781	63.7	113.6	178.5
576	-0.604182	-0.604188	0.000001	297.150162	86.366558	0.001458	0.000000	0.001458	106.2	112.4	219.9
577	-0.605481	-0.605487	0.000001	298.150162	86.095944	0.002022	0.000000	0.002022	68.1	95.6	164.9
578	-0.608318	-0.608324	0.000001	297.929682	86.155463	0.001120	0.000000	0.001120	80.0	136.0	217.5
579	-0.617816	-0.617822	0.000001	297.709202	86.215065	0.001774	0.000000	0.001774	50.2	99.6	167.4
580	-0.610402	-0.610408	0.000001	297.491540	86.273986	0.001291	0.000000	0.001291	84.6	96.9	182.8
581	-0.595898	-0.595904	0.000001	297.271059	86.333752	0.001449	0.000000	0.001449	77.7	124.2	204.9
582	-0.601097	-0.601103	0.000001	298.271059	86.063343	0.001134	0.000000	0.001134	102.9	128.3	232.9
583	-0.610882	-0.610888	0.000001	299.271041	85.794627	0.001609	0.000000	0.001609	62.8	131.3	195.5
584	-0.613146	-0.613152	0.000001	300.228692	85.538855	0.001293	0.000000	0.001293	65.5	93.5	160.4
585	-0.613490	-0.613496	0.000001	301.199981	85.280994	0.001656	0.000000	0.001656	72.5	120.1	193.9
586	-0.604095	-0.604101	0.000001	300.985933	85.337686	0.001271	0.000000	0.001271	50.2	123.8	175.2
587	-0.604669	-0.604675	0.000001	301.978774	85.075357	0.002122	0.000000	0.002122	72.0	195.1	268.3
588	-0.608318	-0.608324	0.000001	301.821920	85.116694	0.001222	0.000000	0.001222	64.9	108.1	174.3
589	-0.610705	-0.610711	0.000001	302.821920	84.853844	0.001205	0.000000	0.001205	81.5	135.8	218.5
590	-0.607958	-0.607964	0.000001	302.601440	84.911657	0.001210	0.000000	0.001210	79.3	112.0	192.4
591	-0.611709	-0.611715	0.000001	302.380959	84.969550	0.001406	0.000000	0.001406	68.5	157.9	227.6
592	-0.614762	-0.614768	0.000001	303.380874	84.707628	0.001270	0.000000	0.001270	46.1	184.7	233.1
593	-0.600755	-0.600761	0.000001	303.838953	84.588176	0.001252	0.000000	0.001252	68.6	184.3	254.1
594	-0.610120	-0.610126	0.000001	303.618587	84.645598	0.001578	0.000000	0.001578	97.9	148.9	247.9
595	-0.609399	-0.609405	0.000001	304.618586	84.385645	0.001384	0.000000	0.001384	16.9	111.9	130.3
596	-0.603083	-0.603089	0.000001	305.618568	84.127289	0.001353	0.000000	0.001353	54.5	112.2	170.7
597	-0.610946	-0.610952	0.000001	306.618568	83.870504	0.001795	0.000000	0.001795	46.1	120.8	168.1
598	-0.618162	-0.618168	0.000001	307.618103	83.615401	0.001250	0.000000	0.001250	61.2	113.4	175.7
599	-0.614697	-0.614703	0.000001	308.618089	83.361731	0.001185	0.000000	0.001185	119.3	150.2	271.0
600	-0.608448	-0.608454	0.000001	308.397616	83.417527	0.001283	0.000000	0.001283	46.5	172.6	221.6
601	-0.609455	-0.609461	0.000001	309.397616	83.165051	0.001244	0.000000	0.001244	42.0	135.6	180.9
602	-0.599950	-0.599956	0.000001	309.799466	83.064023	0.001283	0.000000	0.001283	60.8	153.4	216.0
603	-0.598370	-0.598376	0.000001	309.578986	83.119423	0.001559	0.000000	0.001559	47.5	172.2	220.9
604	-0.609687	-0.609693	0.000001	309.384220	83.168423	0.001262	0.000000	0.001262	56.5	128.1	185.8
605	-0.606760	-0.606765	0.000001	310.384220	82.917450	0.001678	0.000000	0.001678	83.3	109.8	194.3
606	-0.615511	-0.615517	0.000001	310.163740	82.972655	0.001198	0.000000	0.001198	83.4	87.7	172.2
607	-0.609565	-0.609571	0.000001	311.163728	82.722863	0.001661	0.000000	0.001661	79.7	101.0	182.1
608	-0.602946	-0.602952	0.000001	310.943248	82.777808	0.001432	0.000000	0.001432	71.0	127.6	199.7
609	-0.603636	-0.603642	0.000001	310.757878	82.824060	0.001226	0.000000	0.001226	50.3	130.4	182.6
610	-0.611866	-0.611872	0.000001	310.537770	82.879047	0.000961	0.000000	0.000961	37.7	168.1	207.0
611	-0.609707	-0.609713	0.000001	310.318962	82.933782	0.001299	0.000000	0.001299	32.8	159.8	193.8
612	-0.610902	-0.610908	0.000001	310.098539	82.988994	0.001768	0.000000	0.001768	69.1	116.9	187.1
613	-0.611703	-0.611709	0.000001	311.098539	82.739101	0.001149	0.000000	0.001149	78.8	124.2	204.2
614	-0.621817	-0.621823	0.000001	310.878059	82.794068	0.001508	0.000000	0.001508	80.9	148.6	231.1
615	-0.606554	-0.606560	0.000001	311.878059	82.545346	0.001602	0.000000	0.001602	74.2	90.9	166.6
616	-0.605072	-0.605078	0.000001	312.878059	82.298114	0.001397	0.000000	0.001397	81.0	152.1	236.2
617	-0.601452	-0.601458	0.000001	313.878059	82.052359	0.001327	0.000000	0.001327	60.9	118.7	180.8
618	-0.599277	-0.599283	0.000001	313.657603	82.106411	0.001261	0.000000	0.001261	68.7	88.2	158.0
619	-0.606672	-0.606678	0.000001	314.657603	81.861797	0.001733	0.000000	0.001733	83.5	90.6	176.9
620	-0.608535	-0.608541	0.000001	314.437290	81.915563	0.001540	0.000000	0.001540	62.2	127.8	191.4
621	-0.608290	-0.608296	0.000001	314.216810	81.969441	0.001444	0.000000	0.001444	121.3	107.3	230.0
622	-0.601333	-0.601339	0.000001	313.996330	82.023390	0.001213	0.000000	0.001213	58.4	129.9	189.7
623	-0.602264	-0.602270	0.000001	314.996260	81.779287	0.001314	0.000000	0.001314	92.2	151.9	245.4
624	-0.618782	-0.618788	0.000001	315.996234	81.536622	0.001401	0.000000	0.001401	29.4	210.0	240.9
625	-0.612078	-0.612084	0.000001	315.775754	81.590002	0.001695	0.000000	0.001695	84.3	137.6	223.1
626	-0.608089	-0.608095	0.000001	316.775275	81.348567	0.001715	0.000000	0.001716	67.5	128.8	197.9
627	-0.613172	-0.613178	0.000001	317.775275	81.108442	0.001564	0.000000	0.001564	42.0	147.4	190.6
628	-0.618254	-0.618259	0.000001	318.775275	80.869730	0.001334	0.000000	0.001334	104.9	143.8	249.9
629	-0.613129	-0.613135	0.000001	319.775273	80.632419	0.001092	0.000000	0.001092	59.9	130.0	191.1
630	-0.612569	-0.612575	0.000001	319.663427	80.658892	0.001196	0.000000	0.001196	94.1	149.4	244.8
631	-0.603335	-0.603341	0.000001	319.648027	80.662538	0.001182	0.000000	0.001182	33.0	135.2	169.4
632	-0.599934	-0.599940	0.000001	320.641958	80.427869	0.001131	0.000000	0.001131	46.7	107.9	155.8
633	-0.605018	-0.605024	0.000001	320.422696	80.479520	0.001019	0.000000	0.001019	68.3	187.4	257.0
634	-0.614766	-0.614772	0.000001	320.202231	80.531521	0.001433	0.000000	0.001433	117.3	197.0	316.1
635	-0.609562	-0.609568	0.000001	321.200531	80.296587	0.001655	0.000000	0.001655	76.6	180.9	258.8
636	-0.605451	-0.605457	0.000001	320.980051	80.348355	0.001286	0.000000	0.001286	52.2	174.8	228.3
637	-0.618069	-0.618075	0.000001	320.759570	80.400190	0.001023	0.000000	0.001023	46.6	160.6	208.5
638	-0.604291	-0.604297	0.000001	321.759369	80.165670	0.001337	0.000000	0.001337	35.7	97.5	134.4
639	-0.606017	-0.606023	0.000001	321.538889	80.217270	0.002560	0.000000	0.002560	78.5	115.0	194.7
640	-0.610983	-0.610989	0.000001	322.538889	79.983767	0.001602	0.000000	0.001602	40.0	154.3	195.8
641	-0.611402	-0.611408	0.000001	322.320383	80.034673	0.001359	0.000000	0.001359	45.8	145.2	192.9
642	-0.607586	-0.607592	0.000001	323.320383	79.802230	0.000921	0.000000	0.000921	82.8	164.0	247.9
643	-0.609975	-0.609981	0.000001	323.887106	79.671098	0.001840	0.000000	0.001840	50.2	146.2	197.6
644	-0.611009	-0.611015	0.000001	323.666626	79.722063	0.002017	0.000000	0.002017	48.5	101.5	151.5
645	-0.606713	-0.606719	0.000001	324.666626	79.491430	0.001785	0.000000	0.001785	48.4	174.8	224.5
646	-0.603319	-0.603325	0.000001	324.446146	79.542166	0.001085	0.000000	0.001085	92.9	144.2	238.4
647	-0.614909	-0.614915	0.000001	325.446146	79.312571	0.001725	0.000000	0.001724	61.1	105.9	168.7
648	-0.600750	-0.600756	0.000001	325.464245	79.308428	0.001006	0.000000	0.001006	76.0	97.8	175.0
649	-0.615640	-0.615646	0.000001	326.461748	79.080747	0.001533	0.000000	0.001533	53.8	113.8	168.8
650	-0.598906	-0.598912	0.000001	327.460281	78.854136	0.001070	0.000000	0.001070	54.4	135.8	191.5
651	-0.609571	-0.609577	0.000001	328.457976	78.629010	0.001008	0.000000	0.001008	111.6	88.6	201.8
652	-0.607649	-0.607655	0.000001	328.237586	78.678629	0.001004	0.000000	0.001004	59.9	119.6	180.8
653	-0.611414	-0.611420	0.000001	328.017120	78.728329	0.001297	0.000000	0.001297	74.6	118.3	194.3
654	-0.612443	-0.612449	0.000001	329.017003	78.503428	0.001117	0.000000	0.001117	75.7	168.1	249.2
655	-0.602968	-0.602974	0.000001	330.016974	78.279789	0.002569	0.000000	0.002569	66.1	106.7	174.0
656	-0.609590	-0.609596	0.000001	331.016974	78.057414	0.001681	0.000000	0.001681	66.8	151.7	220.3
657	-0.609544	-0.609550	0.000001	330.796494	78.106334	0.001850	0.000000	0.001850	40.1	132.7	174.1
658	-0.618346	-0.618352	0.000001	331.796494	77.884942	0.001495	0.000000	0.001495	50.9	128.0	180.2
659	-0.619176	-0.619182	0.000001	331.576057	77.933637	0.001761	0.000000	0.001761	89.3	97.4	188.2
660	-0.607356	-0.607362	0.000001	332.576057	77.713222	0.001099	0.000000	0.001099	77.9	163.6	242.6
661	-0.617109	-0.617115	0.000001	333.576056	77.494050	0.001952	0.000000	0.001952	67.8	84.5	153.5
662	-0.610886	-0.610892	0.000001	334.575942	77.276135	0.001158	0.000000	0.001158	81.5	133.0	215.7
663	-0.611123	-0.611129	0.000001	335.575941	77.059418	0.001273	0.000000	0.001273	73.4	164.6	239.2
664	-0.610389	-0.610395	0.000001	335.355461	77.107096	0.001954	0.000000	0.001954	54.5	136.6	192.2
665	-0.612273	-0.612279	0.000001	335.135061	77.154815	0.001037	0.000000	0.001037	94.0	96.9	192.9
666	-0.603480	-0.603486	0.000001	335.052648	77.172673	0.001596	0.000000	0.001596	116.3	118.1	236.2
667	-0.621863	-0.621869	0.000001	334.832176	77.220489	0.001102	0.000000	0.001102	113.1	94.7	210.8
668	-0.615508	-0.615514	0.000001	335.729241	77.026303	0.001328	0.000000	0.001327	69.7	111.5	182.3
669	-0.607454	-0.607460	0.000001	336.729238	76.810983	0.002048	0.000000	0.002048	80.2	194.0	277.6
670	-0.604940	-0.604946	0.000001	337.633422	76.617328	0.001385	0.000000	0.001385	19.9	134.7	155.9
671	-0.608529	-0.608536	0.000001	338.633422	76.404285	0.002283	0.000000	0.002283	67.3	122.4	190.9
672	-0.612575	-0.612581	0.000001	338.437643	76.445901	0.001324	0.000000	0.001324	79.1	144.7	224.9
673	-0.604966	-0.604972	0.000001	338.217163	76.492822	0.001574	0.000000	0.001574	89.9	154.4	245.7
674	-0.604664	-0.604671	0.000001	337.996683	76.539801	0.001650	0.000000	0.001650	57.5	152.7	211.3
675	-0.615372	-0.615378	0.000001	338.996683	76.327188	0.001445	0.000000	0.001445	74.0	164.1	239.2
676	-0.599810	-0.599817	0.000001	339.996683	76.115754	0.001301	0.000000	0.001301	56.2	183.9	241.3
677	-0.613136	-0.613142	0.000001	340.996683	75.905487	0.001678	0.000000	0.001677	60.8	160.6	222.9
678	-0.603789	-0.603795	0.000001	340.776202	75.951747	0.001714	0.000000	0.001714	25.1	100.9	127.3
679	-0.598195	-0.598201	0.000001	341.776202	75.742384	0.001736	0.000000	0.001736	41.2	116.9	160.0
680	-0.612850	-0.612856	0.000001	341.555722	75.788445	0.001360	0.000000	0.001360	90.9	88.4	180.8
681	-0.609438	-0.609444	0.000001	341.335242	75.834563	0.001003	0.000000	0.001003	77.8	92.0	171.2
682	-0.606831	-0.606837	0.000001	342.334855	75.625925	0.001260	0.000000	0.001261	76.3	115.3	192.7
683	-0.615720	-0.615726	0.000001	343.334521	75.418422	0.001292	0.000000	0.001292	73.0	134.4	209.0
684	-0.615483	-0.615489	0.000001	343.116354	75.463610	0.001950	0.000000	0.001950	57.9	139.2	198.9
685	-0.605118	-0.605124	0.000001	344.116354	75.256926	0.001735	0.000000	0.001735	94.5	109.9	205.4
686	-0.611653	-0.611659	0.000001	343.895874	75.302399	0.001280	0.000000	0.001280	68.6	132.1	202.0
687	-0.608642	-0.608648	0.000001	344.895871	75.096596	0.001528	0.000000	0.001528	75.9	156.6	233.7
688	-0.600236	-0.600242	0.000001	344.675411	75.141871	0.001299	0.000000	0.001299	87.3	85.8	174.3
689	-0.613185	-0.613191	0.000001	344.454932	75.187204	0.001374	0.000000	0.001374	55.7	117.7	174.5
690	-0.611232	-0.611238	0.000001	345.454932	74.982030	0.002034	0.000000	0.002034	73.5	161.9	236.8
691	-0.608021	-0.608027	0.000001	346.454932	74.777972	0.001552	0.000000	0.001552	45.5	129.3	176.5
692	-0.607840	-0.607846	0.000001	347.454932	74.575022	0.001216	0.000000	0.001216	63.3	133.8	198.2
693	-0.610466	-0.610472	0.000001	347.234451	74.619674	0.001585	0.000000	0.001585	67.9	132.0	201.0
694	-0.607482	-0.607488	0.000001	348.234451	74.417581	0.001344	0.000000	0.001344	81.9	243.8	327.3
695	-0.613551	-0.613557	0.000001	349.234412	74.216587	0.001745	0.000000	0.001745	103.4	138.1	243.1
696	-0.619372	-0.619378	0.000001	350.232888	74.016973	0.001734	0.000000	0.001734	42.2	96.8	140.6
697	-0.614237	-0.614243	0.000001	351.232888	73.818127	0.001314	0.000000	0.001314	72.9	150.0	224.1
698	-0.599764	-0.599770	0.000001	352.232868	73.620350	0.001368	0.000000	0.001368	44.1	123.8	169.2
699	-0.603454	-0.603460	0.000001	352.065925	73.653295	0.001197	0.000000	0.001197	68.3	106.4	175.9
700	-0.619296	-0.619302	0.000001	353.062816	73.457006	0.001495	0.000000	0.001495	105.7	135.9	243.2
701	-0.609165	-0.609171	0.000001	353.966736	73.279926	0.001665	0.000000	0.001665	77.1	123.1	201.8
702	-0.612789	-0.612795	0.000001	353.746256	73.323040	0.000857	0.000000	0.000857	77.2	117.9	196.6
703	-0.610568	-0.610574	0.000001	354.682806	73.140251	0.001332	0.000000	0.001332	79.4	107.6	188.5
704	-0.612709	-0.612715	0.000001	355.681840	72.946268	0.001204	0.000000	0.001204	68.2	99.2	168.6
705	-0.611575	-0.611581	0.000001	355.463605	72.988555	0.001079	0.000000	0.001079	80.0	131.4	221.8
706	-0.625245	-0.625252	0.000001	355.243126	73.031327	0.001662	0.000000	0.001662	90.9	168.1	260.1
707	-0.612922	-0.612929	0.000001	355.022674	73.074143	0.001684	0.000000	0.001684	65.8	171.1	238.3
708	-0.613881	-0.613888	0.000001	356.022674	72.880324	0.001079	0.000000	0.001079	22.5	71.5	97.9
709	-0.607869	-0.607875	0.000001	355.802194	72.922969	0.001670	0.000000	0.001670	88.8	119.8	211.1
710	-0.606136	-0.606142	0.000001	355.581912	72.965625	0.001597	0.000000	0.001597	89.8	108.6	199.6
711	-0.604469	-0.604475	0.000001	356.581912	72.772381	0.001739	0.000000	0.001739	84.9	126.9	213.0
712	-0.607527	-0.607533	0.000001	356.361432	72.814899	0.001638	0.000000	0.001638	39.9	138.0	179.1
713	-0.619876	-0.619882	0.000001	357.361431	72.622451	0.001187	0.000000	0.001187	40.5	113.5	155.3
714	-0.614137	-0.614143	0.000001	357.140951	72.664795	0.001223	0.000000	0.001223	113.2	209.5	324.2
715	-0.605699	-0.605706	0.000001	358.136420	72.474004	0.001513	0.000000	0.001513	29.5	171.6	202.3
716	-0.616826	-0.616832	0.000001	359.133303	72.283944	0.001819	0.000000	0.001819	79.2	198.6	281.2
717	-0.609320	-0.609326	0.000001	360.133144	72.094319	0.001899	0.000000	0.001899	52.6	146.0	199.8
718	-0.606373	-0.606379	0.000001	361.133144	71.905656	0.001800	0.000000	0.001800	27.2	181.8	210.3
719	-0.604286	-0.604292	0.000001	362.133144	71.717979	0.001050	0.000000	0.001050	94.1	163.4	258.7
720	-0.606797	-0.606803	0.000001	361.912666	71.759273	0.001987	0.000000	0.001987	64.5	175.6	242.5
721	-0.618024	-0.618030	0.000001	362.912665	71.572358	0.001363	0.000000	0.001363	61.8	142.2	207.7
722	-0.616617	-0.616623	0.000001	363.912665	71.386413	0.001615	0.000000	0.001615	59.9	174.0	235.3
723	-0.610919	-0.610925	0.000001	363.692189	71.427326	0.001497	0.000000	0.001497	82.0	144.1	227.3
724	-0.609329	-0.609336	0.000001	363.471709	71.468287	0.001333	0.000000	0.001333	74.9	146.5	223.0
725	-0.615906	-0.615912	0.000001	364.471709	71.282883	0.001468	0.000000	0.001468	54.0	96.2	153.8
726	-0.614566	-0.614572	0.000001	365.471708	71.098437	0.001015	0.000000	0.001015	57.3	141.1	199.8
727	-0.616313	-0.616319	0.000001	365.259128	71.137567	0.001215	0.000000	0.001215	62.5	124.9	189.2
728	-0.601851	-0.601857	0.000001	365.815133	71.035314	0.001254	0.000000	0.001254	57.3	131.8	190.3
729	-0.598296	-0.598302	0.000001	365.594653	71.075827	0.000944	0.000000	0.000944	57.0	110.7	170.1
730	-0.609537	-0.609543	0.000001	366.591525	70.893022	0.001172	0.000000	0.001172	57.5	128.9	187.7
731	-0.604832	-0.604838	0.000001	366.371085	70.933365	0.001459	0.000000	0.001459	82.9	148.0	232.8
732	-0.611762	-0.611768	0.000001	366.151931	70.973518	0.001254	0.000000	0.001254	97.3	125.8	224.6
733	-0.612818	-0.612824	0.000001	367.135675	70.793633	0.001650	0.000000	0.001650	65.2	172.2	238.6
734	-0.602547	-0.602553	0.000001	368.079118	70.621972	0.001671	0.000000	0.001671	66.5	162.9	230.7
735	-0.611392	-0.611399	0.000001	369.079118	70.440927	0.001542	0.000000	0.001542	47.7	124.0	173.1
736	-0.623104	-0.623110	0.000001	368.904256	70.472518	0.001146	0.000000	0.001146	79.7	143.4	224.3
737	-0.606991	-0.606998	0.000001	369.904188	70.292249	0.001328	0.000000	0.001328	70.9	128.6	200.6
738	-0.613351	-0.613357	0.000001	369.691913	70.330441	0.001491	0.000000	0.001491	54.0	98.7	154.0
739	-0.610158	-0.610164	0.000001	370.691141	70.151024	0.001313	0.000000	0.001313	134.3	114.0	249.5
740	-0.601989	-0.601995	0.000001	371.691137	69.972383	0.001533	0.000000	0.001533	81.9	100.9	184.4
741	-0.602528	-0.602535	0.000001	371.470671	70.011689	0.001037	0.000000	0.001037	59.5	161.2	221.9
742	-0.605052	-0.605059	0.000001	372.470671	69.833755	0.001834	0.000000	0.001834	86.7	151.5	240.4
743	-0.609891	-0.609897	0.000001	372.250191	69.872908	0.001562	0.000000	0.001562	71.2	95.8	168.6
744	-0.615121	-0.615127	0.000001	373.248502	69.695977	0.001471	0.000000	0.001471	68.0	148.0	217.3
745	-0.608742	-0.608748	0.000001	373.028022	69.734976	0.001268	0.000000	0.001268	65.5	109.8	176.5
746	-0.611381	-0.611387	0.000001	373.749317	69.607554	0.001872	0.000000	0.001872	69.1	122.8	193.0
747	-0.602061	-0.602067	0.000001	374.749317	69.431666	0.002377	0.000000	0.002377	75.3	129.5	205.9
748	-0.614770	-0.614776	0.000001	375.749317	69.256665	0.001516	0.000000	0.001516	58.2	165.3	224.8
749	-0.623420	-0.623426	0.000001	376.749309	69.082545	0.001644	0.000000	0.001644	44.2	158.5	203.8
750	-0.610349	-0.610355	0.000001	377.749309	68.909297	0.001293	0.000000	0.001293	69.9	145.0	216.0
751	-0.604529	-0.604535	0.000001	378.749309	68.736916	0.001053	0.000000	0.001053	64.8	163.5	229.5
752	-0.612007	-0.612013	0.000001	379.714443	68.571361	0.001552	0.000000	0.001552	86.0	105.8	193.0
753	-0.615939	-0.615945	0.000001	379.501827	68.607763	0.001233	0.000000	0.001233	79.9	128.1	209.3
754	-0.617037	-0.617043	0.000001	380.501758	68.436897	0.001426	0.000000	0.001426	85.7	115.1	202.1
755	-0.616413	-0.616419	0.000001	381.501758	68.266868	0.001499	0.000000	0.001499	79.1	151.0	231.6
756	-0.608762	-0.608768	0.000001	382.501758	68.097682	0.001942	0.000000	0.001942	111.5	142.0	254.7
757	-0.607923	-0.607929	0.000001	383.460696	67.936229	0.000873	0.000000	0.000873	58.8	179.8	239.7
758	-0.603942	-0.603948	0.000001	383.240223	67.973282	0.001270	0.000000	0.001270	91.2	161.8	254.3
759	-0.603035	-0.603041	0.000001	383.911495	67.860594	0.001498	0.000000	0.001498	89.0	127.2	217.4
760	-0.603963	-0.603969	0.000001	383.691015	67.897565	0.000983	0.000000	0.000983	49.5	142.9	193.6
761	-0.614246	-0.614252	0.000001	383.470558	67.934573	0.001021	0.000000	0.001021	58.5	151.5	211.2
762	-0.603541	-0.603547	0.000001	383.356575	67.953723	0.001521	0.000000	0.001521	70.2	90.7	162.0
763	-0.611173	-0.611179	0.000001	383.139051	67.990298	0.001589	0.000000	0.001589	80.2	140.0	221.4
764	-0.620366	-0.620372	0.000001	384.007591	67.844493	0.001447	0.000000	0.001447	56.9	143.0	201.1
765	-0.615754	-0.615760	0.000001	385.007591	67.677391	0.001025	0.000000	0.001025	85.5	124.1	211.0
766	-0.607597	-0.607603	0.000001	384.787112	67.714163	0.001517	0.000000	0.001517	93.6	143.9	238.7
767	-0.615017	-0.615023	0.000001	384.566632	67.750975	0.001741	0.000000	0.001741	148.7	118.4	268.3
768	-0.608483	-0.608489	0.000001	384.346950	67.787693	0.001710	0.000000	0.001710	148.9	114.2	265.9
769	-0.607948	-0.607954	0.000001	385.346950	67.620871	0.001383	0.000000	0.001383	66.8	186.9	254.9
770	-0.614080	-0.614086	0.000001	385.126480	67.657579	0.001539	0.000000	0.001539	53.6	152.7	207.4
771	-0.602516	-0.602522	0.000001	385.841649	67.538647	0.002111	0.000000	0.002111	37.7	140.4	179.3
772	-0.614159	-0.614165	0.000001	386.531152	67.424378	0.001451	0.000000	0.001451	50.6	106.0	160.1
773	-0.620112	-0.620118	0.000001	386.310672	67.460876	0.001619	0.000000	0.001619	116.8	107.6	226.6
774	-0.606215	-0.606221	0.000001	387.310672	67.295656	0.001218	0.000000	0.001218	89.4	132.1	223.6
775	-0.608997	-0.609004	0.000001	388.244221	67.142144	0.001215	0.000000	0.001215	81.0	98.2	180.4
776	-0.612400	-0.612406	0.000001	388.023742	67.178336	0.001147	0.000000	0.001146	79.3	102.6	183.5
777	-0.612760	-0.612767	0.000001	389.023742	67.014496	0.001170	0.000000	0.001169	90.5	155.1	246.8
778	-0.608604	-0.608610	0.000001	388.874890	67.038834	0.001274	0.000000	0.001274	65.2	124.1	190.5
779	-0.613018	-0.613024	0.000001	388.654410	67.074915	0.001874	0.000000	0.001874	42.5	105.3	149.0
780	-0.602197	-0.602203	0.000001	388.433930	67.111034	0.001326	0.000000	0.001326	55.3	152.1	208.5
781	-0.607316	-0.607323	0.000001	389.433930	66.947522	0.001509	0.000000	0.001509	40.6	104.3	146.1
782	-0.599280	-0.599287	0.000001	389.213583	66.983483	0.002244	0.000000	0.002244	66.1	108.7	176.1
783	-0.615374	-0.615380	0.000001	390.213583	66.820591	0.000932	0.000000	0.000932	58.9	119.3	179.4
784	-0.607271	-0.607277	0.000001	391.213569	66.658491	0.000931	0.000000	0.000931	47.1	152.1	200.3
785	-0.610967	-0.610973	0.000001	392.065589	66.520996	0.001482	0.000000	0.001482	82.5	123.9	207.5
786	-0.615559	-0.615565	0.000001	391.845109	66.556522	0.001281	0.000000	0.001281	76.6	129.4	207.1
787	-0.606929	-0.606935	0.000001	392.845108	66.395697	0.001539	0.000000	0.001539	50.2	144.2	195.6
788	-0.614157	-0.614163	0.000001	392.624629	66.431089	0.001302	0.000000	0.001302	53.3	189.6	244.1
789	-0.614652	-0.614658	0.000001	393.624629	66.270869	0.001262	0.000000	0.001262	33.4	167.8	202.4
790	-0.617525	-0.617531	0.000001	394.624629	66.111420	0.001588	0.000000	0.001588	29.9	116.4	148.3
791	-0.603241	-0.603247	0.000001	395.624628	65.952737	0.001696	0.000000	0.001696	63.0	137.9	202.0
792	-0.603388	-0.603394	0.000001	396.624628	65.794814	0.001502	0.000000	0.001502	59.6	117.4	178.2
793	-0.602741	-0.602747	0.000001	397.624625	65.637645	0.001493	0.000000	0.001493	67.2	105.3	174.1
794	-0.607654	-0.607661	0.000001	398.624625	65.481225	0.001621	0.000000	0.001621	50.2	103.3	154.8
795	-0.603423	-0.603430	0.000001	399.624625	65.325549	0.001644	0.000000	0.001644	56.2	139.7	201.6
796	-0.612331	-0.612337	0.000001	400.624625	65.170611	0.001374	0.000000	0.001374	46.9	161.3	209.4
797	-0.607132	-0.607138	0.000001	400.407007	65.204266	0.001319	0.000000	0.001319	25.0	109.6	135.8
798	-0.604029	-0.604035	0.000001	401.407006	65.049903	0.001781	0.000000	0.001781	72.5	100.4	174.3
799	-0.625539	-0.625545	0.000001	401.186526	65.083874	0.001199	0.000000	0.001199	79.5	165.8	246.4
800	-0.614001	-0.614008	0.000001	402.186526	64.930079	0.001374	0.000000	0.001374	59.9	171.1	232.3
801	-0.606803	-0.606809	0.000001	401.966045	64.963925	0.001341	0.000000	0.001341	61.7	145.5	208.5
802	-0.611386	-0.611392	0.000001	401.746225	64.997705	0.001390	0.000000	0.001390	46.6	123.2	170.9
803	-0.611131	-0.611137	0.000001	402.741254	64.845078	0.001341	0.000000	0.001341	108.6	152.3	262.1
804	-0.617530	-0.617536	0.000001	402.520774	64.878835	0.001833	0.000000	0.001833	75.6	164.0	240.8
805	-0.603086	-0.603092	0.000001	402.300293	64.912628	0.001312	0.000000	0.001312	57.5	210.8	269.4
806	-0.612169	-0.612175	0.000001	403.300293	64.759641	0.001739	0.000000	0.001739	145.7	211.6	359.9
807	-0.610692	-0.610698	0.000001	403.079814	64.793309	0.001424	0.000000	0.001424	47.6	116.4	165.3
808	-0.599357	-0.599363	0.000001	404.078790	64.641039	0.001872	0.000000	0.001872	120.4	117.0	238.5
809	-0.615368	-0.615374	0.000001	405.078790	64.489327	0.001950	0.000000	0.001950	87.5	132.3	220.9
810	-0.612948	-0.612954	0.000001	404.858310	64.522715	0.001761	0.000000	0.001761	91.8	104.6	197.6
811	-0.605672	-0.605678	0.000001	405.858310	64.371558	0.001386	0.000000	0.001386	113.6	125.8	240.6
812	-0.612730	-0.612736	0.000001	406.858310	64.221108	0.000937	0.000000	0.000937	93.7	138.8	233.8
813	-0.607922	-0.607928	0.000001	406.637830	64.254218	0.001538	0.000000	0.001538	50.3	168.2	219.8
814	-0.604425	-0.604431	0.000001	406.417350	64.287364	0.001322	0.000000	0.001322	49.5	139.7	194.8
815	-0.606827	-0.606833	0.000001	407.417350	64.137306	0.001231	0.000000	0.001231	74.1	141.5	216.8
816	-0.609927	-0.609933	0.000001	408.406269	63.989598	0.001078	0.000000	0.001078	61.0	164.3	226.5
817	-0.617474	-0.617481	0.000001	408.293229	64.006448	0.001579	0.000000	0.001579	62.8	128.1	192.4
818	-0.605654	-0.605661	0.000001	409.293229	63.857697	0.001252	0.000000	0.001252	51.9	123.3	176.4
819	-0.610519	-0.610525	0.000001	409.073069	63.890386	0.001518	0.000000	0.001518	92.2	124.4	217.9
820	-0.623658	-0.623664	0.000001	408.852588	63.923157	0.001787	0.000000	0.001787	85.4	127.1	213.8
821	-0.613059	-0.613066	0.000001	409.852588	63.774793	0.000962	0.000000	0.000962	88.1	137.5	226.7
822	-0.612379	-0.612385	0.000001	409.632108	63.807445	0.001498	0.000000	0.001498	72.5	175.3	249.2
823	-0.610220	-0.610226	0.000001	409.411628	63.840131	0.001542	0.000000	0.001542	66.2	140.9	208.3
824	-0.599552	-0.599558	0.000001	409.191175	63.872846	0.001490	0.000000	0.001490	68.6	177.6	249.9
825	-0.615575	-0.615581	0.000001	410.191174	63.724715	0.001637	0.000000	0.001637	99.7	147.9	249.0
826	-0.604901	-0.604907	0.000001	410.351470	63.701034	0.001444	0.000000	0.001444	37.8	96.2	135.2
827	-0.611907	-0.611913	0.000001	410.130990	63.733610	0.001418	0.000000	0.001418	95.4	88.5	185.3
828	-0.606574	-0.606580	0.000001	411.130990	63.586124	0.001349	0.000000	0.001349	63.2	111.2	176.2
829	-0.624132	-0.624138	0.000001	412.130990	63.439318	0.001011	0.000000	0.001011	45.5	157.4	204.1
830	-0.607581	-0.607587	0.000001	412.489257	63.386887	0.001750	0.000000	0.001750	23.8	158.5	183.5
831	-0.615501	-0.615508	0.000001	413.489255	63.240999	0.000993	0.000000	0.000993	46.9	98.7	146.8
832	-0.607731	-0.607737	0.000001	414.480841	63.097000	0.001428	0.000000	0.001428	78.7	132.7	212.6
833	-0.608901	-0.608907	0.000001	415.480537	62.952485	0.001661	0.000000	0.001661	48.1	158.4	207.6
834	-0.603995	-0.604001	0.000001	416.465101	62.810804	0.001398	0.000000	0.001398	57.0	147.0	205.1
835	-0.599686	-0.599692	0.000001	417.465101	62.667552	0.001419	0.000000	0.001419	86.0	156.0	243.5
836	-0.611686	-0.611693	0.000001	418.465101	62.524953	0.001454	0.000000	0.001454	76.3	166.2	245.1
837	-0.608883	-0.608890	0.000001	418.244622	62.556337	0.001179	0.000000	0.001179	66.7	177.7	245.5
838	-0.609755	-0.609762	0.000001	419.244622	62.414242	0.001374	0.000000	0.001374	49.7	176.6	227.4
839	-0.600771	-0.600777	0.000001	419.024142	62.445516	0.001078	0.000000	0.001078	39.1	148.8	189.4
840	-0.611148	-0.611154	0.000001	418.804803	62.476659	0.001762	0.000000	0.001762	47.6	163.3	212.0
841	-0.615921	-0.615927	0.000001	418.721216	62.488535	0.000925	0.000000	0.000925	70.8	113.5	185.6
842	-0.615414	-0.615420	0.000001	418.500736	62.519883	0.001437	0.000000	0.001437	86.7	146.6	234.6
843	-0.608239	-0.608245	0.000001	419.500274	62.378019	0.001603	0.000000	0.001603	63.1	115.8	180.2
844	-0.608957	-0.608964	0.000001	419.512745	62.376253	0.001305	0.000000	0.001305	88.3	171.1	260.5
845	-0.607685	-0.607691	0.000001	419.292674	62.407431	0.001212	0.000000	0.001212	206.2	148.4	355.9
846	-0.606928	-0.606935	0.000001	420.074300	62.296839	0.001778	0.000000	0.001778	70.5	142.2	214.4
847	-0.613779	-0.613785	0.000001	419.854037	62.327964	0.001266	0.000000	0.001266	63.3	134.4	198.9
848	-0.614772	-0.614779	0.000001	419.633557	62.359151	0.001197	0.000000	0.001197	90.0	140.7	231.9
849	-0.609178	-0.609185	0.000001	420.633460	62.217964	0.001566	0.000000	0.001566	79.8	133.6	214.5
850	-0.613368	-0.613375	0.000001	420.412979	62.249041	0.001812	0.000000	0.001811	79.9	164.9	245.9
851	-0.605907	-0.605914	0.000001	421.412918	62.108346	0.001226	0.000000	0.001226	75.8	177.8	255.6
852	-0.606494	-0.606500	0.000001	422.412918	61.968277	0.001135	0.000000	0.001135	23.9	179.9	205.1
853	-0.614066	-0.614073	0.000001	423.412918	61.828839	0.001603	0.000000	0.001603	23.4	173.7	198.4
854	-0.613583	-0.613589	0.000001	424.412916	61.690026	0.001883	0.000000	0.001883	48.7	198.2	248.2
855	-0.608650	-0.608656	0.000001	425.412916	61.551836	0.001438	0.000000	0.001438	64.7	166.9	232.9
856	-0.616765	-0.616772	0.000001	426.407845	61.414959	0.001281	0.000000	0.001281	46.7	115.4	163.3
857	-0.617027	-0.617034	0.000001	426.194189	61.444301	0.001374	0.000000	0.001374	113.5	175.2	291.8
858	-0.601037	-0.601044	0.000001	427.194189	61.307208	0.001540	0.000000	0.001540	53.4	103.3	158.3
859	-0.606414	-0.606420	0.000001	426.973709	61.337382	0.001069	0.000000	0.001069	58.8	119.8	179.7
860	-0.611362	-0.611369	0.000001	426.753410	61.367561	0.000969	0.000000	0.000969	58.1	146.0	205.8
861	-0.606555	-0.606562	0.000001	426.577338	61.391702	0.001380	0.000000	0.001380	72.9	120.1	194.3
862	-0.611662	-0.611669	0.000001	426.408573	61.414859	0.001423	0.000000	0.001423	91.0	99.9	192.0
863	-0.626975	-0.626982	0.000001	426.188092	61.445139	0.001399	0.000000	0.001399	40.6	121.2	163.0
864	-0.613646	-0.613652	0.000001	425.967613	61.475449	0.001155	0.000000	0.001155	56.4	125.7	183.3
865	-0.606132	-0.606138	0.000001	425.747133	61.505788	0.000894	0.000000	0.000894	56.6	170.5	228.6
866	-0.611444	-0.611451	0.000001	426.065941	61.461928	0.001298	0.000000	0.001298	120.0	156.8	278.0
867	-0.613254	-0.613260	0.000001	425.845461	61.492254	0.001613	0.000000	0.001613	74.4	123.4	199.0
868	-0.610780	-0.610787	0.000001	426.845412	61.354954	0.000965	0.000000	0.000965	67.5	177.7	246.6
869	-0.604190	-0.604196	0.000001	426.624933	61.385174	0.001462	0.000000	0.001462	82.8	140.1	224.2
870	-0.605858	-0.605865	0.000001	427.624924	61.248346	0.001451	0.000000	0.001451	43.1	174.8	219.2
871	-0.608939	-0.608946	0.000001	427.487510	61.267112	0.001867	0.000000	0.001867	51.3	171.2	224.0
872	-0.608081	-0.608087	0.000001	427.267030	61.297246	0.001659	0.000000	0.001659	64.7	158.8	224.7
873	-0.613666	-0.613672	0.000001	427.046549	61.327410	0.000855	0.000000	0.000855	37.2	143.6	182.0
874	-0.607204	-0.607211	0.000001	426.826258	61.357578	0.001351	0.000000	0.001350	75.7	133.0	210.2
875	-0.622233	-0.622239	0.000001	426.605778	61.387801	0.001522	0.000000	0.001522	53.3	144.7	199.1
876	-0.610904	-0.610910	0.000001	426.385297	61.418054	0.001415	0.000000	0.001415	45.2	96.3	142.6
877	-0.605925	-0.605931	0.000001	426.164817	61.448337	0.001373	0.000000	0.001373	95.7	124.0	221.2
878	-0.603944	-0.603951	0.000001	427.164817	61.311226	0.001537	0.000000	0.001537	53.3	123.7	178.1
879	-0.613496	-0.613503	0.000001	426.944337	61.341404	0.001148	0.000000	0.001148	61.0	131.3	193.7
880	-0.608703	-0.608709	0.000001	426.723858	61.371611	0.001803	0.000000	0.001803	85.7	131.3	218.5
881	-0.617327	-0.617334	0.000001	426.511250	61.400768	0.001496	0.000000	0.001496	68.6	159.8	229.7
882	-0.606720	-0.606726	0.000001	426.291152	61.430982	0.001720	0.000000	0.001720	86.2	143.9	231.4
883	-0.609179	-0.609186	0.000001	427.291152	61.293948	0.001077	0.000000	0.001077	55.3	97.3	153.7
884	-0.613901	-0.613907	0.000001	428.291152	61.157524	0.001373	0.000000	0.001373	52.3	164.9	219.0
885	-0.604680	-0.604686	0.000001	428.081043	61.186138	0.001387	0.000000	0.001387	45.2	117.2	164.2
886	-0.605270	-0.605276	0.000001	428.019717	61.194494	0.002037	0.000000	0.002037	81.6	135.9	218.7
887	-0.602662	-0.602668	0.000001	428.974445	61.064656	0.001011	0.000000	0.001011	58.1	82.1	141.4
888	-0.616083	-0.616089	0.000001	428.753965	61.094591	0.001211	0.000000	0.001211	66.8	124.2	192.2
889	-0.609026	-0.609032	0.000001	428.533659	61.124532	0.001947	0.000000	0.001947	63.2	130.2	197.7
890	-0.600797	-0.600804	0.000001	429.533659	60.988861	0.001220	0.000000	0.001220	53.3	176.4	230.9
891	-0.614261	-0.614267	0.000001	429.313562	61.018670	0.001339	0.000000	0.001339	55.9	160.0	217.1
892	-0.602698	-0.602705	0.000001	429.093293	61.048531	0.001199	0.000000	0.001199	45.5	135.8	182.5
893	-0.609728	-0.609735	0.000001	428.872813	61.078451	0.001339	0.000000	0.001339	14.1	79.3	94.7
894	-0.614800	-0.614807	0.000001	429.372949	61.010624	0.001446	0.000000	0.001446	73.1	159.9	235.5
895	-0.609060	-0.609066	0.000001	429.168209	61.038372	0.001433	0.000000	0.001433	69.8	187.4	259.2
896	-0.614255	-0.614261	0.000001	428.947741	61.068280	0.001389	0.000000	0.001389	54.1	124.4	179.6
897	-0.615397	-0.615403	0.000001	429.947741	60.932858	0.001304	0.000000	0.001304	47.9	124.5	173.8
898	-0.614147	-0.614154	0.000001	430.947741	60.798035	0.001255	0.000000	0.001255	64.9	119.8	186.2
899	-0.611384	-0.611391	0.000001	431.947477	60.663843	0.001208	0.000000	0.001208	69.8	136.2	207.1
900	-0.611882	-0.611889	0.000001	431.727033	60.693382	0.001355	0.000000	0.001355	57.2	145.4	203.7
901	-0.598627	-0.598633	0.000001	432.727033	60.559615	0.001293	0.000000	0.001293	76.7	150.4	228.3
902	-0.607342	-0.607349	0.000001	433.727020	60.426439	0.000885	0.000000	0.000885	72.1	135.8	209.3
903	-0.615378	-0.615384	0.000001	434.399641	60.337190	0.001150	0.000000	0.001150	63.7	112.7	177.5
904	-0.608960	-0.608966	0.000001	434.179439	60.366379	0.001710	0.000000	0.001710	56.9	139.8	197.8
905	-0.611488	-0.611494	0.000001	435.179439	60.234049	0.001316	0.000000	0.001316	74.2	131.6	208.8
906	-0.610683	-0.610689	0.000001	434.958959	60.263175	0.001532	0.000000	0.001532	78.7	142.0	222.1
907	-0.620962	-0.620969	0.000001	435.947218	60.132841	0.001772	0.000000	0.001772	43.3	84.2	128.8
908	-0.611436	-0.611443	0.000001	436.947218	60.001532	0.001572	0.000000	0.001572	82.8	100.4	185.0
909	-0.606915	-0.606922	0.000001	436.726738	60.030434	0.001092	0.000000	0.001092	71.8	174.7	249.7
910	-0.602364	-0.602371	0.000001	437.726738	59.899570	0.001070	0.000000	0.001070	75.7	190.9	267.9
911	-0.617052	-0.617058	0.000001	437.506540	59.928337	0.001240	0.000000	0.001240	57.9	93.9	153.0
912	-0.610777	-0.610783	0.000001	438.417840	59.809464	0.001541	0.000000	0.001541	95.0	94.3	190.5
913	-0.606829	-0.606835	0.000001	438.197443	59.838170	0.001191	0.000000	0.001191	71.8	127.8	200.8
914	-0.603883	-0.603889	0.000001	437.976963	59.866914	0.001969	0.000000	0.001969	67.3	110.5	179.3
915	-0.613173	-0.613179	0.000001	437.756489	59.895686	0.001202	0.000000	0.001202	90.3	133.0	224.5
916	-0.619441	-0.619448	0.000001	437.538002	59.924225	0.001851	0.000000	0.001851	71.7	142.3	215.1
917	-0.611412	-0.611418	0.000001	438.538002	59.793824	0.001035	0.000000	0.001035	63.5	131.0	195.8
918	-0.610817	-0.610823	0.000001	438.317522	59.822526	0.001281	0.000000	0.001281	54.2	126.6	183.3
919	-0.599523	-0.599529	0.000001	439.277487	59.697759	0.001428	0.000000	0.001428	67.0	101.0	169.2
920	-0.607300	-0.607306	0.000001	440.277487	59.568341	0.001255	0.000000	0.001255	64.5	123.6	191.2
921	-0.604810	-0.604817	0.000001	441.277487	59.439482	0.001058	0.000000	0.001057	66.9	107.9	176.2
922	-0.604881	-0.604888	0.000001	442.274957	59.311504	0.001113	0.000000	0.001113	74.0	132.2	207.5
923	-0.605795	-0.605801	0.000001	442.878063	59.234391	0.001929	0.000000	0.001929	41.3	149.6	192.4
924	-0.616255	-0.616262	0.000001	443.428070	59.164242	0.001470	0.000000	0.001470	68.7	143.9	213.7
925	-0.611288	-0.611294	0.000001	444.428070	59.037124	0.001278	0.000000	0.001278	29.7	140.6	173.2
926	-0.615629	-0.615635	0.000001	444.207590	59.065104	0.001557	0.000000	0.001557	48.8	104.5	154.4
927	-0.606264	-0.606271	0.000001	443.987538	59.093056	0.000902	0.000000	0.000902	86.6	149.5	239.0
928	-0.615629	-0.615635	0.000001	443.804516	59.116324	0.001368	0.000000	0.001368	69.9	76.7	147.8
929	-0.611194	-0.611201	0.000001	444.803953	58.989483	0.001645	0.000000	0.001645	71.2	150.2	222.7
930	-0.613977	-0.613983	0.000001	445.803953	58.863115	0.001461	0.000000	0.001461	93.7	155.7	252.5
931	-0.607286	-0.607293	0.000001	445.583473	58.890930	0.001417	0.000000	0.001417	100.2	93.8	195.4
932	-0.608214	-0.608221	0.000001	446.583473	58.764982	0.001589	0.000000	0.001589	58.4	160.4	220.0
933	-0.612135	-0.612141	0.000001	447.105049	58.699505	0.001089	0.000000	0.001089	59.6	113.3	174.0
934	-0.614199	-0.614206	0.000001	446.884569	58.727166	0.001626	0.000000	0.001626	59.7	135.9	197.0
935	-0.619888	-0.619894	0.000001	446.664088	58.754853	0.001743	0.000000	0.001743	53.9	169.3	224.4
936	-0.615851	-0.615858	0.000001	446.443608	58.782566	0.002338	0.000000	0.002338	53.1	139.3	195.6
937	-0.606759	-0.606765	0.000001	447.443608	58.657081	0.001209	0.000000	0.001209	51.0	126.8	179.0
938	-0.608620	-0.608627	0.000001	447.223128	58.684702	0.001099	0.000000	0.001099	44.3	139.0	184.6
939	-0.607688	-0.607695	0.000001	448.211064	58.561139	0.002011	0.000000	0.002011	52.8	128.1	182.4
940	-0.620614	-0.620620	0.000001	449.211064	58.436597	0.001858	0.000000	0.001858	55.0	144.1	200.6
941	-0.620579	-0.620586	0.000001	448.990584	58.464011	0.001644	0.000000	0.001644	59.0	126.0	186.3
942	-0.618377	-0.618384	0.000001	449.990584	58.339881	0.001296	0.000000	0.001296	65.2	111.7	178.4
943	-0.607939	-0.607945	0.000001	450.990584	58.216277	0.001469	0.000000	0.001469	74.9	107.9	186.0
944	-0.610845	-0.610851	0.000001	450.772637	58.243171	0.001147	0.000000	0.001147	84.0	112.3	197.6
945	-0.616812	-0.616818	0.000001	450.552157	58.270404	0.002204	0.000000	0.002204	74.3	144.1	220.0
946	-0.607413	-0.607419	0.000001	450.331744	58.297653	0.001131	0.000000	0.001131	106.3	111.6	219.4
947	-0.608727	-0.608734	0.000001	451.331744	58.174228	0.001248	0.000000	0.001248	56.3	159.9	217.6
948	-0.615019	-0.615026	0.000001	452.331342	58.051374	0.001246	0.000000	0.001246	36.6	153.1	191.0
949	-0.617814	-0.617821	0.000001	453.217451	57.942900	0.001240	0.000000	0.001240	49.8	80.0	131.6
950	-0.609694	-0.609701	0.000001	452.996985	57.969851	0.001019	0.000000	0.001019	66.2	138.9	206.6
951	-0.621342	-0.621348	0.000001	453.670109	57.887645	0.002186	0.000000	0.002186	42.9	171.4	215.4
952	-0.598541	-0.598548	0.000001	454.670109	57.765948	0.001125	0.000000	0.001125	22.0	154.3	177.5
953	-0.613465	-0.613472	0.000001	454.449629	57.792735	0.001273	0.000000	0.001273	54.5	141.2	196.9
954	-0.611526	-0.611532	0.000001	455.448455	57.671579	0.001263	0.000000	0.001263	66.3	137.6	205.2
955	-0.603814	-0.603820	0.000001	455.227974	57.698279	0.001538	0.000000	0.001538	47.0	97.7	146.0
956	-0.614256	-0.614263	0.000001	455.007494	57.725004	0.001470	0.000000	0.001470	69.4	128.0	198.5
957	-0.609653	-0.609660	0.000001	455.997621	57.605182	0.001068	0.000000	0.001068	57.1	163.3	221.6
958	-0.603723	-0.603730	0.000001	455.862455	57.621510	0.001113	0.000000	0.001113	78.3	138.6	218.0
959	-0.605259	-0.605265	0.000001	455.641975	57.648164	0.001680	0.000000	0.001680	32.8	125.4	159.3
960	-0.602535	-0.602542	0.000001	455.939338	57.612221	0.001510	0.000000	0.001510	68.6	113.7	183.4
961	-0.623243	-0.623250	0.000001	455.718858	57.638866	0.001828	0.000000	0.001828	53.1	153.9	208.1
962	-0.614850	-0.614857	0.000001	456.718858	57.518212	0.001611	0.000000	0.001611	79.7	131.4	212.7
963	-0.608622	-0.608629	0.000001	456.498378	57.544770	0.001966	0.000000	0.001966	71.2	155.7	228.2
964	-0.618551	-0.618557	0.000001	457.498377	57.424509	0.000984	0.000000	0.000984	92.2	247.4	341.9
965	-0.603040	-0.603046	0.000001	458.498377	57.304750	0.001251	0.000000	0.001251	101.4	155.8	258.4
966	-0.604315	-0.604322	0.000001	458.279240	57.330951	0.001604	0.000000	0.001604	97.6	120.8	221.3
967	-0.614441	-0.614447	0.000001	458.058759	57.357337	0.000987	0.000000	0.000987	62.3	90.9	154.3
968	-0.620836	-0.620843	0.000001	459.058759	57.237857	0.000867	0.000000	0.000867	45.5	150.3	197.0
969	-0.607500	-0.607506	0.000001	458.861870	57.261342	0.001164	0.000000	0.001164	45.4	151.5	198.1
970	-0.618417	-0.618423	0.000001	458.641970	57.287594	0.001415	0.000000	0.001415	42.2	132.5	175.8
971	-0.602919	-0.602926	0.000001	458.421947	57.313886	0.001477	0.000000	0.001477	58.1	124.9	184.2
972	-0.608266	-0.608273	0.000001	459.415006	57.195413	0.001919	0.000000	0.001919	40.9	124.0	166.0
973	-0.611797	-0.611803	0.000001	460.369724	57.081975	0.001586	0.000000	0.001586	96.7	98.2	196.3
974	-0.601839	-0.601845	0.000001	460.318608	57.088037	0.001829	0.000000	0.001829	52.4	161.9	215.5
975	-0.612707	-0.612713	0.000001	461.318608	56.969675	0.001820	0.000000	0.001820	112.3	185.0	298.7
976	-0.612024	-0.612030	0.000001	462.309716	56.852850	0.001522	0.000000	0.001522	74.7	118.1	194.1
977	-0.606482	-0.606489	0.000001	462.089235	56.878797	0.001131	0.000000	0.001130	40.4	119.7	161.3
978	-0.613772	-0.613778	0.000001	463.086960	56.761567	0.001328	0.000000	0.001328	65.1	143.5	210.2
979	-0.608552	-0.608558	0.000001	463.831172	56.674439	0.001967	0.000000	0.001967	77.3	124.7	204.5
980	-0.609427	-0.609434	0.000001	464.831171	56.557784	0.001123	0.000000	0.001123	101.2	164.3	266.6
981	-0.598791	-0.598797	0.000001	465.812475	56.443777	0.001309	0.000000	0.001309	45.3	164.0	210.5
982	-0.621418	-0.621424	0.000001	465.592873	56.469250	0.001088	0.000000	0.001088	35.5	153.6	190.4
983	-0.618661	-0.618667	0.000001	466.592872	56.353438	0.001582	0.000000	0.001582	40.0	105.4	146.9
984	-0.614938	-0.614945	0.000001	466.572120	56.355836	0.001619	0.000000	0.001619	48.9	163.9	213.9
985	-0.617492	-0.617499	0.000001	467.501191	56.248654	0.001136	0.000000	0.001136	49.2	143.3	193.6
986	-0.612244	-0.612250	0.000001	467.280816	56.274041	0.001608	0.000000	0.001608	78.2	106.7	186.2
987	-0.615522	-0.615529	0.000001	467.079738	56.297225	0.001201	0.000000	0.001201	81.8	92.2	175.2
988	-0.619395	-0.619402	0.000001	468.076391	56.182500	0.001626	0.000000	0.001626	102.6	127.7	231.6
989	-0.616495	-0.616501	0.000001	467.856235	56.207802	0.001500	0.000000	0.001500	77.1	104.0	182.3
990	-0.607122	-0.607128	0.000001	467.635755	56.233164	0.001275	0.000000	0.001275	86.0	144.0	231.2
991	-0.606185	-0.606192	0.000001	468.074246	56.182747	0.001471	0.000000	0.001471	67.3	115.7	185.4
992	-0.614737	-0.614744	0.000001	469.074211	56.068110	0.001090	0.000000	0.001090	50.7	108.7	160.5
993	-0.603706	-0.603713	0.000001	470.074210	55.953935	0.001282	0.000000	0.001282	95.8	126.5	223.5
994	-0.616933	-0.616940	0.000001	470.966075	55.852499	0.001650	0.000000	0.001650	71.7	132.0	204.9
995	-0.604301	-0.604308	0.000001	470.745594	55.877541	0.001909	0.000000	0.001909	69.7	147.8	219.2
996	-0.613600	-0.613607	0.000001	471.745594	55.764141	0.001198	0.000000	0.001198	45.6	134.1	180.9
997	-0.610334	-0.610341	0.000001	471.525115	55.789103	0.001460	0.000000	0.001460	43.8	176.2	221.3
998	-0.601035	-0.601042	0.000001	472.525115	55.676061	0.001601	0.000000	0.001601	104.4	80.4	186.0
999	-0.618326	-0.618333	0.000001	473.525115	55.563476	0.001104	0.000000	0.001104	88.6	93.7	183.4
