1:ItNr	2:Metric	2:Metric0	2:Metric1	3a:Time	3b:StepSize	4:||Gradient0||	4:||Gradient1||	4:||Gradient||	Time0[ms]	Time1[ms]	Time[ms]
0	-0.673295	-0.673302	0.000001	0.000000	869.153186	0.005238	0.000000	0.005237	67.9	139.9	3914.4
1	-0.697705	-0.697712	0.000001	0.000000	869.153186	0.004511	0.000000	0.004511	104.4	98.1	205.7
2	-0.686195	-0.686202	0.000001	0.000000	869.153186	0.005380	0.000000	0.005380	65.1	112.6	179.3
3	-0.696920	-0.696928	0.000002	0.000000	869.153186	0.004473	0.000000	0.004473	91.0	144.5	237.1
4	-0.697884	-0.697892	0.000002	0.000000	869.153186	0.003509	0.000000	0.003509	81.2	168.1	250.8
5	-0.697103	-0.697111	0.000002	0.000000	869.153186	0.004683	0.000000	0.004683	62.0	171.4	235.6
6	-0.698560	-0.698569	0.000002	0.997417	829.743634	0.004042	0.000000	0.004042	43.1	119.0	163.7
7	-0.696190	-0.696199	0.000002	0.238321	859.400169	0.004404	0.000000	0.004404	71.5	108.9	182.1
8	-0.704046	-0.704055	0.000002	0.000000	869.153186	0.004169	0.000000	0.004169	76.4	106.6	184.9
9	-0.687281	-0.687290	0.000002	0.000000	869.153186	0.003716	0.000000	0.003716	85.5	116.2	203.5
10	-0.710185	-0.710195	0.000002	0.000000	869.153186	0.005099	0.000000	0.005099	108.4	111.5	222.9
11	-0.703551	-0.703561	0.000002	0.000000	869.153186	0.003816	0.000000	0.003816	74.3	120.1	196.0
12	-0.697896	-0.697906	0.000002	0.000000	869.153186	0.003459	0.000000	0.003459	67.2	144.9	213.8
13	-0.720247	-0.720258	0.000002	0.000000	869.153186	0.005534	0.000000	0.005534	58.8	140.4	200.8
14	-0.702078	-0.702089	0.000002	0.999998	829.646310	0.003578	0.000000	0.003578	79.0	113.5	194.3
15	-0.701635	-0.701647	0.000002	1.999969	793.575722	0.003895	0.000000	0.003895	64.4	137.4	203.6
16	-0.715127	-0.715138	0.000002	2.812460	766.498590	0.004638	0.000000	0.004638	45.2	121.1	167.8
17	-0.707610	-0.707622	0.000002	2.053934	791.718096	0.003734	0.000000	0.003734	82.5	112.4	199.2
18	-0.699056	-0.699068	0.000002	1.294749	818.677840	0.004785	0.000000	0.004785	118.0	90.7	210.3
19	-0.714718	-0.714731	0.000003	0.535564	847.538392	0.004920	0.000000	0.004920	95.3	123.4	220.6
20	-0.716329	-0.716342	0.000003	1.518602	810.539532	0.003489	0.000000	0.003489	71.9	87.6	161.2
21	-0.707424	-0.707437	0.000003	2.518601	776.075784	0.003826	0.000000	0.003826	73.8	159.9	235.6
22	-0.699786	-0.699799	0.000003	1.826841	799.594514	0.005121	0.000000	0.005121	108.8	146.8	257.4
23	-0.702238	-0.702251	0.000003	2.826841	766.035952	0.004132	0.000000	0.004132	64.6	143.7	211.4
24	-0.705357	-0.705370	0.000003	3.826839	735.180867	0.004276	0.000000	0.004276	54.3	151.9	207.9
25	-0.707722	-0.707736	0.000003	4.826839	706.715097	0.004215	0.000000	0.004215	54.9	123.3	179.8
26	-0.719393	-0.719407	0.000003	5.826839	680.371513	0.003811	0.000000	0.003811	46.4	140.1	188.1
27	-0.716011	-0.716025	0.000003	6.823503	655.999955	0.004800	0.000000	0.004800	74.1	133.5	209.1
28	-0.714906	-0.714920	0.000003	7.823500	633.240816	0.004588	0.000000	0.004588	63.3	123.8	188.8
29	-0.707296	-0.707310	0.000003	8.823500	612.007876	0.004030	0.000000	0.004030	80.9	120.0	202.4
30	-0.716259	-0.716274	0.000003	9.823497	592.152689	0.003362	0.000000	0.003362	65.2	177.0	243.6
31	-0.704473	-0.704488	0.000003	9.064312	607.105756	0.003210	0.000000	0.003210	67.6	131.6	200.8
32	-0.694584	-0.694599	0.000003	10.064312	587.562250	0.004406	0.000000	0.004406	79.2	154.3	236.3
33	-0.720149	-0.720164	0.000003	9.307702	602.230318	0.004726	0.000000	0.004726	43.8	119.3	164.8
34	-0.722175	-0.722190	0.000003	8.548522	617.703203	0.003462	0.000000	0.003462	82.0	132.2	215.7
35	-0.720315	-0.720330	0.000003	9.513684	598.164964	0.004143	0.000000	0.004143	35.8	110.9	148.5
36	-0.723372	-0.723387	0.000003	10.513684	579.183847	0.004369	0.000000	0.004369	79.5	138.5	220.2
37	-0.717978	-0.717993	0.000003	9.755356	593.464655	0.004971	0.000000	0.004971	101.1	120.3	222.8
38	-0.714747	-0.714763	0.000003	8.996171	608.484895	0.003495	0.000000	0.003495	45.2	116.8	163.5
39	-0.725626	-0.725642	0.000003	8.236986	624.285184	0.004093	0.000000	0.004093	73.9	155.7	231.3
40	-0.728074	-0.728090	0.000003	8.158596	625.963495	0.004682	0.000000	0.004682	85.8	167.7	255.2
41	-0.713135	-0.713152	0.000003	7.529117	639.775042	0.004872	0.000000	0.004872	103.8	120.2	225.8
42	-0.719420	-0.719437	0.000003	6.770423	657.253826	0.004671	0.000000	0.004672	36.7	106.2	144.7
43	-0.716195	-0.716212	0.000003	7.688655	636.217243	0.004438	0.000000	0.004438	60.8	143.3	205.9
44	-0.726437	-0.726454	0.000003	6.929471	653.511016	0.003468	0.000000	0.003468	71.6	130.6	203.7
45	-0.722479	-0.722497	0.000003	6.345436	667.468503	0.004591	0.000000	0.004591	52.4	118.7	172.6
46	-0.708737	-0.708755	0.000003	5.737504	682.644751	0.004202	0.000000	0.004202	71.8	134.7	208.8
47	-0.724942	-0.724960	0.000004	4.978319	702.594230	0.003856	0.000000	0.003856	79.3	123.8	205.2
48	-0.734685	-0.734703	0.000004	5.965019	676.885003	0.004444	0.000000	0.004444	56.3	92.2	150.2
49	-0.712483	-0.712501	0.000004	6.939874	653.267683	0.003511	0.000000	0.003510	81.5	123.7	206.7
50	-0.719663	-0.719682	0.000004	7.939573	630.700971	0.004277	0.000000	0.004277	101.2	163.3	266.2
51	-0.721843	-0.721862	0.000004	7.180401	647.691873	0.004170	0.000000	0.004170	63.2	163.8	228.7
52	-0.732805	-0.732823	0.000004	6.421216	665.623907	0.003389	0.000000	0.003389	52.0	165.8	219.4
53	-0.722748	-0.722766	0.000004	6.075206	674.130294	0.004689	0.000000	0.004689	91.3	144.4	237.4
54	-0.739482	-0.739501	0.000004	5.316022	693.578104	0.004703	0.000000	0.004703	69.9	141.1	216.5
55	-0.719373	-0.719393	0.000004	6.316018	668.187323	0.004302	0.000000	0.004302	56.8	129.9	188.1
56	-0.720490	-0.720510	0.000004	6.926574	653.578795	0.004202	0.000000	0.004202	44.6	164.2	210.5
57	-0.724031	-0.724052	0.000004	6.167389	671.842879	0.004975	0.000000	0.004975	49.6	109.3	160.5
58	-0.723078	-0.723099	0.000004	5.408204	691.157074	0.004140	0.000000	0.004140	100.8	171.8	274.1
59	-0.741742	-0.741763	0.000004	5.600358	686.164340	0.004360	0.000000	0.004360	82.8	128.8	214.1
60	-0.732737	-0.732758	0.000004	6.600350	661.303817	0.004822	0.000000	0.004821	73.2	94.4	169.0
61	-0.711632	-0.711654	0.000004	7.600350	638.181592	0.004215	0.000000	0.004215	46.9	134.1	182.5
62	-0.717962	-0.717984	0.000004	8.600350	616.621660	0.003750	0.000000	0.003750	38.0	122.3	161.9
63	-0.712161	-0.712183	0.000004	8.864666	611.164281	0.004719	0.000000	0.004719	60.6	119.5	181.6
64	-0.724840	-0.724862	0.000004	9.847130	591.699038	0.005442	0.000000	0.005442	75.3	150.5	227.5
65	-0.737595	-0.737618	0.000005	9.087944	606.628914	0.004278	0.000000	0.004278	84.2	129.3	214.9
66	-0.735899	-0.735922	0.000005	8.328764	622.331603	0.005195	0.000000	0.005195	65.3	121.6	188.4
67	-0.727432	-0.727456	0.000005	9.327460	601.837971	0.004282	0.000000	0.004282	24.2	147.9	173.6
68	-0.723500	-0.723524	0.000005	8.568274	617.290566	0.004698	0.000000	0.004698	54.0	156.0	211.9
69	-0.736729	-0.736753	0.000005	7.809090	633.557564	0.004152	0.000000	0.004152	45.9	202.4	250.1
70	-0.732002	-0.732027	0.000005	8.809090	612.303727	0.005423	0.000000	0.005423	83.0	135.9	220.6
71	-0.716718	-0.716744	0.000005	9.805077	592.506780	0.003573	0.000000	0.003572	61.4	121.6	184.5
72	-0.736242	-0.736268	0.000005	10.805076	573.877474	0.004066	0.000000	0.004066	122.0	95.1	218.8
73	-0.731819	-0.731845	0.000005	10.045891	587.910872	0.004546	0.000000	0.004546	60.2	147.2	209.4
74	-0.732476	-0.732503	0.000005	9.286706	602.647812	0.004106	0.000000	0.004106	41.3	122.9	165.7
75	-0.725781	-0.725809	0.000006	8.527521	618.142551	0.004165	0.000000	0.004165	43.6	139.6	184.7
76	-0.736957	-0.736986	0.000006	7.768335	634.455096	0.004473	0.000000	0.004473	80.8	156.0	238.3
77	-0.738266	-0.738294	0.000006	7.021741	651.359137	0.003658	0.000000	0.003658	68.2	104.2	176.0
78	-0.720505	-0.720533	0.000006	7.688085	636.229879	0.005483	0.000000	0.005483	86.0	191.3	285.9
79	-0.732551	-0.732580	0.000006	6.953150	652.957421	0.004572	0.000000	0.004572	63.5	202.1	267.1
80	-0.737305	-0.737333	0.000006	7.953150	630.405215	0.005314	0.000000	0.005314	51.6	159.3	212.7
81	-0.740184	-0.740212	0.000006	8.953119	609.359470	0.003366	0.000000	0.003366	59.2	128.0	189.7
82	-0.732356	-0.732385	0.000006	8.415658	620.493242	0.003738	0.000000	0.003737	51.5	140.8	208.7
83	-0.735937	-0.735966	0.000006	7.952181	630.426311	0.003915	0.000000	0.003915	59.1	132.2	194.0
84	-0.745328	-0.745357	0.000006	8.444784	619.879470	0.005130	0.000000	0.005130	48.7	116.7	168.2
85	-0.726473	-0.726502	0.000006	7.685627	636.284401	0.004072	0.000000	0.004072	54.9	113.0	170.4
86	-0.739873	-0.739904	0.000006	8.685624	614.850376	0.004347	0.000000	0.004347	107.6	101.7	211.0
87	-0.722307	-0.722338	0.000006	7.973490	629.962654	0.004382	0.000000	0.004382	62.5	131.7	195.8
88	-0.739231	-0.739262	0.000006	8.973231	608.950596	0.005230	0.000000	0.005230	62.7	127.8	192.1
89	-0.743195	-0.743227	0.000006	9.973231	589.290051	0.005065	0.000000	0.005065	38.9	112.5	153.0
90	-0.732443	-0.732475	0.000006	10.973231	570.859319	0.004970	0.000000	0.004970	112.5	77.7	191.8
91	-0.728313	-0.728345	0.000006	10.214046	584.743712	0.003909	0.000000	0.003909	86.7	120.4	208.7
92	-0.729957	-0.729989	0.000006	11.186428	567.078050	0.004868	0.000000	0.004868	60.7	114.1	176.5
93	-0.739609	-0.739641	0.000006	12.186428	549.990400	0.004432	0.000000	0.004431	59.2	145.9	206.7
94	-0.731418	-0.731451	0.000006	13.186428	533.902425	0.004145	0.000000	0.004145	88.8	129.8	220.8
95	-0.736070	-0.736103	0.000007	14.186422	518.728977	0.004863	0.000000	0.004863	58.0	83.7	143.3
96	-0.710525	-0.710559	0.000007	13.427237	530.167928	0.004174	0.000000	0.004174	68.6	150.6	220.8
97	-0.739570	-0.739604	0.000007	12.676433	541.987835	0.004802	0.000000	0.004802	67.5	116.5	185.5
98	-0.730136	-0.730171	0.000007	11.917247	554.487946	0.003700	0.000000	0.003700	39.7	107.5	149.2
99	-0.737981	-0.738017	0.000007	11.374269	563.787776	0.005053	0.000000	0.005053	94.0	87.7	184.4
100	-0.737743	-0.737779	0.000007	10.615083	577.326233	0.004630	0.000000	0.004630	72.6	107.8	182.8
101	-0.717629	-0.717665	0.000007	11.601729	559.854266	0.003445	0.000000	0.003445	35.5	171.9	209.0
102	-0.734147	-0.734184	0.000007	11.899953	554.779426	0.003824	0.000000	0.003824	75.5	170.9	248.0
103	-0.742142	-0.742178	0.000007	12.838027	539.399559	0.003921	0.000000	0.003921	57.4	152.8	211.6
104	-0.740050	-0.740086	0.000007	12.078846	551.779131	0.003733	0.000000	0.003733	41.8	109.6	153.1
105	-0.744405	-0.744442	0.000007	11.509604	561.440760	0.005204	0.000000	0.005203	77.7	134.2	214.3
106	-0.748226	-0.748264	0.000008	12.190781	549.918267	0.004493	0.000000	0.004494	63.8	100.6	166.8
107	-0.750476	-0.750514	0.000008	13.190781	533.834450	0.003992	0.000000	0.003991	69.2	127.3	198.1
108	-0.741332	-0.741371	0.000008	14.190781	518.664726	0.003859	0.000000	0.003859	59.7	168.0	229.2
109	-0.734701	-0.734740	0.000008	15.190781	504.333322	0.004269	0.000000	0.004269	57.1	149.0	207.8
110	-0.751820	-0.751859	0.000008	14.431596	515.139567	0.004470	0.000000	0.004470	45.7	165.5	212.7
111	-0.745508	-0.745548	0.000008	15.431595	500.999668	0.004583	0.000000	0.004583	73.9	156.2	232.0
112	-0.742523	-0.742563	0.000008	16.430976	487.623330	0.004200	0.000000	0.004200	54.1	122.1	177.8
113	-0.741041	-0.741080	0.000008	17.430975	474.935040	0.004682	0.000000	0.004682	81.1	131.7	214.5
114	-0.739631	-0.739670	0.000008	17.647855	472.269858	0.004753	0.000000	0.004753	68.6	135.0	205.4
115	-0.738246	-0.738285	0.000008	18.647855	460.358246	0.004528	0.000000	0.004528	81.5	120.3	203.2
116	-0.736115	-0.736155	0.000008	19.647467	449.037011	0.004405	0.000000	0.004405	91.7	140.0	233.3
117	-0.755634	-0.755675	0.000008	20.532350	439.469879	0.003849	0.000000	0.003849	70.9	166.9	239.3
118	-0.740483	-0.740524	0.000008	21.515491	429.307452	0.004756	0.000000	0.004756	38.6	106.4	146.8
119	-0.747061	-0.747102	0.000008	22.515249	419.444157	0.004326	0.000000	0.004326	84.4	148.0	234.3
120	-0.752114	-0.752155	0.000008	23.515249	410.021674	0.004115	0.000000	0.004115	74.0	138.5	214.0
121	-0.746042	-0.746084	0.000008	24.297915	402.937245	0.004522	0.000000	0.004521	55.8	131.6	189.3
122	-0.734880	-0.734921	0.000008	23.606428	409.183558	0.004273	0.000000	0.004273	47.5	111.8	160.9
123	-0.758807	-0.758849	0.000008	23.660530	408.687867	0.004533	0.000000	0.004533	70.7	103.9	176.8
124	-0.746149	-0.746190	0.000008	23.666492	408.633320	0.004990	0.000000	0.004990	59.6	131.7	192.9
125	-0.745480	-0.745522	0.000008	24.666492	399.685111	0.003951	0.000000	0.003951	55.3	127.8	184.9
126	-0.735128	-0.735170	0.000008	25.666451	391.120738	0.004668	0.000000	0.004668	50.8	153.1	205.3
127	-0.746360	-0.746403	0.000008	25.673764	391.059462	0.004017	0.000000	0.004016	66.6	94.6	163.4
128	-0.732248	-0.732291	0.000009	24.916941	397.505074	0.004018	0.000000	0.004018	124.6	106.6	232.8
129	-0.738194	-0.738238	0.000009	25.046216	396.389074	0.004064	0.000000	0.004064	89.7	109.9	201.2
130	-0.730143	-0.730187	0.000009	25.748801	390.431765	0.003517	0.000000	0.003517	84.5	92.2	187.5
131	-0.735796	-0.735840	0.000009	26.500268	384.255027	0.004270	0.000000	0.004270	80.8	126.2	208.5
132	-0.754706	-0.754751	0.000009	27.500268	376.332287	0.004807	0.000000	0.004807	65.7	145.8	213.1
133	-0.754483	-0.754527	0.000009	26.741084	382.316767	0.004505	0.000000	0.004505	38.7	158.1	198.6
134	-0.751122	-0.751167	0.000009	27.741084	374.472938	0.004935	0.000000	0.004935	33.1	123.6	158.4
135	-0.749457	-0.749501	0.000009	27.886499	373.359048	0.004459	0.000000	0.004459	74.7	80.3	156.5
136	-0.747904	-0.747949	0.000009	28.886499	365.874878	0.004417	0.000000	0.004417	92.8	120.3	215.8
137	-0.731218	-0.731263	0.000009	28.128118	371.522822	0.004462	0.000000	0.004462	60.6	137.8	200.2
138	-0.748154	-0.748199	0.000009	29.128118	364.111356	0.004669	0.000000	0.004669	92.2	136.1	231.1
139	-0.733668	-0.733713	0.000009	28.904676	365.741618	0.004266	0.000000	0.004266	55.1	120.4	177.0
140	-0.751083	-0.751129	0.000009	28.376567	369.653420	0.004842	0.000000	0.004841	50.2	140.0	193.0
141	-0.750517	-0.750562	0.000009	29.376567	362.315616	0.003767	0.000000	0.003767	33.9	133.8	169.6
142	-0.750465	-0.750511	0.000009	30.372435	355.292033	0.003908	0.000000	0.003908	71.0	127.0	199.8
143	-0.742849	-0.742895	0.000009	30.912398	351.596486	0.004948	0.000000	0.004948	55.3	140.4	197.3
144	-0.753977	-0.754023	0.000009	31.912398	344.951610	0.003471	0.000000	0.003471	72.0	105.1	178.9
145	-0.735138	-0.735184	0.000009	32.912398	338.553237	0.005252	0.000000	0.005252	86.7	163.9	252.1
146	-0.740718	-0.740765	0.000009	33.912398	332.387904	0.004541	0.000000	0.004541	71.8	120.8	194.2
147	-0.746172	-0.746218	0.000009	34.819345	326.987299	0.003987	0.000000	0.003987	59.9	112.2	175.0
148	-0.748884	-0.748930	0.000009	35.819345	321.232440	0.004613	0.000000	0.004613	105.2	101.6	213.7
149	-0.733175	-0.733223	0.000010	36.800706	315.778445	0.004493	0.000000	0.004493	63.6	125.7	191.8
150	-0.738474	-0.738521	0.000009	37.799921	310.412267	0.003712	0.000000	0.003712	65.1	153.4	220.0
151	-0.755183	-0.755230	0.000010	38.799743	305.222329	0.004580	0.000000	0.004580	41.1	155.3	198.3
152	-0.736454	-0.736502	0.000010	38.040567	309.147048	0.003994	0.000000	0.003994	37.3	149.0	187.8
153	-0.732370	-0.732418	0.000010	37.281508	313.173382	0.003946	0.000000	0.003946	80.0	108.1	189.7
154	-0.747749	-0.747797	0.000010	38.281508	307.890564	0.005032	0.000000	0.005032	49.4	147.3	198.3
155	-0.750788	-0.750836	0.000010	37.988317	309.420881	0.004272	0.000000	0.004271	53.3	127.8	184.7
156	-0.746473	-0.746522	0.000010	38.988317	304.262861	0.004747	0.000000	0.004747	47.4	159.3	208.2
157	-0.743318	-0.743368	0.000010	39.944533	299.488993	0.005271	0.000000	0.005271	59.5	154.9	216.3
158	-0.741309	-0.741358	0.000010	40.944533	294.654200	0.004384	0.000000	0.004384	38.8	148.1	188.4
159	-0.749523	-0.749572	0.000010	41.944533	289.973028	0.004460	0.000000	0.004460	41.4	117.9	161.8
160	-0.745559	-0.745608	0.000010	42.944533	285.438269	0.003432	0.000000	0.003432	76.8	133.0	211.3
161	-0.752602	-0.752652	0.000010	43.262824	284.024508	0.004803	0.000000	0.004803	87.6	121.5	211.0
162	-0.739102	-0.739152	0.000010	44.262811	279.672553	0.004788	0.000000	0.004788	47.8	128.1	177.3
163	-0.763525	-0.763574	0.000010	44.115314	280.306057	0.004324	0.000000	0.004324	86.1	170.1	258.0
164	-0.742080	-0.742129	0.000010	43.356385	283.611592	0.004669	0.000000	0.004669	129.3	134.7	272.2
165	-0.749718	-0.749768	0.000010	42.597204	286.997160	0.004311	0.000000	0.004311	82.6	128.0	212.2
166	-0.761323	-0.761373	0.000010	43.597204	282.554287	0.004162	0.000000	0.004163	90.4	133.5	225.5
167	-0.741900	-0.741949	0.000010	44.597201	278.246886	0.003960	0.000000	0.003960	86.5	148.1	236.5
168	-0.744764	-0.744814	0.000010	45.597196	274.068850	0.005417	0.000000	0.005417	54.0	131.0	186.6
169	-0.734937	-0.734988	0.000010	44.838010	277.229169	0.004552	0.000000	0.004552	70.4	148.5	221.3
170	-0.757249	-0.757300	0.000010	45.838010	273.081392	0.004674	0.000000	0.004674	62.3	99.7	163.7
171	-0.737595	-0.737646	0.000010	45.079050	276.217909	0.005316	0.000000	0.005316	74.8	140.1	216.5
172	-0.750936	-0.750987	0.000010	46.069502	272.138848	0.004317	0.000000	0.004317	41.3	151.9	196.2
173	-0.743177	-0.743227	0.000010	47.069501	268.140893	0.004799	0.000000	0.004799	48.8	148.5	199.3
174	-0.740560	-0.740611	0.000010	48.069501	264.258703	0.004465	0.000000	0.004465	54.8	70.7	127.2
175	-0.741543	-0.741594	0.000010	49.069501	260.487324	0.005306	0.000000	0.005306	91.9	111.5	205.0
176	-0.760434	-0.760485	0.000010	48.310316	263.340552	0.005128	0.000000	0.005128	69.0	113.8	184.3
177	-0.759911	-0.759963	0.000010	49.310316	259.595148	0.003470	0.000000	0.003470	68.0	162.4	232.2
178	-0.750866	-0.750919	0.000010	50.310309	255.954815	0.004789	0.000000	0.004789	60.1	150.4	212.1
179	-0.742088	-0.742140	0.000010	49.551635	258.707214	0.004265	0.000000	0.004264	102.3	143.0	246.8
180	-0.744542	-0.744595	0.000010	50.551633	255.091550	0.003770	0.000000	0.003770	69.5	114.7	185.7
181	-0.756337	-0.756390	0.000010	51.087807	253.194230	0.004567	0.000000	0.004567	104.2	121.8	227.6
182	-0.740726	-0.740778	0.000010	52.087807	249.729986	0.004058	0.000000	0.004058	64.4	123.3	197.4
183	-0.753294	-0.753346	0.000010	52.240940	249.207846	0.004754	0.000000	0.004753	86.0	103.2	190.7
184	-0.761751	-0.761803	0.000010	51.828980	250.617501	0.004224	0.000000	0.004224	74.4	127.2	203.2
185	-0.741179	-0.741232	0.000011	52.757567	247.462297	0.004803	0.000000	0.004803	87.8	144.6	234.0
186	-0.743771	-0.743823	0.000010	53.757567	244.152100	0.004107	0.000000	0.004107	46.4	180.3	228.4
187	-0.755752	-0.755804	0.000010	54.661551	241.235036	0.004091	0.000000	0.004091	56.6	144.9	204.4
188	-0.750690	-0.750743	0.000011	54.591080	241.459931	0.004836	0.000000	0.004836	64.5	135.3	202.2
189	-0.753127	-0.753180	0.000011	54.167919	242.819238	0.004204	0.000000	0.004205	57.1	105.6	175.3
190	-0.750486	-0.750539	0.000011	55.167912	239.631316	0.004280	0.000000	0.004280	75.2	120.1	197.6
191	-0.737975	-0.738027	0.000010	56.167912	236.525992	0.004208	0.000000	0.004208	78.2	120.8	200.5
192	-0.749749	-0.749802	0.000011	55.408776	238.875923	0.003741	0.000000	0.003740	70.1	110.6	182.7
193	-0.746752	-0.746805	0.000011	56.394097	235.834743	0.004076	0.000000	0.004076	87.5	112.3	202.1
194	-0.734921	-0.734975	0.000011	55.634953	238.170915	0.004115	0.000000	0.004115	112.3	114.4	228.4
195	-0.747970	-0.748023	0.000011	56.632591	235.110238	0.004726	0.000000	0.004726	89.9	96.2	187.7
196	-0.752535	-0.752588	0.000011	55.900234	237.349304	0.004534	0.000000	0.004534	69.8	121.8	193.0
197	-0.762369	-0.762423	0.000011	55.141048	239.715861	0.003974	0.000000	0.003974	41.5	165.8	218.9
198	-0.755720	-0.755774	0.000011	54.420836	242.004968	0.004201	0.000000	0.004201	24.1	145.9	173.6
199	-0.758435	-0.758489	0.000011	55.415540	238.854780	0.003959	0.000000	0.003959	65.5	94.1	165.5
200	-0.737050	-0.737103	0.000011	54.662090	241.233316	0.005322	0.000000	0.005322	67.6	120.2	189.2
201	-0.751694	-0.751747	0.000011	55.662090	238.086607	0.003823	0.000000	0.003823	103.4	143.3	248.3
202	-0.749536	-0.749590	0.000011	56.660355	235.026183	0.004319	0.000000	0.004318	60.7	108.0	170.4
203	-0.746346	-0.746400	0.000011	57.660355	232.038323	0.004980	0.000000	0.004979	64.7	149.5	215.7
204	-0.751075	-0.751129	0.000011	58.660355	229.125477	0.003814	0.000000	0.003814	37.3	135.8	174.6
205	-0.755016	-0.755071	0.000011	59.637596	226.348723	0.004618	0.000000	0.004618	52.6	139.9	194.5
206	-0.751049	-0.751103	0.000011	60.637595	223.576122	0.004348	0.000000	0.004347	74.5	143.8	219.9
207	-0.749906	-0.749961	0.000011	61.637595	220.870620	0.004721	0.000000	0.004721	54.0	123.1	178.7
208	-0.747740	-0.747794	0.000011	62.637595	218.229815	0.004682	0.000000	0.004682	54.4	83.3	139.4
209	-0.752672	-0.752727	0.000011	61.892625	220.191083	0.004554	0.000000	0.004554	69.8	95.6	166.8
210	-0.749602	-0.749656	0.000011	61.517147	221.193020	0.004989	0.000000	0.004989	62.5	126.0	190.1
211	-0.744953	-0.745008	0.000011	62.517147	218.544546	0.004852	0.000000	0.004852	44.5	148.1	194.1
212	-0.733493	-0.733547	0.000011	63.517147	215.958745	0.004512	0.000000	0.004512	72.5	183.9	262.3
213	-0.756203	-0.756258	0.000011	63.109408	217.005653	0.004452	0.000000	0.004453	61.9	171.2	234.5
214	-0.745111	-0.745166	0.000011	64.108196	214.458980	0.005011	0.000000	0.005012	58.2	139.9	200.4
215	-0.751956	-0.752011	0.000011	65.106483	211.972622	0.005517	0.000000	0.005517	52.0	131.7	185.8
216	-0.746245	-0.746300	0.000011	66.106483	209.539133	0.004410	0.000000	0.004410	40.3	96.2	138.1
217	-0.741431	-0.741486	0.000011	67.106027	207.161956	0.005362	0.000000	0.005362	43.1	154.3	199.1
218	-0.751550	-0.751605	0.000011	68.106027	204.837063	0.004510	0.000000	0.004509	60.5	172.2	235.5
219	-0.760470	-0.760525	0.000011	69.106027	202.563774	0.004477	0.000000	0.004477	45.3	142.7	189.6
220	-0.743616	-0.743670	0.000011	70.106027	200.340389	0.004591	0.000000	0.004591	46.0	108.2	156.1
221	-0.742235	-0.742289	0.000011	69.346842	202.023851	0.004383	0.000000	0.004384	61.7	112.4	175.6
222	-0.749118	-0.749173	0.000011	68.587657	203.735844	0.005787	0.000000	0.005787	75.3	100.4	177.6
223	-0.737466	-0.737521	0.000011	67.828525	205.476977	0.004902	0.000000	0.004902	88.9	179.5	273.7
224	-0.754404	-0.754459	0.000011	68.828525	203.189542	0.004273	0.000000	0.004273	58.7	141.0	202.2
225	-0.751030	-0.751085	0.000011	69.828525	200.952474	0.004501	0.000000	0.004501	62.8	172.2	236.8
226	-0.740863	-0.740918	0.000011	69.069341	202.646280	0.005618	0.000000	0.005618	41.7	202.8	246.2
227	-0.742238	-0.742293	0.000011	70.069341	200.421093	0.004151	0.000000	0.004152	58.9	171.9	232.7
228	-0.752520	-0.752575	0.000011	71.069341	198.244244	0.003876	0.000000	0.003876	78.2	128.1	207.8
229	-0.755234	-0.755289	0.000011	72.069341	196.114174	0.004936	0.000000	0.004936	59.9	143.5	204.8
230	-0.761292	-0.761347	0.000011	73.069341	194.029391	0.004571	0.000000	0.004571	78.9	185.8	267.2
231	-0.757539	-0.757594	0.000011	74.069341	191.988466	0.005045	0.000000	0.005045	47.7	172.8	222.0
232	-0.765666	-0.765720	0.000011	73.311281	193.531641	0.003723	0.000000	0.003723	40.8	131.9	174.4
233	-0.757859	-0.757914	0.000011	72.552396	195.101545	0.004461	0.000000	0.004461	73.4	133.2	208.3
234	-0.751689	-0.751744	0.000011	73.552395	193.038123	0.004405	0.000000	0.004405	27.7	92.8	123.0
235	-0.750466	-0.750521	0.000011	74.544127	191.034421	0.003876	0.000000	0.003876	60.0	77.8	139.4
236	-0.752883	-0.752938	0.000011	75.544118	189.055712	0.004507	0.000000	0.004507	66.9	105.4	173.9
237	-0.772327	-0.772382	0.000011	74.934680	190.256714	0.004708	0.000000	0.004708	90.8	145.5	238.3
238	-0.753995	-0.754050	0.000011	75.934679	188.293984	0.004988	0.000000	0.004987	78.2	148.8	228.6
239	-0.754240	-0.754295	0.000011	76.215114	187.750816	0.006679	0.000000	0.006679	85.4	108.6	195.5
240	-0.747853	-0.747908	0.000011	77.215114	185.839187	0.005330	0.000000	0.005330	132.0	95.0	229.1
241	-0.752315	-0.752371	0.000011	78.215114	183.966094	0.004689	0.000000	0.004689	94.0	118.2	214.1
242	-0.751517	-0.751573	0.000011	79.215114	182.130381	0.004981	0.000000	0.004982	95.9	156.1	253.5
243	-0.752016	-0.752072	0.000011	78.456366	183.519846	0.004153	0.000000	0.004153	43.6	149.4	194.6
244	-0.760643	-0.760698	0.000011	79.456366	181.692985	0.004345	0.000000	0.004345	55.1	104.4	161.1
245	-0.746178	-0.746233	0.000011	78.713224	183.047105	0.004607	0.000000	0.004607	84.4	128.8	214.9
246	-0.752687	-0.752742	0.000011	79.713211	181.229619	0.003624	0.000000	0.003624	49.9	96.5	148.0
247	-0.750144	-0.750200	0.000011	80.713204	179.447861	0.003838	0.000000	0.003837	82.3	137.2	220.9
248	-0.763525	-0.763580	0.000011	81.713099	177.700966	0.004176	0.000000	0.004176	74.1	143.9	219.5
249	-0.749515	-0.749570	0.000011	82.088054	177.054626	0.005048	0.000000	0.005048	94.0	164.5	260.1
250	-0.739977	-0.740033	0.000011	83.088054	175.353618	0.004261	0.000000	0.004261	54.0	164.4	221.8
251	-0.758887	-0.758942	0.000011	84.088054	173.684983	0.003837	0.000000	0.003838	35.0	103.7	140.3
252	-0.761133	-0.761189	0.000011	83.329395	174.947980	0.005550	0.000000	0.005550	52.1	111.6	166.0
253	-0.763137	-0.763192	0.000011	83.700003	174.328714	0.005233	0.000000	0.005233	81.9	150.0	233.8
254	-0.763532	-0.763589	0.000011	82.940818	175.602014	0.003887	0.000000	0.003886	86.3	127.7	216.4
255	-0.772006	-0.772061	0.000011	82.182285	176.892932	0.005506	0.000000	0.005506	60.7	135.1	197.4
256	-0.757773	-0.757828	0.000011	81.949941	177.292156	0.004370	0.000000	0.004370	70.7	140.4	212.7
257	-0.756983	-0.757039	0.000011	82.949941	175.586603	0.005407	0.000000	0.005407	54.3	147.0	205.1
258	-0.764222	-0.764278	0.000011	83.949941	173.913552	0.005049	0.000000	0.005049	82.2	99.0	183.2
259	-0.753476	-0.753532	0.000011	84.949941	172.272083	0.004030	0.000000	0.004030	89.1	148.2	239.2
260	-0.766172	-0.766228	0.000011	85.949940	170.661310	0.004354	0.000000	0.004354	60.0	119.7	181.3
261	-0.758883	-0.758939	0.000011	85.190755	171.881412	0.004137	0.000000	0.004136	91.7	121.2	214.4
262	-0.750717	-0.750773	0.000011	86.190755	170.277902	0.004120	0.000000	0.004120	76.8	89.7	168.1
263	-0.772106	-0.772163	0.000011	85.431581	171.492490	0.005664	0.000000	0.005664	89.6	127.4	218.5
264	-0.759493	-0.759550	0.000011	86.431581	169.896195	0.003802	0.000000	0.003802	54.4	105.4	161.3
265	-0.764781	-0.764837	0.000011	85.672396	171.105343	0.004528	0.000000	0.004528	45.7	155.9	203.6
266	-0.765698	-0.765754	0.000011	86.672396	169.516214	0.005691	0.000000	0.005691	31.4	183.8	226.9
267	-0.752784	-0.752840	0.000011	85.918689	170.711193	0.004588	0.000000	0.004588	60.7	168.2	230.5
268	-0.751577	-0.751633	0.000011	86.918644	169.129413	0.003705	0.000000	0.003705	75.4	138.5	215.7
269	-0.759039	-0.759096	0.000011	87.916911	167.579274	0.004493	0.000000	0.004493	41.9	132.3	176.2
270	-0.748105	-0.748162	0.000011	88.916911	166.054675	0.004190	0.000000	0.004190	73.9	90.9	166.5
271	-0.752938	-0.752995	0.000011	89.916911	164.557566	0.005941	0.000000	0.005941	57.2	110.7	171.6
272	-0.756183	-0.756239	0.000011	90.916911	163.087211	0.004515	0.000000	0.004515	55.5	166.9	223.9
273	-0.753793	-0.753850	0.000011	91.916911	161.642900	0.004380	0.000000	0.004380	67.8	158.9	228.2
274	-0.751705	-0.751762	0.000011	91.157740	162.737024	0.003917	0.000000	0.003917	59.5	151.1	212.3
275	-0.752712	-0.752768	0.000011	92.157740	161.298881	0.004183	0.000000	0.004182	72.9	136.0	210.5
276	-0.759216	-0.759273	0.000011	91.643073	162.035857	0.005144	0.000000	0.005144	84.7	122.3	209.9
277	-0.758548	-0.758605	0.000011	92.643073	160.610026	0.004734	0.000000	0.004734	46.2	125.2	173.5
278	-0.756571	-0.756628	0.000011	93.643073	159.209069	0.005287	0.000000	0.005287	70.9	147.8	225.8
279	-0.761707	-0.761764	0.000011	94.643073	157.832341	0.004930	0.000000	0.004930	74.8	184.1	260.6
280	-0.735015	-0.735072	0.000011	95.643073	156.479218	0.004678	0.000000	0.004677	60.8	132.2	194.9
281	-0.754640	-0.754697	0.000011	96.643073	155.149100	0.004136	0.000000	0.004136	52.0	102.7	156.3
282	-0.754169	-0.754226	0.000011	96.188470	155.750962	0.004060	0.000000	0.004059	94.7	166.2	264.4
283	-0.750715	-0.750772	0.000011	97.188469	154.433144	0.004670	0.000000	0.004670	49.8	81.3	132.7
284	-0.750878	-0.750935	0.000011	98.188469	153.137439	0.004156	0.000000	0.004157	89.7	115.7	207.4
285	-0.754795	-0.754852	0.000011	99.188469	151.863295	0.003882	0.000000	0.003882	85.8	126.6	214.0
286	-0.764362	-0.764419	0.000011	98.486377	152.755630	0.003769	0.000000	0.003770	55.3	108.8	165.7
287	-0.776816	-0.776873	0.000011	99.486305	151.487897	0.004354	0.000000	0.004354	86.4	113.1	200.9
288	-0.758147	-0.758204	0.000011	100.401391	150.346027	0.004297	0.000000	0.004297	28.5	144.8	174.8
289	-0.753758	-0.753815	0.000011	101.400874	149.118354	0.004576	0.000000	0.004576	56.4	141.9	200.3
290	-0.761470	-0.761527	0.000011	102.400874	147.909948	0.005378	0.000000	0.005378	63.0	125.2	189.9
291	-0.753307	-0.753364	0.000011	103.400779	146.721082	0.004046	0.000000	0.004046	93.2	123.4	218.2
292	-0.729384	-0.729441	0.000011	102.646560	147.616051	0.004131	0.000000	0.004131	32.9	158.8	193.8
293	-0.748044	-0.748100	0.000011	103.646560	146.431774	0.004723	0.000000	0.004722	50.5	93.9	146.0
294	-0.751757	-0.751815	0.000011	102.946963	147.258282	0.005105	0.000000	0.005105	57.8	162.7	222.1
295	-0.744787	-0.744844	0.000011	102.193683	148.158708	0.005128	0.000000	0.005128	75.1	129.0	205.6
296	-0.756564	-0.756622	0.000011	103.193683	146.965743	0.004117	0.000000	0.004117	105.9	133.4	241.3
297	-0.761481	-0.761538	0.000011	104.193683	145.791836	0.004600	0.000000	0.004600	72.8	128.0	202.4
298	-0.763277	-0.763334	0.000011	105.193683	144.636534	0.004426	0.000000	0.004426	70.7	193.1	265.4
299	-0.760259	-0.760317	0.000012	104.444174	145.500714	0.005492	0.000000	0.005492	75.1	127.5	206.4
300	-0.747148	-0.747205	0.000011	103.685030	146.386594	0.004869	0.000000	0.004869	49.8	167.7	219.1
301	-0.763408	-0.763467	0.000012	102.983117	147.215342	0.003713	0.000000	0.003713	86.6	171.2	259.3
302	-0.753778	-0.753836	0.000012	102.267516	148.069966	0.004248	0.000000	0.004248	57.6	169.5	228.6
303	-0.750418	-0.750476	0.000012	103.217410	146.937671	0.004915	0.000000	0.004915	37.9	164.1	203.5
304	-0.759523	-0.759581	0.000011	104.217408	145.764213	0.004070	0.000000	0.004070	60.3	169.9	233.2
305	-0.752105	-0.752162	0.000011	105.217408	144.609347	0.005747	0.000000	0.005747	55.1	133.3	190.1
306	-0.743808	-0.743866	0.000012	106.217408	143.472637	0.004341	0.000000	0.004341	65.5	147.9	215.5
307	-0.755028	-0.755086	0.000012	107.217408	142.353657	0.003773	0.000000	0.003773	59.9	160.5	222.1
308	-0.752739	-0.752797	0.000012	106.481125	143.175838	0.004556	0.000000	0.004556	57.6	133.0	192.2
309	-0.760768	-0.760825	0.000012	107.473711	142.069663	0.004485	0.000000	0.004485	52.3	119.7	173.7
310	-0.753756	-0.753814	0.000012	108.473711	140.972378	0.003640	0.000000	0.003640	54.6	168.7	226.5
311	-0.755659	-0.755717	0.000012	108.779387	140.640339	0.004055	0.000000	0.004055	68.6	170.8	241.0
312	-0.746998	-0.747056	0.000012	109.779386	139.564938	0.003248	0.000000	0.003248	70.2	162.4	234.5
313	-0.749891	-0.749949	0.000012	110.776186	138.509221	0.003814	0.000000	0.003813	52.5	108.3	170.1
314	-0.754144	-0.754202	0.000012	111.170180	138.096331	0.005207	0.000000	0.005207	44.4	181.7	228.1
315	-0.741516	-0.741575	0.000012	112.170132	137.059389	0.004339	0.000000	0.004339	64.0	105.7	171.4
316	-0.758228	-0.758286	0.000012	113.170132	136.037855	0.003739	0.000000	0.003739	58.7	101.7	162.2
317	-0.767949	-0.768007	0.000012	112.410946	136.811989	0.005121	0.000000	0.005121	47.6	146.2	195.4
318	-0.762407	-0.762465	0.000012	113.410946	135.794125	0.004746	0.000000	0.004746	82.8	136.3	220.6
319	-0.751030	-0.751088	0.000012	114.410946	134.791296	0.004025	0.000000	0.004025	52.9	154.8	209.3
320	-0.760715	-0.760775	0.000012	113.689288	135.513500	0.004971	0.000000	0.004970	56.5	159.8	218.2
321	-0.766485	-0.766543	0.000012	114.595514	134.607823	0.004595	0.000000	0.004595	81.5	141.5	225.0
322	-0.744988	-0.745047	0.000012	115.595514	133.622375	0.005117	0.000000	0.005116	105.5	140.1	247.0
323	-0.758310	-0.758368	0.000012	116.595514	132.651250	0.004735	0.000000	0.004735	40.1	167.9	212.2
324	-0.748962	-0.749020	0.000012	115.836384	133.387161	0.005402	0.000000	0.005402	52.7	163.3	219.0
325	-0.773215	-0.773273	0.000012	116.833697	132.422022	0.004922	0.000000	0.004922	58.9	149.5	211.0
326	-0.771941	-0.772000	0.000012	116.074512	133.155440	0.004946	0.000000	0.004946	44.0	84.2	129.8
327	-0.752598	-0.752656	0.000012	117.074512	132.191066	0.004923	0.000000	0.004923	100.1	146.8	248.4
328	-0.768996	-0.769055	0.000012	118.074512	131.240560	0.004415	0.000000	0.004415	54.4	208.2	264.4
329	-0.756375	-0.756433	0.000012	119.074512	130.303627	0.005165	0.000000	0.005165	98.3	178.2	278.3
330	-0.753125	-0.753184	0.000012	119.949533	129.494696	0.005119	0.000000	0.005119	50.9	135.6	188.1
331	-0.748739	-0.748798	0.000012	120.946608	128.585087	0.004099	0.000000	0.004099	49.3	124.5	175.4
332	-0.768153	-0.768212	0.000012	121.946608	127.685555	0.004269	0.000000	0.004269	33.8	114.1	149.6
333	-0.747828	-0.747886	0.000012	122.946453	126.798657	0.003419	0.000000	0.003419	53.1	151.3	206.0
334	-0.753709	-0.753768	0.000012	123.564310	126.256729	0.004555	0.000000	0.004555	70.9	152.5	226.0
335	-0.759843	-0.759902	0.000012	124.563178	125.390343	0.005063	0.000000	0.005063	65.8	133.7	201.1
336	-0.744410	-0.744468	0.000012	125.563178	124.534805	0.005429	0.000000	0.005429	63.4	108.8	173.8
337	-0.746910	-0.746969	0.000012	124.804237	125.183035	0.004569	0.000000	0.004569	72.0	157.4	231.0
338	-0.745504	-0.745563	0.000012	125.804237	124.330314	0.004301	0.000000	0.004301	76.1	145.7	223.7
339	-0.743746	-0.743804	0.000012	126.804233	123.489135	0.004259	0.000000	0.004260	52.3	99.0	153.0
340	-0.769425	-0.769483	0.000012	126.045310	124.126481	0.004335	0.000000	0.004335	50.1	146.1	197.7
341	-0.752663	-0.752721	0.000012	127.044979	123.288321	0.004080	0.000000	0.004080	86.2	149.8	238.9
342	-0.763291	-0.763350	0.000012	126.288787	123.921293	0.005422	0.000000	0.005422	65.1	138.4	209.6
343	-0.733042	-0.733102	0.000012	127.288787	123.085618	0.004414	0.000000	0.004414	46.0	154.1	201.7
344	-0.742896	-0.742954	0.000012	128.288787	122.261138	0.004308	0.000000	0.004308	29.3	164.4	195.3
345	-0.752076	-0.752135	0.000012	127.529664	122.886004	0.005096	0.000000	0.005096	54.4	117.3	173.3
346	-0.760240	-0.760299	0.000012	128.529664	122.064187	0.005962	0.000000	0.005962	81.5	123.7	207.8
347	-0.754180	-0.754238	0.000012	129.529664	121.253289	0.004041	0.000000	0.004041	46.9	135.4	183.9
348	-0.744289	-0.744348	0.000012	130.529664	120.453094	0.004664	0.000000	0.004664	51.4	126.5	179.4
349	-0.764334	-0.764393	0.000012	129.770831	121.059338	0.004952	0.000000	0.004952	63.3	167.3	232.1
350	-0.747286	-0.747344	0.000012	129.263174	121.468331	0.003740	0.000000	0.003740	80.9	181.2	264.1
351	-0.756529	-0.756588	0.000012	128.504017	122.085127	0.004690	0.000000	0.004690	69.7	155.9	227.4
352	-0.766851	-0.766910	0.000012	128.151556	122.373627	0.004758	0.000000	0.004758	29.8	145.6	177.0
353	-0.771561	-0.771621	0.000012	127.534051	122.882374	0.004678	0.000000	0.004678	51.1	169.1	222.2
354	-0.767465	-0.767524	0.000012	128.534051	122.060606	0.003883	0.000000	0.003883	25.2	99.8	126.5
355	-0.751570	-0.751629	0.000012	128.046722	122.459701	0.003967	0.000000	0.003967	63.9	151.7	217.4
356	-0.749997	-0.750056	0.000012	129.046722	121.643557	0.005473	0.000000	0.005473	86.8	133.4	222.0
357	-0.762995	-0.763054	0.000012	130.046722	120.838220	0.003970	0.000000	0.003970	48.0	169.5	219.2
358	-0.764953	-0.765012	0.000012	130.091098	120.802729	0.004720	0.000000	0.004720	41.7	157.5	200.8
359	-0.744787	-0.744846	0.000012	129.358544	121.391285	0.004391	0.000000	0.004391	45.0	151.3	198.2
360	-0.749059	-0.749118	0.000012	130.358544	120.589274	0.004732	0.000000	0.004732	56.5	109.6	167.9
361	-0.749805	-0.749864	0.000012	131.345026	119.808420	0.004373	0.000000	0.004372	70.3	128.9	200.8
362	-0.751642	-0.751702	0.000012	132.345004	119.027137	0.003935	0.000000	0.003935	49.7	144.1	195.5
363	-0.777556	-0.777615	0.000012	131.603275	119.605670	0.003613	0.000000	0.003613	73.2	169.3	244.2
364	-0.757738	-0.757797	0.000012	132.603055	118.827173	0.004919	0.000000	0.004918	59.8	153.0	214.5
365	-0.764514	-0.764574	0.000012	133.602855	118.058731	0.004845	0.000000	0.004845	36.1	157.7	195.2
366	-0.739996	-0.740055	0.000012	134.602855	117.300013	0.004646	0.000000	0.004646	32.4	91.9	125.9
367	-0.768068	-0.768128	0.000012	133.843669	117.875125	0.004836	0.000000	0.004836	43.6	121.6	166.9
368	-0.755821	-0.755880	0.000012	133.278868	118.306656	0.004380	0.000000	0.004380	135.4	107.3	250.2
369	-0.754829	-0.754887	0.000012	134.278018	117.545401	0.003932	0.000000	0.003932	92.3	106.7	201.0
370	-0.759906	-0.759965	0.000012	133.523593	118.119289	0.004126	0.000000	0.004126	77.1	126.3	205.1
371	-0.762970	-0.763029	0.000012	134.523568	117.359813	0.004608	0.000000	0.004608	76.5	187.9	265.8
372	-0.743608	-0.743667	0.000012	135.523504	116.610071	0.006252	0.000000	0.006252	20.2	96.9	119.3
373	-0.751605	-0.751665	0.000012	136.523504	115.869800	0.004679	0.000000	0.004679	76.2	171.2	249.1
374	-0.766891	-0.766951	0.000012	137.523504	115.138869	0.004837	0.000000	0.004837	121.0	207.2	329.9
375	-0.752860	-0.752919	0.000012	138.523504	114.417101	0.004509	0.000000	0.004510	112.8	112.6	227.8
376	-0.751521	-0.751580	0.000012	139.523504	113.704327	0.003935	0.000000	0.003934	37.1	164.8	203.9
377	-0.773523	-0.773583	0.000012	138.770144	114.240474	0.005050	0.000000	0.005050	97.6	135.2	234.3
378	-0.754326	-0.754385	0.000012	139.770144	113.529891	0.004534	0.000000	0.004533	53.7	133.0	188.2
379	-0.757931	-0.757990	0.000012	140.769831	112.828312	0.005272	0.000000	0.005273	48.6	121.8	172.0
380	-0.741054	-0.741113	0.000012	140.060443	113.325262	0.004808	0.000000	0.004808	78.4	126.8	206.9
381	-0.771571	-0.771630	0.000012	141.060443	112.625984	0.004510	0.000000	0.004510	64.1	116.6	182.5
382	-0.747991	-0.748051	0.000012	141.674980	112.200517	0.005185	0.000000	0.005185	57.5	150.4	210.0
383	-0.753466	-0.753525	0.000012	142.674980	111.515009	0.003867	0.000000	0.003867	48.2	167.2	216.9
384	-0.757653	-0.757712	0.000012	143.674980	110.837827	0.004571	0.000000	0.004571	53.5	143.2	198.2
385	-0.768447	-0.768506	0.000012	144.674980	110.168819	0.004070	0.000000	0.004070	63.0	154.8	219.4
386	-0.777382	-0.777442	0.000012	143.920859	110.672579	0.004802	0.000000	0.004802	61.9	147.2	210.7
387	-0.752034	-0.752094	0.000012	143.312849	111.082103	0.004136	0.000000	0.004136	99.4	105.8	206.8
388	-0.754585	-0.754645	0.000012	144.312621	110.410305	0.005445	0.000000	0.005445	98.4	128.6	228.6
389	-0.748687	-0.748747	0.000012	145.312621	109.746433	0.006286	0.000000	0.006286	64.8	122.2	188.7
390	-0.759824	-0.759883	0.000012	144.553516	110.249649	0.005500	0.000000	0.005501	70.6	118.4	190.4
391	-0.761791	-0.761850	0.000012	145.553516	109.587701	0.004809	0.000000	0.004808	34.5	156.2	193.7
392	-0.752670	-0.752730	0.000012	146.553516	108.933655	0.004306	0.000000	0.004306	60.2	128.3	190.5
393	-0.755838	-0.755898	0.000012	147.553440	108.287418	0.004411	0.000000	0.004411	78.7	139.5	219.8
394	-0.750918	-0.750978	0.000012	148.553440	107.648756	0.004025	0.000000	0.004025	57.7	95.7	155.1
395	-0.743876	-0.743936	0.000012	149.553081	107.017808	0.004474	0.000000	0.004474	67.7	109.1	178.4
396	-0.763560	-0.763620	0.000012	150.090303	106.681773	0.004538	0.000000	0.004538	43.0	131.1	176.7
397	-0.752524	-0.752583	0.000012	150.463140	106.449800	0.004658	0.000000	0.004658	67.4	145.9	215.4
398	-0.757890	-0.757949	0.000012	149.713282	106.917380	0.004171	0.000000	0.004172	58.2	129.4	190.2
399	-0.767883	-0.767943	0.000012	150.713282	106.294730	0.005680	0.000000	0.005680	37.0	145.2	183.9
400	-0.759234	-0.759294	0.000012	149.954102	106.766768	0.005242	0.000000	0.005242	66.0	156.1	225.9
401	-0.762733	-0.762792	0.000012	150.954102	106.145865	0.004863	0.000000	0.004863	46.3	153.5	201.6
402	-0.769610	-0.769669	0.000012	151.954102	105.532142	0.005095	0.000000	0.005095	26.4	164.5	192.4
403	-0.742268	-0.742328	0.000012	151.196442	105.996481	0.004634	0.000000	0.004634	64.1	113.4	179.1
404	-0.753183	-0.753242	0.000012	152.196442	105.384480	0.005000	0.000000	0.005000	56.5	149.6	212.2
405	-0.763075	-0.763135	0.000012	153.196442	104.779505	0.004096	0.000000	0.004096	70.4	96.3	168.3
406	-0.753913	-0.753973	0.000012	154.194562	104.182554	0.004116	0.000000	0.004116	93.0	86.5	181.7
407	-0.744892	-0.744951	0.000012	153.436944	104.635041	0.003789	0.000000	0.003789	46.3	152.2	200.3
408	-0.756376	-0.756436	0.000012	154.436941	104.038618	0.004850	0.000000	0.004850	46.6	170.9	219.3
409	-0.750060	-0.750120	0.000012	155.436941	103.448953	0.005333	0.000000	0.005333	37.4	119.3	158.5
410	-0.769025	-0.769084	0.000012	154.995149	103.708636	0.004775	0.000000	0.004775	72.6	174.0	248.0
411	-0.757227	-0.757286	0.000012	154.999138	103.706286	0.005252	0.000000	0.005252	67.0	126.1	194.6
412	-0.731112	-0.731172	0.000012	155.999138	103.120372	0.004629	0.000000	0.004629	58.4	156.3	216.2
413	-0.761131	-0.761190	0.000012	156.999138	102.541041	0.004264	0.000000	0.004264	55.7	102.4	159.9
414	-0.744515	-0.744574	0.000012	157.999138	101.968183	0.004208	0.000000	0.004208	46.6	139.7	188.3
415	-0.757753	-0.757813	0.000012	157.239953	102.402501	0.004831	0.000000	0.004831	69.2	183.1	253.7
416	-0.747647	-0.747707	0.000012	158.239939	101.831194	0.004090	0.000000	0.004090	70.5	174.9	246.7
417	-0.755118	-0.755177	0.000012	159.239939	101.266218	0.005750	0.000000	0.005750	71.2	145.4	219.5
418	-0.752868	-0.752928	0.000012	160.239939	100.707477	0.005365	0.000000	0.005364	34.7	125.3	161.6
419	-0.764039	-0.764099	0.000012	161.239939	100.154867	0.003285	0.000000	0.003285	36.2	126.4	164.2
420	-0.758112	-0.758171	0.000012	162.238867	99.608872	0.003786	0.000000	0.003786	58.2	136.7	196.6
421	-0.759467	-0.759527	0.000012	161.479682	100.023283	0.004468	0.000000	0.004468	47.2	142.8	191.5
422	-0.752693	-0.752753	0.000012	162.479084	99.478461	0.004726	0.000000	0.004726	29.4	177.1	208.1
423	-0.769072	-0.769132	0.000012	163.479084	98.939221	0.004205	0.000000	0.004205	51.8	128.6	181.9
424	-0.754511	-0.754572	0.000012	164.479084	98.405796	0.003661	0.000000	0.003661	85.7	101.3	190.1
425	-0.769456	-0.769516	0.000012	163.866743	98.731749	0.005119	0.000000	0.005119	68.1	109.7	186.3
426	-0.754410	-0.754470	0.000012	164.860558	98.203820	0.004597	0.000000	0.004597	51.4	125.9	178.7
427	-0.761206	-0.761267	0.000012	165.860558	97.678275	0.004188	0.000000	0.004188	60.1	182.0	244.2
428	-0.747125	-0.747185	0.000012	166.860558	97.158324	0.004887	0.000000	0.004887	32.2	164.4	198.0
429	-0.757779	-0.757839	0.000012	167.860558	96.643879	0.004161	0.000000	0.004161	71.3	137.5	210.4
430	-0.751693	-0.751753	0.000012	168.860558	96.134853	0.004384	0.000000	0.004384	54.4	143.0	198.8
431	-0.759868	-0.759928	0.000012	169.860558	95.631162	0.005239	0.000000	0.005239	53.3	152.6	209.6
432	-0.759913	-0.759973	0.000012	170.860558	95.132721	0.004352	0.000000	0.004352	32.8	164.8	199.4
433	-0.742949	-0.743009	0.000012	171.860558	94.639449	0.004536	0.000000	0.004536	28.5	168.1	198.1
434	-0.760013	-0.760074	0.000012	172.860558	94.151266	0.003983	0.000000	0.003983	46.7	118.8	167.1
435	-0.766053	-0.766113	0.000012	173.522439	93.830907	0.004215	0.000000	0.004215	92.8	110.8	205.8
436	-0.746555	-0.746615	0.000012	173.046266	94.061160	0.004157	0.000000	0.004157	69.5	119.8	191.1
437	-0.745901	-0.745961	0.000012	174.046266	93.578910	0.004475	0.000000	0.004475	31.8	157.8	198.2
438	-0.752285	-0.752345	0.000012	174.823359	93.207557	0.003848	0.000000	0.003848	63.3	152.0	217.0
439	-0.763091	-0.763152	0.000012	175.436735	92.916515	0.004125	0.000000	0.004126	68.6	81.3	151.4
440	-0.766907	-0.766967	0.000012	176.436735	92.445901	0.005878	0.000000	0.005878	85.7	120.2	207.4
441	-0.753100	-0.753160	0.000012	177.436735	91.980030	0.004031	0.000000	0.004031	98.1	112.9	212.6
442	-0.748075	-0.748135	0.000012	178.436735	91.518831	0.003705	0.000000	0.003705	48.4	133.4	183.5
443	-0.756290	-0.756351	0.000012	177.677592	91.868523	0.004810	0.000000	0.004810	74.9	135.2	211.9
444	-0.738541	-0.738601	0.000012	178.677468	91.408495	0.004359	0.000000	0.004359	85.9	141.4	229.5
445	-0.756681	-0.756741	0.000012	177.918352	91.757330	0.005229	0.000000	0.005229	57.1	73.7	132.3
446	-0.744906	-0.744966	0.000012	177.159167	92.108870	0.004918	0.000000	0.004919	58.0	102.9	164.0
447	-0.747483	-0.747543	0.000012	176.425893	92.450978	0.003981	0.000000	0.003980	70.9	138.8	211.7
448	-0.753831	-0.753892	0.000012	177.425893	91.985056	0.005021	0.000000	0.005021	37.0	163.9	202.6
449	-0.754973	-0.755033	0.000012	178.425893	91.523807	0.004180	0.000000	0.004180	80.1	128.8	210.6
450	-0.760434	-0.760494	0.000012	179.304815	91.122207	0.004557	0.000000	0.004557	45.2	122.8	171.3
451	-0.756094	-0.756154	0.000012	178.548274	91.467676	0.004169	0.000000	0.004169	27.9	132.8	162.2
452	-0.755970	-0.756031	0.000012	177.790797	91.816207	0.004997	0.000000	0.004997	39.0	115.0	156.3
453	-0.756628	-0.756689	0.000012	177.031612	92.168199	0.004560	0.000000	0.004560	69.3	120.8	192.6
454	-0.759317	-0.759378	0.000012	178.031612	91.705115	0.003999	0.000000	0.003999	77.2	148.6	227.4
455	-0.761552	-0.761613	0.000012	178.986573	91.267212	0.004077	0.000000	0.004077	57.7	131.8	191.2
456	-0.754739	-0.754799	0.000012	179.986573	90.813116	0.005302	0.000000	0.005302	74.2	105.8	181.6
457	-0.754754	-0.754814	0.000012	180.986573	90.363516	0.005556	0.000000	0.005556	46.5	184.0	232.7
458	-0.768699	-0.768760	0.000012	181.986573	89.918346	0.005003	0.000000	0.005003	63.4	123.6	188.6
459	-0.765385	-0.765447	0.000012	182.986573	89.477541	0.005101	0.000000	0.005101	46.5	139.3	187.3
460	-0.772457	-0.772518	0.000012	183.984268	89.042038	0.004785	0.000000	0.004785	60.6	149.5	211.8
461	-0.748815	-0.748875	0.000012	184.984268	88.609762	0.004279	0.000000	0.004279	108.6	140.0	250.2
462	-0.751830	-0.751891	0.000012	185.984268	88.181663	0.004043	0.000000	0.004043	67.4	106.6	181.3
463	-0.750596	-0.750656	0.000012	186.984189	87.757714	0.004698	0.000000	0.004698	95.5	110.7	207.7
464	-0.754338	-0.754399	0.000012	187.984189	87.337789	0.005352	0.000000	0.005352	80.6	167.1	249.4
465	-0.753215	-0.753274	0.000012	188.984189	86.921863	0.005900	0.000000	0.005900	55.2	120.2	177.2
466	-0.764506	-0.764566	0.000012	189.984189	86.509880	0.004571	0.000000	0.004571	101.1	84.1	186.7
467	-0.753080	-0.753141	0.000012	190.984189	86.101784	0.003744	0.000000	0.003744	67.3	114.0	195.6
468	-0.751236	-0.751295	0.000012	191.982237	85.698306	0.004475	0.000000	0.004475	64.6	88.2	154.2
469	-0.748925	-0.748986	0.000012	192.982237	85.297813	0.003667	0.000000	0.003667	32.2	131.0	166.9
470	-0.769098	-0.769158	0.000012	193.918523	84.926216	0.004326	0.000000	0.004326	48.1	132.1	183.1
471	-0.763285	-0.763346	0.000012	194.918519	84.532892	0.004660	0.000000	0.004660	38.2	134.2	174.2
472	-0.754463	-0.754524	0.000012	195.918519	84.143193	0.004516	0.000000	0.004516	94.3	132.1	227.9
473	-0.752285	-0.752346	0.000012	196.918519	83.757071	0.005027	0.000000	0.005027	76.1	139.9	217.6
474	-0.742356	-0.742417	0.000012	197.918519	83.374476	0.003865	0.000000	0.003865	67.8	114.2	183.8
475	-0.757320	-0.757380	0.000012	198.912463	82.997647	0.003721	0.000000	0.003721	50.8	114.0	166.6
476	-0.760117	-0.760177	0.000012	198.314926	83.223779	0.005451	0.000000	0.005451	42.3	143.5	187.5
477	-0.764292	-0.764352	0.000012	199.107540	82.924088	0.004281	0.000000	0.004281	64.8	128.7	195.4
478	-0.752798	-0.752858	0.000012	200.107540	82.549048	0.005032	0.000000	0.005032	49.9	151.9	203.9
479	-0.766502	-0.766562	0.000012	199.348354	82.833461	0.005167	0.000000	0.005167	37.3	110.3	150.3
480	-0.753307	-0.753367	0.000012	200.346577	82.459901	0.004460	0.000000	0.004460	47.6	96.9	146.1
481	-0.776477	-0.776537	0.000012	201.346311	82.089138	0.003832	0.000000	0.003832	66.5	143.5	211.7
482	-0.756917	-0.756977	0.000012	202.346309	81.721596	0.004108	0.000000	0.004108	47.9	183.0	232.4
483	-0.748361	-0.748422	0.000012	201.677738	81.966958	0.004432	0.000000	0.004432	70.5	162.6	235.0
484	-0.735431	-0.735491	0.000012	202.677738	81.600507	0.004232	0.000000	0.004233	49.3	112.1	163.1
485	-0.756680	-0.756741	0.000012	201.918723	81.878349	0.004234	0.000000	0.004234	66.5	123.1	191.9
486	-0.767409	-0.767469	0.000012	202.918723	81.512688	0.004048	0.000000	0.004048	73.8	150.0	225.3
487	-0.754572	-0.754632	0.000012	203.918723	81.150278	0.004387	0.000000	0.004387	72.5	113.6	187.6
488	-0.767497	-0.767557	0.000012	204.918711	80.791081	0.004218	0.000000	0.004217	69.0	132.5	203.8
489	-0.759386	-0.759447	0.000012	205.918708	80.435047	0.003405	0.000000	0.003405	50.9	104.1	157.0
490	-0.757551	-0.757611	0.000012	205.197129	80.691638	0.005153	0.000000	0.005153	74.8	101.7	187.0
491	-0.734093	-0.734153	0.000012	206.188632	80.339481	0.004738	0.000000	0.004738	66.4	117.0	185.1
492	-0.762237	-0.762296	0.000012	207.188344	79.987507	0.004677	0.000000	0.004677	65.2	117.6	184.4
493	-0.757357	-0.757417	0.000012	206.429159	80.254515	0.004307	0.000000	0.004308	79.3	95.9	176.9
494	-0.751815	-0.751875	0.000012	207.011199	80.049651	0.004975	0.000000	0.004975	71.3	129.4	202.4
495	-0.753981	-0.754041	0.000012	207.993946	79.706111	0.005002	0.000000	0.005002	72.0	141.6	216.3
496	-0.743798	-0.743858	0.000012	208.993946	79.359554	0.004758	0.000000	0.004758	74.4	168.4	244.5
497	-0.758709	-0.758770	0.000012	209.993450	79.016167	0.003901	0.000000	0.003901	65.5	122.6	189.8
498	-0.751289	-0.751349	0.000012	210.993450	78.675570	0.003537	0.000000	0.003538	122.0	138.8	262.5
499	-0.759293	-0.759353	0.000012	211.993448	78.337898	0.004358	0.000000	0.004358	109.9	154.2	265.9
500	-0.762483	-0.762543	0.000012	212.981620	78.007054	0.003795	0.000000	0.003795	50.3	150.6	202.6
501	-0.761243	-0.761304	0.000012	213.981620	77.675083	0.005337	0.000000	0.005337	72.6	97.2	171.4
502	-0.756668	-0.756728	0.000012	214.975961	77.347781	0.004185	0.000000	0.004185	61.0	118.7	181.8
503	-0.764373	-0.764434	0.000012	214.919438	77.366312	0.004888	0.000000	0.004888	38.3	177.1	216.9
504	-0.759257	-0.759318	0.000012	214.160253	77.616080	0.004381	0.000000	0.004381	52.9	123.1	178.3
505	-0.742146	-0.742207	0.000012	215.160253	77.287421	0.005055	0.000000	0.005055	64.0	117.3	183.4
506	-0.761839	-0.761900	0.000012	214.401067	77.536679	0.004170	0.000000	0.004170	63.3	164.4	229.2
507	-0.762440	-0.762500	0.000012	215.401067	77.208691	0.004147	0.000000	0.004147	60.4	110.1	173.9
508	-0.750804	-0.750865	0.000012	216.400160	76.883760	0.004506	0.000000	0.004506	60.3	109.7	171.6
509	-0.748833	-0.748893	0.000012	215.640975	77.130416	0.005137	0.000000	0.005137	66.9	158.7	227.6
510	-0.766605	-0.766665	0.000012	216.640965	76.805852	0.004250	0.000000	0.004250	57.3	163.5	222.2
511	-0.768908	-0.768968	0.000012	217.640965	76.484006	0.004626	0.000000	0.004626	67.8	101.3	172.2
512	-0.763558	-0.763618	0.000012	216.881788	76.728097	0.004680	0.000000	0.004680	79.2	91.6	172.7
513	-0.751081	-0.751141	0.000012	217.881788	76.406900	0.005391	0.000000	0.005391	97.9	159.3	258.9
514	-0.766125	-0.766185	0.000012	218.881508	76.088470	0.005139	0.000000	0.005139	57.5	175.5	234.6
515	-0.767729	-0.767789	0.000012	219.881448	75.772614	0.005998	0.000000	0.005997	100.5	149.7	251.8
516	-0.769739	-0.769799	0.000012	219.122263	76.012181	0.004994	0.000000	0.004994	66.4	121.1	190.3
517	-0.761934	-0.761995	0.000012	220.122263	75.696938	0.005391	0.000000	0.005391	78.0	164.9	244.4
518	-0.758197	-0.758257	0.000012	221.122263	75.384298	0.004646	0.000000	0.004647	88.3	165.1	255.6
519	-0.750817	-0.750878	0.000012	222.122263	75.074231	0.003953	0.000000	0.003953	43.7	173.4	218.7
520	-0.776603	-0.776664	0.000012	222.877104	74.841864	0.005550	0.000000	0.005550	28.9	95.3	125.7
521	-0.769538	-0.769598	0.000012	222.117918	75.075573	0.005519	0.000000	0.005519	79.5	94.9	176.0
522	-0.756907	-0.756967	0.000012	223.117918	74.768034	0.004116	0.000000	0.004116	121.2	123.7	246.4
523	-0.740564	-0.740624	0.000012	224.117918	74.463006	0.003938	0.000000	0.003937	64.5	88.3	154.8
524	-0.766543	-0.766604	0.000012	223.358733	74.694351	0.005135	0.000000	0.005135	66.6	126.3	194.3
525	-0.756570	-0.756631	0.000012	224.357972	74.390152	0.004621	0.000000	0.004621	75.0	151.5	228.1
526	-0.746784	-0.746844	0.000012	225.357972	74.088193	0.004324	0.000000	0.004324	67.4	103.9	173.1
527	-0.762508	-0.762569	0.000012	226.357972	73.788675	0.004317	0.000000	0.004317	109.6	120.0	232.7
528	-0.765929	-0.765989	0.000012	227.253384	73.522530	0.004741	0.000000	0.004741	49.9	107.3	158.8
529	-0.763442	-0.763502	0.000012	228.253384	73.227559	0.005660	0.000000	0.005660	73.0	128.4	202.9
530	-0.755943	-0.756004	0.000012	229.253384	72.934946	0.004313	0.000000	0.004313	78.4	137.0	217.1
531	-0.768351	-0.768411	0.000012	230.253361	72.644668	0.004808	0.000000	0.004808	44.9	76.5	123.2
532	-0.768091	-0.768152	0.000012	231.096459	72.401719	0.005948	0.000000	0.005948	82.6	145.3	229.5
533	-0.759835	-0.759895	0.000012	232.096459	72.115655	0.004262	0.000000	0.004262	90.2	111.9	214.3
534	-0.754734	-0.754795	0.000012	231.337274	72.332623	0.004161	0.000000	0.004161	74.9	139.2	215.5
535	-0.764207	-0.764267	0.000012	230.578088	72.550901	0.003775	0.000000	0.003775	51.7	131.9	185.8
536	-0.751813	-0.751873	0.000012	230.365044	72.612391	0.004329	0.000000	0.004329	62.2	144.8	208.9
537	-0.768046	-0.768106	0.000012	231.364885	72.324709	0.004517	0.000000	0.004517	42.2	80.0	124.0
538	-0.754008	-0.754068	0.000012	232.364885	72.039253	0.004549	0.000000	0.004549	63.0	130.9	195.4
539	-0.753343	-0.753404	0.000012	233.363220	71.756510	0.003640	0.000000	0.003640	72.7	158.7	233.0
540	-0.748611	-0.748671	0.000012	234.362972	71.475581	0.004464	0.000000	0.004463	61.6	132.0	195.6
541	-0.750395	-0.750456	0.000012	235.362971	71.196775	0.003505	0.000000	0.003505	72.9	130.4	218.6
542	-0.756684	-0.756744	0.000012	234.734046	71.371869	0.004489	0.000000	0.004489	81.5	144.3	227.3
543	-0.739574	-0.739634	0.000012	235.545236	71.146193	0.004238	0.000000	0.004238	81.8	137.1	221.2
544	-0.767913	-0.767974	0.000012	234.786050	71.357358	0.003693	0.000000	0.003692	62.4	97.7	161.6
545	-0.757743	-0.757803	0.000012	235.747632	71.090108	0.003736	0.000000	0.003736	45.8	127.8	175.3
546	-0.755589	-0.755650	0.000012	236.522162	70.876296	0.005580	0.000000	0.005580	88.0	139.1	229.2
547	-0.750576	-0.750637	0.000012	237.522162	70.602136	0.004958	0.000000	0.004959	31.5	176.5	210.5
548	-0.770166	-0.770227	0.000012	238.522162	70.330090	0.004477	0.000000	0.004477	37.3	146.6	185.4
549	-0.752840	-0.752901	0.000012	239.522162	70.060132	0.004322	0.000000	0.004322	48.8	125.9	176.7
550	-0.751015	-0.751075	0.000012	240.522128	69.792247	0.005520	0.000000	0.005520	60.4	115.7	177.6
551	-0.773699	-0.773759	0.000012	241.522121	69.526396	0.004361	0.000000	0.004361	101.1	88.9	192.3
552	-0.761945	-0.762005	0.000012	242.522121	69.262561	0.004928	0.000000	0.004927	57.9	130.4	189.8
553	-0.751437	-0.751496	0.000012	243.522121	69.000720	0.005475	0.000000	0.005474	52.2	163.2	217.1
554	-0.764416	-0.764477	0.000012	242.763175	69.199261	0.004516	0.000000	0.004516	70.6	151.4	223.8
555	-0.763416	-0.763477	0.000012	242.771605	69.197050	0.003634	0.000000	0.003634	50.0	103.8	155.4
556	-0.756086	-0.756147	0.000012	242.012421	69.396787	0.004247	0.000000	0.004247	69.0	148.3	218.9
557	-0.749626	-0.749687	0.000012	243.009881	69.134598	0.004626	0.000000	0.004626	82.5	154.6	239.2
558	-0.757762	-0.757824	0.000012	242.250696	69.333974	0.004193	0.000000	0.004193	69.2	144.3	215.8
559	-0.760599	-0.760659	0.000012	243.250696	69.071594	0.004797	0.000000	0.004797	43.2	152.9	206.9
560	-0.754126	-0.754187	0.000012	244.249980	68.811379	0.005393	0.000000	0.005392	47.6	172.3	222.0
561	-0.758075	-0.758137	0.000012	243.490795	69.008893	0.005083	0.000000	0.005082	30.8	146.7	179.0
562	-0.755329	-0.755390	0.000012	243.595416	68.981607	0.004604	0.000000	0.004604	51.9	125.6	179.1
563	-0.753941	-0.754003	0.000012	244.595416	68.721882	0.004443	0.000000	0.004443	73.8	123.5	198.7
564	-0.760249	-0.760310	0.000012	245.595416	68.464106	0.004081	0.000000	0.004081	105.3	153.0	260.3
565	-0.749694	-0.749755	0.000012	244.836731	68.659499	0.005103	0.000000	0.005103	56.9	125.7	184.5
566	-0.758244	-0.758305	0.000012	245.836701	68.402198	0.004057	0.000000	0.004057	63.6	158.0	223.2
567	-0.761677	-0.761738	0.000012	246.836455	68.146873	0.004498	0.000000	0.004498	41.6	125.0	168.1
568	-0.757681	-0.757741	0.000012	247.836445	67.893387	0.003843	0.000000	0.003843	92.4	159.9	254.5
569	-0.747130	-0.747191	0.000012	247.810864	67.899848	0.004234	0.000000	0.004234	69.6	161.2	232.4
570	-0.749603	-0.749663	0.000012	248.796301	67.651843	0.004732	0.000000	0.004732	51.3	120.7	173.6
571	-0.760934	-0.760995	0.000012	248.415921	67.747358	0.004255	0.000000	0.004255	75.9	125.8	203.6
572	-0.756926	-0.756987	0.000012	249.415898	67.496834	0.005021	0.000000	0.005021	94.8	125.0	221.4
573	-0.754091	-0.754151	0.000012	250.415883	67.248153	0.003666	0.000000	0.003666	63.7	119.0	184.5
574	-0.767265	-0.767325	0.000012	249.656698	67.436783	0.003809	0.000000	0.003809	70.0	106.5	178.2
575	-0.764861	-0.764922	0.000012	250.650964	67.189958	0.005274	0.000000	0.005274	73.1	91.0	165.8
576	-0.753931	-0.753992	0.000012	249.891784	67.378259	0.003782	0.000000	0.003782	143.3	195.4	347.6
577	-0.762242	-0.762303	0.000012	250.891784	67.130447	0.004547	0.000000	0.004547	118.8	115.4	235.6
578	-0.755285	-0.755346	0.000012	251.891648	66.884483	0.004295	0.000000	0.004295	69.2	134.8	209.7
579	-0.758137	-0.758198	0.000012	252.891648	66.640283	0.004301	0.000000	0.004301	50.9	115.8	168.3
580	-0.741885	-0.741946	0.000012	252.132463	66.825513	0.004063	0.000000	0.004063	77.5	174.5	254.5
581	-0.767418	-0.767478	0.000012	253.132463	66.581742	0.004038	0.000000	0.004038	78.2	159.7	240.0
582	-0.753606	-0.753667	0.000012	252.855417	66.649099	0.005098	0.000000	0.005098	46.2	132.7	180.5
583	-0.767782	-0.767843	0.000012	253.855413	66.406613	0.003640	0.000000	0.003639	56.9	132.1	191.0
584	-0.756382	-0.756443	0.000012	253.096227	66.590544	0.004804	0.000000	0.004804	80.1	101.2	182.9
585	-0.750171	-0.750231	0.000012	252.337042	66.775497	0.005090	0.000000	0.005091	58.2	100.0	161.2
586	-0.753850	-0.753911	0.000012	253.337042	66.532091	0.004247	0.000000	0.004247	85.8	96.4	184.1
587	-0.755363	-0.755423	0.000012	252.577857	66.716719	0.005341	0.000000	0.005341	77.8	127.8	207.1
588	-0.762405	-0.762465	0.000012	253.577855	66.473740	0.005317	0.000000	0.005317	93.3	129.2	224.1
589	-0.759078	-0.759139	0.000012	254.577855	66.232524	0.004357	0.000000	0.004358	35.5	162.8	200.4
590	-0.757221	-0.757282	0.000012	255.574281	65.993905	0.005072	0.000000	0.005072	69.5	154.6	225.6
591	-0.760755	-0.760816	0.000012	256.574281	65.756153	0.005314	0.000000	0.005314	60.8	152.1	214.3
592	-0.765672	-0.765733	0.000012	255.890801	65.918466	0.004346	0.000000	0.004346	47.2	112.5	161.5
593	-0.753380	-0.753441	0.000012	256.890799	65.681257	0.005282	0.000000	0.005281	77.5	132.0	211.4
594	-0.753325	-0.753387	0.000012	257.814711	65.463608	0.004622	0.000000	0.004622	49.8	114.6	166.1
595	-0.761266	-0.761326	0.000012	258.814711	65.229654	0.004077	0.000000	0.004077	107.4	126.4	235.5
596	-0.758392	-0.758453	0.000012	259.735322	65.015748	0.003985	0.000000	0.003985	52.6	122.5	176.7
597	-0.758273	-0.758334	0.000012	259.169369	65.147082	0.005786	0.000000	0.005786	64.0	114.2	180.4
598	-0.745681	-0.745741	0.000012	260.169362	64.915383	0.004824	0.000000	0.004824	50.7	140.7	193.9
599	-0.759557	-0.759618	0.000012	261.169362	64.685325	0.004053	0.000000	0.004053	80.0	144.3	226.1
600	-0.748281	-0.748342	0.000012	262.169355	64.456893	0.003901	0.000000	0.003901	49.6	130.9	181.9
601	-0.757397	-0.757458	0.000012	263.169355	64.230068	0.004116	0.000000	0.004116	78.5	187.3	267.4
602	-0.761218	-0.761279	0.000012	264.163656	64.006112	0.003869	0.000000	0.003869	50.4	144.3	196.4
603	-0.772066	-0.772127	0.000012	263.404518	64.176958	0.005180	0.000000	0.005179	93.4	134.2	229.4
604	-0.762258	-0.762319	0.000012	264.404518	63.952095	0.005463	0.000000	0.005463	90.4	100.8	193.7
605	-0.765263	-0.765323	0.000012	265.404518	63.728802	0.004086	0.000000	0.004086	115.2	103.4	220.4
606	-0.758260	-0.758321	0.000012	265.736375	63.655045	0.004355	0.000000	0.004355	91.7	107.8	201.4
607	-0.760230	-0.760291	0.000012	266.736375	63.433818	0.004047	0.000000	0.004046	50.0	147.2	198.9
608	-0.759518	-0.759580	0.000012	267.736375	63.214124	0.005035	0.000000	0.005035	62.5	138.2	202.2
609	-0.745613	-0.745674	0.000012	268.736308	62.995960	0.005054	0.000000	0.005054	55.4	129.7	186.9
610	-0.752890	-0.752950	0.000012	267.980546	63.160711	0.005121	0.000000	0.005120	80.9	106.1	188.7
611	-0.756908	-0.756969	0.000012	268.980546	62.942901	0.004918	0.000000	0.004917	104.8	152.4	259.2
612	-0.757247	-0.757308	0.000012	268.318243	63.086989	0.004655	0.000000	0.004655	50.2	139.2	191.3
613	-0.765436	-0.765497	0.000012	269.318243	62.869686	0.004249	0.000000	0.004249	43.8	139.8	185.2
614	-0.755528	-0.755589	0.000012	270.313595	62.654875	0.004574	0.000000	0.004573	45.4	123.0	170.5
615	-0.754399	-0.754461	0.000012	271.313594	62.440534	0.004390	0.000000	0.004389	71.1	104.6	177.7
616	-0.761256	-0.761318	0.000012	272.313594	62.227654	0.004304	0.000000	0.004304	66.7	149.5	218.0
617	-0.762150	-0.762211	0.000012	271.554409	62.389136	0.005422	0.000000	0.005422	73.9	118.6	194.3
618	-0.755073	-0.755135	0.000012	272.554409	62.176606	0.004767	0.000000	0.004767	58.6	139.5	199.7
619	-0.767818	-0.767879	0.000012	271.795223	62.337823	0.004156	0.000000	0.004156	70.6	184.1	256.2
620	-0.769040	-0.769101	0.000012	272.795223	62.125642	0.004800	0.000000	0.004800	91.3	173.9	266.7
621	-0.764557	-0.764619	0.000012	273.771730	61.919835	0.004176	0.000000	0.004176	85.8	141.2	228.7
622	-0.763322	-0.763383	0.000012	273.012545	62.079721	0.003936	0.000000	0.003936	46.1	136.7	185.3
623	-0.759793	-0.759855	0.000012	273.856255	61.902085	0.004609	0.000000	0.004610	53.6	143.6	198.7
624	-0.767129	-0.767190	0.000012	274.856247	61.692856	0.004680	0.000000	0.004680	46.6	123.9	172.4
625	-0.763684	-0.763745	0.000012	275.817276	61.493108	0.004822	0.000000	0.004821	54.9	93.0	150.1
626	-0.754991	-0.755052	0.000012	276.817276	61.286629	0.004657	0.000000	0.004657	76.3	136.5	214.3
627	-0.759572	-0.759634	0.000012	276.075008	61.439759	0.004376	0.000000	0.004376	92.9	78.3	172.8
628	-0.757882	-0.757944	0.000012	277.075008	61.233637	0.003967	0.000000	0.003967	68.4	159.6	229.5
629	-0.748385	-0.748446	0.000012	278.075008	61.028894	0.004676	0.000000	0.004676	117.3	157.0	276.0
630	-0.758265	-0.758326	0.000012	277.315823	61.184206	0.004915	0.000000	0.004915	59.4	131.0	192.6
631	-0.744543	-0.744605	0.000012	278.315823	60.979793	0.004502	0.000000	0.004502	60.0	130.5	192.1
632	-0.761709	-0.761771	0.000012	279.315740	60.776758	0.003880	0.000000	0.003879	61.2	164.1	227.0
633	-0.760372	-0.760433	0.000012	280.315740	60.575053	0.003952	0.000000	0.003953	63.8	125.6	192.5
634	-0.772496	-0.772557	0.000012	281.315722	60.374686	0.004884	0.000000	0.004884	27.9	123.8	154.0
635	-0.751056	-0.751117	0.000012	282.315722	60.175637	0.004930	0.000000	0.004930	41.7	127.7	172.1
636	-0.763765	-0.763827	0.000012	283.315702	59.977900	0.005225	0.000000	0.005225	84.6	175.3	261.6
637	-0.769498	-0.769560	0.000012	282.556517	60.127903	0.004107	0.000000	0.004107	59.6	191.8	253.9
638	-0.759921	-0.759984	0.000012	283.556517	59.930476	0.004112	0.000000	0.004112	46.4	138.1	186.3
639	-0.764232	-0.764293	0.000012	282.797331	60.080241	0.005531	0.000000	0.005531	66.1	140.2	207.9
640	-0.761763	-0.761824	0.000012	282.056170	60.227175	0.004644	0.000000	0.004644	76.5	100.4	178.4
641	-0.779319	-0.779381	0.000012	283.056170	60.029096	0.006486	0.000000	0.006486	54.7	149.0	209.5
642	-0.743224	-0.743285	0.000012	284.056170	59.832315	0.004104	0.000000	0.004104	47.0	176.9	229.3
643	-0.751350	-0.751411	0.000012	285.056069	59.636840	0.004104	0.000000	0.004104	63.5	95.2	176.5
644	-0.749633	-0.749695	0.000012	284.662497	59.713629	0.004211	0.000000	0.004211	52.7	155.1	209.5
645	-0.758573	-0.758635	0.000012	285.661381	59.519125	0.003562	0.000000	0.003562	61.6	155.8	219.2
646	-0.753589	-0.753650	0.000012	284.902917	59.666698	0.004067	0.000000	0.004067	81.0	164.3	246.8
647	-0.760407	-0.760468	0.000012	284.306721	59.783214	0.004557	0.000000	0.004557	76.6	101.7	180.0
648	-0.752993	-0.753054	0.000012	283.590825	59.923725	0.003885	0.000000	0.003885	93.7	115.8	213.2
649	-0.756999	-0.757061	0.000012	284.590825	59.727634	0.004075	0.000000	0.004075	95.4	92.2	189.3
650	-0.768159	-0.768221	0.000012	285.590825	59.532822	0.004927	0.000000	0.004927	131.1	121.5	254.2
651	-0.754366	-0.754428	0.000012	286.590825	59.339276	0.004229	0.000000	0.004229	70.0	132.0	203.6
652	-0.758273	-0.758334	0.000012	285.833113	59.485812	0.003508	0.000000	0.003508	74.9	113.8	191.9
653	-0.764135	-0.764197	0.000012	286.833104	59.292573	0.004509	0.000000	0.004509	100.6	104.6	207.6
654	-0.764383	-0.764446	0.000012	286.075892	59.438782	0.003975	0.000000	0.003975	89.6	115.3	206.4
655	-0.756668	-0.756728	0.000012	287.075892	59.245846	0.004514	0.000000	0.004514	51.8	164.9	218.6
656	-0.763302	-0.763364	0.000012	288.075892	59.054159	0.003876	0.000000	0.003876	84.3	170.1	256.0
657	-0.761609	-0.761671	0.000012	289.075576	58.863768	0.003547	0.000000	0.003547	25.0	82.3	109.0
658	-0.756529	-0.756590	0.000012	290.051808	58.679025	0.004998	0.000000	0.004998	59.7	111.3	183.3
659	-0.772852	-0.772914	0.000012	291.050072	58.491308	0.004552	0.000000	0.004552	30.6	126.6	158.8
660	-0.765279	-0.765341	0.000012	292.050072	58.304465	0.003816	0.000000	0.003816	89.2	119.8	211.3
661	-0.765154	-0.765215	0.000012	293.050072	58.118811	0.004382	0.000000	0.004382	50.2	117.8	170.0
662	-0.752459	-0.752521	0.000012	294.050072	57.934337	0.003799	0.000000	0.003798	39.6	106.0	147.2
663	-0.762289	-0.762350	0.000012	295.050057	57.751032	0.005153	0.000000	0.005153	76.6	121.5	199.8
664	-0.755033	-0.755094	0.000012	294.294775	57.889373	0.004535	0.000000	0.004535	68.4	168.7	238.7
665	-0.752144	-0.752206	0.000012	295.294775	57.706350	0.004808	0.000000	0.004808	56.7	200.3	259.8
666	-0.751555	-0.751616	0.000012	296.294775	57.524480	0.004347	0.000000	0.004347	86.7	139.1	227.5
667	-0.745715	-0.745778	0.000012	297.294774	57.343753	0.005326	0.000000	0.005326	96.1	168.1	265.8
668	-0.764523	-0.764585	0.000012	296.535588	57.480854	0.003771	0.000000	0.003771	80.0	196.1	282.2
669	-0.746597	-0.746659	0.000012	297.528086	57.301751	0.004330	0.000000	0.004330	54.4	232.0	289.2
670	-0.759448	-0.759509	0.000012	298.528086	57.122418	0.004909	0.000000	0.004909	87.2	207.9	296.8
671	-0.752584	-0.752646	0.000012	299.527427	56.944322	0.003900	0.000000	0.003900	45.1	179.3	225.9
672	-0.764278	-0.764340	0.000012	300.527427	56.767216	0.004081	0.000000	0.004081	42.5	165.9	210.1
673	-0.751748	-0.751809	0.000012	299.782113	56.899111	0.004457	0.000000	0.004457	58.1	124.1	183.7
674	-0.774179	-0.774241	0.000012	300.772082	56.724054	0.004678	0.000000	0.004678	41.7	162.5	205.7
675	-0.760375	-0.760437	0.000012	300.012898	56.858204	0.004427	0.000000	0.004427	52.9	144.4	199.8
676	-0.755980	-0.756042	0.000012	301.012657	56.681675	0.004299	0.000000	0.004299	130.9	111.7	244.3
677	-0.753582	-0.753644	0.000012	300.281835	56.810610	0.004249	0.000000	0.004249	80.1	89.7	172.0
678	-0.752236	-0.752298	0.000012	301.281835	56.634333	0.005294	0.000000	0.005294	55.6	148.1	205.3
679	-0.753173	-0.753235	0.000012	302.281599	56.459189	0.003846	0.000000	0.003846	64.1	122.2	189.0
680	-0.752931	-0.752993	0.000012	303.281599	56.285084	0.003940	0.000000	0.003940	75.7	151.5	229.0
681	-0.768863	-0.768925	0.000012	302.551108	56.412160	0.004923	0.000000	0.004922	64.3	84.5	150.4
682	-0.769494	-0.769556	0.000012	303.499056	56.247365	0.004488	0.000000	0.004488	34.7	142.8	179.4
683	-0.749990	-0.750052	0.000012	302.739870	56.379268	0.003878	0.000000	0.003879	53.4	190.6	246.3
684	-0.748608	-0.748670	0.000012	303.739870	56.205654	0.004955	0.000000	0.004955	58.1	128.0	187.6
685	-0.755594	-0.755656	0.000012	302.980804	56.337341	0.005066	0.000000	0.005065	69.5	84.5	155.6
686	-0.764615	-0.764678	0.000012	303.980804	56.163985	0.004015	0.000000	0.004015	91.6	101.9	194.9
687	-0.751594	-0.751656	0.000012	303.221619	56.295496	0.004711	0.000000	0.004711	54.9	164.1	220.5
688	-0.751948	-0.752010	0.000012	302.462862	56.427550	0.004938	0.000000	0.004938	90.1	175.8	270.4
689	-0.758526	-0.758588	0.000012	303.462862	56.253640	0.004375	0.000000	0.004375	50.7	175.6	227.9
690	-0.761238	-0.761300	0.000012	304.462862	56.080798	0.004765	0.000000	0.004765	53.8	171.1	226.6
691	-0.762516	-0.762579	0.000013	305.462862	55.909015	0.004246	0.000000	0.004246	72.0	141.3	215.4
692	-0.757911	-0.757973	0.000012	306.461829	55.738457	0.004673	0.000000	0.004673	53.4	81.7	137.0
693	-0.753194	-0.753256	0.000012	307.461829	55.568761	0.004829	0.000000	0.004829	77.1	108.3	186.9
694	-0.744720	-0.744783	0.000013	308.419752	55.407172	0.005062	0.000000	0.005062	96.6	181.3	279.4
695	-0.764292	-0.764354	0.000012	309.419752	55.239485	0.004304	0.000000	0.004304	46.8	194.9	243.1
696	-0.761343	-0.761405	0.000012	310.269228	55.097834	0.004129	0.000000	0.004129	38.1	160.0	199.9
697	-0.747314	-0.747376	0.000012	309.510042	55.224394	0.004792	0.000000	0.004792	46.3	109.1	157.3
698	-0.745669	-0.745731	0.000012	310.510042	55.057810	0.005209	0.000000	0.005208	93.8	84.2	180.9
699	-0.755521	-0.755584	0.000012	311.510042	54.892228	0.003613	0.000000	0.003613	75.7	151.0	228.4
700	-0.773068	-0.773130	0.000012	312.507442	54.728065	0.004950	0.000000	0.004950	85.9	193.6	281.3
701	-0.755900	-0.755963	0.000013	313.507439	54.564457	0.003595	0.000000	0.003594	114.8	119.9	236.3
702	-0.749580	-0.749642	0.000012	312.749819	54.688320	0.004979	0.000000	0.004979	77.3	123.2	202.2
703	-0.765678	-0.765740	0.000012	312.151319	54.786567	0.004260	0.000000	0.004260	62.3	154.1	218.4
704	-0.745159	-0.745221	0.000012	313.142247	54.624092	0.004233	0.000000	0.004233	69.8	134.5	207.0
705	-0.769796	-0.769859	0.000013	314.142148	54.461120	0.004942	0.000000	0.004942	102.9	190.7	295.5
706	-0.752186	-0.752248	0.000012	314.307927	54.434194	0.004128	0.000000	0.004128	72.3	133.3	207.2
707	-0.773319	-0.773382	0.000013	313.552713	54.557073	0.004294	0.000000	0.004293	65.5	159.1	226.0
708	-0.770438	-0.770500	0.000012	314.552023	54.394597	0.005111	0.000000	0.005111	36.7	94.8	133.4
709	-0.778755	-0.778818	0.000012	313.792837	54.517943	0.004178	0.000000	0.004178	58.6	121.2	187.5
710	-0.764836	-0.764898	0.000012	314.792814	54.355591	0.004251	0.000000	0.004251	67.4	158.4	227.5
711	-0.756572	-0.756633	0.000012	315.792507	54.194249	0.004365	0.000000	0.004365	37.9	135.2	175.3
712	-0.763037	-0.763099	0.000013	316.789530	54.034288	0.004458	0.000000	0.004458	51.0	175.3	228.1
713	-0.768562	-0.768624	0.000012	317.789530	53.874796	0.004603	0.000000	0.004603	62.9	146.7	212.0
714	-0.768406	-0.768469	0.000012	318.789530	53.716243	0.003926	0.000000	0.003926	64.3	140.2	206.1
715	-0.763897	-0.763960	0.000012	318.680702	53.733453	0.005135	0.000000	0.005135	80.2	136.9	218.8
716	-0.758319	-0.758382	0.000013	319.680702	53.575729	0.005294	0.000000	0.005294	54.7	104.0	160.2
717	-0.757507	-0.757569	0.000013	320.680702	53.418928	0.003924	0.000000	0.003924	62.7	200.1	264.4
718	-0.754884	-0.754946	0.000012	319.933848	53.535948	0.004817	0.000000	0.004817	131.4	190.6	323.6
719	-0.763025	-0.763088	0.000013	319.367592	53.625014	0.004822	0.000000	0.004822	47.2	119.0	168.3
720	-0.764122	-0.764184	0.000012	320.364425	53.468421	0.004136	0.000000	0.004136	30.4	141.1	173.1
721	-0.768635	-0.768697	0.000012	321.364425	53.312247	0.004666	0.000000	0.004666	45.1	106.5	153.2
722	-0.754406	-0.754469	0.000013	322.364425	53.156983	0.004407	0.000000	0.004407	49.4	167.5	218.5
723	-0.759429	-0.759492	0.000013	321.651300	53.267613	0.005219	0.000000	0.005219	60.4	200.1	263.2
724	-0.767923	-0.767985	0.000012	322.651300	53.112608	0.004563	0.000000	0.004563	52.0	159.3	213.2
725	-0.757462	-0.757525	0.000013	323.283165	53.015130	0.004305	0.000000	0.004305	60.0	123.4	185.0
726	-0.757629	-0.757691	0.000012	322.552140	53.127938	0.005115	0.000000	0.005114	90.0	92.8	185.0
727	-0.763694	-0.763756	0.000012	323.552140	52.973744	0.003988	0.000000	0.003988	83.1	106.4	191.1
728	-0.760647	-0.760709	0.000012	324.552121	52.820445	0.005332	0.000000	0.005332	83.9	139.5	225.0
729	-0.756937	-0.756999	0.000013	323.792954	52.936746	0.004717	0.000000	0.004717	61.8	118.9	182.3
730	-0.753131	-0.753193	0.000013	324.792954	52.783658	0.005536	0.000000	0.005536	54.3	167.0	224.8
731	-0.758582	-0.758645	0.000013	324.033768	52.899799	0.004207	0.000000	0.004207	41.0	123.0	165.4
732	-0.766528	-0.766591	0.000013	325.033768	52.746924	0.005517	0.000000	0.005517	70.3	124.0	196.0
733	-0.752751	-0.752813	0.000013	326.033768	52.594931	0.004648	0.000000	0.004648	46.6	147.4	195.9
734	-0.764266	-0.764328	0.000013	327.033768	52.443810	0.005036	0.000000	0.005036	71.1	152.4	226.3
735	-0.764530	-0.764593	0.000013	326.274586	52.558458	0.004820	0.000000	0.004820	34.8	128.0	164.4
736	-0.758798	-0.758859	0.000012	327.274586	52.407548	0.004069	0.000000	0.004069	86.3	107.6	196.8
737	-0.760136	-0.760198	0.000012	328.274586	52.257501	0.003849	0.000000	0.003849	91.2	128.4	221.0
738	-0.752760	-0.752823	0.000013	329.272815	52.108574	0.005142	0.000000	0.005142	61.5	112.9	177.2
739	-0.751432	-0.751495	0.000013	328.534413	52.218655	0.005187	0.000000	0.005187	82.2	138.2	221.8
740	-0.768459	-0.768522	0.000012	329.534413	52.069686	0.004486	0.000000	0.004486	50.4	117.4	170.5
741	-0.767189	-0.767251	0.000012	330.534412	51.921565	0.004587	0.000000	0.004587	57.3	147.9	206.7
742	-0.752853	-0.752915	0.000012	331.534098	51.774331	0.004531	0.000000	0.004531	49.3	143.5	194.4
743	-0.749919	-0.749981	0.000012	332.534098	51.627883	0.003872	0.000000	0.003872	37.0	107.1	145.8
744	-0.751441	-0.751503	0.000012	331.875756	51.724202	0.004367	0.000000	0.004367	85.0	137.9	224.9
745	-0.752678	-0.752740	0.000012	332.875710	51.578044	0.003850	0.000000	0.003850	40.8	107.3	151.2
746	-0.775234	-0.775296	0.000012	333.875710	51.432703	0.005939	0.000000	0.005939	63.2	101.6	166.3
747	-0.759255	-0.759317	0.000012	334.875710	51.288178	0.005498	0.000000	0.005498	126.9	146.1	274.5
748	-0.767820	-0.767883	0.000012	335.875710	51.144464	0.003930	0.000000	0.003930	65.2	125.5	193.8
749	-0.755875	-0.755937	0.000012	336.875710	51.001553	0.004332	0.000000	0.004332	35.9	153.7	191.2
750	-0.761938	-0.762000	0.000013	336.116579	51.109968	0.005604	0.000000	0.005605	38.6	156.5	196.7
751	-0.745408	-0.745470	0.000012	337.116579	50.967249	0.003778	0.000000	0.003778	39.8	119.5	161.2
752	-0.758686	-0.758748	0.000012	338.116492	50.825337	0.004815	0.000000	0.004815	59.2	132.1	192.9
753	-0.758685	-0.758747	0.000013	337.372572	50.930842	0.005292	0.000000	0.005293	71.2	164.0	237.2
754	-0.747636	-0.747698	0.000012	338.370012	50.789482	0.004469	0.000000	0.004469	66.0	123.6	191.3
755	-0.760175	-0.760237	0.000012	339.370012	50.648545	0.004143	0.000000	0.004143	76.2	106.3	184.1
756	-0.754937	-0.754999	0.000012	340.232139	50.527666	0.005371	0.000000	0.005370	44.0	148.5	194.2
757	-0.752301	-0.752363	0.000013	339.473644	50.633984	0.004463	0.000000	0.004463	38.5	173.1	213.2
758	-0.766971	-0.767033	0.000013	340.473578	50.493917	0.004985	0.000000	0.004985	46.0	171.7	220.6
759	-0.749765	-0.749827	0.000012	339.714392	50.600190	0.005130	0.000000	0.005130	72.4	129.7	203.6
760	-0.754994	-0.755056	0.000012	340.714392	50.460300	0.004136	0.000000	0.004136	61.9	147.3	214.9
761	-0.756004	-0.756066	0.000012	339.955207	50.566432	0.005190	0.000000	0.005190	79.7	154.6	236.9
762	-0.758025	-0.758087	0.000012	339.199641	50.672502	0.004842	0.000000	0.004842	70.0	145.8	217.6
763	-0.762348	-0.762410	0.000012	338.440459	50.779528	0.004451	0.000000	0.004451	68.3	134.7	212.9
764	-0.769066	-0.769129	0.000012	337.683413	50.886705	0.004910	0.000000	0.004910	65.8	97.8	165.4
765	-0.765761	-0.765823	0.000013	338.676299	50.746232	0.004119	0.000000	0.004119	121.3	82.9	228.0
766	-0.761255	-0.761318	0.000013	339.676299	50.605534	0.004866	0.000000	0.004866	57.7	132.2	191.4
767	-0.755491	-0.755554	0.000013	340.676299	50.465615	0.005264	0.000000	0.005264	46.8	137.6	187.1
768	-0.767829	-0.767891	0.000013	341.676299	50.326467	0.004167	0.000000	0.004167	55.4	158.8	228.9
769	-0.761730	-0.761794	0.000013	342.619427	50.195934	0.004244	0.000000	0.004244	68.6	146.3	216.5
770	-0.763014	-0.763076	0.000013	343.618957	50.058332	0.003737	0.000000	0.003737	45.9	122.7	170.4
771	-0.750790	-0.750852	0.000012	342.859772	50.162778	0.004782	0.000000	0.004782	98.1	157.3	256.9
772	-0.752540	-0.752602	0.000012	343.859772	50.025293	0.005436	0.000000	0.005436	79.2	142.1	223.5
773	-0.756332	-0.756395	0.000013	344.859772	49.888559	0.004033	0.000000	0.004033	69.2	140.0	211.1
774	-0.764412	-0.764475	0.000013	345.859772	49.752571	0.004927	0.000000	0.004927	53.9	110.0	165.8
775	-0.752411	-0.752474	0.000013	345.100587	49.855743	0.004120	0.000000	0.004120	61.8	150.3	213.6
776	-0.756226	-0.756288	0.000013	345.984467	49.735666	0.003807	0.000000	0.003807	53.0	196.6	253.1
777	-0.760655	-0.760718	0.000013	345.385034	49.817037	0.004317	0.000000	0.004317	44.9	164.3	210.7
778	-0.767260	-0.767323	0.000013	344.625849	49.920477	0.004080	0.000000	0.004080	19.2	79.8	100.4
779	-0.756792	-0.756855	0.000013	343.874635	50.023255	0.005391	0.000000	0.005391	95.2	121.6	218.2
780	-0.780559	-0.780623	0.000013	344.874635	49.886533	0.004903	0.000000	0.004903	52.0	157.6	211.4
781	-0.767964	-0.768027	0.000013	345.874635	49.750556	0.004738	0.000000	0.004738	60.6	151.3	213.8
782	-0.763809	-0.763872	0.000013	346.874635	49.615318	0.006224	0.000000	0.006224	109.3	117.2	228.2
783	-0.767979	-0.768041	0.000012	346.115689	49.717888	0.004584	0.000000	0.004584	85.0	94.2	180.7
784	-0.763132	-0.763194	0.000013	345.356504	49.820917	0.004077	0.000000	0.004077	80.4	140.4	222.3
785	-0.769084	-0.769148	0.000013	346.356503	49.685297	0.004988	0.000000	0.004988	74.6	161.7	237.8
786	-0.754497	-0.754559	0.000012	347.356502	49.550413	0.005410	0.000000	0.005410	48.6	96.8	147.0
787	-0.772632	-0.772695	0.000013	348.356322	49.416284	0.004938	0.000000	0.004938	102.5	191.0	295.2
788	-0.757979	-0.758042	0.000013	349.356321	49.282855	0.005000	0.000000	0.005000	74.5	98.9	184.7
789	-0.758031	-0.758094	0.000013	348.597141	49.384086	0.003483	0.000000	0.003483	78.5	115.4	195.7
790	-0.764190	-0.764252	0.000013	349.568081	49.254693	0.004022	0.000000	0.004022	66.5	132.4	202.1
791	-0.756454	-0.756517	0.000013	350.567960	49.122150	0.004973	0.000000	0.004972	37.2	131.5	170.3
792	-0.760043	-0.760106	0.000013	349.808776	49.222721	0.004401	0.000000	0.004400	86.3	147.3	235.6
793	-0.757164	-0.757226	0.000012	350.808776	49.090334	0.006324	0.000000	0.006324	73.4	119.6	194.5
794	-0.759064	-0.759127	0.000013	351.808771	48.958657	0.003873	0.000000	0.003874	78.0	126.0	208.1
795	-0.761952	-0.762016	0.000013	352.808771	48.827685	0.004709	0.000000	0.004709	61.8	111.3	174.7
796	-0.750963	-0.751026	0.000013	352.533882	48.863618	0.003207	0.000000	0.003207	91.2	132.5	225.6
797	-0.761317	-0.761380	0.000013	353.533882	48.733153	0.005233	0.000000	0.005233	78.3	126.3	206.2
798	-0.759815	-0.759878	0.000013	354.533882	48.603383	0.004903	0.000000	0.004902	88.1	99.8	189.4
799	-0.759873	-0.759936	0.000013	353.784841	48.700521	0.004335	0.000000	0.004334	79.6	148.6	230.3
800	-0.753830	-0.753893	0.000013	353.025656	48.799371	0.004815	0.000000	0.004816	77.0	175.6	254.3
801	-0.755934	-0.755997	0.000013	352.269563	48.898219	0.005461	0.000000	0.005461	58.7	133.0	194.2
802	-0.753564	-0.753627	0.000013	351.510380	48.997875	0.004643	0.000000	0.004643	71.0	146.2	224.1
803	-0.764719	-0.764782	0.000013	350.751194	49.097938	0.004352	0.000000	0.004352	54.6	150.0	206.2
804	-0.766583	-0.766647	0.000013	351.751194	48.966220	0.004082	0.000000	0.004082	90.0	113.2	205.0
805	-0.763280	-0.763343	0.000013	352.750806	48.835258	0.003646	0.000000	0.003646	104.4	182.3	288.3
806	-0.754376	-0.754439	0.000013	353.320112	48.760984	0.005203	0.000000	0.005203	82.8	155.7	240.0
807	-0.756890	-0.756954	0.000013	352.561113	48.860056	0.004839	0.000000	0.004839	72.3	139.5	220.0
808	-0.766233	-0.766297	0.000013	353.561113	48.729610	0.004121	0.000000	0.004121	66.2	135.9	203.7
809	-0.751223	-0.751286	0.000013	352.833784	48.824418	0.003523	0.000000	0.003522	54.0	141.0	196.5
810	-0.757655	-0.757718	0.000013	352.074712	48.923758	0.004726	0.000000	0.004726	64.6	167.3	233.7
811	-0.761842	-0.761905	0.000013	353.065892	48.794122	0.005445	0.000000	0.005445	46.4	96.9	145.8
812	-0.761594	-0.761657	0.000013	354.065892	48.664027	0.005049	0.000000	0.005049	39.0	113.1	153.7
813	-0.756593	-0.756656	0.000013	355.065891	48.534625	0.003897	0.000000	0.003897	51.7	129.8	183.2
814	-0.763873	-0.763936	0.000013	356.065888	48.405909	0.004921	0.000000	0.004921	57.8	168.1	227.6
815	-0.755701	-0.755765	0.000013	357.065888	48.277873	0.004474	0.000000	0.004474	47.5	171.4	220.8
816	-0.749946	-0.750009	0.000013	358.065677	48.150540	0.003358	0.000000	0.003358	67.2	163.9	234.1
817	-0.767626	-0.767689	0.000013	359.041624	48.026889	0.004284	0.000000	0.004285	49.3	104.1	155.1
818	-0.766714	-0.766776	0.000013	358.481274	48.097807	0.004253	0.000000	0.004253	48.7	132.4	182.8
819	-0.752905	-0.752968	0.000013	359.408520	47.980568	0.003767	0.000000	0.003767	63.5	185.8	250.9
820	-0.752021	-0.752084	0.000013	360.408510	47.854771	0.003723	0.000000	0.003723	41.5	169.6	214.4
821	-0.767117	-0.767180	0.000013	361.407799	47.729719	0.003646	0.000000	0.003646	78.0	200.0	279.5
822	-0.747246	-0.747309	0.000013	360.650181	47.824468	0.003893	0.000000	0.003893	57.1	155.1	214.1
823	-0.752369	-0.752433	0.000013	361.512289	47.716681	0.004765	0.000000	0.004764	36.0	107.9	145.6
824	-0.748846	-0.748910	0.000013	362.512289	47.592261	0.004751	0.000000	0.004751	83.1	117.4	202.0
825	-0.771007	-0.771069	0.000013	361.753105	47.686659	0.005300	0.000000	0.005300	100.4	95.5	197.6
826	-0.766848	-0.766911	0.000013	362.751863	47.562549	0.004535	0.000000	0.004535	57.4	189.5	248.4
827	-0.761570	-0.761633	0.000013	363.751861	47.438931	0.004198	0.000000	0.004198	58.2	165.6	225.2
828	-0.746118	-0.746181	0.000013	364.751861	47.315953	0.004967	0.000000	0.004967	58.6	147.7	208.0
829	-0.762091	-0.762155	0.000013	365.708158	47.198944	0.004140	0.000000	0.004140	17.7	162.6	182.2
830	-0.747382	-0.747445	0.000013	366.708155	47.077207	0.004165	0.000000	0.004166	50.2	110.6	162.4
831	-0.757524	-0.757587	0.000013	367.708155	46.956095	0.004879	0.000000	0.004879	78.1	128.1	207.7
832	-0.734010	-0.734074	0.000013	368.708135	46.835607	0.005913	0.000000	0.005913	73.4	135.7	210.7
833	-0.763759	-0.763823	0.000013	369.708135	46.715733	0.004448	0.000000	0.004448	65.3	136.8	203.6
834	-0.751715	-0.751778	0.000013	370.708135	46.596471	0.005223	0.000000	0.005223	74.5	131.7	208.8
835	-0.743633	-0.743696	0.000013	370.085635	46.670640	0.004215	0.000000	0.004215	97.7	91.5	191.1
836	-0.740969	-0.741033	0.000013	371.085635	46.551608	0.005587	0.000000	0.005587	90.1	96.3	188.2
837	-0.756397	-0.756460	0.000013	372.085635	46.433182	0.004433	0.000000	0.004433	102.4	137.6	241.8
838	-0.753569	-0.753632	0.000013	373.085635	46.315357	0.004888	0.000000	0.004888	74.7	131.0	207.2
839	-0.769868	-0.769931	0.000013	374.085635	46.198128	0.004696	0.000000	0.004696	67.9	112.5	181.9
840	-0.773423	-0.773487	0.000013	375.085630	46.081492	0.003732	0.000000	0.003732	78.4	105.1	185.1
841	-0.765596	-0.765659	0.000013	374.338413	46.168590	0.005002	0.000000	0.005002	73.2	158.9	233.6
842	-0.749681	-0.749744	0.000013	373.744268	46.238080	0.004773	0.000000	0.004774	84.9	130.1	216.6
843	-0.760519	-0.760582	0.000013	374.744268	46.121241	0.004123	0.000000	0.004124	42.6	184.4	228.5
844	-0.743186	-0.743249	0.000013	374.196128	46.185212	0.005498	0.000000	0.005498	69.4	169.9	241.2
845	-0.747998	-0.748061	0.000013	375.196128	46.068640	0.004939	0.000000	0.004939	42.0	243.4	287.5
846	-0.778644	-0.778707	0.000013	374.436943	46.157086	0.004452	0.000000	0.004452	53.8	171.1	226.5
847	-0.757404	-0.757467	0.000012	375.436941	46.040656	0.004018	0.000000	0.004018	30.4	181.9	213.9
848	-0.764124	-0.764187	0.000013	374.677891	46.128978	0.004794	0.000000	0.004794	51.4	148.2	201.4
849	-0.772910	-0.772973	0.000013	374.853324	46.108535	0.004001	0.000000	0.004001	87.8	125.0	214.9
850	-0.763368	-0.763432	0.000013	375.802358	45.998257	0.004287	0.000000	0.004287	78.2	101.3	181.0
851	-0.758643	-0.758706	0.000013	376.802339	45.882628	0.004738	0.000000	0.004738	86.2	148.3	236.1
852	-0.758159	-0.758223	0.000013	377.691255	45.780329	0.004503	0.000000	0.004503	42.0	172.2	218.2
853	-0.748173	-0.748235	0.000013	378.691221	45.665794	0.003924	0.000000	0.003924	41.8	103.0	147.3
854	-0.761913	-0.761976	0.000013	379.691221	45.551826	0.004048	0.000000	0.004048	78.3	147.2	227.2
855	-0.755561	-0.755624	0.000013	380.691221	45.438426	0.004471	0.000000	0.004471	89.2	97.0	187.9
856	-0.756084	-0.756148	0.000013	379.932036	45.524466	0.005146	0.000000	0.005146	38.8	148.2	188.9
857	-0.771707	-0.771771	0.000013	380.932036	45.411202	0.004837	0.000000	0.004837	63.8	152.3	223.1
858	-0.749297	-0.749360	0.000013	381.932036	45.298500	0.005181	0.000000	0.005181	53.9	159.6	215.4
859	-0.759953	-0.760016	0.000013	382.932036	45.186356	0.003326	0.000000	0.003326	64.9	157.5	224.3
860	-0.752501	-0.752564	0.000013	383.931875	45.074784	0.004140	0.000000	0.004140	70.7	179.1	251.6
861	-0.765476	-0.765540	0.000013	383.260126	45.149684	0.004372	0.000000	0.004372	67.7	124.9	196.1
862	-0.763480	-0.763543	0.000013	384.259372	45.038359	0.004006	0.000000	0.004006	71.2	129.8	204.4
863	-0.775403	-0.775466	0.000013	383.500871	45.122812	0.004455	0.000000	0.004455	67.1	149.7	218.5
864	-0.763588	-0.763652	0.000013	382.741686	45.207660	0.004304	0.000000	0.004304	102.4	188.0	291.9
865	-0.745720	-0.745783	0.000013	382.554199	45.228663	0.004647	0.000000	0.004647	91.2	162.4	256.9
866	-0.765974	-0.766036	0.000013	381.795264	45.313882	0.004765	0.000000	0.004765	61.2	105.0	168.4
867	-0.762774	-0.762838	0.000013	382.795264	45.201662	0.004070	0.000000	0.004070	76.6	134.5	212.6
868	-0.772690	-0.772754	0.000013	383.795262	45.089996	0.003827	0.000000	0.003827	86.7	141.4	229.9
869	-0.760088	-0.760152	0.000013	384.795262	44.978881	0.003667	0.000000	0.003667	28.1	127.3	160.9
870	-0.765901	-0.765965	0.000013	385.795262	44.868312	0.003531	0.000000	0.003531	60.9	151.6	214.1
871	-0.769126	-0.769190	0.000013	386.795003	44.758314	0.005638	0.000000	0.005638	51.5	95.9	149.3
872	-0.753848	-0.753911	0.000013	387.795003	44.648826	0.004459	0.000000	0.004459	67.4	134.1	203.9
873	-0.768597	-0.768662	0.000013	387.067598	44.728415	0.005216	0.000000	0.005216	134.0	134.9	270.6
874	-0.765567	-0.765631	0.000013	388.067598	44.619073	0.006032	0.000000	0.006032	74.1	131.7	207.6
875	-0.757302	-0.757366	0.000013	387.308413	44.702035	0.004313	0.000000	0.004314	68.4	113.5	183.9
876	-0.760988	-0.761051	0.000013	388.308413	44.592821	0.005600	0.000000	0.005600	76.7	128.2	206.5
877	-0.757637	-0.757700	0.000013	389.308413	44.484140	0.004902	0.000000	0.004902	64.5	94.7	160.9
878	-0.750016	-0.750080	0.000013	388.550125	44.566503	0.005071	0.000000	0.005071	91.5	122.4	215.5
879	-0.764233	-0.764297	0.000013	389.550124	44.457950	0.004613	0.000000	0.004613	56.3	131.7	197.9
880	-0.765036	-0.765100	0.000013	390.549929	44.349945	0.004935	0.000000	0.004935	42.2	153.5	197.5
881	-0.763943	-0.764007	0.000013	390.270094	44.380122	0.004511	0.000000	0.004512	51.1	143.3	195.9
882	-0.751772	-0.751836	0.000013	391.270094	44.272474	0.005029	0.000000	0.005029	39.9	167.5	209.6
883	-0.751505	-0.751569	0.000013	391.236297	44.276103	0.003974	0.000000	0.003974	44.8	104.5	152.7
884	-0.742487	-0.742551	0.000013	390.486774	44.356752	0.004240	0.000000	0.004240	89.9	147.7	240.8
885	-0.755439	-0.755502	0.000013	391.486621	44.249234	0.004043	0.000000	0.004043	89.1	105.1	195.7
886	-0.763814	-0.763878	0.000013	390.727436	44.330825	0.004742	0.000000	0.004742	72.9	125.8	200.4
887	-0.771293	-0.771356	0.000013	389.968540	44.412686	0.004427	0.000000	0.004427	64.2	155.3	221.2
888	-0.762219	-0.762282	0.000013	390.968540	44.304880	0.004072	0.000000	0.004072	63.0	155.6	220.4
889	-0.753076	-0.753140	0.000013	390.209514	44.386660	0.005285	0.000000	0.005284	48.7	105.2	157.4
890	-0.753476	-0.753540	0.000013	391.209514	44.278980	0.004782	0.000000	0.004782	54.4	176.2	232.1
891	-0.762102	-0.762166	0.000013	390.450329	44.360681	0.005441	0.000000	0.005441	64.5	177.2	244.1
892	-0.755058	-0.755122	0.000013	391.450329	44.253127	0.003927	0.000000	0.003926	80.2	148.3	230.0
893	-0.760382	-0.760447	0.000013	392.311170	44.160957	0.005314	0.000000	0.005314	61.0	172.7	235.4
894	-0.753773	-0.753837	0.000013	393.309047	44.054594	0.004840	0.000000	0.004840	57.5	177.1	236.9
895	-0.761784	-0.761848	0.000013	394.309047	43.948517	0.003879	0.000000	0.003879	49.3	165.3	216.3
896	-0.750638	-0.750703	0.000013	395.292085	43.844737	0.003584	0.000000	0.003584	56.8	194.3	252.5
897	-0.763635	-0.763699	0.000013	396.291544	43.739724	0.004772	0.000000	0.004773	28.4	150.3	180.3
898	-0.762532	-0.762596	0.000013	396.087134	43.761160	0.004647	0.000000	0.004647	48.1	141.4	191.2
899	-0.753253	-0.753317	0.000013	395.327952	43.840960	0.004024	0.000000	0.004024	187.7	128.9	318.2
900	-0.758729	-0.758793	0.000013	394.568770	43.921050	0.004476	0.000000	0.004476	75.4	144.8	222.3
901	-0.747627	-0.747691	0.000013	395.568769	43.815615	0.003801	0.000000	0.003801	49.8	155.1	207.0
902	-0.755504	-0.755569	0.000013	394.809660	43.895606	0.004832	0.000000	0.004832	52.4	133.1	187.0
903	-0.756280	-0.756344	0.000013	394.050494	43.975895	0.004217	0.000000	0.004216	35.9	180.1	217.7
904	-0.764073	-0.764137	0.000013	395.050494	43.870196	0.005273	0.000000	0.005273	83.4	151.7	241.4
905	-0.756706	-0.756771	0.000013	394.291309	43.950395	0.004570	0.000000	0.004570	50.4	102.7	163.0
906	-0.758802	-0.758866	0.000013	394.256829	43.954044	0.004279	0.000000	0.004279	69.2	149.5	220.3
907	-0.760300	-0.760364	0.000013	393.497644	44.034549	0.004937	0.000000	0.004937	80.0	94.1	175.7
908	-0.757934	-0.757998	0.000013	394.496634	43.928676	0.003611	0.000000	0.003611	81.0	146.1	229.2
909	-0.760158	-0.760223	0.000013	395.496634	43.823204	0.005296	0.000000	0.005296	67.3	178.6	247.9
910	-0.765306	-0.765371	0.000013	396.494626	43.718448	0.005572	0.000000	0.005572	54.3	122.4	178.3
911	-0.764847	-0.764911	0.000013	395.735549	43.798080	0.003832	0.000000	0.003832	73.0	122.8	198.4
912	-0.751083	-0.751147	0.000013	396.735549	43.693234	0.004652	0.000000	0.004652	72.2	101.5	175.2
913	-0.761027	-0.761091	0.000013	397.708432	43.591711	0.004616	0.000000	0.004616	63.6	134.9	200.1
914	-0.759108	-0.759173	0.000013	398.708432	43.487849	0.005021	0.000000	0.005021	73.0	133.2	207.7
915	-0.743621	-0.743685	0.000013	399.708432	43.384481	0.004357	0.000000	0.004358	83.3	132.2	216.9
916	-0.763972	-0.764035	0.000013	400.547860	43.298089	0.004701	0.000000	0.004701	69.6	136.5	207.6
917	-0.768772	-0.768836	0.000013	401.547535	43.195654	0.005153	0.000000	0.005153	47.9	140.3	189.8
918	-0.760932	-0.760996	0.000013	400.790180	43.273214	0.005311	0.000000	0.005311	51.4	143.4	205.0
919	-0.773567	-0.773630	0.000013	400.128836	43.341171	0.004147	0.000000	0.004147	94.6	121.3	218.0
920	-0.748095	-0.748160	0.000013	401.128836	43.238498	0.004616	0.000000	0.004616	45.9	156.3	203.7
921	-0.751984	-0.752048	0.000013	400.369650	43.316401	0.005454	0.000000	0.005454	78.8	154.6	235.4
922	-0.768308	-0.768372	0.000013	401.369492	43.213862	0.004793	0.000000	0.004793	44.9	89.1	135.9
923	-0.747680	-0.747745	0.000013	402.369492	43.111791	0.004684	0.000000	0.004684	57.3	127.0	186.1
924	-0.753829	-0.753893	0.000013	403.369492	43.010200	0.003923	0.000000	0.003923	66.3	142.6	210.4
925	-0.757552	-0.757616	0.000013	404.258000	42.920337	0.005048	0.000000	0.005048	46.9	132.1	182.4
926	-0.769739	-0.769803	0.000013	403.498815	42.997097	0.004950	0.000000	0.004950	90.9	95.2	188.1
927	-0.767348	-0.767412	0.000013	402.979947	43.049717	0.004146	0.000000	0.004146	122.3	127.8	252.7
928	-0.754060	-0.754123	0.000013	402.220762	43.126941	0.005021	0.000000	0.005022	80.7	127.1	210.0
929	-0.756524	-0.756587	0.000013	403.220552	43.025301	0.004181	0.000000	0.004181	85.5	229.5	316.6
930	-0.754148	-0.754212	0.000013	404.220552	42.924117	0.004219	0.000000	0.004219	154.2	168.4	324.5
931	-0.758437	-0.758501	0.000013	405.220552	42.823409	0.003672	0.000000	0.003672	146.7	129.4	278.0
932	-0.763612	-0.763677	0.000013	406.209515	42.724275	0.004628	0.000000	0.004628	58.1	143.8	203.6
933	-0.759629	-0.759693	0.000013	405.450345	42.800333	0.004376	0.000000	0.004377	99.3	164.6	266.3
934	-0.761836	-0.761899	0.000013	404.691160	42.876664	0.004423	0.000000	0.004423	58.1	103.5	163.2
935	-0.762522	-0.762586	0.000013	403.931974	42.953268	0.005006	0.000000	0.005006	53.8	159.8	215.1
936	-0.759740	-0.759804	0.000013	403.469480	43.000069	0.004401	0.000000	0.004401	43.4	143.7	193.6
937	-0.750211	-0.750275	0.000013	402.710295	43.077115	0.003530	0.000000	0.003530	31.8	92.1	125.6
938	-0.767722	-0.767787	0.000013	403.709698	42.975748	0.004185	0.000000	0.004185	96.3	124.3	222.2
939	-0.760056	-0.760120	0.000013	402.951401	43.052616	0.004832	0.000000	0.004832	110.8	111.9	224.2
940	-0.761157	-0.761222	0.000013	403.893611	42.957146	0.004166	0.000000	0.004166	97.0	106.9	205.9
941	-0.758626	-0.758690	0.000013	404.893593	42.856284	0.003626	0.000000	0.003626	73.7	106.0	181.4
942	-0.754654	-0.754718	0.000013	405.893593	42.755893	0.003694	0.000000	0.003694	56.8	122.9	181.6
943	-0.749726	-0.749790	0.000013	405.930619	42.752185	0.005492	0.000000	0.005492	98.5	192.6	293.3
944	-0.756015	-0.756080	0.000013	406.890599	42.656270	0.005389	0.000000	0.005389	80.3	92.9	175.6
945	-0.767404	-0.767468	0.000013	407.890599	42.556813	0.004205	0.000000	0.004205	84.8	139.4	237.3
946	-0.759160	-0.759225	0.000013	408.890599	42.457818	0.004061	0.000000	0.004061	78.7	146.9	229.2
947	-0.770126	-0.770191	0.000013	408.187637	42.527359	0.004916	0.000000	0.004916	78.6	196.9	277.0
948	-0.755611	-0.755675	0.000013	409.187637	42.428502	0.004721	0.000000	0.004721	46.7	209.2	258.4
949	-0.761129	-0.761194	0.000013	410.187637	42.330103	0.004433	0.000000	0.004433	75.4	126.4	203.8
950	-0.742583	-0.742647	0.000013	411.187615	42.232161	0.004273	0.000000	0.004273	43.8	136.2	181.7
951	-0.761260	-0.761325	0.000013	410.428884	42.306432	0.003865	0.000000	0.003865	68.8	136.6	206.8
952	-0.759200	-0.759264	0.000013	411.425851	42.208894	0.004551	0.000000	0.004551	71.6	149.1	222.6
953	-0.766676	-0.766740	0.000013	412.402685	42.113761	0.004609	0.000000	0.004609	106.6	142.1	250.2
954	-0.766967	-0.767031	0.000013	413.402685	42.016814	0.004383	0.000000	0.004383	81.0	157.5	241.9
955	-0.762094	-0.762158	0.000013	414.402685	41.920313	0.005032	0.000000	0.005032	56.7	146.6	204.9
956	-0.771501	-0.771566	0.000013	415.401122	41.824404	0.004405	0.000000	0.004405	52.0	193.9	247.5
957	-0.759230	-0.759295	0.000013	416.401119	41.728784	0.004859	0.000000	0.004859	53.6	191.3	246.5
958	-0.768149	-0.768214	0.000013	417.401119	41.633600	0.004238	0.000000	0.004238	56.2	175.9	240.7
959	-0.763611	-0.763675	0.000013	416.641934	41.705823	0.004213	0.000000	0.004213	75.9	155.8	235.9
960	-0.761296	-0.761360	0.000013	417.447173	41.629227	0.004346	0.000000	0.004346	78.7	118.2	198.4
961	-0.763417	-0.763482	0.000013	418.379902	41.540855	0.005626	0.000000	0.005626	75.0	163.5	245.4
962	-0.759873	-0.759937	0.000013	419.210595	41.462466	0.003698	0.000000	0.003698	49.9	120.5	172.1
963	-0.767810	-0.767874	0.000013	420.208337	41.368704	0.003491	0.000000	0.003491	66.5	120.3	188.6
964	-0.750609	-0.750673	0.000013	420.945921	41.299661	0.003996	0.000000	0.003996	88.2	111.1	201.1
965	-0.752011	-0.752076	0.000013	420.186736	41.370729	0.004732	0.000000	0.004732	76.6	229.7	309.3
966	-0.771874	-0.771939	0.000013	419.427550	41.442042	0.004688	0.000000	0.004688	64.6	120.0	186.1
967	-0.752123	-0.752187	0.000013	420.427550	41.348160	0.004994	0.000000	0.004994	55.7	128.7	222.7
968	-0.745712	-0.745776	0.000013	421.427550	41.254702	0.004481	0.000000	0.004481	52.3	179.1	233.1
969	-0.762175	-0.762239	0.000013	420.668365	41.325615	0.004075	0.000000	0.004074	66.5	145.3	213.5
970	-0.750657	-0.750722	0.000013	419.926906	41.395108	0.004448	0.000000	0.004448	50.7	142.6	195.2
971	-0.756563	-0.756628	0.000013	420.926906	41.301438	0.004212	0.000000	0.004212	38.4	83.4	124.7
972	-0.763543	-0.763607	0.000013	421.926898	41.208193	0.004623	0.000000	0.004623	97.0	131.3	229.9
973	-0.742012	-0.742076	0.000013	421.170486	41.278687	0.004743	0.000000	0.004743	61.1	112.4	181.6
974	-0.744997	-0.745060	0.000013	421.844857	41.215827	0.004283	0.000000	0.004283	46.2	101.3	149.2
975	-0.761205	-0.761269	0.000013	422.844733	41.122977	0.004283	0.000000	0.004283	90.2	98.6	190.5
976	-0.773604	-0.773668	0.000013	422.085548	41.193438	0.004810	0.000000	0.004810	42.4	132.0	175.9
977	-0.759840	-0.759904	0.000013	421.412611	41.256095	0.005620	0.000000	0.005621	66.4	126.7	194.9
978	-0.760564	-0.760629	0.000013	420.653425	41.327013	0.005240	0.000000	0.005240	98.2	188.1	287.8
979	-0.766980	-0.767044	0.000013	421.653425	41.233651	0.004782	0.000000	0.004781	43.9	191.0	236.6
980	-0.742676	-0.742740	0.000013	420.894244	41.304491	0.005577	0.000000	0.005577	36.6	117.7	155.8
981	-0.763897	-0.763961	0.000013	421.894244	41.211231	0.004213	0.000000	0.004213	36.9	119.0	158.3
982	-0.754126	-0.754189	0.000013	422.894244	41.118391	0.004126	0.000000	0.004126	54.6	108.9	165.0
983	-0.754676	-0.754740	0.000013	422.135059	41.188835	0.004766	0.000000	0.004766	56.9	102.0	160.5
984	-0.760063	-0.760127	0.000013	423.135035	41.096098	0.004321	0.000000	0.004321	57.9	139.0	198.5
985	-0.752157	-0.752222	0.000013	424.135035	41.003775	0.003673	0.000000	0.003673	26.7	146.1	174.4
986	-0.764910	-0.764974	0.000013	425.125316	40.912758	0.004456	0.000000	0.004456	64.2	101.6	168.5
987	-0.749098	-0.749162	0.000013	426.124923	40.821292	0.003962	0.000000	0.003961	97.2	179.0	278.0
988	-0.765308	-0.765373	0.000013	425.657158	40.864042	0.005352	0.000000	0.005352	69.9	190.5	262.0
989	-0.766798	-0.766862	0.000013	424.897973	40.933617	0.004679	0.000000	0.004679	98.9	150.9	251.5
990	-0.764376	-0.764441	0.000013	424.138788	41.003430	0.004925	0.000000	0.004925	79.4	141.5	222.7
991	-0.761097	-0.761162	0.000013	425.138573	40.911542	0.004728	0.000000	0.004728	57.3	171.5	231.6
992	-0.750045	-0.750109	0.000013	426.138573	40.820046	0.003625	0.000000	0.003626	101.0	157.2	259.7
993	-0.769519	-0.769583	0.000013	425.380135	40.889402	0.005830	0.000000	0.005830	68.2	149.0	218.8
994	-0.755541	-0.755605	0.000013	426.380133	40.798005	0.005189	0.000000	0.005189	66.6	191.0	260.1
995	-0.764861	-0.764926	0.000013	427.380133	40.707015	0.004718	0.000000	0.004718	87.7	138.6	228.2
996	-0.777978	-0.778043	0.000013	428.380133	40.616430	0.003962	0.000000	0.003963	25.2	124.8	151.8
997	-0.754409	-0.754474	0.000013	427.629720	40.684369	0.005016	0.000000	0.005016	53.4	109.4	164.6
998	-0.755870	-0.755934	0.000013	426.921335	40.748711	0.005466	0.000000	0.005466	125.0	81.6	208.2
999	-0.748529	-0.748594	0.000013	427.921335	40.657940	0.004466	0.000000	0.004465	47.7	144.3	193.6
