1:ItNr	2:Metric	3a:Time	3b:StepSize	4:||Gradient||	Time[ms]
0	-0.599633	0.000000	13.559456	0.019324	127.1
1	-0.594995	0.000000	13.559456	0.013703	13.1
2	-0.592614	0.000000	13.559456	0.021120	13.6
3	-0.609042	0.000000	13.559456	0.015921	8.8
4	-0.604523	0.000000	13.559456	0.014039	11.6
5	-0.604772	0.186056	13.440377	0.018997	7.2
6	-0.596053	1.124272	12.870416	0.020135	10.5
7	-0.611392	0.752849	13.090174	0.017675	11.7
8	-0.614182	0.381634	13.317437	0.023025	11.5
9	-0.620369	0.010211	13.552866	0.019701	11.2
10	-0.619802	1.010211	12.937112	0.017113	12.7
11	-0.611650	0.638789	13.159173	0.012878	11.9
12	-0.612222	0.267366	13.388991	0.019942	8.6
13	-0.616408	1.267366	12.787708	0.019699	12.9
14	-0.615500	2.267366	12.238109	0.017959	10.4
15	-0.617743	2.601461	12.064871	0.012375	9.3
16	-0.617145	3.601432	11.574472	0.016944	8.6
17	-0.622038	4.601431	11.122369	0.015031	10.0
18	-0.622742	4.245119	11.279352	0.016329	8.5
19	-0.614322	3.952992	11.411400	0.020948	8.4
20	-0.615570	3.832080	11.466964	0.018887	10.2
21	-0.617351	3.460834	11.641000	0.016717	11.3
22	-0.620038	3.089411	11.820487	0.020844	11.2
23	-0.628676	4.089408	11.349354	0.011157	12.3
24	-0.618106	3.717985	11.519894	0.012486	11.0
25	-0.618950	3.385573	11.676928	0.014398	14.2
26	-0.630537	4.385570	11.216946	0.015465	11.6
27	-0.629983	5.385570	10.791829	0.013726	18.1
28	-0.614256	5.014147	10.945912	0.011970	20.6
29	-0.606725	4.644365	11.103748	0.019512	10.2
30	-0.630840	4.272942	11.266934	0.016475	9.2
31	-0.612173	3.901519	11.434988	0.018793	6.8
32	-0.624552	3.530146	11.608107	0.029287	9.1
33	-0.634232	4.530146	11.153425	0.017375	10.3
34	-0.622036	5.530146	10.733019	0.019382	8.5
35	-0.629541	5.158756	10.885402	0.016310	11.9
36	-0.627812	6.158756	10.484596	0.011176	13.0
37	-0.621599	5.787965	10.629720	0.012683	11.8
38	-0.638214	5.422363	10.776802	0.019037	13.7
39	-0.629188	6.100840	10.507002	0.023325	10.8
40	-0.638875	5.729417	10.653004	0.015948	8.0
41	-0.633458	6.729417	10.268827	0.015071	8.3
42	-0.632643	7.719248	9.914904	0.018949	8.6
43	-0.641659	8.719248	9.581285	0.010544	10.4
44	-0.636937	8.347825	9.702545	0.020338	11.5
45	-0.631221	8.017405	9.813027	0.023363	11.0
46	-0.637973	9.017405	9.486116	0.015642	12.5
47	-0.648324	8.645982	9.604964	0.011857	12.6
48	-0.637441	9.645954	9.291555	0.016865	13.3
49	-0.640591	10.643922	8.998523	0.018063	9.6
50	-0.651185	10.280284	9.103133	0.016168	11.4
51	-0.639611	9.908861	9.212522	0.021204	10.3
52	-0.631443	10.908861	8.923809	0.015296	11.7
53	-0.630595	11.908861	8.652641	0.009563	11.0
54	-0.631558	11.539309	8.750910	0.019879	10.0
55	-0.638761	12.497723	8.500535	0.020496	12.3
56	-0.640623	13.497723	8.254127	0.007819	7.4
57	-0.644443	14.497722	8.021601	0.018049	6.4
58	-0.628291	15.497688	7.801825	0.013913	11.5
59	-0.642676	16.156653	7.663461	0.010889	12.2
60	-0.639813	17.156569	7.462636	0.017120	12.1
61	-0.653488	18.156551	7.272055	0.018450	13.2
62	-0.645131	19.156551	7.090962	0.025782	12.3
63	-0.646868	20.156551	6.918670	0.009896	10.8
64	-0.631808	21.135532	6.757921	0.009246	10.6
65	-0.642016	20.764120	6.818019	0.020312	7.4
66	-0.634924	21.764120	6.658586	0.021881	13.7
67	-0.643441	22.764120	6.506439	0.016933	11.8
68	-0.639311	23.764107	6.361091	0.008175	20.4
69	-0.656301	23.404627	6.412588	0.018415	11.3
70	-0.643343	24.074524	6.317284	0.011658	12.2
71	-0.633120	23.703102	6.369772	0.017435	9.5
72	-0.636538	23.332616	6.423004	0.017177	8.9
73	-0.638894	24.332616	6.281318	0.020408	14.9
74	-0.625612	23.961193	6.333208	0.022806	8.9
75	-0.637065	24.961193	6.195413	0.014922	8.2
76	-0.638116	25.961183	6.063488	0.015087	10.1
77	-0.644840	26.928702	5.941087	0.017103	7.9
78	-0.654142	26.557279	5.987487	0.015061	8.6
79	-0.641661	27.557267	5.864180	0.016640	12.6
80	-0.645280	27.185844	5.909382	0.013873	11.4
81	-0.646923	26.826918	5.953730	0.012436	14.0
82	-0.653745	26.455497	6.000329	0.007585	12.9
83	-0.642229	27.428514	5.879771	0.015396	12.4
84	-0.638802	28.329676	5.772359	0.012823	12.8
85	-0.650525	27.958253	5.816151	0.014335	10.8
86	-0.642272	27.586857	5.860609	0.008667	13.8
87	-0.650599	27.216217	5.905660	0.009440	11.7
88	-0.652820	26.934037	5.940426	0.013256	10.1
89	-0.640733	26.562617	5.986815	0.014251	11.7
90	-0.650096	27.558787	5.863997	0.011736	14.0
91	-0.655040	28.557746	5.745793	0.022425	12.7
92	-0.637292	29.475492	5.641323	0.011043	8.0
93	-0.649972	30.475492	5.531731	0.016166	8.7
94	-0.655438	31.415723	5.432503	0.016714	14.8
95	-0.643908	31.044313	5.471272	0.017100	13.0
96	-0.634314	31.766754	5.396363	0.011060	6.5
97	-0.652242	32.766754	5.295997	0.016528	7.0
98	-0.644020	33.711331	5.204563	0.011533	10.0
99	-0.654535	33.354084	5.238771	0.013875	9.3
100	-0.633076	34.351910	5.144332	0.013328	10.1
101	-0.656124	33.988201	5.178358	0.010709	11.5
102	-0.646339	33.621278	5.213144	0.016149	12.5
103	-0.636717	33.249859	5.248835	0.022618	12.2
104	-0.639031	34.249859	5.153834	0.014286	10.7
105	-0.642023	35.249830	5.062212	0.014009	10.1
106	-0.654104	36.249818	4.973790	0.012190	12.4
107	-0.643656	37.177233	4.894502	0.011586	10.3
108	-0.643151	36.805811	4.925951	0.015454	17.7
109	-0.643891	37.805811	4.842184	0.014674	17.9
110	-0.645955	38.804811	4.761299	0.019227	17.8
111	-0.654393	39.804811	4.682994	0.021241	6.5
112	-0.644993	40.804811	4.607223	0.023377	8.4
113	-0.651482	41.804707	4.533873	0.013563	8.3
114	-0.646549	42.747661	4.466808	0.013609	8.4
115	-0.633890	42.376944	4.492936	0.022742	10.1
116	-0.651678	43.341014	4.425615	0.017999	11.2
117	-0.653481	42.972830	4.451086	0.016191	7.3
118	-0.645390	43.972830	4.382579	0.011718	8.3
119	-0.651085	44.972454	4.316174	0.009866	11.2
120	-0.661499	45.808360	4.262170	0.012133	9.9
121	-0.643817	46.726919	4.204363	0.022297	11.1
122	-0.645071	47.726919	4.143188	0.017345	10.4
123	-0.632988	48.726919	4.083768	0.019510	11.3
124	-0.644296	49.726919	4.026028	0.015825	10.9
125	-0.647893	50.726919	3.969898	0.021957	11.9
126	-0.644447	51.726919	3.915312	0.018488	10.9
127	-0.640570	52.726919	3.862206	0.013872	9.5
128	-0.641092	53.726911	3.810522	0.013720	9.6
129	-0.652379	54.726911	3.760203	0.020115	9.3
130	-0.641746	55.726558	3.711213	0.021347	10.2
131	-0.649895	56.726558	3.663466	0.018614	11.6
132	-0.649950	57.726558	3.616932	0.013536	9.1
133	-0.650489	57.361007	3.633804	0.008528	11.8
134	-0.648316	58.360744	3.588028	0.020840	13.9
135	-0.644486	58.467457	3.583210	0.015158	18.4
136	-0.649197	59.467457	3.538680	0.017928	18.5
137	-0.658992	60.467457	3.495243	0.016642	14.2
138	-0.639880	61.467457	3.452860	0.020339	9.0
139	-0.642745	62.467457	3.411492	0.021231	7.7
140	-0.647403	63.467457	3.371104	0.014667	6.8
141	-0.642099	64.467457	3.331661	0.008427	7.7
142	-0.650271	65.466887	3.293152	0.010232	9.7
143	-0.657307	66.434361	3.256712	0.011703	7.7
144	-0.628254	67.433431	3.219920	0.011139	7.2
145	-0.651631	68.433396	3.183918	0.012454	7.1
146	-0.642193	69.190932	3.157175	0.011591	8.5
147	-0.652395	70.181069	3.122891	0.019742	9.7
148	-0.641650	70.375426	3.116249	0.014473	14.5
149	-0.652829	71.375426	3.082514	0.014073	11.7
150	-0.655175	72.375348	3.049505	0.017132	9.6
151	-0.638197	73.375331	3.017193	0.009962	15.5
152	-0.649126	73.019205	3.028621	0.015588	9.8
153	-0.653196	73.115445	3.025524	0.010741	13.9
154	-0.651256	72.879168	3.033139	0.017092	14.4
155	-0.650395	72.824238	3.034915	0.011780	9.3
156	-0.649851	73.824238	3.002909	0.020223	9.6
157	-0.641245	74.824238	2.971571	0.014774	14.8
158	-0.656314	75.824238	2.940881	0.013772	9.8
159	-0.661308	76.824238	2.910818	0.016515	15.9
160	-0.645857	76.452822	2.921912	0.012160	11.5
161	-0.640334	77.452821	2.892234	0.012034	12.0
162	-0.650230	78.452821	2.863152	0.017222	10.3
163	-0.644442	79.199785	2.841808	0.012995	10.7
164	-0.644868	78.873535	2.851091	0.013468	9.6
165	-0.653975	78.536110	2.860756	0.010649	10.6
166	-0.656484	78.621598	2.858302	0.027580	9.3
167	-0.653229	79.621598	2.829895	0.011948	12.8
168	-0.659303	80.621598	2.802048	0.011811	8.8
169	-0.652978	81.577809	2.775928	0.011742	13.3
170	-0.658818	82.495472	2.751314	0.011700	12.5
171	-0.644160	83.495472	2.724985	0.015381	12.3
172	-0.655279	84.495472	2.699154	0.010807	11.2
173	-0.646645	85.489358	2.673963	0.010631	12.6
174	-0.648764	86.345584	2.652634	0.018527	16.2
175	-0.643512	86.061855	2.659664	0.015330	9.9
176	-0.649993	87.061855	2.635052	0.010084	10.2
177	-0.649204	86.690524	2.644138	0.020041	10.7
178	-0.662121	87.690524	2.619810	0.015109	11.9
179	-0.656406	88.690524	2.595927	0.012384	10.6
180	-0.652016	89.690524	2.572475	0.017284	9.2
181	-0.650492	90.690523	2.549443	0.017375	10.2
182	-0.648837	90.319127	2.557948	0.015176	12.1
183	-0.638791	91.319127	2.535174	0.007888	10.9
184	-0.650217	92.316534	2.512860	0.014653	12.7
185	-0.638171	91.945169	2.521122	0.013319	11.5
186	-0.652109	91.573767	2.529440	0.016023	14.3
187	-0.653105	92.573767	2.507169	0.011886	8.6
188	-0.640441	93.573763	2.485286	0.010864	14.5
189	-0.650136	93.202340	2.493369	0.012516	8.1
190	-0.651979	94.202320	2.471726	0.014886	9.7
191	-0.641711	95.201834	2.450465	0.013238	7.6
192	-0.639962	94.830412	2.458323	0.020805	7.8
193	-0.649002	95.830291	2.437284	0.017156	13.2
194	-0.659148	95.458867	2.445057	0.017229	11.2
195	-0.652564	96.458867	2.424241	0.013791	10.8
196	-0.652406	96.990024	2.413328	0.011029	10.1
197	-0.646983	97.990024	2.393046	0.015718	14.9
198	-0.657862	98.946462	2.373964	0.010622	7.7
199	-0.654369	98.695347	2.378944	0.013673	16.4
200	-0.647224	99.695315	2.359235	0.019301	20.9
201	-0.665216	99.323897	2.366517	0.010988	12.8
202	-0.651691	100.323897	2.347011	0.013298	17.3
203	-0.648469	101.322859	2.327844	0.012512	13.4
204	-0.650381	102.322859	2.308968	0.010715	10.4
205	-0.645437	103.314005	2.290559	0.012279	10.6
206	-0.644090	104.256103	2.273331	0.012327	11.7
207	-0.650896	103.888139	2.280029	0.014844	10.7
208	-0.649563	104.887820	2.261923	0.014137	13.9
209	-0.650406	104.516398	2.268617	0.013591	11.3
210	-0.633906	105.516329	2.250686	0.012416	11.6
211	-0.652593	106.516328	2.233036	0.014855	12.7
212	-0.656919	107.421419	2.217298	0.011963	12.1
213	-0.659215	108.417580	2.200231	0.019286	11.5
214	-0.642914	109.417580	2.183360	0.018007	12.0
215	-0.649726	110.417580	2.166746	0.011315	9.1
216	-0.652554	110.146980	2.171217	0.011544	9.7
217	-0.645528	111.146007	2.154803	0.019074	11.5
218	-0.646084	110.774721	2.160874	0.018280	12.4
219	-0.654583	111.774721	2.144599	0.008810	15.8
220	-0.652513	112.774721	2.128568	0.010669	8.0
221	-0.640912	113.186575	2.122035	0.014967	11.6
222	-0.664575	114.186567	2.106338	0.015894	12.0
223	-0.656117	115.186526	2.090872	0.018389	11.4
224	-0.656579	114.815103	2.096590	0.016523	12.0
225	-0.660752	115.815103	2.081266	0.011908	12.5
226	-0.654490	116.733510	2.067388	0.028538	12.5
227	-0.642476	116.362088	2.072978	0.020503	12.0
228	-0.658128	117.362088	2.057996	0.012337	10.8
229	-0.642198	117.008787	2.063264	0.014410	10.4
230	-0.642349	116.637364	2.068832	0.015487	11.4
231	-0.657763	117.637364	2.053909	0.017250	10.6
232	-0.654400	117.265942	2.059427	0.011566	11.6
233	-0.646357	116.894519	2.064974	0.019908	11.7
234	-0.648657	117.894519	2.050107	0.017052	7.1
235	-0.653099	118.894519	2.035452	0.015205	8.2
236	-0.641276	119.894519	2.021005	0.013518	9.3
237	-0.650663	119.526595	2.026297	0.016477	9.9
238	-0.654930	120.526407	2.011982	0.013662	17.3
239	-0.664248	121.520754	1.997945	0.013358	12.6
240	-0.653180	122.253793	1.987721	0.010707	11.0
241	-0.649495	121.883379	1.992874	0.010885	14.0
242	-0.649385	122.872338	1.979175	0.008945	9.2
243	-0.655973	122.792085	1.980280	0.013896	7.8
244	-0.636263	122.515465	1.984097	0.013139	16.1
245	-0.654385	122.145446	1.989226	0.017312	15.0
246	-0.664752	123.145446	1.975425	0.016807	10.9
247	-0.661919	124.145441	1.961815	0.015881	12.0
248	-0.659648	123.796721	1.966540	0.012933	13.1
249	-0.639436	124.796721	1.953052	0.017677	13.9
250	-0.640195	124.425300	1.958040	0.012750	8.6
251	-0.662362	124.053969	1.963053	0.011167	16.9
252	-0.647381	124.234481	1.960613	0.020085	12.3
253	-0.660967	123.863116	1.965639	0.015730	9.3
254	-0.653708	124.863113	1.952163	0.015394	8.9
255	-0.643728	124.734708	1.953883	0.010246	11.6
256	-0.635892	124.363464	1.958873	0.016561	11.6
257	-0.649400	123.992045	1.963891	0.011833	13.5
258	-0.649140	124.864697	1.952142	0.016653	12.1
259	-0.656098	124.494485	1.957109	0.018204	9.5
260	-0.636085	125.494485	1.943749	0.018444	10.0
261	-0.637722	125.123070	1.948690	0.024512	12.9
262	-0.649391	126.123070	1.935445	0.011936	13.1
263	-0.646595	126.134242	1.935298	0.025137	12.1
264	-0.640028	127.134242	1.922233	0.012487	10.3
265	-0.652473	128.134242	1.909344	0.014966	9.3
266	-0.649360	129.134231	1.896627	0.020458	10.8
267	-0.653218	130.134231	1.884077	0.016937	8.9
268	-0.656278	131.033147	1.872937	0.019706	11.9
269	-0.641451	132.033147	1.860699	0.015295	8.8
270	-0.654549	133.033147	1.848619	0.010736	9.7
271	-0.658671	132.661724	1.853087	0.012064	15.4
272	-0.656276	132.404067	1.856200	0.016870	16.8
273	-0.652071	133.403996	1.844179	0.017033	16.7
274	-0.644937	133.032573	1.848626	0.016508	8.6
275	-0.652185	133.501343	1.843017	0.012125	9.0
276	-0.644190	134.501337	1.831165	0.021352	11.0
277	-0.664597	134.129914	1.835549	0.009114	16.4
278	-0.653424	135.129903	1.823793	0.011645	26.1
279	-0.644617	134.764192	1.828075	0.015602	14.2
280	-0.631976	134.393420	1.832437	0.010853	7.2
281	-0.643769	134.021999	1.836827	0.008617	9.4
282	-0.639764	135.013847	1.825149	0.014974	8.7
283	-0.658114	134.642424	1.829505	0.011440	9.2
284	-0.649868	134.275059	1.833833	0.017959	10.3
285	-0.665975	133.903682	1.838230	0.017928	13.6
286	-0.662590	134.903682	1.826439	0.013821	12.0
287	-0.652095	134.532259	1.830801	0.022294	14.2
288	-0.658067	135.532259	1.819105	0.015240	8.0
289	-0.663959	136.532259	1.807557	0.013808	7.6
290	-0.646903	136.161542	1.811821	0.015248	6.9
291	-0.647597	135.790126	1.816113	0.018588	7.5
292	-0.653934	136.790126	1.804603	0.015992	8.1
293	-0.651357	136.418703	1.808861	0.011992	11.6
294	-0.641567	136.047350	1.813138	0.022384	9.1
295	-0.647239	137.047350	1.801666	0.008080	11.4
296	-0.648644	136.702574	1.805605	0.013792	11.6
297	-0.643400	136.331217	1.809867	0.013972	12.8
298	-0.647443	135.959891	1.814149	0.015346	13.6
299	-0.647401	136.959603	1.802667	0.012738	12.3
300	-0.649066	136.588180	1.806916	0.019248	11.5
301	-0.644674	136.216757	1.811185	0.012663	11.7
302	-0.663592	137.211808	1.799793	0.016873	7.5
303	-0.651863	138.211659	1.788491	0.012149	7.1
304	-0.639720	139.046441	1.779162	0.014330	10.8
305	-0.652474	138.675020	1.783301	0.010291	6.7
306	-0.652775	138.303599	1.787459	0.013945	6.7
307	-0.656209	139.171075	1.777778	0.014675	8.1
308	-0.651969	140.169307	1.766767	0.016919	8.1
309	-0.649405	139.827282	1.770524	0.021789	9.8
310	-0.657943	140.827282	1.759583	0.011152	11.2
311	-0.637640	141.827282	1.748777	0.014250	13.8
312	-0.644286	142.825875	1.738117	0.017836	12.5
313	-0.656406	143.825222	1.727579	0.011475	12.2
314	-0.641653	143.471983	1.731289	0.017951	9.9
315	-0.642991	144.422530	1.721341	0.017475	13.4
316	-0.646597	144.056132	1.725162	0.013513	10.8
317	-0.649051	145.054326	1.714792	0.008551	10.3
318	-0.654149	144.684156	1.718623	0.014797	10.1
319	-0.645944	145.684153	1.708312	0.015890	10.3
320	-0.647520	146.684153	1.698125	0.014323	11.0
321	-0.658245	147.684147	1.688058	0.019961	9.8
322	-0.647103	148.684146	1.678109	0.016417	12.0
323	-0.645280	149.684146	1.668278	0.016274	20.6
324	-0.645290	149.312743	1.671916	0.016152	15.0
325	-0.655317	148.941320	1.675570	0.022491	17.3
326	-0.652703	149.941320	1.665768	0.020786	10.3
327	-0.670569	149.570058	1.669394	0.016109	7.5
328	-0.645248	149.498260	1.670097	0.018268	11.6
329	-0.645148	149.126837	1.673743	0.019364	8.1
330	-0.649904	148.860999	1.676362	0.006872	12.4
331	-0.655074	148.489576	1.680036	0.008500	10.4
332	-0.656385	149.464681	1.670426	0.018623	13.4
333	-0.657057	149.831980	1.666834	0.011924	13.2
334	-0.640558	150.831980	1.657134	0.012312	15.2
335	-0.645259	151.829447	1.647570	0.010183	12.2
336	-0.660862	152.184397	1.644193	0.011951	11.9
337	-0.648020	152.371227	1.642421	0.016335	11.2
338	-0.654426	152.949302	1.636963	0.006303	10.7
339	-0.637683	152.794254	1.638423	0.013972	8.9
340	-0.655530	153.566509	1.631175	0.009455	9.2
341	-0.662841	153.195162	1.634653	0.015623	9.1
342	-0.657245	153.956872	1.627536	0.014093	10.0
343	-0.646983	153.585449	1.630998	0.012296	8.8
344	-0.641671	154.298508	1.624364	0.020911	12.2
345	-0.654139	153.927085	1.627813	0.017995	14.2
346	-0.636352	154.927085	1.618560	0.016980	13.1
347	-0.656997	155.927085	1.609412	0.010541	10.3
348	-0.646092	156.927071	1.600367	0.013881	11.8
349	-0.640927	157.927012	1.591423	0.009961	10.1
350	-0.645031	158.927012	1.582578	0.010273	10.4
351	-0.648821	158.838968	1.583353	0.015735	11.9
352	-0.637548	159.826186	1.574709	0.017495	7.0
353	-0.656772	160.544220	1.568481	0.009888	6.7
354	-0.649943	161.540465	1.559920	0.012106	7.5
355	-0.657725	162.139778	1.554816	0.015421	13.2
356	-0.646986	163.139778	1.546372	0.019630	14.4
357	-0.643497	164.139778	1.538019	0.013753	12.2
358	-0.641891	164.136013	1.538051	0.014240	13.0
359	-0.653298	164.433412	1.535584	0.019665	12.3
360	-0.656023	164.447485	1.535467	0.015238	9.3
361	-0.654152	164.076109	1.538549	0.016812	12.0
362	-0.647284	165.069274	1.530336	0.014846	9.8
363	-0.647702	164.698780	1.533390	0.012643	12.0
364	-0.644961	164.327435	1.536462	0.019725	16.5
365	-0.650747	165.327435	1.528216	0.010394	17.2
366	-0.661493	164.956028	1.531268	0.023048	19.4
367	-0.655433	164.584608	1.534333	0.006723	10.2
368	-0.661386	164.213185	1.537410	0.017653	10.7
369	-0.645494	163.841976	1.540497	0.013965	13.1
370	-0.648048	164.841976	1.532208	0.010312	12.8
371	-0.649140	165.841286	1.524013	0.016811	13.7
372	-0.649645	166.814640	1.516115	0.011940	11.3
373	-0.638107	166.443280	1.519119	0.011002	10.7
374	-0.648988	166.874110	1.515635	0.018028	12.2
375	-0.653449	167.874108	1.507610	0.013274	12.4
376	-0.644479	167.502685	1.510581	0.010034	10.8
377	-0.633332	168.450525	1.503023	0.016061	10.7
378	-0.661215	169.450525	1.495131	0.011919	9.7
379	-0.644861	169.399326	1.495534	0.008240	10.2
380	-0.635446	169.823715	1.492207	0.019672	10.0
381	-0.653383	169.452322	1.495117	0.014735	14.4
382	-0.662524	169.143789	1.497543	0.016948	9.7
383	-0.647381	168.772377	1.500474	0.017197	9.9
384	-0.636416	168.400954	1.503417	0.012797	10.5
385	-0.652435	168.148583	1.505423	0.013868	9.2
386	-0.638885	168.441159	1.503098	0.015855	9.8
387	-0.646310	169.294098	1.496361	0.012921	10.4
388	-0.653374	168.922727	1.499286	0.014282	13.7
389	-0.655873	168.551309	1.502224	0.014751	10.6
390	-0.647129	168.179889	1.505174	0.012845	11.0
391	-0.645540	168.768498	1.500505	0.014751	8.3
392	-0.642284	169.768498	1.492639	0.020383	10.0
393	-0.644814	169.437382	1.495235	0.014912	7.8
394	-0.652610	169.305737	1.496269	0.016846	9.2
395	-0.639101	169.539531	1.494433	0.008910	9.9
396	-0.647427	170.074239	1.490251	0.020641	10.6
397	-0.647574	171.074238	1.482492	0.016020	9.5
398	-0.655828	172.074238	1.474814	0.013245	11.4
399	-0.651224	171.702816	1.477657	0.014959	11.6
400	-0.636964	172.702816	1.470028	0.018296	9.5
401	-0.650558	172.334815	1.472826	0.013366	11.7
402	-0.655242	171.963392	1.475661	0.010316	10.2
403	-0.657966	171.969872	1.475612	0.015193	17.7
404	-0.655317	172.969864	1.468004	0.011517	12.4
405	-0.648324	173.547410	1.463646	0.015312	12.6
406	-0.647080	174.547409	1.456161	0.012559	10.8
407	-0.652248	174.176997	1.458925	0.011203	14.0
408	-0.648126	174.469830	1.456739	0.015873	12.5
409	-0.653291	175.462871	1.449376	0.017754	12.4
410	-0.642503	176.462871	1.442036	0.023441	10.8
411	-0.652304	176.091448	1.444754	0.019820	12.7
412	-0.656113	177.091448	1.437460	0.014850	11.0
413	-0.660622	176.738412	1.440027	0.011954	8.3
414	-0.653640	176.383039	1.442619	0.011981	12.3
415	-0.652684	176.018581	1.445288	0.015305	17.0
416	-0.655339	176.441344	1.442193	0.017568	13.9
417	-0.640360	176.239713	1.443668	0.011091	14.4
418	-0.653541	177.239713	1.436385	0.012157	8.6
419	-0.645978	178.185527	1.429565	0.012216	11.9
420	-0.665663	177.842959	1.432027	0.019633	11.6
421	-0.654273	178.649875	1.426240	0.009118	12.9
422	-0.642511	179.604272	1.419454	0.013448	11.9
423	-0.646048	179.313416	1.421515	0.009746	13.7
424	-0.655121	178.954296	1.424068	0.012690	13.3
425	-0.635123	179.154139	1.422646	0.011922	10.1
426	-0.641596	178.782716	1.425291	0.014455	13.7
427	-0.657932	179.754318	1.418393	0.017572	12.1
428	-0.647382	179.382895	1.421022	0.021393	14.5
429	-0.648276	180.382895	1.413966	0.017477	8.1
430	-0.647258	180.011472	1.416579	0.016498	10.2
431	-0.650415	180.255002	1.414865	0.013558	9.0
432	-0.645873	181.250237	1.407902	0.023479	10.0
433	-0.655162	182.250134	1.400976	0.018232	10.4
434	-0.650200	183.250134	1.394117	0.015626	11.7
435	-0.657984	182.878711	1.396657	0.013132	11.3
436	-0.655809	183.878253	1.389843	0.009253	11.0
437	-0.651931	183.516110	1.392304	0.015421	11.3
438	-0.650394	184.326134	1.386811	0.010454	13.3
439	-0.650808	183.954721	1.389324	0.009948	10.2
440	-0.650042	184.652804	1.384608	0.009948	10.2
441	-0.651129	184.284599	1.387092	0.016832	7.9
442	-0.656370	183.914016	1.389600	0.017961	7.1
443	-0.657461	183.542631	1.392123	0.008852	18.0
444	-0.645564	184.465563	1.385870	0.014362	11.9
445	-0.652095	184.151062	1.387995	0.010970	9.6
446	-0.644755	183.779854	1.390511	0.023191	8.0
447	-0.654792	183.410833	1.393021	0.017251	8.8
448	-0.640945	184.410830	1.386239	0.014239	9.5
449	-0.648812	184.138566	1.388079	0.017996	12.7
450	-0.658198	185.138174	1.381348	0.011557	12.6
451	-0.646791	185.981139	1.375722	0.017808	10.8
452	-0.659837	186.785876	1.370394	0.015734	12.8
453	-0.648093	187.663556	1.364630	0.016455	14.5
454	-0.645480	188.629391	1.358343	0.012091	15.8
455	-0.653662	188.259364	1.360745	0.021812	15.3
456	-0.659943	187.887941	1.363164	0.018235	12.5
457	-0.644116	188.887941	1.356670	0.012626	15.9
458	-0.652707	188.516518	1.359075	0.011134	10.3
459	-0.648494	188.145118	1.361488	0.012665	11.1
460	-0.642076	187.773695	1.363910	0.019528	10.9
461	-0.651478	187.402272	1.366341	0.015466	13.2
462	-0.659058	187.030849	1.368781	0.016234	11.4
463	-0.656743	186.659434	1.371229	0.023003	10.8
464	-0.650799	186.288011	1.373686	0.010964	14.1
465	-0.652298	186.853317	1.369950	0.012645	11.1
466	-0.658901	186.481895	1.372402	0.011758	9.6
467	-0.652600	187.474510	1.365868	0.017582	11.8
468	-0.671116	188.247491	1.360822	0.014460	8.8
469	-0.658666	189.235913	1.354424	0.015836	9.5
470	-0.655492	190.235913	1.348012	0.014617	11.0
471	-0.653488	190.007406	1.349472	0.011712	8.5
472	-0.654331	190.014926	1.349424	0.012164	10.6
473	-0.653241	189.957252	1.349793	0.011800	6.7
474	-0.652985	190.407344	1.346919	0.011320	8.2
475	-0.650565	191.407325	1.340578	0.011861	10.3
476	-0.653450	191.038122	1.342912	0.021611	10.9
477	-0.655280	192.038122	1.336609	0.012239	7.7
478	-0.647056	193.037969	1.330365	0.011256	9.5
479	-0.653538	192.667192	1.332673	0.016145	13.8
480	-0.650750	193.667102	1.326466	0.011054	9.2
481	-0.647008	193.769170	1.325835	0.012308	8.9
482	-0.645505	194.769166	1.319691	0.015362	9.8
483	-0.657868	194.423804	1.321806	0.018669	11.1
484	-0.654665	194.056520	1.324064	0.011081	8.6
485	-0.654118	195.054586	1.317947	0.013909	7.1
486	-0.648592	196.041712	1.311953	0.012285	8.3
487	-0.652801	195.670290	1.314202	0.013595	9.4
488	-0.645534	195.435222	1.315630	0.010166	9.9
489	-0.647345	196.431819	1.309599	0.009359	9.0
490	-0.645920	197.383003	1.303895	0.009073	10.5
491	-0.664573	198.113174	1.299550	0.008094	11.1
492	-0.659192	197.856070	1.301077	0.018419	11.1
493	-0.651062	197.484656	1.303289	0.019462	10.6
494	-0.659912	198.484586	1.297351	0.011488	9.0
495	-0.646835	199.273031	1.292707	0.011100	12.0
496	-0.642490	198.973328	1.294469	0.015193	11.9
497	-0.642160	199.973327	1.288611	0.010457	12.8
498	-0.658194	199.613257	1.290714	0.011534	10.4
499	-0.655089	200.613233	1.284890	0.018983	12.6
500	-0.656639	201.526800	1.279615	0.006422	13.7
501	-0.657465	201.304640	1.280894	0.015296	11.0
502	-0.653141	201.823323	1.277912	0.012654	11.1
503	-0.652578	202.176236	1.275891	0.015139	19.1
504	-0.658427	201.851226	1.277752	0.015768	14.5
505	-0.664165	202.525128	1.273900	0.013035	13.4
506	-0.654967	202.775835	1.272472	0.016046	9.0
507	-0.651593	203.775832	1.266811	0.020004	16.7
508	-0.643347	204.775548	1.261202	0.011021	7.8
509	-0.653695	205.775539	1.255641	0.018721	9.7
510	-0.651800	206.775191	1.250130	0.010873	8.3
511	-0.643936	206.411429	1.252130	0.010693	9.8
512	-0.647553	206.040007	1.254178	0.010961	11.6
513	-0.663267	205.668742	1.256232	0.012160	10.1
514	-0.654642	206.668739	1.250714	0.014034	10.5
515	-0.654409	207.667658	1.245251	0.019350	10.5
516	-0.654970	207.296239	1.247277	0.009309	12.0
517	-0.641362	206.924823	1.249309	0.013814	10.4
518	-0.661607	206.553696	1.251347	0.013327	8.3
519	-0.648454	206.383700	1.252282	0.017984	7.8
520	-0.650043	207.366591	1.246892	0.012226	7.1
521	-0.657275	208.366590	1.241456	0.011138	7.2
522	-0.649498	209.162547	1.237163	0.011569	9.0
523	-0.650530	208.791130	1.239163	0.014240	13.7
524	-0.652911	209.032424	1.237863	0.011750	14.3
525	-0.651146	210.029689	1.232519	0.011104	11.5
526	-0.653649	209.658269	1.234504	0.015008	11.8
527	-0.662968	210.216878	1.231522	0.008103	12.2
528	-0.656724	211.214581	1.226230	0.018079	10.9
529	-0.656125	212.173678	1.221187	0.007279	13.4
530	-0.661711	212.700653	1.218433	0.013540	10.1
531	-0.656771	212.342938	1.220301	0.017068	12.2
532	-0.659593	212.056918	1.221798	0.014515	12.6
533	-0.668482	211.685496	1.223749	0.012984	10.1
534	-0.650359	211.752210	1.223398	0.009937	10.5
535	-0.645551	212.333832	1.220348	0.017943	13.3
536	-0.659188	212.425191	1.219871	0.012743	11.8
537	-0.662052	212.053768	1.221815	0.017806	9.2
538	-0.660965	211.864583	1.222808	0.016801	11.4
539	-0.650625	212.864583	1.217579	0.019872	9.4
540	-0.656469	212.493196	1.219516	0.012924	10.3
541	-0.657470	212.121773	1.221459	0.012901	10.4
542	-0.658095	211.750352	1.223408	0.015461	11.6
543	-0.663270	211.378929	1.225363	0.015018	7.9
544	-0.657786	211.083037	1.226925	0.011620	5.2
545	-0.667552	212.083036	1.221662	0.017712	11.3
546	-0.649019	213.083036	1.216443	0.011744	10.5
547	-0.647774	212.711626	1.218376	0.008389	11.2
548	-0.656956	213.711445	1.213186	0.014469	12.0
549	-0.651796	214.075820	1.211305	0.020321	12.5
550	-0.659429	213.704397	1.213222	0.011035	9.9
551	-0.656227	213.332976	1.215145	0.009936	17.9
552	-0.651742	212.963585	1.217064	0.014885	21.5
553	-0.661892	212.592167	1.218999	0.014458	14.5
554	-0.660410	213.553840	1.214001	0.021247	13.0
555	-0.658208	214.475882	1.209247	0.018791	11.6
556	-0.652188	215.475882	1.204134	0.015081	11.8
557	-0.659074	215.104467	1.206028	0.017483	12.3
558	-0.660667	216.104467	1.200941	0.017414	10.8
559	-0.655750	216.164286	1.200639	0.016113	12.9
560	-0.659135	215.792863	1.202522	0.019643	8.7
561	-0.647356	216.792253	1.197468	0.013741	11.7
562	-0.662219	217.792251	1.192453	0.018273	13.6
563	-0.655750	217.420828	1.194311	0.009572	13.6
564	-0.664955	217.049554	1.196174	0.015105	12.1
565	-0.654015	216.678349	1.198042	0.016234	10.1
566	-0.654431	217.678349	1.193022	0.012993	10.4
567	-0.652708	218.668794	1.188092	0.020354	11.7
568	-0.654698	218.297371	1.189936	0.022245	11.9
569	-0.668028	217.925948	1.191786	0.021925	10.2
570	-0.658680	217.554525	1.193641	0.019483	12.9
571	-0.656435	217.183102	1.195503	0.015034	10.7
572	-0.648734	218.183043	1.190505	0.018842	11.5
573	-0.651399	217.811620	1.192356	0.020130	11.2
574	-0.655505	217.440197	1.194214	0.019069	9.7
575	-0.652173	217.068775	1.196077	0.013146	10.5
576	-0.660608	216.697496	1.197945	0.024302	12.8
577	-0.659449	216.326073	1.199820	0.023127	6.4
578	-0.648623	217.326073	1.194786	0.016272	10.5
579	-0.656406	218.326073	1.189793	0.010758	10.4
580	-0.655043	219.325873	1.184844	0.014057	8.4
581	-0.655795	218.954836	1.186676	0.017019	7.8
582	-0.661311	219.954560	1.181752	0.019039	14.1
583	-0.677570	220.954560	1.176868	0.013872	11.4
584	-0.651346	220.583137	1.178677	0.012138	14.3
585	-0.657111	220.211717	1.180492	0.018611	10.0
586	-0.659303	219.840294	1.182313	0.012640	12.6
587	-0.665554	220.840284	1.177424	0.013581	14.7
588	-0.663130	220.469615	1.179231	0.017888	14.7
589	-0.659668	220.098192	1.181048	0.010482	20.5
590	-0.663664	221.089091	1.176214	0.016332	18.9
591	-0.651906	220.717668	1.178021	0.020578	9.2
592	-0.656053	220.346245	1.179834	0.017029	15.2
593	-0.663759	219.974822	1.181653	0.011708	8.2
594	-0.656711	219.604210	1.183473	0.013441	7.5
595	-0.666191	220.568262	1.178750	0.013989	8.9
596	-0.657014	220.706353	1.178077	0.017952	7.4
597	-0.654982	220.343719	1.179847	0.010624	10.3
598	-0.666161	221.203141	1.175660	0.011947	8.8
599	-0.659314	220.833766	1.177456	0.009763	9.5
600	-0.663232	221.566696	1.173898	0.019328	11.7
601	-0.655208	222.469503	1.169545	0.018505	11.3
602	-0.666520	222.098080	1.171332	0.015482	10.0
603	-0.667958	221.726657	1.173124	0.012157	11.2
604	-0.650119	221.357503	1.174911	0.013726	10.4
605	-0.644795	221.525288	1.174098	0.010436	10.7
606	-0.653164	221.156768	1.175885	0.021616	11.3
607	-0.663128	220.787176	1.177683	0.015089	13.3
608	-0.658197	220.415821	1.179494	0.010483	10.3
609	-0.662117	221.369374	1.174854	0.007836	10.3
610	-0.664619	221.027170	1.176515	0.013818	6.6
611	-0.654263	220.656703	1.178319	0.012315	10.0
612	-0.658960	220.285300	1.180132	0.012131	9.4
613	-0.663023	220.714413	1.178037	0.017452	12.9
614	-0.667698	220.342990	1.179850	0.018037	13.5
615	-0.659833	219.975439	1.181650	0.010444	11.7
616	-0.646783	220.975429	1.176766	0.012230	11.2
617	-0.666286	221.966553	1.171966	0.015487	10.0
618	-0.661617	221.641997	1.173534	0.012408	10.0
619	-0.652133	221.270575	1.175333	0.015427	8.6
620	-0.653516	220.899576	1.177135	0.018950	7.2
621	-0.662246	221.899575	1.172289	0.015451	10.1
622	-0.651847	222.845703	1.167741	0.009420	8.5
623	-0.653457	222.474364	1.169522	0.018746	8.3
624	-0.660444	222.102972	1.171308	0.010616	9.7
625	-0.655686	221.731667	1.173100	0.015650	11.8
626	-0.652128	221.360266	1.174898	0.016193	11.1
627	-0.650100	220.990875	1.176691	0.016026	11.3
628	-0.665651	220.619454	1.178500	0.016626	7.4
629	-0.651914	220.249529	1.180307	0.018157	7.7
630	-0.664766	219.878117	1.182127	0.015592	7.8
631	-0.660076	220.871345	1.177273	0.012685	8.1
632	-0.655771	221.864952	1.172456	0.013793	7.9
633	-0.645869	221.715544	1.173178	0.024650	8.2
634	-0.656305	221.344121	1.174976	0.012960	12.5
635	-0.661444	222.344121	1.170148	0.014070	12.4
636	-0.669084	223.344121	1.165359	0.011921	10.9
637	-0.652696	222.972699	1.167133	0.013788	9.1
638	-0.667222	222.610771	1.168867	0.013127	8.0
639	-0.664238	223.610771	1.164088	0.013234	7.7
640	-0.664110	224.602115	1.159390	0.018981	10.9
641	-0.651421	225.330327	1.155962	0.017031	15.6
642	-0.656440	226.330327	1.151289	0.015030	14.1
643	-0.669856	225.959812	1.153016	0.017019	8.8
644	-0.661166	226.959812	1.148366	0.012826	8.8
645	-0.660557	226.836956	1.148935	0.011164	10.8
646	-0.656155	227.814365	1.144422	0.018993	11.1
647	-0.655684	227.893343	1.144059	0.012674	13.9
648	-0.658107	227.778093	1.144589	0.011336	11.9
649	-0.652248	227.701706	1.144940	0.018633	11.7
650	-0.659173	228.661057	1.140541	0.018302	9.8
651	-0.657006	228.289634	1.142240	0.007983	11.8
652	-0.652719	227.918446	1.143943	0.016526	12.9
653	-0.665043	228.111731	1.143056	0.016927	11.7
654	-0.659348	227.740324	1.144762	0.012575	12.1
655	-0.650798	228.738633	1.140186	0.015302	13.5
656	-0.647874	228.370302	1.141870	0.010534	10.8
657	-0.659625	228.226775	1.142528	0.011112	8.5
658	-0.663162	229.164039	1.138247	0.017892	9.0
659	-0.649305	228.792977	1.139938	0.019930	11.4
660	-0.661542	229.792977	1.135393	0.010268	7.3
661	-0.662541	230.748792	1.131082	0.017134	9.1
662	-0.661465	230.377370	1.132753	0.021510	9.6
663	-0.650963	230.005949	1.134430	0.015706	8.3
664	-0.659566	231.005949	1.129928	0.011458	11.3
665	-0.658392	231.483519	1.127791	0.020327	8.7
666	-0.662843	231.116022	1.129435	0.014410	7.0
667	-0.659121	230.745320	1.131098	0.010785	8.1
668	-0.652597	230.423367	1.132546	0.015121	8.9
669	-0.669124	230.051944	1.134222	0.021806	9.1
670	-0.664389	229.680522	1.135902	0.013646	7.3
671	-0.668153	230.680520	1.131389	0.010825	8.5
672	-0.674873	230.435301	1.132492	0.008145	10.8
673	-0.661245	230.064521	1.134165	0.020297	8.6
674	-0.656319	231.062914	1.129673	0.020670	7.6
675	-0.658611	232.062914	1.125209	0.016968	9.0
676	-0.660962	233.059317	1.120796	0.012244	7.8
677	-0.661657	234.059290	1.116402	0.018953	10.5
678	-0.663703	235.059119	1.112042	0.011548	8.7
679	-0.654376	236.059117	1.107716	0.012052	12.8
680	-0.666800	235.747418	1.109061	0.013790	9.6
681	-0.650434	235.382963	1.110638	0.014887	13.1
682	-0.668559	236.362239	1.106412	0.013374	10.1
683	-0.662412	237.362239	1.102129	0.016827	11.1
684	-0.655493	238.326815	1.098030	0.012509	11.7
685	-0.662462	239.325358	1.093818	0.012557	9.5
686	-0.650524	238.953935	1.095381	0.018238	7.8
687	-0.666569	238.586613	1.096931	0.016244	13.2
688	-0.650938	239.586613	1.092721	0.016475	12.0
689	-0.662306	239.215190	1.094281	0.015569	7.0
690	-0.659255	238.843767	1.095845	0.025885	7.0
691	-0.652815	239.703036	1.092233	0.016487	6.6
692	-0.668597	240.703036	1.088060	0.014525	7.4
693	-0.657530	240.331613	1.089606	0.012745	8.2
694	-0.660192	241.307489	1.085553	0.008663	8.0
695	-0.663135	241.141732	1.086239	0.017826	8.5
696	-0.662139	242.141728	1.082111	0.014473	8.8
697	-0.667218	241.876049	1.083205	0.010276	9.5
698	-0.649451	241.504627	1.084737	0.013822	11.9
699	-0.654516	242.111234	1.082236	0.021716	10.4
700	-0.662148	243.111234	1.078139	0.014371	12.4
701	-0.665027	244.111234	1.074072	0.013740	10.5
702	-0.655106	243.739811	1.075579	0.013591	10.9
703	-0.665775	243.376135	1.077059	0.015480	12.0
704	-0.659320	244.376135	1.073000	0.017878	11.2
705	-0.653914	244.004712	1.074504	0.013361	10.6
706	-0.682227	245.004698	1.070464	0.009856	12.3
707	-0.652326	245.552314	1.068265	0.015389	11.8
708	-0.657355	245.451838	1.068668	0.009488	10.5
709	-0.662687	245.080416	1.070160	0.008750	13.4
710	-0.664439	244.709380	1.071654	0.010550	11.7
711	-0.661356	244.339383	1.073149	0.014033	11.1
712	-0.658745	245.337056	1.069129	0.011468	8.7
713	-0.671552	245.865872	1.067010	0.015902	8.2
714	-0.660512	245.497056	1.068487	0.016047	14.9
715	-0.657575	245.219329	1.069601	0.012923	11.6
716	-0.675343	244.849534	1.071089	0.011578	9.1
717	-0.665447	244.504869	1.072480	0.015916	11.3
718	-0.658604	245.291329	1.069312	0.019317	11.2
719	-0.665273	246.291329	1.065312	0.012914	10.2
720	-0.658503	245.919906	1.066794	0.017085	12.5
721	-0.664252	246.919906	1.062812	0.020229	11.4
722	-0.671309	246.548489	1.064288	0.015224	17.9
723	-0.661933	246.177066	1.065767	0.019784	11.4
724	-0.650499	247.177066	1.061793	0.011821	12.8
725	-0.656661	246.805643	1.063266	0.014968	13.6
726	-0.657146	246.647239	1.063895	0.014292	9.0
727	-0.656406	247.608710	1.060087	0.008169	10.8
728	-0.657130	247.248023	1.061512	0.014019	12.2
729	-0.665801	246.876601	1.062984	0.012990	11.7
730	-0.655680	246.505300	1.064460	0.016087	9.1
731	-0.667811	246.133877	1.065940	0.014308	10.6
732	-0.675148	247.133877	1.061964	0.020548	9.5
733	-0.662853	246.762454	1.063437	0.015399	8.6
734	-0.659414	246.391031	1.064914	0.021514	10.1
735	-0.661920	247.390815	1.060948	0.011922	10.8
736	-0.651306	247.528321	1.060404	0.014350	11.7
737	-0.656416	248.528321	1.056470	0.012473	11.8
738	-0.666893	248.157179	1.057927	0.010745	10.5
739	-0.665282	247.785804	1.059388	0.012394	9.7
740	-0.655576	247.873288	1.059044	0.010474	10.1
741	-0.666976	247.522071	1.060429	0.017104	8.6
742	-0.677625	247.152715	1.061890	0.014044	9.6
743	-0.662111	248.152715	1.057944	0.011946	8.6
744	-0.660833	249.151586	1.054033	0.015735	9.2
745	-0.664140	250.151586	1.050145	0.016945	9.5
746	-0.650181	251.151585	1.046287	0.015342	12.1
747	-0.662946	252.151417	1.042457	0.008127	9.0
748	-0.664825	253.144634	1.038680	0.011618	8.9
749	-0.649353	254.120280	1.034997	0.013143	9.9
750	-0.660485	255.051548	1.031505	0.016828	9.7
751	-0.668946	254.699025	1.032824	0.020058	10.3
752	-0.669027	254.327602	1.034217	0.012290	12.2
753	-0.651734	255.321798	1.030496	0.011342	12.5
754	-0.657756	256.241533	1.027078	0.014824	13.4
755	-0.652543	255.877276	1.028429	0.016185	11.5
756	-0.665978	256.877163	1.024728	0.018224	12.5
757	-0.668501	257.877163	1.021054	0.015331	12.7
758	-0.664019	257.505740	1.022415	0.007827	15.2
759	-0.657613	257.134351	1.023781	0.016308	9.9
760	-0.658886	256.762947	1.025150	0.015903	10.6
761	-0.659006	256.408139	1.026461	0.016325	13.1
762	-0.658464	257.408139	1.022774	0.014254	9.5
763	-0.667940	257.036722	1.024140	0.013296	9.4
764	-0.652532	256.665356	1.025510	0.016066	9.2
765	-0.660530	257.647970	1.021894	0.020382	18.0
766	-0.666917	258.647970	1.018239	0.013798	10.5
767	-0.662667	258.276547	1.019594	0.011638	7.8
768	-0.658135	259.276547	1.015956	0.016139	13.0
769	-0.664270	259.513635	1.015097	0.010768	7.7
770	-0.654599	260.513615	1.011491	0.015202	7.6
771	-0.656863	260.142245	1.012827	0.007161	10.5
772	-0.672052	260.577426	1.011262	0.009434	11.1
773	-0.644749	261.058464	1.009537	0.011350	10.5
774	-0.664300	260.687068	1.010868	0.013178	8.0
775	-0.648039	261.673651	1.007340	0.015608	10.8
776	-0.663579	262.607920	1.004022	0.013932	11.0
777	-0.660029	263.581779	1.000586	0.009992	9.5
778	-0.659112	263.210356	1.001894	0.010136	10.8
779	-0.654900	264.210356	0.998381	0.019636	12.3
780	-0.666148	263.929584	0.999365	0.013850	9.4
781	-0.659378	264.927748	0.995876	0.014014	11.0
782	-0.673015	264.556325	0.997171	0.012149	12.3
783	-0.650703	265.556324	0.993691	0.013290	11.7
784	-0.658201	265.184901	0.994981	0.011057	10.8
785	-0.668272	265.838855	0.992713	0.011474	9.0
786	-0.655629	265.675012	0.993280	0.024763	8.3
787	-0.654442	265.305257	0.994563	0.009492	7.4
788	-0.658338	266.299325	0.991122	0.011416	7.8
789	-0.662557	267.290701	0.987713	0.013499	7.6
790	-0.661682	268.265037	0.984386	0.013216	6.3
791	-0.652208	269.265012	0.980995	0.012690	7.9
792	-0.669333	268.906557	0.982208	0.013818	8.6
793	-0.657656	269.906556	0.978832	0.013659	9.4
794	-0.661281	270.906556	0.975479	0.019128	11.3
795	-0.655171	271.906556	0.972148	0.014731	12.2
796	-0.664319	272.906547	0.968841	0.017775	9.9
797	-0.666975	273.906547	0.965555	0.010222	9.9
798	-0.654911	274.904503	0.962299	0.007010	8.4
799	-0.667762	275.840814	0.959264	0.012450	10.9
800	-0.641912	275.883086	0.959127	0.012570	10.5
801	-0.653969	275.511741	0.960328	0.015524	13.8
802	-0.655182	276.430833	0.957361	0.016200	11.8
803	-0.659965	277.430833	0.954153	0.012763	7.5
804	-0.670935	278.427860	0.950976	0.011118	7.8
805	-0.660082	279.422076	0.947828	0.011781	8.3
806	-0.653197	279.050670	0.949002	0.008500	12.3
807	-0.662521	278.681189	0.950172	0.012414	11.4
808	-0.664924	279.644612	0.947127	0.010037	14.2
809	-0.654344	280.468598	0.944538	0.013427	11.9
810	-0.670066	281.465191	0.941426	0.011705	10.4
811	-0.654694	281.096253	0.942576	0.015658	9.8
812	-0.664821	281.084979	0.942611	0.012439	10.9
813	-0.658629	281.601571	0.941002	0.009330	8.7
814	-0.661609	282.110782	0.939421	0.011939	8.8
815	-0.651693	281.825288	0.940306	0.011593	10.2
816	-0.658684	281.649722	0.940852	0.009490	12.7
817	-0.660032	281.278592	0.942007	0.014900	7.4
818	-0.667661	280.907206	0.943166	0.012338	9.9
819	-0.659313	280.539699	0.944315	0.013772	9.6
820	-0.670571	281.524909	0.941240	0.011971	12.7
821	-0.660584	282.524596	0.938140	0.016540	15.2
822	-0.656653	283.524588	0.935059	0.012765	10.9
823	-0.655863	284.524588	0.931999	0.019998	12.6
824	-0.652234	285.524559	0.928958	0.010013	14.3
825	-0.655310	286.524557	0.925938	0.014169	10.0
826	-0.669963	287.448384	0.923164	0.012036	12.9
827	-0.658589	288.448322	0.920181	0.013651	11.3
828	-0.657193	289.437517	0.917249	0.015402	10.7
829	-0.662775	289.068642	0.918340	0.019860	10.8
830	-0.663870	290.068642	0.915388	0.012206	15.6
831	-0.638750	290.786002	0.913282	0.014763	7.4
832	-0.655268	290.414582	0.914371	0.011394	9.2
833	-0.664088	290.057663	0.915421	0.018711	9.7
834	-0.653234	291.057585	0.912487	0.018125	7.3
835	-0.662911	290.686162	0.913575	0.010309	8.2
836	-0.659380	291.686141	0.910653	0.010495	11.6
837	-0.662058	292.307880	0.908846	0.009752	9.6
838	-0.647966	292.624235	0.907929	0.010389	9.6
839	-0.662405	293.585352	0.905155	0.011760	11.2
840	-0.650382	294.585278	0.902287	0.016567	10.2
841	-0.657830	294.213855	0.903350	0.008166	12.9
842	-0.672902	295.202372	0.900526	0.015522	13.4
843	-0.657035	294.831271	0.901584	0.013504	7.6
844	-0.666800	295.831269	0.898739	0.022906	8.0
845	-0.660851	295.503202	0.899670	0.014534	9.8
846	-0.653894	295.423054	0.899898	0.012649	10.5
847	-0.668005	296.395543	0.897141	0.014019	19.3
848	-0.658120	297.388654	0.894343	0.009595	7.6
849	-0.648731	298.388081	0.891544	0.014758	11.9
850	-0.663699	298.775375	0.890464	0.018113	12.1
851	-0.668528	299.775375	0.887688	0.009665	10.5
852	-0.660131	300.738949	0.885030	0.020035	10.0
853	-0.654721	301.738885	0.882288	0.014858	13.3
854	-0.661838	301.367463	0.883304	0.015924	10.5
855	-0.663640	301.040109	0.884202	0.012308	12.3
856	-0.664591	302.040100	0.881465	0.009737	11.3
857	-0.656741	303.040091	0.878745	0.015749	12.3
858	-0.664722	303.367298	0.877858	0.012111	10.7
859	-0.657743	304.339205	0.875236	0.013655	10.7
860	-0.662066	305.339205	0.872554	0.019458	11.1
861	-0.661427	306.339205	0.869888	0.016019	7.2
862	-0.652881	305.967782	0.870877	0.014483	11.8
863	-0.652875	305.873207	0.871129	0.019102	12.0
864	-0.650738	306.732813	0.868844	0.008171	10.0
865	-0.651257	306.361545	0.869829	0.015949	14.1
866	-0.664058	306.111622	0.870494	0.013425	10.1
867	-0.668200	307.111622	0.867841	0.017138	10.0
868	-0.661930	306.868347	0.868484	0.014613	10.6
869	-0.665526	307.868347	0.865844	0.010718	8.5
870	-0.660026	307.813868	0.865987	0.013552	9.8
871	-0.662311	307.445939	0.866957	0.014479	10.3
872	-0.660403	308.445939	0.864326	0.015879	10.5
873	-0.660259	309.445939	0.861710	0.011940	14.1
874	-0.669033	309.078153	0.862670	0.013334	12.4
875	-0.658900	310.077285	0.860067	0.011433	12.6
876	-0.657246	309.707118	0.861029	0.016615	9.9
877	-0.666041	310.707116	0.858434	0.015668	13.3
878	-0.669048	311.707116	0.855854	0.016434	11.5
879	-0.662890	312.699536	0.853308	0.010280	11.4
880	-0.668198	312.328158	0.854259	0.012070	11.1
881	-0.652897	312.245289	0.854471	0.013100	12.7
882	-0.668777	313.129903	0.852209	0.013311	13.0
883	-0.656358	314.129875	0.849666	0.011955	10.7
884	-0.651116	313.758452	0.850609	0.018550	10.9
885	-0.655726	313.387030	0.851554	0.016201	9.8
886	-0.656508	314.376008	0.849043	0.016943	9.9
887	-0.649893	315.376005	0.846519	0.010687	13.4
888	-0.654414	315.297225	0.846717	0.017797	9.5
889	-0.671471	315.967105	0.845034	0.010831	13.5
890	-0.662878	316.967083	0.842533	0.014849	11.8
891	-0.656062	316.595660	0.843460	0.007776	12.8
892	-0.663686	316.237946	0.844355	0.010832	24.4
893	-0.671823	316.875552	0.842762	0.009905	20.9
894	-0.672758	316.506712	0.843683	0.009706	12.5
895	-0.661819	317.489304	0.841234	0.012184	8.5
896	-0.663821	318.488661	0.838757	0.013482	12.7
897	-0.656321	319.056719	0.837356	0.013723	10.3
898	-0.654057	318.691105	0.838257	0.014436	11.4
899	-0.663963	319.691105	0.835797	0.014088	12.4
900	-0.656917	320.691105	0.833351	0.018107	8.6
901	-0.656831	321.691104	0.830919	0.017916	11.4
902	-0.657905	321.459903	0.831480	0.015555	10.3
903	-0.654369	321.088480	0.832383	0.009272	10.7
904	-0.648173	322.088472	0.829957	0.014798	9.4
905	-0.660955	322.449440	0.829084	0.016896	13.7
906	-0.657505	323.444705	0.826689	0.007960	16.5
907	-0.656613	324.444681	0.824296	0.008506	8.4
908	-0.658324	325.288617	0.822287	0.014220	7.9
909	-0.661555	324.943474	0.823107	0.020739	8.0
910	-0.663707	325.943473	0.820735	0.014988	11.8
911	-0.670886	326.943467	0.818376	0.012404	8.1
912	-0.654298	326.579540	0.819233	0.010602	12.4
913	-0.662218	326.208117	0.820109	0.010154	9.6
914	-0.659117	326.362912	0.819744	0.013265	13.1
915	-0.659142	326.769961	0.818784	0.017723	11.3
916	-0.662474	327.769961	0.816437	0.016630	10.5
917	-0.667270	327.398542	0.817307	0.013003	7.7
918	-0.658352	328.398540	0.814968	0.011936	11.6
919	-0.663716	328.054584	0.815771	0.015599	16.3
920	-0.663520	329.054374	0.813441	0.009730	11.8
921	-0.659106	328.711802	0.814238	0.014009	11.4
922	-0.662479	328.340553	0.815103	0.015156	11.3
923	-0.652851	327.971640	0.815965	0.017208	7.5
924	-0.650726	327.600217	0.816834	0.017972	7.7
925	-0.649812	328.600213	0.814498	0.012401	12.7
926	-0.660722	329.244134	0.813000	0.016535	10.4
927	-0.661547	330.242608	0.810689	0.008654	9.4
928	-0.656286	330.144393	0.810916	0.013093	13.2
929	-0.664755	329.804952	0.811701	0.013113	12.8
930	-0.668085	329.500309	0.812406	0.007946	20.0
931	-0.654845	329.128895	0.813268	0.015183	10.1
932	-0.646354	328.765129	0.814114	0.010812	17.2
933	-0.662387	329.764879	0.811793	0.011349	9.1
934	-0.651768	330.759682	0.809497	0.011744	9.8
935	-0.651801	330.419314	0.810282	0.014926	12.8
936	-0.651511	330.047899	0.811139	0.012945	10.1
937	-0.656983	331.047897	0.808835	0.011112	11.0
938	-0.663660	330.676474	0.809689	0.018202	11.5
939	-0.654392	331.676474	0.807393	0.022075	11.7
940	-0.664346	332.676474	0.805110	0.010619	13.7
941	-0.660319	333.676474	0.802840	0.021322	10.1
942	-0.662595	333.305051	0.803682	0.009093	11.2
943	-0.661558	334.105684	0.801870	0.013764	12.5
944	-0.663023	335.105671	0.799618	0.012044	9.2
945	-0.655867	336.101398	0.797389	0.008317	12.0
946	-0.674460	335.730031	0.798219	0.014423	8.9
947	-0.661140	336.720864	0.796008	0.013731	11.6
948	-0.658612	336.349441	0.796835	0.008421	10.0
949	-0.661989	335.978247	0.797664	0.012952	9.8
950	-0.650752	335.727412	0.798225	0.009849	10.2
951	-0.656767	336.727411	0.795993	0.014667	13.2
952	-0.644486	336.662622	0.796137	0.010770	10.6
953	-0.666054	337.662613	0.793918	0.011302	16.1
954	-0.654718	337.291240	0.794741	0.009705	10.0
955	-0.660573	336.919848	0.795565	0.014990	8.9
956	-0.656791	337.774702	0.793670	0.010568	8.8
957	-0.652966	338.421266	0.792242	0.013680	9.6
958	-0.661315	338.049992	0.793061	0.016482	10.6
959	-0.659325	338.829399	0.791343	0.018958	9.2
960	-0.667146	339.829399	0.789150	0.017003	11.5
961	-0.645894	339.457979	0.789963	0.015352	12.3
962	-0.652948	339.086556	0.790778	0.013114	12.1
963	-0.660251	340.077595	0.788608	0.012734	6.8
964	-0.659576	339.706172	0.789420	0.016630	9.3
965	-0.661254	340.122855	0.788509	0.013659	9.8
966	-0.657048	339.751438	0.789321	0.012144	11.3
967	-0.662364	339.400119	0.790090	0.018780	11.4
968	-0.672938	339.028698	0.790905	0.014702	9.1
969	-0.671746	338.696621	0.791635	0.017549	18.6
970	-0.659508	339.695392	0.789443	0.018273	18.0
971	-0.660933	339.323969	0.790257	0.013314	7.6
972	-0.655303	340.323967	0.788070	0.013130	9.1
973	-0.656605	341.194965	0.786175	0.020896	8.5
974	-0.673333	340.823542	0.786982	0.016024	10.8
975	-0.660592	341.823542	0.784813	0.011654	10.3
976	-0.659949	341.467667	0.785583	0.008923	8.3
977	-0.670022	342.467544	0.783422	0.016693	7.0
978	-0.661731	343.439177	0.781334	0.011112	10.2
979	-0.652502	344.102221	0.779915	0.014083	6.6
980	-0.673212	345.102221	0.777784	0.014666	6.7
981	-0.658242	344.730804	0.778574	0.015507	6.6
982	-0.669709	345.727801	0.776458	0.011717	6.6
983	-0.656688	345.357332	0.777243	0.010442	6.8
984	-0.664868	346.357326	0.775127	0.011736	6.4
985	-0.671823	345.986165	0.775911	0.010978	7.2
986	-0.672000	346.962343	0.773852	0.020959	9.2
987	-0.655254	346.590920	0.774634	0.018062	10.5
988	-0.656733	347.590920	0.772533	0.011851	10.3
989	-0.667965	347.219500	0.773312	0.017232	8.5
990	-0.662921	346.850054	0.774089	0.012069	11.1
991	-0.661539	347.850054	0.771990	0.009399	15.2
992	-0.655137	347.490915	0.772742	0.013070	7.9
993	-0.656695	348.489506	0.770654	0.011110	10.6
994	-0.659405	349.489263	0.768574	0.011551	13.7
995	-0.661549	349.368920	0.768824	0.013688	15.0
996	-0.656848	348.997909	0.769595	0.017667	6.5
997	-0.652585	349.997909	0.767521	0.015245	9.8
998	-0.670173	349.626486	0.768290	0.011645	8.5
999	-0.653413	349.255100	0.769061	0.011651	7.9
1000	-0.650542	349.295400	0.768977	0.010933	8.0
1001	-0.647148	349.857803	0.767811	0.010906	8.5
1002	-0.667815	350.572718	0.766333	0.012450	11.8
1003	-0.650724	351.149557	0.765146	0.011805	8.7
1004	-0.665106	350.782479	0.765901	0.014140	11.3
1005	-0.649649	350.504871	0.766473	0.014560	9.9
1006	-0.654341	351.504759	0.764416	0.016600	10.1
1007	-0.666927	352.504759	0.762369	0.016459	11.8
1008	-0.645737	353.504759	0.760334	0.009216	7.2
1009	-0.656594	353.136345	0.761082	0.013752	11.9
1010	-0.655288	354.136196	0.759054	0.012015	13.5
1011	-0.653697	353.779577	0.759776	0.013690	8.0
1012	-0.663217	353.408180	0.760530	0.017255	7.3
1013	-0.656091	353.036757	0.761285	0.008287	7.5
1014	-0.667667	354.036755	0.759255	0.011415	10.6
1015	-0.647789	353.665571	0.760007	0.012975	9.3
1016	-0.660840	353.711120	0.759915	0.012191	9.2
1017	-0.654645	354.224940	0.758874	0.010190	18.6
1018	-0.652037	354.061913	0.759204	0.017567	12.8
1019	-0.658543	353.692247	0.759953	0.013961	10.8
1020	-0.641579	354.691321	0.757932	0.018004	11.8
1021	-0.654129	355.691321	0.755920	0.014431	11.7
1022	-0.661363	356.691321	0.753919	0.016807	11.2
1023	-0.669072	356.997497	0.753308	0.010484	13.6
1024	-0.666222	356.627757	0.754046	0.010242	7.3
1025	-0.670167	357.627748	0.752054	0.015422	8.9
1026	-0.664128	357.256747	0.752792	0.009940	11.8
1027	-0.670934	356.886048	0.753530	0.007721	8.1
1028	-0.667961	357.455147	0.752397	0.014838	9.6
1029	-0.650437	357.521476	0.752265	0.012349	8.8
1030	-0.666248	357.150113	0.753004	0.012081	8.2
1031	-0.655116	358.108028	0.751101	0.010221	9.5
1032	-0.654694	359.107541	0.749126	0.020329	11.2
1033	-0.663789	360.077265	0.747220	0.016251	16.3
1034	-0.665944	360.986531	0.745441	0.008464	12.3
1035	-0.652700	361.981186	0.743505	0.013183	9.0
1036	-0.639699	362.953959	0.741622	0.011077	7.9
1037	-0.646897	362.582660	0.742340	0.012910	8.7
1038	-0.645651	362.211906	0.743058	0.014282	11.6
1039	-0.654863	363.211906	0.741124	0.008614	10.9
1040	-0.663676	364.133124	0.739351	0.012705	10.4
1041	-0.664566	363.761703	0.740065	0.012025	13.6
1042	-0.655250	364.761656	0.738146	0.012702	16.2
1043	-0.667684	365.092549	0.737514	0.012421	13.0
1044	-0.662355	365.779953	0.736203	0.017679	10.4
1045	-0.663981	366.779944	0.734305	0.014855	13.3
1046	-0.660411	367.773813	0.732427	0.011347	11.3
1047	-0.658893	368.577607	0.730916	0.010507	9.2
1048	-0.665653	368.858931	0.730389	0.014632	12.8
1049	-0.663495	369.624124	0.728958	0.012671	10.0
1050	-0.664154	369.253280	0.729651	0.011627	11.6
1051	-0.664187	370.005246	0.728247	0.008977	11.2
1052	-0.647592	371.004976	0.726390	0.011859	11.1
1053	-0.648443	370.992138	0.726414	0.010594	15.3
1054	-0.669720	371.094915	0.726224	0.019385	13.3
1055	-0.663489	371.889994	0.724754	0.018796	13.9
1056	-0.663429	372.889994	0.722914	0.020637	16.5
1057	-0.659500	373.889994	0.721083	0.012704	13.5
1058	-0.662352	373.518589	0.721762	0.019939	8.9
1059	-0.661345	374.516384	0.719941	0.010342	13.1
1060	-0.659903	374.155719	0.720598	0.015701	10.7
1061	-0.666522	374.260787	0.720407	0.015416	12.5
1062	-0.664846	373.889509	0.721084	0.010294	10.5
1063	-0.659305	373.545369	0.721713	0.011303	10.4
1064	-0.643134	374.517931	0.719938	0.015445	16.3
1065	-0.656662	374.146509	0.720615	0.013117	11.0
1066	-0.649309	375.146445	0.718796	0.015097	11.4
1067	-0.652351	376.145908	0.716987	0.009578	15.2
1068	-0.652462	375.834305	0.717550	0.014785	9.9
1069	-0.660480	375.463265	0.718222	0.012268	12.0
1070	-0.651443	376.442555	0.716452	0.020697	13.3
1071	-0.659461	377.442546	0.714654	0.014563	12.4
1072	-0.656750	378.442546	0.712865	0.010899	9.5
1073	-0.669295	378.119119	0.713443	0.008888	11.6
1074	-0.659109	379.101903	0.711690	0.015083	11.8
1075	-0.652785	378.741699	0.712331	0.009651	11.3
1076	-0.658337	379.722462	0.710588	0.011214	11.5
1077	-0.661511	380.676556	0.708900	0.013374	12.0
1078	-0.656089	380.305166	0.709556	0.011889	11.5
1079	-0.660752	381.302463	0.707797	0.017081	8.3
1080	-0.647072	382.288141	0.706067	0.013426	7.1
1081	-0.661865	381.916751	0.706718	0.009105	6.7
1082	-0.658066	382.916558	0.704969	0.014722	7.3
1083	-0.656741	382.545162	0.705618	0.014059	8.3
1084	-0.658026	382.173755	0.706268	0.016018	12.7
1085	-0.656464	383.171359	0.704524	0.014584	11.4
1086	-0.666315	382.799942	0.705172	0.019901	11.9
1087	-0.659328	383.795037	0.703439	0.015257	11.5
1088	-0.659917	384.795037	0.701705	0.011074	12.8
1089	-0.662030	385.767373	0.700028	0.009041	9.7
1090	-0.663742	385.533710	0.700430	0.009336	11.7
1091	-0.656539	385.162470	0.701071	0.007885	11.7
1092	-0.654818	386.134603	0.699397	0.016125	16.1
1093	-0.663507	387.134592	0.697683	0.015092	13.0
1094	-0.666686	386.763170	0.698319	0.015025	14.2
1095	-0.672535	387.763170	0.696610	0.018192	11.2
1096	-0.655366	387.391747	0.697244	0.012181	11.3
1097	-0.655662	388.391020	0.695542	0.015098	9.4
1098	-0.666485	388.019597	0.696173	0.009325	10.3
1099	-0.666530	388.921331	0.694642	0.012774	13.3
1100	-0.664436	388.550109	0.695272	0.012295	7.5
1101	-0.653804	388.178686	0.695903	0.012936	7.8
1102	-0.663586	388.642822	0.695114	0.013024	8.0
1103	-0.663195	388.271500	0.695745	0.012232	13.0
1104	-0.660581	389.270307	0.694051	0.012974	12.0
1105	-0.671512	390.270307	0.692364	0.015757	14.0
1106	-0.650402	391.270294	0.690684	0.010535	13.8
1107	-0.654554	390.902145	0.691302	0.017307	11.4
1108	-0.656510	391.902030	0.689627	0.014130	9.8
1109	-0.654021	392.732006	0.688244	0.013943	14.2
1110	-0.657581	393.732006	0.686585	0.019211	12.1
1111	-0.656525	394.732006	0.684933	0.015863	10.4
1112	-0.648496	394.360583	0.685545	0.017989	14.5
1113	-0.659939	395.121893	0.684291	0.014126	10.2
1114	-0.654056	396.121893	0.682651	0.008453	10.6
1115	-0.663139	396.592534	0.681881	0.010626	13.5
1116	-0.652994	396.995012	0.681225	0.012728	11.3
1117	-0.665796	397.988609	0.679609	0.011742	11.0
1118	-0.655337	397.617187	0.680212	0.013635	11.0
1119	-0.660748	397.545307	0.680329	0.012696	8.9
1120	-0.659987	397.185014	0.680915	0.013402	12.2
1121	-0.656576	398.183350	0.679294	0.022052	8.3
1122	-0.657060	399.128480	0.677765	0.014118	24.0
1123	-0.660925	400.128480	0.676156	0.012972	19.1
1124	-0.657482	399.757057	0.676753	0.009042	18.2
1125	-0.667266	400.756982	0.675148	0.012655	13.7
1126	-0.656115	400.970303	0.674807	0.017090	21.4
1127	-0.653292	401.544737	0.673890	0.012682	16.9
1128	-0.658088	401.173314	0.674483	0.013266	10.4
1129	-0.661839	402.173294	0.672889	0.015812	10.0
1130	-0.663011	403.173291	0.671302	0.016905	9.8
1131	-0.654338	402.801869	0.671891	0.014493	14.6
1132	-0.663607	403.801868	0.670309	0.012204	17.7
1133	-0.664708	404.602394	0.669048	0.013758	25.6
1134	-0.657852	404.487323	0.669229	0.010443	11.5
1135	-0.652015	405.487198	0.667660	0.014062	14.1
1136	-0.653604	406.487197	0.666098	0.013750	12.0
1137	-0.659209	406.116175	0.666677	0.010398	20.3
1138	-0.651175	406.849201	0.665535	0.017891	14.8
1139	-0.655417	406.477778	0.666113	0.017963	12.8
1140	-0.660221	407.477778	0.664559	0.019291	8.9
1141	-0.643538	407.106355	0.665135	0.016527	11.8
1142	-0.666568	408.090946	0.663609	0.020194	9.8
1143	-0.664342	407.719523	0.664184	0.013841	12.1
1144	-0.661186	408.719523	0.662638	0.016628	9.5
1145	-0.657115	408.348100	0.663211	0.011870	13.1
1146	-0.663421	409.348025	0.661670	0.012387	8.7
1147	-0.663600	409.742735	0.661064	0.021886	13.1
1148	-0.662404	410.742735	0.659533	0.011220	11.7
1149	-0.662793	411.652071	0.658147	0.014642	13.9
1150	-0.659919	412.652071	0.656629	0.015448	9.3
1151	-0.663306	413.652071	0.655118	0.015791	13.7
1152	-0.652953	413.280648	0.655679	0.019179	14.8
1153	-0.648167	412.909225	0.656240	0.018844	13.8
1154	-0.662613	412.774460	0.656444	0.011010	9.6
1155	-0.659438	413.774435	0.654934	0.014094	12.1
1156	-0.660851	414.774431	0.653431	0.015600	15.1
1157	-0.658580	414.417765	0.653966	0.011218	8.1
1158	-0.654997	414.046342	0.654525	0.017337	11.7
1159	-0.662101	413.685599	0.655068	0.008686	15.1
1160	-0.667160	414.685579	0.653564	0.012262	11.9
1161	-0.654325	415.372260	0.652536	0.008648	8.3
1162	-0.662638	415.007310	0.653082	0.017411	7.1
1163	-0.664994	414.635901	0.653639	0.014693	12.5
1164	-0.654864	415.627398	0.652155	0.021060	16.2
1165	-0.660436	416.392748	0.651013	0.016901	16.0
1166	-0.651198	416.024474	0.651562	0.012290	11.1
1167	-0.662925	416.268592	0.651198	0.010439	12.5
1168	-0.667790	417.248525	0.649742	0.009324	12.2
1169	-0.661580	416.877132	0.650293	0.016932	9.7
1170	-0.655309	417.877131	0.648812	0.012230	11.3
1171	-0.655779	418.381235	0.648067	0.011050	11.0
1172	-0.666615	419.379678	0.646598	0.012937	7.4
1173	-0.663183	420.375940	0.645138	0.014123	8.6
1174	-0.648531	420.154390	0.645462	0.011899	13.4
1175	-0.661995	420.136743	0.645488	0.012120	11.0
1176	-0.654109	421.125543	0.644045	0.018295	11.0
1177	-0.669482	422.125543	0.642591	0.019758	9.7
1178	-0.658127	423.125540	0.641144	0.007864	12.4
1179	-0.665393	424.124689	0.639705	0.013827	9.0
1180	-0.653347	423.760462	0.640229	0.014556	7.9
1181	-0.651044	424.760462	0.638793	0.011700	14.4
1182	-0.649258	425.760354	0.637363	0.015309	15.3
1183	-0.667895	426.695451	0.636032	0.008550	16.2
1184	-0.651610	427.360079	0.635089	0.011596	14.6
1185	-0.659204	428.260730	0.633816	0.010124	15.9
1186	-0.666636	429.107701	0.632623	0.017555	13.0
1187	-0.664666	430.072738	0.631270	0.013083	13.3
1188	-0.657514	431.072738	0.629873	0.015764	8.3
1189	-0.653947	430.701348	0.630391	0.013285	12.8
1190	-0.652512	430.419216	0.630785	0.011650	15.7
1191	-0.664884	431.417211	0.629394	0.007665	16.7
1192	-0.654741	432.338624	0.628115	0.010825	10.5
1193	-0.658337	432.439712	0.627974	0.018627	10.2
1194	-0.659007	433.439712	0.626593	0.012772	8.4
1195	-0.670351	433.071754	0.627100	0.010723	8.6
1196	-0.668285	433.207501	0.626913	0.011344	9.4
1197	-0.661276	434.098720	0.625685	0.012208	9.5
1198	-0.661165	435.097689	0.624315	0.011626	11.6
1199	-0.640551	435.724720	0.623458	0.011289	9.3
1200	-0.652528	435.353456	0.623965	0.011521	6.9
1201	-0.655088	434.983377	0.624471	0.015509	8.7
1202	-0.671377	435.982773	0.623106	0.018737	10.1
1203	-0.670151	436.893890	0.621866	0.013267	19.1
1204	-0.661613	437.893866	0.620511	0.010137	8.3
1205	-0.652661	437.522480	0.621013	0.013003	13.7
1206	-0.667201	438.478872	0.619721	0.009973	8.7
1207	-0.662771	438.107682	0.620222	0.014104	11.6
1208	-0.661767	437.763655	0.620687	0.007771	10.5
1209	-0.658616	438.763578	0.619337	0.011371	12.8
1210	-0.676726	438.392365	0.619837	0.014190	12.7
1211	-0.650633	438.021257	0.620339	0.011627	12.8
1212	-0.648656	439.021216	0.618990	0.021164	13.4
1213	-0.655370	438.649808	0.619490	0.015644	12.1
1214	-0.656097	439.649808	0.618145	0.016357	12.7
1215	-0.645166	439.278385	0.618644	0.013768	14.9
1216	-0.661498	440.278385	0.617303	0.007216	10.8
1217	-0.669522	441.278382	0.615968	0.015179	13.5
1218	-0.657157	442.277955	0.614639	0.013373	12.7
1219	-0.672923	441.906532	0.615132	0.015447	11.3
1220	-0.655700	442.906462	0.613806	0.015313	10.1
1221	-0.646565	442.535039	0.614298	0.012208	9.9
1222	-0.672872	442.163619	0.614790	0.021335	10.2
1223	-0.669353	443.163619	0.613466	0.012314	9.9
1224	-0.662891	442.792196	0.613957	0.012186	6.6
1225	-0.660126	443.743575	0.612700	0.008977	6.8
1226	-0.653116	443.372542	0.613190	0.022594	9.3
1227	-0.648260	444.372409	0.611872	0.019024	14.0
1228	-0.663358	445.305751	0.610648	0.018496	10.9
1229	-0.659389	444.934328	0.611135	0.015937	12.6
1230	-0.660411	445.934197	0.609826	0.011614	9.1
1231	-0.669365	446.934197	0.608523	0.011476	13.1
1232	-0.647388	447.932761	0.607227	0.017537	7.6
1233	-0.659676	448.932536	0.605935	0.012230	7.3
1234	-0.656201	448.563623	0.606411	0.012718	11.0
1235	-0.659243	448.201485	0.606879	0.009771	10.8
1236	-0.668778	447.836629	0.607351	0.011584	10.1
1237	-0.652404	448.836604	0.606059	0.011530	10.3
1238	-0.646399	449.663094	0.604994	0.014990	13.3
1239	-0.673940	449.291672	0.605472	0.016645	12.6
1240	-0.658541	448.921111	0.605950	0.013689	10.6
1241	-0.657456	449.921111	0.604663	0.009396	11.7
1242	-0.666023	450.920995	0.603382	0.010472	11.9
1243	-0.652303	450.645446	0.603734	0.010727	13.3
1244	-0.656711	450.274121	0.604210	0.011122	10.6
1245	-0.663183	450.854068	0.603467	0.011145	11.7
1246	-0.666126	450.482727	0.603943	0.014835	14.4
1247	-0.666233	451.482716	0.602665	0.012486	12.9
1248	-0.651571	452.406357	0.601489	0.016723	12.7
1249	-0.652902	453.201886	0.600480	0.010837	9.0
1250	-0.660360	454.173455	0.599252	0.016165	15.2
1251	-0.652824	453.815007	0.599704	0.011876	15.0
1252	-0.661892	454.815007	0.598444	0.016676	16.5
1253	-0.652406	454.447123	0.598907	0.014145	14.9
1254	-0.656288	455.445364	0.597652	0.013749	14.1
1255	-0.667589	456.305534	0.596575	0.013213	10.9
1256	-0.656182	457.305513	0.595328	0.013291	13.0
1257	-0.651833	456.954083	0.595766	0.014732	12.4
1258	-0.668535	457.954083	0.594522	0.014181	10.7
1259	-0.658858	458.562481	0.593767	0.011620	10.3
1260	-0.662182	459.561444	0.592533	0.015046	12.1
1261	-0.659151	460.561444	0.591303	0.009754	12.1
1262	-0.639492	460.194113	0.591754	0.014166	12.4
1263	-0.652625	459.825355	0.592208	0.018031	12.5
1264	-0.654473	459.453932	0.592666	0.016465	12.1
1265	-0.665273	460.453932	0.591435	0.016967	8.2
1266	-0.652506	460.082509	0.591891	0.013468	10.0
1267	-0.673801	461.082509	0.590664	0.010930	9.4
1268	-0.665091	462.082509	0.589441	0.020783	15.4
1269	-0.656039	461.711086	0.589894	0.014689	12.8
1270	-0.652223	461.339663	0.590349	0.018708	12.5
1271	-0.664490	462.339663	0.589127	0.007255	15.0
1272	-0.661947	461.968314	0.589580	0.011428	12.2
1273	-0.646966	462.611815	0.588796	0.010571	13.0
1274	-0.685162	462.240457	0.589248	0.010251	11.3
1275	-0.654219	461.887652	0.589679	0.011023	10.8
1276	-0.669479	461.516229	0.590133	0.017096	11.2
1277	-0.654389	461.230911	0.590482	0.017177	10.2
1278	-0.655852	462.230883	0.589260	0.015057	9.7
1279	-0.664848	461.859793	0.589713	0.019435	11.2
1280	-0.659443	462.859793	0.588494	0.012145	12.7
1281	-0.654317	463.166392	0.588121	0.014544	11.9
1282	-0.661459	464.165650	0.586910	0.013829	11.0
1283	-0.654142	465.164042	0.585705	0.011464	11.6
1284	-0.657194	465.575412	0.585210	0.016061	14.5
1285	-0.659638	466.575411	0.584009	0.010859	7.9
1286	-0.664133	466.392940	0.584228	0.019507	14.3
1287	-0.663852	466.076657	0.584607	0.014089	7.5
1288	-0.668282	467.070981	0.583416	0.012313	7.5
1289	-0.673385	468.070981	0.582223	0.020653	9.6
1290	-0.653470	468.903517	0.581234	0.014684	15.8
1291	-0.655513	469.903443	0.580050	0.016808	17.1
1292	-0.654172	469.532020	0.580489	0.015778	11.6
1293	-0.652169	469.841094	0.580124	0.015171	9.0
1294	-0.655579	470.841005	0.578944	0.013745	7.8
1295	-0.663258	471.841005	0.577770	0.010035	11.3
1296	-0.668785	471.470511	0.578204	0.011369	8.7
1297	-0.672981	472.106267	0.577459	0.016742	13.0
1298	-0.661008	473.106097	0.576290	0.009067	11.4
1299	-0.657959	474.067248	0.575172	0.016558	11.2
1300	-0.662042	473.722404	0.575572	0.010505	12.2
1301	-0.659094	473.350993	0.576005	0.012179	10.6
1302	-0.659831	474.347509	0.574846	0.008042	11.1
1303	-0.650521	474.077428	0.575160	0.012509	12.8
1304	-0.663698	473.726831	0.575567	0.012475	10.0
1305	-0.659517	473.355644	0.575999	0.007264	11.7
1306	-0.668089	472.984532	0.576432	0.010598	14.3
1307	-0.657096	472.614697	0.576864	0.012563	10.3
1308	-0.661894	473.614668	0.575698	0.011394	9.8
1309	-0.653890	474.614646	0.574536	0.011090	12.5
1310	-0.653668	475.591305	0.573406	0.019607	9.2
1311	-0.654689	476.591305	0.572254	0.015445	9.8
1312	-0.657102	476.219930	0.572681	0.014890	10.2
1313	-0.665750	475.852456	0.573105	0.013182	14.6
1314	-0.660257	475.481037	0.573534	0.023617	9.7
1315	-0.661847	476.481031	0.572381	0.013269	10.4
1316	-0.659461	476.109621	0.572808	0.017088	8.8
1317	-0.681531	477.109621	0.571658	0.013526	8.5
1318	-0.663575	476.738198	0.572085	0.009976	8.0
1319	-0.659933	477.735788	0.570941	0.012838	15.3
1320	-0.665610	478.568976	0.569989	0.016410	7.2
1321	-0.666952	478.197553	0.570413	0.012932	6.8
1322	-0.650627	479.197553	0.569272	0.009609	7.3
1323	-0.651253	478.826862	0.569694	0.013607	11.7
1324	-0.650730	478.466991	0.570105	0.011271	13.6
1325	-0.651883	478.108653	0.570514	0.012959	10.2
1326	-0.661861	479.108465	0.569374	0.012972	14.1
1327	-0.673636	478.775630	0.569753	0.017077	9.4
1328	-0.655416	478.407964	0.570172	0.013436	13.6
1329	-0.661661	479.407579	0.569033	0.013124	10.3
1330	-0.649292	479.036216	0.569456	0.010142	14.6
1331	-0.662693	478.705275	0.569833	0.013576	9.9
1332	-0.657187	479.177321	0.569295	0.013872	11.8
1333	-0.665554	480.176201	0.568161	0.009289	6.7
1334	-0.659177	481.167175	0.567039	0.013985	7.7
1335	-0.652454	482.161874	0.565918	0.009151	9.0
1336	-0.655785	481.790610	0.566336	0.008894	12.4
1337	-0.657834	481.423604	0.566750	0.015932	8.9
1338	-0.658163	481.074352	0.567144	0.017147	12.9
1339	-0.662905	480.703190	0.567564	0.012634	9.9
1340	-0.654436	480.410113	0.567896	0.007524	12.8
1341	-0.654018	480.062649	0.568289	0.008716	8.4
1342	-0.660729	479.697989	0.568703	0.014139	9.8
1343	-0.658485	479.326577	0.569125	0.011755	7.6
1344	-0.661934	478.974336	0.569526	0.017153	10.4
1345	-0.655781	478.602913	0.569950	0.013070	16.9
1346	-0.666576	479.556059	0.568865	0.014708	15.2
1347	-0.666372	479.184637	0.569287	0.014169	12.8
1348	-0.669046	478.930050	0.569577	0.015890	11.1
1349	-0.652512	478.564753	0.569993	0.012465	10.8
1350	-0.655342	478.193330	0.570417	0.012792	9.7
1351	-0.662712	477.825996	0.570837	0.009035	10.8
1352	-0.666260	477.454668	0.571263	0.013488	11.1
1353	-0.653814	478.453424	0.570120	0.012727	9.9
1354	-0.643014	479.452262	0.568982	0.014299	13.3
1355	-0.668823	479.080839	0.569405	0.014041	10.3
1356	-0.669546	478.709638	0.569828	0.010913	12.0
1357	-0.669453	478.429748	0.570147	0.014117	7.4
1358	-0.663131	478.061649	0.570568	0.021474	9.2
1359	-0.658160	479.061590	0.569427	0.011003	7.9
1360	-0.657026	478.695655	0.569844	0.012571	13.5
1361	-0.661707	478.671032	0.569872	0.023623	12.2
1362	-0.660001	479.613983	0.568799	0.009825	10.8
1363	-0.659738	479.242560	0.569221	0.011357	9.8
1364	-0.656563	480.242466	0.568085	0.014553	15.5
1365	-0.661503	479.871093	0.568507	0.015237	12.3
1366	-0.669427	479.536105	0.568887	0.009774	11.2
1367	-0.665299	479.932571	0.568437	0.010788	11.3
1368	-0.665318	480.932091	0.567305	0.011273	14.2
1369	-0.648156	480.883902	0.567359	0.013267	13.9
1370	-0.659885	481.868793	0.566248	0.012675	7.2
1371	-0.668424	481.658737	0.566485	0.014782	12.5
1372	-0.655006	482.547456	0.565485	0.013418	9.6
1373	-0.663805	483.546859	0.564365	0.012941	17.5
1374	-0.659588	483.176949	0.564779	0.012418	18.1
1375	-0.653997	482.904498	0.565084	0.013508	16.8
1376	-0.654845	482.595750	0.565431	0.013056	12.8
1377	-0.661601	483.595750	0.564310	0.010009	12.3
1378	-0.672040	483.224340	0.564726	0.011912	11.0
1379	-0.653668	484.223705	0.563609	0.013779	9.9
1380	-0.660447	485.034542	0.562706	0.008822	15.5
1381	-0.662538	485.024325	0.562717	0.008393	11.7
1382	-0.671733	485.162382	0.562564	0.019177	13.0
1383	-0.673264	486.156612	0.561461	0.016655	11.3
1384	-0.658755	487.156612	0.560356	0.017954	11.3
1385	-0.654109	488.156612	0.559255	0.014692	11.6
1386	-0.641593	489.156517	0.558159	0.015420	12.2
1387	-0.659565	488.790051	0.558560	0.014795	15.1
1388	-0.656745	489.787235	0.557470	0.012524	15.2
1389	-0.662455	490.157695	0.557066	0.008776	12.4
1390	-0.649920	490.905847	0.556252	0.009150	14.2
1391	-0.647682	491.820429	0.555260	0.012222	14.1
1392	-0.661760	492.405735	0.554627	0.013997	10.3
1393	-0.667245	492.937943	0.554052	0.013042	11.9
1394	-0.654896	493.937943	0.552976	0.016503	9.0
1395	-0.653356	493.566777	0.553375	0.008553	13.6
1396	-0.661765	494.509630	0.552363	0.008783	8.0
1397	-0.645739	495.093372	0.551738	0.015962	9.7
1398	-0.664626	496.093048	0.550672	0.015293	8.9
1399	-0.657087	495.721625	0.551068	0.008054	12.2
1400	-0.671102	496.656261	0.550073	0.009169	11.2
1401	-0.656778	497.488512	0.549190	0.019503	11.3
1402	-0.663320	498.488512	0.548133	0.010530	14.0
1403	-0.658488	499.395144	0.547178	0.008321	9.2
1404	-0.653364	499.023733	0.547568	0.010624	8.9
1405	-0.655620	498.652365	0.547960	0.014389	11.9
1406	-0.659208	499.645182	0.546915	0.012317	7.4
1407	-0.661164	499.273759	0.547305	0.012428	8.7
1408	-0.657286	498.902346	0.547696	0.012027	7.3
1409	-0.661828	499.637150	0.546923	0.016938	8.2
1410	-0.658552	499.265817	0.547314	0.020058	7.7
1411	-0.659164	498.894394	0.547705	0.012748	8.3
1412	-0.659507	499.624195	0.546937	0.015848	25.4
1413	-0.661745	499.367755	0.547206	0.016826	13.4
1414	-0.660504	500.355834	0.546169	0.013522	10.4
1415	-0.667018	500.451167	0.546069	0.010776	9.8
1416	-0.658212	500.607573	0.545906	0.016147	7.5
1417	-0.667743	500.243020	0.546288	0.012790	6.6
1418	-0.654008	499.871966	0.546677	0.017918	14.7
1419	-0.661899	500.864243	0.545637	0.016977	14.8
1420	-0.650834	500.518912	0.545999	0.014549	11.0
1421	-0.663053	501.161068	0.545327	0.010499	12.0
1422	-0.655833	500.792558	0.545712	0.019865	10.8
1423	-0.655951	501.104966	0.545386	0.011352	12.5
1424	-0.656160	502.104966	0.544343	0.013143	12.2
1425	-0.660318	503.104621	0.543305	0.013379	11.3
1426	-0.671692	504.104621	0.542270	0.012079	10.7
1427	-0.661541	503.855171	0.542528	0.012577	10.8
1428	-0.667194	504.854802	0.541497	0.016238	11.7
1429	-0.658208	504.493317	0.541869	0.009351	14.1
1430	-0.659748	505.488851	0.540844	0.007592	10.4
1431	-0.647349	506.311504	0.540001	0.017604	12.9
1432	-0.653444	506.033454	0.540286	0.013074	12.1
1433	-0.663576	505.662030	0.540667	0.017576	11.0
1434	-0.658014	506.659298	0.539645	0.017263	10.9
1435	-0.662978	507.659298	0.538624	0.018664	13.7
1436	-0.659081	507.287875	0.539003	0.020349	10.5
1437	-0.662328	506.916452	0.539382	0.009542	10.6
1438	-0.655955	506.546252	0.539760	0.013333	10.3
1439	-0.654043	507.533196	0.538752	0.014816	12.4
1440	-0.666566	507.161773	0.539131	0.016347	14.1
1441	-0.665713	508.161773	0.538113	0.009365	13.0
1442	-0.652911	509.156536	0.537103	0.014437	11.8
1443	-0.659468	510.130916	0.536117	0.013500	13.3
1444	-0.660413	511.127902	0.535113	0.016614	10.5
1445	-0.665903	510.756479	0.535487	0.012856	9.5
1446	-0.658669	510.390953	0.535855	0.025123	11.3
1447	-0.673654	511.390953	0.534849	0.019887	9.6
1448	-0.654505	511.814438	0.534424	0.010999	9.0
1449	-0.657417	512.775498	0.533461	0.014701	9.5
1450	-0.649466	513.111055	0.533126	0.015110	10.8
1451	-0.659462	512.739632	0.533497	0.011178	13.5
1452	-0.649055	512.368209	0.533869	0.015233	12.2
1453	-0.660058	511.996793	0.534241	0.011994	13.5
1454	-0.661663	512.996792	0.533240	0.009417	14.1
1455	-0.665632	512.625395	0.533611	0.016003	7.5
1456	-0.654505	512.278529	0.533958	0.011515	8.6
1457	-0.668465	513.278529	0.532959	0.012308	11.9
1458	-0.662166	512.919363	0.533318	0.011432	9.1
1459	-0.653782	512.549446	0.533687	0.015474	10.0
1460	-0.671175	512.178023	0.534059	0.012410	9.7
1461	-0.663770	511.806600	0.534431	0.010864	13.9
1462	-0.659387	512.746333	0.533490	0.015148	6.7
1463	-0.663669	513.743632	0.532495	0.015084	11.1
1464	-0.666816	514.743632	0.531502	0.013137	12.6
1465	-0.663211	515.519736	0.530733	0.016914	12.2
1466	-0.664046	516.519736	0.529745	0.014753	12.1
1467	-0.650103	516.911157	0.529360	0.014025	12.3
1468	-0.653686	516.539740	0.529726	0.013428	11.2
1469	-0.667829	516.168318	0.530092	0.011640	11.8
1470	-0.664848	516.033734	0.530225	0.008131	12.4
1471	-0.663828	517.029415	0.529244	0.014783	11.2
1472	-0.648674	517.943569	0.528346	0.013172	10.5
1473	-0.656397	518.943566	0.527367	0.018413	10.2
1474	-0.664645	518.572369	0.527730	0.011369	9.3
1475	-0.657433	518.201115	0.528093	0.014724	9.0
1476	-0.651652	519.201053	0.527116	0.016948	9.0
1477	-0.649961	518.829630	0.527479	0.017137	10.4
1478	-0.653889	519.829629	0.526503	0.023136	10.5
1479	-0.649259	519.458206	0.526865	0.013749	12.6
1480	-0.648976	519.086783	0.527227	0.020569	10.3
1481	-0.657991	519.574626	0.526752	0.016343	11.6
1482	-0.663148	519.203204	0.527114	0.010466	13.2
1483	-0.646622	520.188006	0.526155	0.013088	18.6
1484	-0.662213	519.816659	0.526516	0.010323	13.1
1485	-0.664926	520.062176	0.526277	0.012906	11.3
1486	-0.660936	520.588843	0.525765	0.014750	13.3
1487	-0.662084	520.456653	0.525894	0.014192	13.3
1488	-0.663119	521.381519	0.524997	0.009898	10.0
1489	-0.666550	521.061118	0.525307	0.012704	11.1
1490	-0.672076	521.235141	0.525139	0.011287	9.2
1491	-0.661595	521.912282	0.524484	0.014821	12.6
1492	-0.660852	521.542184	0.524841	0.012997	9.1
1493	-0.660025	522.542179	0.523876	0.011285	17.0
1494	-0.666442	523.541576	0.522914	0.012939	16.8
1495	-0.645053	523.170156	0.523271	0.017442	12.5
1496	-0.652723	522.798733	0.523629	0.015577	11.5
1497	-0.661797	523.607365	0.522851	0.016119	12.4
1498	-0.654140	524.607313	0.521893	0.013418	11.7
1499	-0.657638	524.235906	0.522248	0.018648	11.5
1500	-0.667465	525.235837	0.521292	0.017768	12.6
1501	-0.655863	524.864414	0.521647	0.013312	12.1
1502	-0.657108	524.492991	0.522002	0.014619	13.5
1503	-0.659059	524.124626	0.522355	0.014351	11.9
1504	-0.656763	525.124614	0.521399	0.020968	11.0
1505	-0.652216	526.124614	0.520446	0.017434	9.8
1506	-0.671440	525.753192	0.520799	0.008937	11.0
1507	-0.659171	525.384077	0.521151	0.011959	12.5
1508	-0.652602	526.128464	0.520442	0.016446	10.3
1509	-0.658007	525.966498	0.520596	0.017431	12.1
1510	-0.648932	525.595296	0.520950	0.015565	10.7
1511	-0.654405	526.595253	0.519998	0.017971	12.1
1512	-0.661130	526.223830	0.520351	0.012229	10.5
1513	-0.655378	525.852480	0.520705	0.015744	10.2
1514	-0.659727	526.742894	0.519858	0.020919	11.4
1515	-0.659022	526.488876	0.520099	0.017513	9.6
1516	-0.669969	526.117453	0.520452	0.009593	10.1
1517	-0.662092	525.747429	0.520805	0.013077	14.3
1518	-0.653075	526.744794	0.519856	0.014087	14.9
1519	-0.665556	526.373514	0.520209	0.017069	9.1
1520	-0.672243	526.002091	0.520562	0.013328	11.9
1521	-0.663279	527.001862	0.519612	0.016594	11.3
1522	-0.669828	526.630439	0.519965	0.009866	11.5
1523	-0.667471	526.266080	0.520311	0.016110	11.3
1524	-0.657425	525.894657	0.520664	0.011704	12.9
1525	-0.671253	525.523234	0.521018	0.012633	10.7
1526	-0.662517	526.522817	0.520067	0.013433	11.2
1527	-0.654510	526.151397	0.520420	0.015270	13.3
1528	-0.661710	525.779974	0.520774	0.013075	11.9
1529	-0.653981	525.915347	0.520645	0.015239	9.3
1530	-0.651841	525.936657	0.520624	0.016212	13.7
1531	-0.652921	525.565234	0.520978	0.014178	12.0
1532	-0.660802	525.193811	0.521332	0.013102	17.0
1533	-0.656363	524.910369	0.521603	0.013283	18.8
1534	-0.649854	525.048647	0.521471	0.014810	17.1
1535	-0.671830	526.048257	0.520518	0.009576	13.2
1536	-0.664563	525.676849	0.520872	0.007667	9.3
1537	-0.662282	525.972732	0.520590	0.012429	10.3
1538	-0.648899	526.281597	0.520296	0.012756	10.2
1539	-0.671504	525.911150	0.520649	0.015972	11.1
1540	-0.652074	526.182863	0.520390	0.014028	10.7
1541	-0.661791	527.182862	0.519441	0.010850	8.2
1542	-0.673483	526.811447	0.519793	0.009703	10.1
1543	-0.670005	527.780368	0.518875	0.013162	12.1
1544	-0.651525	527.411768	0.519224	0.014949	11.7
1545	-0.661232	527.040346	0.519576	0.010365	14.0
1546	-0.668439	526.668994	0.519928	0.015896	11.7
1547	-0.663288	526.297571	0.520281	0.014384	6.6
1548	-0.648817	527.297530	0.519332	0.015969	8.7
1549	-0.649061	526.926155	0.519684	0.009843	10.2
1550	-0.671936	527.807471	0.518850	0.012534	9.6
1551	-0.663674	528.805629	0.517908	0.011045	10.6
1552	-0.647692	529.805627	0.516967	0.015930	10.9
1553	-0.645665	530.785887	0.516049	0.009109	11.6
1554	-0.658197	531.785161	0.515116	0.013347	11.7
1555	-0.671259	531.413738	0.515463	0.012844	11.8
1556	-0.659895	531.042315	0.515809	0.008439	10.6
1557	-0.655373	530.671026	0.516156	0.011171	10.3
1558	-0.657748	531.670106	0.515223	0.013116	11.7
1559	-0.651268	531.299740	0.515569	0.016753	11.2
1560	-0.658761	532.280545	0.514655	0.014969	6.2
1561	-0.673959	531.909122	0.515001	0.016027	6.7
1562	-0.660244	532.909122	0.514071	0.011056	9.8
1563	-0.666113	532.538673	0.514415	0.013251	10.5
1564	-0.655992	532.167251	0.514760	0.021213	10.0
1565	-0.657565	531.796400	0.515106	0.012739	12.1
1566	-0.657227	532.796400	0.514176	0.011623	11.4
1567	-0.675152	533.796389	0.513249	0.012591	11.2
1568	-0.657938	533.535474	0.513490	0.010360	12.5
1569	-0.657317	534.535390	0.512566	0.010523	8.9
1570	-0.656247	534.164033	0.512909	0.018745	9.9
1571	-0.669264	533.792610	0.513252	0.010096	10.1
1572	-0.665011	533.421187	0.513596	0.014406	10.7
1573	-0.665270	534.388833	0.512701	0.011225	12.1
1574	-0.650921	535.388762	0.511780	0.009821	11.0
1575	-0.660398	535.017352	0.512122	0.013964	18.9
1576	-0.662089	534.656882	0.512454	0.010257	19.2
1577	-0.666894	535.626775	0.511561	0.012631	15.5
1578	-0.657147	535.256650	0.511901	0.009801	11.6
1579	-0.669788	534.885229	0.512243	0.021029	11.8
1580	-0.660894	534.513864	0.512586	0.014436	11.8
1581	-0.665550	535.513864	0.511665	0.018356	12.9
1582	-0.665757	536.513820	0.510747	0.011877	13.9
1583	-0.664093	536.197286	0.511037	0.017960	11.3
1584	-0.670935	535.825865	0.511378	0.021561	10.8
1585	-0.655740	536.825737	0.510462	0.008695	11.5
1586	-0.658962	537.818773	0.509554	0.013794	13.5
1587	-0.659245	538.798197	0.508663	0.016347	11.3
1588	-0.669741	538.426777	0.509001	0.014927	13.4
1589	-0.659771	538.055386	0.509339	0.020451	9.5
1590	-0.661057	539.055386	0.508429	0.008139	9.1
1591	-0.664803	539.489067	0.508036	0.016381	9.9
1592	-0.664029	539.117660	0.508373	0.009940	8.3
1593	-0.670085	538.746237	0.508710	0.016973	6.6
1594	-0.668350	538.772494	0.508686	0.013857	11.1
1595	-0.657629	538.462176	0.508968	0.016203	11.7
1596	-0.665369	539.462176	0.508060	0.017697	8.5
1597	-0.658345	539.090753	0.508397	0.011234	9.8
1598	-0.667466	538.719339	0.508735	0.012789	7.7
1599	-0.669300	538.680130	0.508770	0.015592	13.0
1600	-0.664696	539.677984	0.507865	0.016509	13.1
1601	-0.667003	539.306561	0.508201	0.008526	7.9
1602	-0.661525	538.935985	0.508538	0.016846	8.8
1603	-0.655241	538.564563	0.508875	0.011873	7.9
1604	-0.659781	538.992704	0.508486	0.012201	9.4
1605	-0.653826	538.626671	0.508819	0.012290	9.7
1606	-0.661682	539.626444	0.507911	0.014896	8.1
1607	-0.659931	539.256983	0.508246	0.013043	7.2
1608	-0.653482	539.078374	0.508408	0.015829	11.1
1609	-0.663922	538.708040	0.508745	0.011610	10.9
1610	-0.659043	539.706057	0.507839	0.011369	6.3
1611	-0.664778	539.334994	0.508176	0.014181	8.6
1612	-0.654686	539.994634	0.507578	0.014476	14.3
1613	-0.650392	539.623211	0.507914	0.009814	9.6
1614	-0.659934	539.620826	0.507917	0.013582	11.3
1615	-0.666760	540.361768	0.507246	0.017721	9.4
1616	-0.663387	540.996304	0.506673	0.012289	10.4
1617	-0.658810	541.928540	0.505834	0.010828	12.2
1618	-0.658573	542.923827	0.504942	0.014724	8.6
1619	-0.658445	543.841491	0.504121	0.013882	11.2
1620	-0.656182	543.470628	0.504452	0.017618	20.0
1621	-0.671151	543.103590	0.504781	0.009636	18.3
1622	-0.649485	544.102419	0.503888	0.006992	14.7
1623	-0.651226	545.092707	0.503007	0.014167	8.3
1624	-0.665354	544.723131	0.503336	0.014021	9.4
1625	-0.653821	544.351710	0.503666	0.013914	13.7
1626	-0.651471	544.015562	0.503966	0.015268	12.7
1627	-0.663575	545.015561	0.503076	0.008102	13.0
1628	-0.653364	544.644143	0.503406	0.014092	11.5
1629	-0.655624	545.644139	0.502517	0.015330	11.2
1630	-0.661013	545.272963	0.502847	0.014479	11.6
1631	-0.645404	544.926863	0.503154	0.013866	8.3
1632	-0.665914	545.926861	0.502267	0.020545	6.6
1633	-0.656267	545.581731	0.502573	0.013863	10.1
1634	-0.662874	546.581731	0.501687	0.016828	9.1
1635	-0.675444	546.311043	0.501927	0.014485	11.2
1636	-0.653242	545.939620	0.502256	0.014604	10.3
1637	-0.660832	546.939620	0.501371	0.013458	13.5
1638	-0.669257	546.584147	0.501685	0.018404	9.3
1639	-0.653365	547.548981	0.500834	0.015909	10.5
1640	-0.657236	547.177558	0.501161	0.011119	11.2
1641	-0.655884	548.177368	0.500281	0.013262	10.4
1642	-0.654566	548.095734	0.500353	0.011205	7.8
1643	-0.654061	547.979091	0.500455	0.010988	17.2
1644	-0.665001	548.979040	0.499577	0.018750	11.5
1645	-0.663882	548.607640	0.499903	0.011530	10.2
1646	-0.665400	549.607390	0.499027	0.011870	9.9
1647	-0.676871	550.562673	0.498193	0.022857	13.3
1648	-0.665074	550.195863	0.498513	0.015598	12.3
1649	-0.669700	549.824443	0.498837	0.009313	10.5
1650	-0.654859	549.524455	0.499100	0.013923	11.4
1651	-0.659597	550.301292	0.498421	0.013132	12.5
1652	-0.648966	551.301236	0.497550	0.013425	15.1
1653	-0.663391	552.301232	0.496682	0.012540	13.1
1654	-0.663565	551.929809	0.497004	0.012746	9.3
1655	-0.659734	552.892021	0.496171	0.010907	8.8
1656	-0.665311	552.520644	0.496492	0.017075	8.1
1657	-0.665070	552.373540	0.496620	0.013870	15.7
1658	-0.667229	553.373538	0.495755	0.013554	12.0
1659	-0.666035	553.002115	0.496076	0.014647	13.4
1660	-0.655556	553.999765	0.495215	0.011890	12.5
1661	-0.660166	553.628343	0.495535	0.019704	7.7
1662	-0.642944	553.313994	0.495806	0.010175	11.8
1663	-0.661568	552.942691	0.496127	0.010688	12.9
1664	-0.662913	552.571445	0.496448	0.012225	11.7
1665	-0.649891	553.152643	0.495946	0.010140	8.8
1666	-0.658502	552.801101	0.496250	0.010843	10.2
1667	-0.652442	552.429680	0.496571	0.011836	8.9
1668	-0.672545	553.429679	0.495707	0.015361	8.3
1669	-0.655339	553.064062	0.496022	0.014528	12.2
1670	-0.658896	552.701077	0.496336	0.015653	10.6
1671	-0.651198	552.329654	0.496658	0.012199	13.5
1672	-0.668608	552.461918	0.496543	0.011935	13.8
1673	-0.663205	552.457341	0.496547	0.011423	12.3
1674	-0.658699	552.190996	0.496778	0.012362	8.9
1675	-0.660627	551.820070	0.497100	0.016089	14.0
1676	-0.657743	551.448647	0.497422	0.010975	11.6
1677	-0.662357	551.082794	0.497740	0.017333	13.4
1678	-0.658740	552.082298	0.496872	0.011747	12.5
1679	-0.666414	553.068761	0.496018	0.010764	12.5
1680	-0.656353	552.697471	0.496339	0.014128	11.9
1681	-0.660548	552.334230	0.496654	0.012798	12.1
1682	-0.670508	551.962963	0.496976	0.012728	15.8
1683	-0.659562	551.591541	0.497298	0.016240	7.9
1684	-0.653270	551.220172	0.497621	0.016486	10.0
1685	-0.661524	552.220172	0.496753	0.020342	10.3
1686	-0.662749	553.220172	0.495887	0.008515	12.4
1687	-0.652516	554.216115	0.495029	0.012820	12.4
1688	-0.657594	555.216104	0.494170	0.014179	11.6
1689	-0.659313	556.216097	0.493314	0.016556	13.3
1690	-0.669823	557.216097	0.492460	0.013283	13.5
1691	-0.667020	558.140562	0.491674	0.012660	15.3
1692	-0.661201	559.112436	0.490851	0.021025	10.8
1693	-0.659717	560.112396	0.490006	0.010128	11.4
1694	-0.652654	560.958376	0.489294	0.014818	13.7
1695	-0.656463	560.603852	0.489592	0.013722	16.1
1696	-0.660732	560.232433	0.489905	0.010449	13.0
1697	-0.669193	559.862153	0.490217	0.012994	9.2
1698	-0.665828	559.490768	0.490531	0.014041	12.4
1699	-0.654171	560.490761	0.489687	0.010254	10.2
1700	-0.670385	560.119978	0.490000	0.015572	11.4
1701	-0.663786	561.117936	0.489160	0.011342	9.5
1702	-0.667602	562.099163	0.488336	0.010124	9.0
1703	-0.660924	561.727741	0.488648	0.015440	9.5
1704	-0.661470	562.255969	0.488205	0.010754	10.2
1705	-0.653367	563.255968	0.487370	0.014485	8.5
1706	-0.662375	562.991148	0.487591	0.022573	9.7
1707	-0.650158	562.619726	0.487901	0.010950	12.9
1708	-0.657935	562.366597	0.488113	0.014334	13.6
1709	-0.647421	562.084529	0.488349	0.013242	8.9
1710	-0.662241	561.736046	0.488641	0.024396	10.2
1711	-0.667915	561.364623	0.488952	0.017892	11.5
1712	-0.665714	560.993202	0.489264	0.012781	17.2
1713	-0.666478	561.993198	0.488425	0.010459	15.0
1714	-0.666990	561.645404	0.488717	0.016032	10.1
1715	-0.659358	561.274147	0.489028	0.013427	11.4
1716	-0.665168	560.902724	0.489341	0.015497	12.9
1717	-0.665607	560.595534	0.489599	0.012910	12.0
1718	-0.663256	561.595534	0.488759	0.013409	12.7
1719	-0.663715	562.595534	0.487921	0.014970	13.1
1720	-0.656525	562.436815	0.488054	0.010967	9.3
1721	-0.666060	562.865876	0.487695	0.018106	12.2
1722	-0.652399	563.248568	0.487376	0.012337	11.4
1723	-0.657921	564.248568	0.486543	0.015845	14.2
1724	-0.664405	563.877145	0.486852	0.013834	11.5
1725	-0.642225	564.877145	0.486021	0.019884	10.8
1726	-0.660757	564.505722	0.486329	0.013868	14.9
1727	-0.668593	565.492898	0.485511	0.014576	15.9
1728	-0.657521	566.492898	0.484684	0.014067	8.8
1729	-0.651430	566.134974	0.484980	0.017314	9.5
1730	-0.661728	565.763551	0.485287	0.013257	10.9
1731	-0.662416	566.763486	0.484461	0.012823	8.3
1732	-0.671494	567.429444	0.483913	0.006922	9.0
1733	-0.654516	567.058021	0.484219	0.013375	15.7
1734	-0.657188	568.056279	0.483398	0.011824	10.8
1735	-0.664022	568.423990	0.483096	0.011015	11.3
1736	-0.653212	569.000593	0.482624	0.011194	13.9
1737	-0.669733	568.629321	0.482928	0.014171	11.4
1738	-0.656424	568.420442	0.483099	0.011260	10.8
1739	-0.668200	569.313624	0.482368	0.014185	15.2
1740	-0.653990	569.890215	0.481898	0.014851	10.4
1741	-0.658880	569.518798	0.482201	0.007468	11.4
1742	-0.666407	570.139046	0.481695	0.015276	9.3
1743	-0.673917	569.801740	0.481970	0.011348	8.9
1744	-0.654144	569.882489	0.481904	0.013331	9.8
1745	-0.667395	569.524097	0.482196	0.019692	11.3
1746	-0.654062	569.152704	0.482500	0.010598	10.2
1747	-0.673694	570.152704	0.481684	0.013543	12.7
1748	-0.660561	569.781281	0.481986	0.015428	11.3
1749	-0.662500	569.624867	0.482114	0.012078	11.2
1750	-0.660294	570.618187	0.481305	0.009158	8.5
1751	-0.657448	570.248795	0.481605	0.008278	8.6
1752	-0.661184	571.195422	0.480835	0.010090	8.5
1753	-0.668772	571.265293	0.480779	0.012334	7.0
1754	-0.649995	571.077332	0.480931	0.021397	6.6
1755	-0.660782	572.077332	0.480120	0.010402	7.8
1756	-0.655283	573.070607	0.479318	0.015877	7.8
1757	-0.662382	574.070381	0.478512	0.015310	12.2
1758	-0.659745	573.699023	0.478811	0.015176	11.7
1759	-0.662799	573.327600	0.479110	0.012862	10.7
1760	-0.659054	572.956191	0.479410	0.014037	6.8
1761	-0.660301	572.585134	0.479710	0.014890	13.5
1762	-0.653027	573.585134	0.478903	0.019250	12.9
1763	-0.664255	573.213711	0.479202	0.010045	12.0
1764	-0.655453	574.213708	0.478397	0.013719	10.1
1765	-0.667305	573.842295	0.478696	0.007880	13.5
1766	-0.664988	574.840411	0.477894	0.015945	10.2
1767	-0.672656	575.806851	0.477120	0.020818	13.7
1768	-0.663960	576.806816	0.476322	0.018032	9.8
1769	-0.667440	576.435393	0.476618	0.009568	14.9
1770	-0.652968	576.063970	0.476915	0.014101	11.1
1771	-0.656583	577.062754	0.476118	0.014560	10.6
1772	-0.649888	577.027205	0.476147	0.014790	12.9
1773	-0.661460	576.669323	0.476432	0.011076	14.9
1774	-0.658211	576.298748	0.476727	0.010118	11.3
1775	-0.666648	577.286944	0.475940	0.015818	15.7
1776	-0.662548	576.939801	0.476216	0.014961	9.7
1777	-0.666238	577.937923	0.475423	0.013709	11.4
1778	-0.657617	578.937902	0.474630	0.015240	13.6
1779	-0.658883	579.806873	0.473944	0.014682	13.0
1780	-0.661501	579.435450	0.474237	0.012057	8.4
1781	-0.667562	579.064094	0.474530	0.016265	8.0
1782	-0.675380	578.701069	0.474818	0.010255	15.0
1783	-0.655952	578.979018	0.474598	0.018882	14.6
1784	-0.647144	578.607607	0.474892	0.007248	14.1
1785	-0.665643	578.236276	0.475186	0.014053	16.4
1786	-0.677891	578.062020	0.475324	0.009788	17.4
1787	-0.668458	577.690695	0.475619	0.015188	7.6
1788	-0.672119	577.319277	0.475914	0.022024	11.3
1789	-0.652153	578.319277	0.475120	0.014252	12.7
1790	-0.662773	579.319277	0.474329	0.015697	14.7
1791	-0.659932	579.980101	0.473807	0.013080	13.8
1792	-0.655359	580.291443	0.473562	0.013887	9.7
1793	-0.669801	581.246074	0.472811	0.017014	11.8
1794	-0.657942	582.246074	0.472027	0.013180	9.6
1795	-0.660469	581.876799	0.472316	0.018487	11.1
1796	-0.660652	582.871223	0.471539	0.017919	13.1
1797	-0.665830	582.499800	0.471829	0.014109	11.0
1798	-0.659641	582.128377	0.472119	0.019977	9.7
1799	-0.645287	581.756954	0.472410	0.014769	11.1
1800	-0.657208	582.751648	0.471632	0.017751	8.0
1801	-0.655188	583.751648	0.470852	0.015411	9.5
1802	-0.672500	583.380238	0.471141	0.016653	12.6
1803	-0.668425	584.380080	0.470363	0.017474	10.6
1804	-0.673952	584.008657	0.470652	0.015312	10.7
1805	-0.665637	585.008432	0.469876	0.015385	9.3
1806	-0.671057	584.675126	0.470134	0.012968	12.4
1807	-0.656842	584.312216	0.470416	0.014688	10.9
1808	-0.659106	583.947467	0.470700	0.010878	11.0
1809	-0.664257	584.909839	0.469952	0.014546	14.4
1810	-0.661734	585.467629	0.469520	0.015289	12.2
1811	-0.666861	586.467455	0.468747	0.013491	12.6
1812	-0.668968	587.384425	0.468041	0.014084	11.4
1813	-0.656339	587.218243	0.468168	0.011025	19.6
1814	-0.655144	586.846820	0.468454	0.018723	16.6
1815	-0.663837	587.845973	0.467686	0.014431	15.7
1816	-0.662170	588.845968	0.466919	0.015840	9.3
1817	-0.665858	588.474545	0.467203	0.014933	12.5
1818	-0.663890	589.474545	0.466438	0.014469	8.5
1819	-0.659150	590.409337	0.465725	0.013845	13.5
1820	-0.674839	591.409322	0.464964	0.011328	11.1
1821	-0.677415	592.406260	0.464209	0.012014	11.0
1822	-0.657886	592.034860	0.464490	0.013010	8.0
1823	-0.668935	591.666205	0.464770	0.014321	9.5
1824	-0.648335	591.294782	0.465051	0.014050	10.6
1825	-0.666569	591.759309	0.464699	0.011169	10.5
1826	-0.658830	591.389994	0.464979	0.012594	12.1
1827	-0.660570	592.385670	0.464224	0.013497	9.1
1828	-0.656630	592.089145	0.464449	0.013718	9.2
1829	-0.660551	591.720943	0.464728	0.018455	11.6
1830	-0.657836	592.678790	0.464003	0.019404	9.7
1831	-0.670626	592.307367	0.464284	0.011164	11.1
1832	-0.663427	593.284522	0.463545	0.015777	10.6
1833	-0.666758	592.913188	0.463825	0.015931	8.0
1834	-0.666561	592.546161	0.464103	0.013097	9.9
1835	-0.666826	592.191827	0.464371	0.012986	10.4
1836	-0.673192	593.146900	0.463649	0.009555	9.4
1837	-0.660685	594.146899	0.462895	0.020842	11.4
1838	-0.656830	594.303899	0.462777	0.012377	10.8
1839	-0.671469	595.112206	0.462170	0.014341	11.1
1840	-0.662605	596.074893	0.461449	0.013085	11.2
1841	-0.678137	597.074832	0.460702	0.010435	10.9
1842	-0.668177	597.845851	0.460128	0.012192	8.5
1843	-0.664777	597.474538	0.460405	0.011562	10.8
1844	-0.655465	598.474467	0.459662	0.012779	11.7
1845	-0.655746	598.103075	0.459937	0.014103	12.0
1846	-0.660631	599.103074	0.459196	0.016865	12.0
1847	-0.667459	598.734496	0.459469	0.013090	10.1
1848	-0.658318	598.363073	0.459744	0.012110	8.1
1849	-0.664053	599.340834	0.459020	0.011859	12.1
1850	-0.658902	598.969416	0.459295	0.013598	15.0
1851	-0.657079	598.597993	0.459570	0.016965	7.8
1852	-0.661876	599.587834	0.458837	0.014386	11.4
1853	-0.657470	599.216411	0.459112	0.014161	14.8
1854	-0.655762	598.844989	0.459387	0.014823	14.4
1855	-0.647202	598.551722	0.459604	0.016271	13.2
1856	-0.675771	598.180299	0.459880	0.008120	12.7
1857	-0.667226	597.808905	0.460156	0.015589	9.6
1858	-0.647137	598.808865	0.459414	0.010329	9.5
1859	-0.665494	598.437917	0.459689	0.009707	13.2
1860	-0.653835	598.393377	0.459722	0.016309	11.7
1861	-0.664820	598.026808	0.459994	0.019398	12.1
1862	-0.657371	599.026808	0.459252	0.011291	9.6
1863	-0.660228	598.655827	0.459527	0.016827	15.1
1864	-0.675661	598.284408	0.459803	0.011139	9.2
1865	-0.658335	597.913864	0.460078	0.009843	9.2
1866	-0.660050	598.342693	0.459759	0.018152	7.0
1867	-0.667119	597.971351	0.460035	0.008962	8.4
1868	-0.657638	598.955026	0.459305	0.015634	12.8
1869	-0.666305	598.587669	0.459578	0.015765	14.7
1870	-0.654454	598.216960	0.459853	0.013009	11.6
1871	-0.658035	597.910340	0.460080	0.014520	11.6
1872	-0.669491	598.909466	0.459339	0.010446	11.9
1873	-0.667552	598.538043	0.459614	0.017327	11.5
1874	-0.665669	599.152491	0.459159	0.011009	10.7
1875	-0.659458	599.266385	0.459075	0.008998	7.0
1876	-0.662400	598.949222	0.459310	0.014487	9.6
1877	-0.676517	599.947992	0.458571	0.013134	14.3
1878	-0.659582	599.576569	0.458845	0.010961	11.6
1879	-0.659929	600.559673	0.458119	0.016218	7.2
1880	-0.664263	601.554430	0.457387	0.017905	8.0
1881	-0.664774	601.183007	0.457660	0.013721	10.5
1882	-0.661916	600.811584	0.457934	0.011682	9.4
1883	-0.650562	601.811584	0.457199	0.016722	12.8
1884	-0.655943	602.811583	0.456466	0.017067	10.8
1885	-0.660483	602.440160	0.456738	0.014214	9.6
1886	-0.664261	602.068737	0.457010	0.010070	9.6
1887	-0.654955	603.068481	0.456278	0.010450	10.1
1888	-0.659729	603.152764	0.456216	0.020566	9.2
1889	-0.658979	604.151534	0.455487	0.017311	9.1
1890	-0.667034	605.151534	0.454760	0.016944	12.0
1891	-0.676739	606.151534	0.454035	0.011454	8.4
1892	-0.672974	606.618765	0.453697	0.013487	10.3
1893	-0.664526	607.618584	0.452975	0.020602	12.6
1894	-0.662409	608.415218	0.452402	0.018301	8.9
1895	-0.668499	608.043795	0.452669	0.018332	10.3
1896	-0.656593	607.672372	0.452936	0.014404	11.4
1897	-0.663396	607.301059	0.453204	0.014084	11.7
1898	-0.664507	606.929636	0.453472	0.012246	13.0
1899	-0.666943	607.923326	0.452756	0.006427	10.3
1900	-0.663596	607.556899	0.453020	0.015513	9.7
1901	-0.664905	608.551687	0.452304	0.022183	21.6
1902	-0.658731	608.200629	0.452556	0.015900	9.4
1903	-0.654709	609.153850	0.451872	0.010067	10.3
1904	-0.658175	608.782464	0.452138	0.016205	9.9
1905	-0.672882	609.632131	0.451529	0.013067	13.8
1906	-0.669418	610.555587	0.450869	0.013330	10.4
1907	-0.654527	610.306925	0.451046	0.011109	12.8
1908	-0.668807	611.306921	0.450333	0.014445	10.5
1909	-0.659753	610.935720	0.450597	0.012568	10.9
1910	-0.643947	610.564297	0.450862	0.011109	14.8
1911	-0.658512	610.192874	0.451128	0.015105	10.9
1912	-0.670181	610.962423	0.450578	0.019393	11.4
1913	-0.660643	611.962423	0.449866	0.009773	14.1
1914	-0.649904	611.591075	0.450131	0.013069	12.3
1915	-0.661981	611.234065	0.450385	0.011410	12.2
1916	-0.668350	612.234062	0.449673	0.013411	10.0
1917	-0.662589	612.985130	0.449141	0.018083	9.8
1918	-0.669113	613.985017	0.448434	0.017862	10.0
1919	-0.658214	613.613594	0.448696	0.015577	8.1
1920	-0.666858	613.242171	0.448959	0.009608	7.1
1921	-0.667039	614.241103	0.448253	0.013308	12.7
1922	-0.667029	613.871321	0.448514	0.009848	11.5
1923	-0.656549	613.499899	0.448776	0.013205	10.8
1924	-0.669240	614.499898	0.448070	0.014497	9.6
1925	-0.668036	615.499896	0.447366	0.013406	6.6
1926	-0.680974	615.128473	0.447627	0.010422	9.7
1927	-0.657537	614.771603	0.447879	0.013334	12.5
1928	-0.655619	614.568947	0.448022	0.008504	8.6
1929	-0.662485	614.197524	0.448284	0.015060	6.3
1930	-0.658091	613.826324	0.448546	0.018192	9.2
1931	-0.654930	613.454921	0.448808	0.015153	6.2
1932	-0.656923	614.454913	0.448102	0.014827	8.1
1933	-0.662366	614.744342	0.447898	0.018516	6.6
1934	-0.667547	615.648058	0.447262	0.014640	8.8
1935	-0.659087	615.276635	0.447523	0.018180	10.5
1936	-0.662906	614.905212	0.447785	0.014032	11.3
1937	-0.666249	614.533789	0.448046	0.014696	12.7
1938	-0.665877	614.162366	0.448308	0.009503	10.5
1939	-0.653429	615.160308	0.447605	0.024263	9.3
1940	-0.646951	616.132429	0.446922	0.013461	17.6
1941	-0.652256	617.132405	0.446222	0.021446	11.4
1942	-0.650465	616.763650	0.446480	0.018529	10.1
1943	-0.671502	616.398171	0.446736	0.013216	7.9
1944	-0.666281	616.311666	0.446796	0.008217	9.9
1945	-0.667488	617.302470	0.446103	0.013001	23.5
1946	-0.659519	618.301694	0.445406	0.021603	19.0
1947	-0.661529	617.930271	0.445665	0.012435	14.8
1948	-0.665135	617.558848	0.445924	0.019226	9.3
1949	-0.680017	618.558825	0.445227	0.012604	13.3
1950	-0.670002	619.558171	0.444532	0.017943	13.3
1951	-0.650117	619.187054	0.444790	0.017251	10.9
1952	-0.664272	620.187054	0.444096	0.014896	12.9
1953	-0.655571	621.187054	0.443404	0.027244	10.7
1954	-0.662562	620.815631	0.443661	0.012634	10.1
1955	-0.658826	621.810056	0.442975	0.012606	11.3
1956	-0.655251	621.438633	0.443231	0.014479	12.2
1957	-0.663411	621.067210	0.443487	0.009213	10.4
1958	-0.664399	620.734378	0.443717	0.017769	12.3
1959	-0.666292	621.732431	0.443028	0.015687	12.2
1960	-0.663427	621.361008	0.443284	0.014314	14.6
1961	-0.663946	620.989585	0.443541	0.023398	12.0
1962	-0.656599	621.989519	0.442851	0.010216	11.2
1963	-0.663994	621.720208	0.443037	0.014894	10.8
1964	-0.666010	621.544930	0.443157	0.013176	11.8
1965	-0.659606	621.188527	0.443403	0.013882	7.7
1966	-0.666957	620.817114	0.443660	0.016040	8.4
1967	-0.666017	621.817109	0.442970	0.018272	7.1
1968	-0.674806	621.445693	0.443226	0.014414	8.3
1969	-0.658009	621.076875	0.443481	0.017680	10.4
1970	-0.668683	622.076875	0.442791	0.012340	14.0
1971	-0.667526	623.070551	0.442108	0.015029	9.9
1972	-0.665808	622.703168	0.442360	0.011992	9.1
1973	-0.668347	622.331746	0.442615	0.011364	13.0
1974	-0.674386	621.974347	0.442861	0.012989	11.1
1975	-0.676710	621.602943	0.443117	0.010272	12.5
1976	-0.665160	621.233917	0.443372	0.020310	9.6
1977	-0.656185	620.863794	0.443628	0.013800	12.2
1978	-0.656970	620.492428	0.443885	0.010978	9.7
1979	-0.655814	620.121005	0.444142	0.014309	12.3
1980	-0.670516	620.790465	0.443678	0.016909	10.4
1981	-0.663491	620.419298	0.443935	0.016168	11.7
1982	-0.658916	620.047875	0.444192	0.021853	14.2
1983	-0.681269	619.676452	0.444450	0.018434	10.9
1984	-0.659521	619.305029	0.444708	0.015331	10.5
1985	-0.670511	618.933606	0.444966	0.014854	10.9
1986	-0.672679	618.563407	0.445223	0.014068	16.3
1987	-0.677845	618.191984	0.445482	0.019142	13.4
1988	-0.666483	617.820561	0.445741	0.018094	11.3
1989	-0.665398	617.449138	0.446000	0.018728	16.3
1990	-0.670078	618.449138	0.445303	0.021760	16.1
1991	-0.664396	619.449138	0.444608	0.011626	14.1
1992	-0.672228	619.077716	0.444866	0.012607	11.4
1993	-0.641850	618.706293	0.445124	0.012153	8.3
1994	-0.671224	618.339629	0.445379	0.016817	11.7
1995	-0.656888	617.968206	0.445638	0.014107	13.8
1996	-0.670227	618.963288	0.444945	0.013610	12.5
1997	-0.652208	618.613547	0.445188	0.015305	14.1
1998	-0.668936	618.304587	0.445404	0.011085	10.2
1999	-0.669272	618.331066	0.445385	0.015250	8.7
