1:ItNr	2:Metric	2:Metric0	2:Metric1	3a:Time	3b:StepSize	4:||Gradient0||	4:||Gradient1||	4:||Gradient||	Time0[ms]	Time1[ms]	Time[ms]
0	-0.296521	-0.296521	0.000000	0.000000	2606.460482	0.000517	0.000000	0.000517	39.7	179.3	2612.4
1	-0.296676	-0.296676	0.000000	0.000000	2606.460482	0.000680	0.000000	0.000680	53.4	181.9	236.4
2	-0.300623	-0.300623	0.000000	0.000000	2606.460482	0.000716	0.000000	0.000716	21.3	124.4	147.0
3	-0.302053	-0.302053	0.000000	0.000000	2606.460482	0.000631	0.000000	0.000631	57.2	92.4	150.8
4	-0.310931	-0.310931	0.000000	0.000000	2606.460482	0.000586	0.000000	0.000586	65.6	116.6	183.3
5	-0.304308	-0.304308	0.000000	0.000000	2606.460482	0.000564	0.000000	0.000564	46.6	165.3	212.9
6	-0.301791	-0.301791	0.000000	0.000000	2606.460482	0.000542	0.000000	0.000542	24.8	172.9	198.8
7	-0.309448	-0.309448	0.000000	0.000000	2606.460482	0.000667	0.000000	0.000667	35.6	158.6	195.3
8	-0.305803	-0.305804	0.000000	0.000000	2606.460482	0.000526	0.000000	0.000526	50.1	147.6	198.9
9	-0.311286	-0.311286	0.000000	0.000000	2606.460482	0.000728	0.000000	0.000728	47.9	156.0	205.0
10	-0.301744	-0.301744	0.000000	0.000000	2606.460482	0.000610	0.000000	0.000610	59.9	92.6	157.6
11	-0.312774	-0.312774	0.000000	0.000000	2606.460482	0.000724	0.000000	0.000724	53.5	122.9	177.5
12	-0.311307	-0.311307	0.000000	0.000000	2606.460482	0.000570	0.000000	0.000570	64.3	111.9	177.4
13	-0.306427	-0.306427	0.000000	0.000000	2606.460482	0.000506	0.000000	0.000506	67.6	128.1	196.8
14	-0.302861	-0.302861	0.000000	0.000000	2606.460482	0.000610	0.000000	0.000610	63.0	112.0	176.3
15	-0.309228	-0.309229	0.000000	0.000000	2606.460482	0.000517	0.000000	0.000517	44.4	129.1	174.5
16	-0.316710	-0.316710	0.000000	0.000000	2606.460482	0.000749	0.000000	0.000749	48.5	134.4	184.0
17	-0.311885	-0.311885	0.000000	0.000000	2606.460482	0.000528	0.000000	0.000528	47.4	145.5	194.1
18	-0.324585	-0.324585	0.000000	0.000000	2606.460482	0.000499	0.000000	0.000499	37.5	125.7	164.3
19	-0.314703	-0.314703	0.000000	0.000000	2606.460482	0.000579	0.000000	0.000579	36.2	127.2	164.4
20	-0.319654	-0.319654	0.000000	0.000000	2606.460482	0.000407	0.000000	0.000407	64.0	129.3	194.5
21	-0.313240	-0.313240	0.000000	0.000000	2606.460482	0.000429	0.000000	0.000429	51.6	184.9	237.5
22	-0.315668	-0.315669	0.000000	0.000000	2606.460482	0.000374	0.000000	0.000374	67.3	113.6	182.2
23	-0.318949	-0.318949	0.000000	0.000000	2606.460482	0.000436	0.000000	0.000436	72.9	123.0	196.9
24	-0.316918	-0.316918	0.000000	0.000000	2606.460482	0.000413	0.000000	0.000413	89.0	176.0	266.0
25	-0.314176	-0.314176	0.000000	0.000000	2606.460482	0.000300	0.000000	0.000300	48.5	147.9	197.5
26	-0.324353	-0.324353	0.000000	0.000000	2606.460482	0.000402	0.000000	0.000402	56.0	171.7	230.0
27	-0.316330	-0.316330	0.000000	0.000000	2606.460482	0.000413	0.000000	0.000413	65.3	125.7	192.1
28	-0.321111	-0.321111	0.000000	0.809708	2509.692899	0.000334	0.000000	0.000334	52.2	186.7	239.9
29	-0.315174	-0.315174	0.000000	0.721131	2519.927206	0.000272	0.000000	0.000272	40.5	159.9	201.5
30	-0.315902	-0.315902	0.000000	0.627742	2530.808335	0.000217	0.000000	0.000217	64.3	108.0	173.4
31	-0.321728	-0.321728	0.000000	0.534353	2541.783841	0.000291	0.000000	0.000291	73.1	108.4	182.6
32	-0.315667	-0.315667	0.000000	0.440966	2552.854703	0.000284	0.000000	0.000284	62.7	113.0	177.3
33	-0.320131	-0.320131	0.000000	0.347666	2564.011981	0.000432	0.000000	0.000432	85.4	139.7	226.4
34	-0.320351	-0.320352	0.000000	0.254276	2575.278010	0.000438	0.000000	0.000438	54.9	156.3	212.6
35	-0.322091	-0.322091	0.000000	1.254276	2459.557418	0.000303	0.000000	0.000303	51.5	135.0	187.5
36	-0.320892	-0.320892	0.000000	1.160887	2469.922362	0.000626	0.000000	0.000626	49.2	110.8	161.3
37	-0.315872	-0.315873	0.000000	2.160887	2363.280403	0.000416	0.000000	0.000416	55.7	97.6	154.4
38	-0.318684	-0.318685	0.000000	3.160887	2265.466096	0.000544	0.000000	0.000544	47.2	141.4	190.2
39	-0.322505	-0.322505	0.000000	3.067498	2274.256719	0.000419	0.000000	0.000419	50.1	165.0	216.6
40	-0.314962	-0.314962	0.000000	4.067498	2183.531403	0.000265	0.000000	0.000265	51.1	101.8	154.5
41	-0.326612	-0.326612	0.000000	3.974111	2191.696451	0.000324	0.000000	0.000324	86.3	90.7	178.0
42	-0.324230	-0.324230	0.000000	3.880882	2199.908730	0.000336	0.000000	0.000336	67.1	130.9	199.0
43	-0.315215	-0.315215	0.000000	4.866715	2116.065785	0.000374	0.000000	0.000374	44.9	116.1	162.4
44	-0.316234	-0.316234	0.000000	4.773325	2123.733321	0.000285	0.000000	0.000285	73.2	149.6	223.8
45	-0.322825	-0.322825	0.000000	4.679947	2131.455693	0.000349	0.000000	0.000349	52.4	143.3	196.9
46	-0.319357	-0.319358	0.000000	4.586558	2139.235370	0.000547	0.000000	0.000547	84.3	139.4	225.1
47	-0.319412	-0.319413	0.000000	5.586558	2058.772328	0.000422	0.000000	0.000422	79.3	93.5	175.9
48	-0.320405	-0.320405	0.000000	6.586558	1984.142781	0.000433	0.000000	0.000433	63.8	126.6	191.5
49	-0.321332	-0.321332	0.000000	7.586558	1914.734538	0.000317	0.000000	0.000317	44.0	155.0	200.4
50	-0.320424	-0.320424	0.000000	7.493169	1921.010278	0.000279	0.000000	0.000279	36.8	152.3	190.4
51	-0.320892	-0.320892	0.000000	7.399779	1927.327293	0.000387	0.000000	0.000386	72.9	176.4	250.4
52	-0.319714	-0.319714	0.000000	7.306390	1933.685990	0.000487	0.000000	0.000487	58.2	119.5	179.0
53	-0.321488	-0.321488	0.000000	7.213610	1940.044898	0.000409	0.000000	0.000409	62.6	173.1	236.9
54	-0.325776	-0.325777	0.000000	8.213587	1873.637402	0.000287	0.000000	0.000287	44.6	167.7	213.4
55	-0.324538	-0.324538	0.000000	8.120198	1879.646210	0.000213	0.000000	0.000213	42.3	142.9	186.4
56	-0.321951	-0.321951	0.000000	8.026809	1885.693683	0.000426	0.000000	0.000426	76.4	132.6	210.5
57	-0.316907	-0.316908	0.000000	7.933420	1891.780194	0.000438	0.000000	0.000438	69.1	119.7	190.8
58	-0.318672	-0.318672	0.000000	8.933420	1828.580592	0.000384	0.000000	0.000384	68.6	147.0	217.3
59	-0.313883	-0.313883	0.000000	8.840030	1834.303437	0.000318	0.000000	0.000318	66.4	153.0	220.5
60	-0.319012	-0.319012	0.000000	8.746653	1840.061492	0.000356	0.000000	0.000356	60.0	189.0	250.8
61	-0.317822	-0.317822	0.000000	8.653263	1845.856539	0.000340	0.000000	0.000340	53.7	196.7	251.4
62	-0.325034	-0.325034	0.000000	8.559874	1851.688204	0.000557	0.000000	0.000557	41.7	174.6	217.4
63	-0.329452	-0.329452	0.000000	9.559872	1791.096171	0.000369	0.000000	0.000369	25.9	193.1	220.0
64	-0.323282	-0.323282	0.000000	10.559872	1734.343844	0.000281	0.000000	0.000281	17.9	127.5	146.5
65	-0.317538	-0.317538	0.000000	10.466631	1739.483010	0.000385	0.000000	0.000385	37.3	96.0	134.3
66	-0.322740	-0.322741	0.000000	10.373242	1744.660961	0.000395	0.000000	0.000395	75.3	89.4	166.1
67	-0.323176	-0.323177	0.000000	10.279852	1749.869831	0.000313	0.000000	0.000313	67.6	137.5	206.4
68	-0.315638	-0.315639	0.000000	10.186463	1755.109897	0.000491	0.000000	0.000491	41.5	155.5	198.4
69	-0.325555	-0.325555	0.000000	10.093074	1760.381440	0.000276	0.000000	0.000276	54.6	203.0	258.7
70	-0.326828	-0.326828	0.000000	9.999704	1765.683634	0.000405	0.000000	0.000405	31.8	196.1	228.9
71	-0.325817	-0.325818	0.000000	10.989868	1711.031422	0.000364	0.000000	0.000364	33.1	114.3	148.7
72	-0.315891	-0.315891	0.000000	11.787287	1669.417504	0.000308	0.000000	0.000308	61.1	99.2	161.5
73	-0.325427	-0.325428	0.000000	11.693897	1674.186153	0.000283	0.000000	0.000283	45.5	108.1	155.6
74	-0.320009	-0.320009	0.000000	11.600508	1678.982124	0.000311	0.000000	0.000311	63.5	82.1	146.9
75	-0.317208	-0.317208	0.000000	11.507132	1683.804958	0.000371	0.000000	0.000371	65.6	147.1	214.0
76	-0.320575	-0.320575	0.000000	12.505817	1633.616941	0.000457	0.000000	0.000457	55.4	134.7	191.2
77	-0.324862	-0.324863	0.000000	13.505261	1586.299280	0.000456	0.000000	0.000456	66.1	174.9	242.5
78	-0.335154	-0.335154	0.000000	14.501289	1541.793871	0.000312	0.000000	0.000312	34.5	180.8	217.9
79	-0.318166	-0.318166	0.000000	14.407900	1545.860394	0.000404	0.000000	0.000404	78.3	164.9	244.3
80	-0.317507	-0.317507	0.000000	14.314511	1549.948426	0.000317	0.000000	0.000316	59.1	131.4	192.4
81	-0.328271	-0.328271	0.000000	14.221632	1554.035604	0.000343	0.000000	0.000343	53.4	147.5	202.0
82	-0.318339	-0.318339	0.000000	15.217934	1511.286384	0.000346	0.000000	0.000346	43.9	169.4	214.4
83	-0.322303	-0.322303	0.000000	15.124544	1515.193367	0.000278	0.000000	0.000278	70.6	113.3	185.1
84	-0.318206	-0.318206	0.000000	15.032361	1519.069777	0.000620	0.000000	0.000620	70.2	99.6	170.9
85	-0.324492	-0.324493	0.000000	14.938971	1523.017160	0.000546	0.000000	0.000546	44.5	171.3	216.9
86	-0.328058	-0.328058	0.000000	15.938971	1481.786527	0.000550	0.000000	0.000550	52.3	139.0	192.5
87	-0.329362	-0.329362	0.000000	16.938971	1442.729418	0.000374	0.000000	0.000374	45.0	172.1	218.2
88	-0.321542	-0.321542	0.000000	17.883572	1407.681120	0.000356	0.000000	0.000356	36.4	102.9	140.4
89	-0.324759	-0.324759	0.000000	17.790183	1411.070183	0.000576	0.000000	0.000576	69.9	94.8	166.5
90	-0.318255	-0.318255	0.000000	18.720784	1378.010806	0.000476	0.000000	0.000476	73.7	103.7	178.7
91	-0.328881	-0.328881	0.000000	19.720784	1344.170328	0.000284	0.000000	0.000284	59.5	164.0	224.6
92	-0.325663	-0.325663	0.000000	19.627395	1347.260143	0.000377	0.000000	0.000377	55.7	132.1	188.9
93	-0.323361	-0.323362	0.000000	19.534006	1350.364195	0.000345	0.000000	0.000345	42.1	174.2	217.4
94	-0.323486	-0.323486	0.000000	19.443305	1353.392594	0.000488	0.000000	0.000488	44.4	131.8	177.3
95	-0.323047	-0.323048	0.000000	20.433516	1321.048150	0.000356	0.000000	0.000356	62.7	154.0	217.8
96	-0.317094	-0.317094	0.000000	20.340127	1324.032461	0.000326	0.000000	0.000326	60.7	125.2	187.1
97	-0.331645	-0.331645	0.000000	20.246738	1327.030285	0.000327	0.000000	0.000327	48.8	135.5	185.4
98	-0.324213	-0.324213	0.000000	20.153348	1330.041715	0.000466	0.000000	0.000466	68.8	148.0	218.0
99	-0.323098	-0.323098	0.000000	20.690572	1312.902838	0.000288	0.000000	0.000288	78.3	164.2	243.7
100	-0.329131	-0.329131	0.000000	20.597183	1315.850419	0.000353	0.000000	0.000353	54.9	128.3	184.5
101	-0.327174	-0.327175	0.000000	20.503793	1318.811265	0.000547	0.000000	0.000547	43.5	116.8	161.4
102	-0.322428	-0.322429	0.000000	21.503761	1287.784161	0.000254	0.000000	0.000254	65.6	104.0	170.7
103	-0.326038	-0.326038	0.000000	21.410372	1290.619913	0.000539	0.000000	0.000539	73.0	128.5	202.6
104	-0.320164	-0.320164	0.000000	21.316982	1293.468180	0.000420	0.000000	0.000420	85.2	115.8	202.2
105	-0.321674	-0.321674	0.000000	21.223594	1296.329016	0.000423	0.000000	0.000423	70.3	184.0	255.8
106	-0.325357	-0.325357	0.000000	21.133406	1299.103855	0.000414	0.000000	0.000414	43.3	116.9	161.3
107	-0.321171	-0.321172	0.000000	21.040017	1301.989734	0.000561	0.000000	0.000561	63.1	137.4	202.4
108	-0.322435	-0.322435	0.000000	20.946627	1304.888464	0.000332	0.000000	0.000332	47.1	139.0	187.2
109	-0.325288	-0.325289	0.000000	21.876980	1276.574740	0.000364	0.000000	0.000364	82.1	156.2	239.5
110	-0.321983	-0.321983	0.000000	21.783591	1279.361285	0.000361	0.000000	0.000361	84.6	180.0	265.8
111	-0.332470	-0.332470	0.000000	21.690202	1282.160023	0.000551	0.000000	0.000551	35.4	165.2	201.9
112	-0.331342	-0.331342	0.000000	21.598660	1284.915305	0.000367	0.000000	0.000367	64.4	169.2	234.5
113	-0.318051	-0.318052	0.000000	21.505271	1287.738422	0.000400	0.000000	0.000400	43.5	170.4	215.3
114	-0.329082	-0.329082	0.000000	22.501416	1258.250296	0.000279	0.000000	0.000279	43.0	157.6	201.8
115	-0.322420	-0.322421	0.000000	22.408027	1260.957333	0.000445	0.000000	0.000445	23.7	139.4	164.2
116	-0.325760	-0.325760	0.000000	22.314638	1263.676043	0.000379	0.000000	0.000379	53.8	193.2	263.1
117	-0.317749	-0.317749	0.000000	22.221249	1266.406501	0.000317	0.000000	0.000317	35.5	158.4	194.8
118	-0.323530	-0.323531	0.000000	22.127859	1269.148785	0.000395	0.000000	0.000395	54.1	168.9	224.2
119	-0.325767	-0.325767	0.000000	22.034470	1271.902970	0.000332	0.000000	0.000332	63.7	171.2	236.2
120	-0.328981	-0.328981	0.000000	22.062063	1271.087977	0.000566	0.000000	0.000566	57.6	151.1	209.8
121	-0.326484	-0.326484	0.000000	21.968673	1273.850595	0.000340	0.000000	0.000340	53.8	160.2	215.1
122	-0.324666	-0.324666	0.000000	21.875284	1276.625248	0.000260	0.000000	0.000260	48.2	112.3	161.6
123	-0.331936	-0.331936	0.000000	21.781896	1279.411975	0.000366	0.000000	0.000366	56.1	150.2	207.3
124	-0.320886	-0.320886	0.000000	21.690279	1282.157707	0.000237	0.000000	0.000237	54.5	120.6	177.2
125	-0.323301	-0.323302	0.000000	21.596890	1284.968705	0.000459	0.000000	0.000459	63.4	120.1	184.6
126	-0.327945	-0.327946	0.000000	21.503501	1287.792043	0.000406	0.000000	0.000406	67.9	115.3	184.2
127	-0.328694	-0.328694	0.000000	22.503501	1258.190011	0.000271	0.000000	0.000271	70.8	127.1	199.2
128	-0.323366	-0.323366	0.000000	22.410111	1260.896788	0.000429	0.000000	0.000429	106.4	111.5	219.0
129	-0.321866	-0.321867	0.000000	22.316722	1263.615236	0.000467	0.000000	0.000467	55.0	135.6	191.8
130	-0.325992	-0.325992	0.000000	22.232028	1266.090741	0.000424	0.000000	0.000424	94.5	121.3	218.0
131	-0.322955	-0.322955	0.000000	23.232028	1237.466895	0.000326	0.000000	0.000326	85.8	91.4	178.7
132	-0.324182	-0.324183	0.000000	23.141594	1240.002130	0.000241	0.000000	0.000241	53.0	147.8	202.3
133	-0.329625	-0.329625	0.000000	23.048204	1242.631135	0.000386	0.000000	0.000386	73.6	177.8	252.9
134	-0.322310	-0.322310	0.000000	23.197569	1238.431699	0.000420	0.000000	0.000420	56.7	150.1	208.0
135	-0.331710	-0.331710	0.000000	24.197569	1211.031293	0.000681	0.000000	0.000681	54.3	154.9	210.3
136	-0.327228	-0.327228	0.000000	24.104179	1213.538763	0.000713	0.000000	0.000713	67.9	133.0	202.2
137	-0.327588	-0.327589	0.000000	25.104179	1187.217098	0.000275	0.000000	0.000275	74.8	166.5	242.4
138	-0.326896	-0.326896	0.000000	25.010790	1189.626824	0.000293	0.000000	0.000293	49.3	120.7	171.1
139	-0.325616	-0.325617	0.000000	24.921533	1191.939095	0.000340	0.000000	0.000340	56.8	115.0	172.9
140	-0.323883	-0.323884	0.000000	24.828143	1194.368047	0.000327	0.000000	0.000327	59.4	202.9	263.5
141	-0.325576	-0.325576	0.000000	24.734754	1196.806919	0.000468	0.000000	0.000468	39.4	124.1	164.7
142	-0.323859	-0.323860	0.000000	24.641365	1199.255772	0.000478	0.000000	0.000478	77.1	141.7	220.0
143	-0.323871	-0.323871	0.000000	25.641365	1173.543493	0.000386	0.000000	0.000386	77.9	147.0	226.0
144	-0.324721	-0.324721	0.000000	26.641365	1148.910624	0.000291	0.000000	0.000291	61.6	149.6	212.3
145	-0.319005	-0.319005	0.000000	26.547975	1151.167207	0.000439	0.000000	0.000439	44.6	136.4	182.1
146	-0.327119	-0.327120	0.000000	26.454586	1153.432672	0.000430	0.000000	0.000430	45.7	125.7	172.5
147	-0.331306	-0.331307	0.000000	27.454586	1129.628265	0.000390	0.000000	0.000390	39.4	151.8	192.3
148	-0.319505	-0.319505	0.000000	28.454586	1106.786536	0.000312	0.000000	0.000312	49.5	182.5	233.1
149	-0.321204	-0.321205	0.000000	28.361197	1108.880530	0.000566	0.000000	0.000566	51.8	87.8	140.6
150	-0.321786	-0.321787	0.000000	28.842622	1098.169948	0.000450	0.000000	0.000450	74.4	126.6	204.2
151	-0.327789	-0.327790	0.000000	29.842622	1076.570552	0.000376	0.000000	0.000376	93.6	89.3	184.0
152	-0.326455	-0.326455	0.000000	30.842622	1055.804424	0.000432	0.000000	0.000432	65.5	117.1	183.7
153	-0.326099	-0.326099	0.000000	30.750130	1057.691448	0.000488	0.000000	0.000488	66.9	139.1	207.1
154	-0.323842	-0.323842	0.000000	31.750130	1037.640475	0.000516	0.000000	0.000516	61.1	150.5	213.1
155	-0.321874	-0.321874	0.000000	32.750130	1018.335583	0.000748	0.000000	0.000748	50.2	143.7	194.9
156	-0.322816	-0.322816	0.000000	33.750130	999.735890	0.000510	0.000000	0.000510	64.5	164.7	230.4
157	-0.333779	-0.333780	0.000000	34.750130	981.803450	0.000482	0.000000	0.000482	58.0	108.5	170.0
158	-0.328862	-0.328862	0.000000	35.750130	964.502988	0.000542	0.000000	0.000542	54.9	99.7	156.2
159	-0.322059	-0.322060	0.000000	36.750130	947.801676	0.000309	0.000000	0.000309	78.8	133.0	213.1
160	-0.326544	-0.326544	0.000000	36.656741	949.336874	0.000280	0.000000	0.000280	114.6	101.1	220.7
161	-0.332436	-0.332437	0.000000	37.575609	934.444741	0.000357	0.000000	0.000357	102.0	147.6	250.7
162	-0.327705	-0.327706	0.000000	37.482220	935.936941	0.000432	0.000000	0.000432	71.9	94.7	167.7
163	-0.327365	-0.327366	0.000000	37.388848	937.433644	0.000564	0.000000	0.000564	63.9	110.1	175.2
164	-0.318236	-0.318237	0.000000	38.388848	921.648969	0.000502	0.000000	0.000502	56.1	152.1	210.5
165	-0.323395	-0.323396	0.000000	39.388848	906.387062	0.000456	0.000000	0.000456	67.5	112.0	180.8
166	-0.329602	-0.329603	0.000000	40.388847	891.622387	0.000412	0.000000	0.000412	27.0	154.4	182.5
167	-0.335053	-0.335054	0.000000	40.295483	892.980491	0.000513	0.000000	0.000513	58.8	105.5	165.4
168	-0.331771	-0.331771	0.000000	41.295483	878.645897	0.000316	0.000000	0.000316	70.4	172.6	244.2
169	-0.330963	-0.330964	0.000000	42.295480	864.764282	0.000634	0.000000	0.000634	59.3	108.8	170.6
170	-0.323259	-0.323260	0.000000	42.202090	866.042084	0.000668	0.000000	0.000668	78.5	109.9	190.8
171	-0.326432	-0.326432	0.000000	43.202090	852.552771	0.000663	0.000000	0.000663	78.5	124.5	204.1
172	-0.318756	-0.318757	0.000000	44.202090	839.477227	0.000461	0.000000	0.000461	54.7	154.3	210.2
173	-0.321951	-0.321951	0.000000	45.202090	826.796703	0.000791	0.000000	0.000791	69.5	171.1	242.2
174	-0.325923	-0.325923	0.000000	45.108701	827.964688	0.000781	0.000000	0.000781	53.4	101.4	156.1
175	-0.329298	-0.329299	0.000000	46.108701	815.627023	0.000523	0.000000	0.000523	72.5	112.2	185.8
176	-0.330872	-0.330873	0.000000	47.108701	803.651651	0.000383	0.000000	0.000383	34.6	113.1	148.8
177	-0.328794	-0.328795	0.000000	47.493020	799.142311	0.000604	0.000000	0.000604	78.0	139.5	218.7
178	-0.333465	-0.333466	0.000000	47.443428	799.721346	0.000398	0.000000	0.000398	49.0	98.9	164.1
179	-0.324571	-0.324572	0.000000	47.350038	800.814037	0.000695	0.000000	0.000695	78.5	116.0	195.7
180	-0.328457	-0.328458	0.000000	48.350038	789.266616	0.000413	0.000000	0.000413	102.5	114.2	217.8
181	-0.328016	-0.328016	0.000000	49.350038	778.047481	0.000491	0.000000	0.000491	60.0	117.3	178.7
182	-0.325126	-0.325127	0.000000	50.350038	767.142827	0.000425	0.000000	0.000425	41.8	152.5	197.5
183	-0.322543	-0.322543	0.000000	51.350038	756.539614	0.000231	0.000000	0.000231	40.4	194.0	235.6
184	-0.324291	-0.324292	0.000000	51.256649	757.517416	0.000613	0.000000	0.000613	72.9	180.0	254.0
185	-0.326805	-0.326805	0.000000	51.163260	758.497749	0.000607	0.000000	0.000607	77.0	149.2	227.3
186	-0.327177	-0.327178	0.000000	52.163260	748.130555	0.000340	0.000000	0.000340	68.6	148.2	217.9
187	-0.332420	-0.332420	0.000000	52.069870	749.086727	0.000426	0.000000	0.000426	37.3	140.6	178.9
188	-0.325162	-0.325162	0.000000	53.069868	738.973506	0.000627	0.000000	0.000627	40.0	136.1	177.4
189	-0.323498	-0.323498	0.000000	54.069868	729.129696	0.000465	0.000000	0.000465	61.9	114.6	177.6
190	-0.326983	-0.326983	0.000000	55.069868	719.544696	0.000340	0.000000	0.000340	32.9	159.4	193.7
191	-0.329679	-0.329679	0.000000	56.069868	710.208431	0.000406	0.000000	0.000406	33.2	109.9	144.3
192	-0.326731	-0.326731	0.000000	57.069864	701.111381	0.000426	0.000000	0.000426	44.5	127.9	174.8
193	-0.322662	-0.322663	0.000000	58.069864	692.244395	0.000314	0.000000	0.000314	57.4	157.2	215.7
194	-0.325466	-0.325466	0.000000	57.976485	693.062878	0.000389	0.000000	0.000389	36.8	156.6	194.5
195	-0.321393	-0.321394	0.000000	58.976215	684.399354	0.000693	0.000000	0.000693	37.4	138.9	177.9
196	-0.328251	-0.328252	0.000000	59.976215	675.947498	0.000685	0.000000	0.000685	66.1	144.1	211.2
197	-0.325983	-0.325984	0.000000	60.976215	667.701844	0.000475	0.000000	0.000475	38.1	148.4	187.9
198	-0.323232	-0.323233	0.000000	61.976215	659.654937	0.000261	0.000000	0.000261	69.4	131.6	202.1
199	-0.331199	-0.331199	0.000000	62.318872	656.942048	0.000338	0.000000	0.000338	66.4	160.2	228.1
200	-0.327395	-0.327395	0.000000	63.317060	649.164833	0.000303	0.000000	0.000303	83.4	185.6	270.1
201	-0.321778	-0.321778	0.000000	64.315713	641.566108	0.000272	0.000000	0.000272	92.8	112.3	206.1
202	-0.327274	-0.327274	0.000000	64.222324	642.269156	0.000473	0.000000	0.000473	39.9	130.7	171.8
203	-0.328955	-0.328955	0.000000	65.222324	634.820167	0.000262	0.000000	0.000262	58.4	111.5	171.1
204	-0.327895	-0.327896	0.000000	65.136529	635.452470	0.000236	0.000000	0.000236	167.0	192.4	360.7
205	-0.326473	-0.326474	0.000000	65.043733	636.137787	0.000272	0.000000	0.000272	68.6	107.9	178.4
206	-0.321666	-0.321666	0.000000	64.950358	636.828877	0.000257	0.000000	0.000257	77.0	129.4	208.2
207	-0.319958	-0.319959	0.000000	65.788390	630.679635	0.000201	0.000000	0.000201	58.8	144.8	204.6
208	-0.324720	-0.324721	0.000000	65.695002	631.359005	0.000484	0.000000	0.000484	48.7	135.6	185.5
209	-0.333789	-0.333790	0.000000	66.694697	624.161691	0.000529	0.000000	0.000529	43.0	155.9	200.1
210	-0.328549	-0.328550	0.000000	67.694697	617.124498	0.000491	0.000000	0.000491	72.5	124.7	198.4
211	-0.328934	-0.328935	0.000000	68.694697	610.244219	0.000494	0.000000	0.000494	73.1	109.5	183.6
212	-0.324268	-0.324269	0.000000	69.694697	603.515665	0.000437	0.000000	0.000437	82.8	148.9	236.0
213	-0.324020	-0.324021	0.000000	70.694697	596.933870	0.000374	0.000000	0.000374	83.6	172.4	257.1
214	-0.324107	-0.324107	0.000000	71.694697	590.494086	0.000473	0.000000	0.000473	66.3	103.3	170.8
215	-0.323908	-0.323909	0.000000	72.694697	584.191764	0.000566	0.000000	0.000566	89.8	128.4	219.5
216	-0.323502	-0.323503	0.000000	73.694697	578.022551	0.000582	0.000000	0.000582	66.2	151.0	218.3
217	-0.329310	-0.329311	0.000000	74.694697	571.982273	0.000739	0.000000	0.000739	36.5	148.5	186.6
218	-0.327083	-0.327083	0.000000	75.694697	566.066931	0.000639	0.000000	0.000639	65.8	133.3	200.4
219	-0.328074	-0.328074	0.000000	76.694697	560.272686	0.000265	0.000000	0.000265	74.6	172.2	248.0
220	-0.319929	-0.319929	0.000000	76.601307	560.808780	0.000400	0.000000	0.000400	38.9	180.8	221.0
221	-0.327364	-0.327364	0.000000	77.601302	555.121173	0.000252	0.000000	0.000252	67.6	120.2	189.0
222	-0.329050	-0.329050	0.000000	77.508577	555.643699	0.000300	0.000000	0.000300	67.3	145.2	213.7
223	-0.321713	-0.321714	0.000000	77.415305	556.170306	0.000383	0.000000	0.000383	65.7	93.5	160.2
224	-0.321190	-0.321190	0.000000	78.415305	550.575893	0.000390	0.000000	0.000390	55.3	133.1	189.6
225	-0.329357	-0.329358	0.000000	79.415266	545.093116	0.000258	0.000000	0.000258	50.4	156.4	207.8
226	-0.327278	-0.327279	0.000000	79.322045	545.599624	0.000398	0.000000	0.000398	101.3	112.2	217.4
227	-0.332607	-0.332607	0.000000	79.228656	546.107993	0.000494	0.000000	0.000494	68.2	151.3	220.7
228	-0.326684	-0.326684	0.000000	80.228558	540.713719	0.000348	0.000000	0.000348	39.5	144.7	185.3
229	-0.328014	-0.328015	0.000000	81.228558	535.424456	0.000384	0.000000	0.000384	44.8	142.2	188.0
230	-0.330655	-0.330656	0.000000	81.135169	535.914032	0.000293	0.000000	0.000293	63.8	107.1	172.0
231	-0.327505	-0.327506	0.000000	82.135169	530.717802	0.000322	0.000000	0.000322	75.4	115.3	192.3
232	-0.326226	-0.326227	0.000000	82.041780	531.198805	0.000618	0.000000	0.000618	67.8	138.7	207.7
233	-0.320861	-0.320861	0.000000	83.041779	526.093176	0.000356	0.000000	0.000356	71.8	95.3	168.3
234	-0.326462	-0.326463	0.000000	84.041779	521.084757	0.000654	0.000000	0.000654	61.8	144.1	207.0
235	-0.333031	-0.333031	0.000000	83.948390	521.548450	0.000299	0.000000	0.000299	82.3	168.0	251.4
236	-0.328019	-0.328020	0.000000	84.947696	516.629170	0.000192	0.000000	0.000192	70.0	146.6	217.7
237	-0.321779	-0.321780	0.000000	85.334380	514.750453	0.000246	0.000000	0.000246	76.0	181.8	258.9
238	-0.329654	-0.329654	0.000000	85.240991	515.202934	0.000503	0.000000	0.000503	32.3	151.6	185.1
239	-0.328823	-0.328824	0.000000	86.240991	510.398773	0.000310	0.000000	0.000310	44.9	122.1	168.4
240	-0.330488	-0.330488	0.000000	86.147601	510.843634	0.000295	0.000000	0.000295	39.0	157.2	208.0
241	-0.320889	-0.320890	0.000000	86.270066	510.260429	0.000353	0.000000	0.000353	42.4	123.0	166.5
242	-0.326349	-0.326349	0.000000	86.176677	510.705049	0.000183	0.000000	0.000183	97.6	123.8	222.6
243	-0.323917	-0.323918	0.000000	86.083288	511.150444	0.000372	0.000000	0.000372	68.5	156.2	225.7
244	-0.328677	-0.328678	0.000000	85.990224	511.595062	0.000241	0.000000	0.000241	71.0	98.2	170.3
245	-0.322972	-0.322972	0.000000	86.252446	510.344259	0.000288	0.000000	0.000288	56.8	126.1	183.9
246	-0.326597	-0.326598	0.000000	87.251761	505.633070	0.000287	0.000000	0.000287	55.4	109.7	166.4
247	-0.329013	-0.329013	0.000000	87.486592	504.538569	0.000308	0.000000	0.000308	69.3	139.6	210.1
248	-0.331107	-0.331107	0.000000	87.393203	504.973269	0.000278	0.000000	0.000278	62.5	143.8	207.3
249	-0.332788	-0.332788	0.000000	87.299814	505.408719	0.000270	0.000000	0.000270	78.0	138.2	217.2
250	-0.325270	-0.325270	0.000000	88.273906	500.903391	0.000430	0.000000	0.000430	59.1	163.2	223.4
251	-0.326705	-0.326706	0.000000	88.180517	501.331846	0.000360	0.000000	0.000360	81.1	121.1	203.5
252	-0.327820	-0.327820	0.000000	88.087128	501.761036	0.000321	0.000000	0.000321	44.6	143.7	189.4
253	-0.324317	-0.324317	0.000000	89.045806	497.389879	0.000369	0.000000	0.000369	77.8	156.1	235.0
254	-0.320200	-0.320200	0.000000	90.045806	492.910738	0.000615	0.000000	0.000615	69.2	138.8	209.4
255	-0.329286	-0.329287	0.000000	91.045806	488.511549	0.000388	0.000000	0.000388	90.8	134.6	226.9
256	-0.330692	-0.330693	0.000000	92.045806	484.190190	0.000500	0.000000	0.000500	43.5	149.1	193.8
257	-0.325186	-0.325186	0.000000	91.952416	484.590519	0.000884	0.000000	0.000884	58.8	112.1	172.0
258	-0.328163	-0.328163	0.000000	92.952416	480.337950	0.000569	0.000000	0.000569	46.8	150.3	198.4
259	-0.326387	-0.326388	0.000000	93.952416	476.159369	0.000291	0.000000	0.000291	77.0	131.1	209.2
260	-0.325160	-0.325161	0.000000	93.859027	476.546524	0.000185	0.000000	0.000185	86.0	166.0	253.4
261	-0.322551	-0.322551	0.000000	93.766371	476.931261	0.000394	0.000000	0.000394	57.8	174.8	233.7
262	-0.326562	-0.326563	0.000000	93.672982	477.319672	0.000368	0.000000	0.000368	86.1	158.3	245.4
263	-0.330839	-0.330839	0.000000	94.672982	473.193214	0.000337	0.000000	0.000337	67.2	131.2	199.5
264	-0.322596	-0.322597	0.000000	95.672982	469.137492	0.000303	0.000000	0.000303	54.8	156.4	212.3
265	-0.326137	-0.326138	0.000000	95.579593	469.513308	0.000217	0.000000	0.000217	45.8	184.2	232.4
266	-0.328157	-0.328158	0.000000	96.023024	467.734196	0.000297	0.000000	0.000297	44.8	124.5	170.4
267	-0.324131	-0.324132	0.000000	95.934549	468.088095	0.000416	0.000000	0.000416	45.2	96.0	142.3
268	-0.324246	-0.324247	0.000000	95.841159	468.462231	0.000466	0.000000	0.000466	64.8	111.0	176.8
269	-0.327246	-0.327246	0.000000	96.841159	464.486861	0.000461	0.000000	0.000461	68.7	154.7	224.5
270	-0.321594	-0.321595	0.000000	97.841159	460.578393	0.000428	0.000000	0.000428	32.5	160.0	193.7
271	-0.321931	-0.321931	0.000000	98.841159	456.735152	0.000352	0.000000	0.000352	58.9	165.8	225.7
272	-0.323394	-0.323394	0.000000	99.841159	452.955520	0.000354	0.000000	0.000354	40.9	107.6	149.6
273	-0.328894	-0.328894	0.000000	100.841159	449.237930	0.000419	0.000000	0.000419	64.6	143.9	209.8
274	-0.334420	-0.334420	0.000000	101.841159	445.580866	0.000448	0.000000	0.000448	51.5	152.2	205.5
275	-0.325805	-0.325806	0.000000	102.841159	441.982863	0.000353	0.000000	0.000353	73.0	103.9	177.9
276	-0.333476	-0.333476	0.000000	102.747770	442.316416	0.000286	0.000000	0.000286	37.3	151.2	189.9
277	-0.324798	-0.324799	0.000000	103.747733	438.770860	0.000478	0.000000	0.000478	76.8	145.8	223.7
278	-0.330728	-0.330728	0.000000	104.747733	435.281566	0.000204	0.000000	0.000204	43.9	154.7	199.7
279	-0.328441	-0.328442	0.000000	105.741487	431.868613	0.000465	0.000000	0.000465	56.9	149.7	207.7
280	-0.328357	-0.328357	0.000000	105.648097	432.187070	0.000376	0.000000	0.000376	64.7	181.7	247.4
281	-0.329061	-0.329061	0.000000	106.648097	428.801300	0.000278	0.000000	0.000278	43.9	107.8	152.9
282	-0.325671	-0.325672	0.000000	106.554926	429.114515	0.000311	0.000000	0.000311	41.0	121.5	163.5
283	-0.330314	-0.330315	0.000000	106.461565	429.428827	0.000327	0.000000	0.000327	68.5	177.9	247.5
284	-0.326874	-0.326875	0.000000	106.368175	429.743694	0.000283	0.000000	0.000283	95.1	136.1	232.5
285	-0.328011	-0.328012	0.000000	106.275425	430.056866	0.000268	0.000000	0.000268	60.9	132.4	194.7
286	-0.328868	-0.328869	0.000000	107.268988	426.725672	0.000410	0.000000	0.000410	47.8	187.4	236.4
287	-0.329512	-0.329513	0.000000	108.268988	423.424605	0.000352	0.000000	0.000352	46.7	97.2	146.8
288	-0.326526	-0.326526	0.000000	109.268988	420.174218	0.000244	0.000000	0.000244	58.1	156.0	215.2
289	-0.328354	-0.328355	0.000000	110.267895	416.976827	0.000305	0.000000	0.000305	40.9	157.4	200.0
290	-0.321661	-0.321662	0.000000	110.675912	415.684763	0.000374	0.000000	0.000374	77.9	133.0	212.0
291	-0.326876	-0.326877	0.000000	111.675912	412.551679	0.000249	0.000000	0.000249	60.3	155.2	217.5
292	-0.329726	-0.329727	0.000000	112.675911	409.465473	0.000266	0.000000	0.000266	52.1	123.4	176.7
293	-0.325702	-0.325702	0.000000	112.991640	408.500636	0.000270	0.000000	0.000270	67.0	114.4	182.7
294	-0.324179	-0.324179	0.000000	113.991634	405.474536	0.000303	0.000000	0.000303	45.5	138.9	185.5
295	-0.330249	-0.330249	0.000000	114.990970	402.494888	0.000308	0.000000	0.000308	76.6	174.0	251.8
296	-0.326593	-0.326594	0.000000	115.990951	399.556830	0.000273	0.000000	0.000273	40.3	121.0	162.6
297	-0.334267	-0.334267	0.000000	116.614240	397.747138	0.000238	0.000000	0.000238	74.6	179.1	254.7
298	-0.331266	-0.331267	0.000000	116.520851	398.017245	0.000239	0.000000	0.000239	80.6	183.3	265.1
299	-0.323079	-0.323080	0.000000	117.516784	395.155507	0.000502	0.000000	0.000502	60.7	133.5	195.2
300	-0.331346	-0.331346	0.000000	117.423395	395.422104	0.000513	0.000000	0.000513	53.9	160.2	215.3
301	-0.329467	-0.329467	0.000000	118.423395	392.585980	0.000370	0.000000	0.000370	40.7	174.8	216.5
302	-0.333062	-0.333063	0.000000	119.423395	389.790249	0.000468	0.000000	0.000468	28.1	147.9	177.2
303	-0.332381	-0.332381	0.000000	119.330006	390.049654	0.000281	0.000000	0.000281	39.7	128.5	169.4
304	-0.331058	-0.331059	0.000000	119.309302	390.107207	0.000272	0.000000	0.000272	77.0	127.1	205.2
305	-0.325313	-0.325313	0.000000	119.239411	390.301626	0.000298	0.000000	0.000298	63.6	168.3	233.7
306	-0.330803	-0.330804	0.000000	120.238459	387.540835	0.000387	0.000000	0.000387	34.0	107.9	143.0
307	-0.321121	-0.321121	0.000000	120.145069	387.797253	0.000225	0.000000	0.000225	73.6	144.0	218.6
308	-0.329244	-0.329245	0.000000	120.051680	388.054010	0.000260	0.000000	0.000260	29.3	118.1	148.6
309	-0.330545	-0.330545	0.000000	119.958291	388.311108	0.000229	0.000000	0.000229	91.7	131.9	224.9
310	-0.331147	-0.331148	0.000000	119.864914	388.568514	0.000530	0.000000	0.000530	85.1	124.0	210.1
311	-0.326265	-0.326265	0.000000	120.864911	385.829518	0.000177	0.000000	0.000177	94.8	80.1	176.0
312	-0.327267	-0.327268	0.000000	120.825156	385.937670	0.000354	0.000000	0.000354	67.8	117.0	186.3
313	-0.325501	-0.325501	0.000000	120.731806	386.191863	0.000448	0.000000	0.000448	67.0	113.3	181.2
314	-0.325333	-0.325333	0.000000	121.731806	383.486146	0.000277	0.000000	0.000277	61.3	164.3	226.7
315	-0.323425	-0.323426	0.000000	121.638416	383.737225	0.000292	0.000000	0.000292	25.6	125.8	152.5
316	-0.334977	-0.334978	0.000000	121.545220	383.988114	0.000280	0.000000	0.000280	53.5	135.3	189.8
317	-0.330086	-0.330086	0.000000	122.545219	381.313084	0.000271	0.000000	0.000271	58.6	119.7	179.8
318	-0.327617	-0.327618	0.000000	122.463243	381.530968	0.000175	0.000000	0.000175	78.4	146.7	226.2
319	-0.321162	-0.321162	0.000000	122.967716	380.194059	0.000310	0.000000	0.000310	53.4	135.8	190.7
320	-0.322351	-0.322351	0.000000	122.874326	380.440844	0.000391	0.000000	0.000391	78.1	127.9	207.6
321	-0.326241	-0.326241	0.000000	123.874288	377.814938	0.000461	0.000000	0.000461	53.1	167.6	223.3
322	-0.328172	-0.328173	0.000000	123.780901	378.058636	0.000327	0.000000	0.000327	59.1	111.1	171.3
323	-0.327497	-0.327498	0.000000	124.780901	375.465302	0.000199	0.000000	0.000199	84.8	103.4	189.5
324	-0.332509	-0.332510	0.000000	124.687512	375.705985	0.000401	0.000000	0.000401	92.6	112.1	205.7
325	-0.326160	-0.326160	0.000000	125.630307	373.290292	0.000365	0.000000	0.000365	65.2	110.4	177.6
326	-0.327490	-0.327491	0.000000	125.536918	373.528193	0.000413	0.000000	0.000413	67.0	100.0	168.3
327	-0.330025	-0.330026	0.000000	126.536918	370.996432	0.000274	0.000000	0.000274	71.5	136.7	210.1
328	-0.319468	-0.319469	0.000000	127.536918	368.498761	0.000246	0.000000	0.000246	48.3	170.3	220.0
329	-0.327236	-0.327236	0.000000	128.536672	366.035095	0.000327	0.000000	0.000327	51.0	146.4	198.7
330	-0.326659	-0.326660	0.000000	128.443285	366.263831	0.000248	0.000000	0.000248	50.6	114.1	165.8
331	-0.324186	-0.324186	0.000000	128.349896	366.492858	0.000355	0.000000	0.000355	60.1	130.3	191.7
332	-0.330288	-0.330289	0.000000	128.256507	366.722169	0.000493	0.000000	0.000493	50.8	128.0	180.0
333	-0.326323	-0.326324	0.000000	129.256507	364.281528	0.000275	0.000000	0.000275	68.1	129.0	198.2
334	-0.330507	-0.330507	0.000000	130.256506	361.873161	0.000310	0.000000	0.000310	77.5	153.6	232.4
335	-0.327271	-0.327272	0.000000	130.163119	362.096725	0.000343	0.000000	0.000343	71.2	177.4	249.6
336	-0.323084	-0.323085	0.000000	131.163119	359.717063	0.000252	0.000000	0.000252	82.7	123.3	209.5
337	-0.327791	-0.327792	0.000000	132.163113	357.368488	0.000436	0.000000	0.000436	61.8	132.0	194.9
338	-0.333749	-0.333749	0.000000	133.163113	355.050368	0.000257	0.000000	0.000257	68.9	127.4	197.5
339	-0.320156	-0.320157	0.000000	133.589940	354.070064	0.000263	0.000000	0.000263	65.5	142.8	209.3
340	-0.328292	-0.328293	0.000000	133.496565	354.284059	0.000228	0.000000	0.000228	45.0	135.5	181.7
341	-0.326899	-0.326900	0.000000	134.092720	352.922241	0.000193	0.000000	0.000193	79.0	145.4	225.4
342	-0.330415	-0.330416	0.000000	134.253317	352.557171	0.000239	0.000000	0.000239	45.2	138.0	184.5
343	-0.323786	-0.323786	0.000000	134.159931	352.769363	0.000240	0.000000	0.000240	70.1	109.0	180.1
344	-0.328128	-0.328128	0.000000	134.129367	352.838867	0.000335	0.000000	0.000335	91.6	123.4	216.1
345	-0.331790	-0.331790	0.000000	134.036419	353.050402	0.000564	0.000000	0.000564	97.0	151.8	250.0
346	-0.325316	-0.325316	0.000000	135.036419	350.787786	0.000255	0.000000	0.000255	42.4	153.8	197.3
347	-0.328889	-0.328890	0.000000	136.036419	348.553987	0.000200	0.000000	0.000200	61.7	120.4	183.2
348	-0.326004	-0.326005	0.000000	135.943144	348.761141	0.000257	0.000000	0.000257	52.4	164.9	218.4
349	-0.321496	-0.321497	0.000000	136.165713	348.267246	0.000264	0.000000	0.000264	30.2	147.7	179.1
350	-0.328277	-0.328278	0.000000	136.878645	346.694577	0.000285	0.000000	0.000285	47.7	117.1	166.0
351	-0.332850	-0.332850	0.000000	137.777933	344.730965	0.000291	0.000000	0.000291	86.5	125.5	213.2
352	-0.327582	-0.327583	0.000000	137.684854	344.933173	0.000202	0.000000	0.000202	71.6	119.7	193.3
353	-0.323804	-0.323804	0.000000	137.592015	345.135095	0.000213	0.000000	0.000213	70.6	151.8	223.5
354	-0.331113	-0.331113	0.000000	137.498689	345.338314	0.000353	0.000000	0.000353	28.3	120.7	150.1
355	-0.334586	-0.334587	0.000000	138.366272	343.458308	0.000331	0.000000	0.000331	35.0	128.2	165.0
356	-0.334708	-0.334709	0.000000	138.272883	343.659694	0.000303	0.000000	0.000303	35.3	78.6	115.7
357	-0.329496	-0.329497	0.000000	139.242153	341.580970	0.000267	0.000000	0.000267	44.3	170.9	216.2
358	-0.328771	-0.328772	0.000000	140.242036	339.462782	0.000371	0.000000	0.000371	83.9	155.9	240.9
359	-0.333927	-0.333928	0.000000	141.242035	337.370460	0.000322	0.000000	0.000322	90.4	123.0	214.6
360	-0.322831	-0.322831	0.000000	141.485208	336.865558	0.000216	0.000000	0.000216	57.7	157.6	216.5
361	-0.330396	-0.330396	0.000000	142.259700	335.267491	0.000263	0.000000	0.000263	59.2	168.7	229.1
362	-0.331820	-0.331821	0.000000	142.866343	334.026311	0.000327	0.000000	0.000327	28.4	149.5	181.0
363	-0.329417	-0.329418	0.000000	143.853657	332.025817	0.000349	0.000000	0.000349	50.1	139.9	191.5
364	-0.331439	-0.331439	0.000000	144.853291	330.024624	0.000281	0.000000	0.000281	46.3	141.7	189.1
365	-0.330324	-0.330325	0.000000	145.853291	328.046691	0.000319	0.000000	0.000319	41.8	105.4	148.2
366	-0.338085	-0.338085	0.000000	145.759902	328.230405	0.000490	0.000000	0.000490	79.1	103.9	184.1
367	-0.333157	-0.333158	0.000000	146.759902	326.273856	0.000209	0.000000	0.000209	58.1	128.8	188.0
368	-0.330887	-0.330888	0.000000	147.533199	324.776783	0.000341	0.000000	0.000341	36.4	158.1	195.6
369	-0.325078	-0.325078	0.000000	147.439845	324.956782	0.000397	0.000000	0.000397	37.0	117.6	155.8
370	-0.331084	-0.331084	0.000000	148.439845	323.038953	0.000280	0.000000	0.000280	58.3	92.8	152.2
371	-0.326349	-0.326349	0.000000	148.346456	323.217098	0.000255	0.000000	0.000255	64.8	98.4	164.5
372	-0.329482	-0.329483	0.000000	148.979464	322.013430	0.000296	0.000000	0.000296	60.6	146.5	208.1
373	-0.325103	-0.325104	0.000000	148.890299	322.182434	0.000186	0.000000	0.000186	108.5	131.9	241.5
374	-0.329540	-0.329541	0.000000	149.674796	320.701541	0.000393	0.000000	0.000393	67.1	150.4	219.0
375	-0.329327	-0.329327	0.000000	149.594301	320.852865	0.000306	0.000000	0.000306	48.5	118.5	168.3
376	-0.327442	-0.327442	0.000000	150.594301	318.983031	0.000189	0.000000	0.000189	56.7	101.4	159.3
377	-0.330568	-0.330569	0.000000	150.500911	319.156730	0.000505	0.000000	0.000505	65.4	143.0	209.5
378	-0.327446	-0.327447	0.000000	151.500911	317.306556	0.000285	0.000000	0.000285	43.1	182.8	226.9
379	-0.325196	-0.325197	0.000000	152.500911	315.477710	0.000181	0.000000	0.000181	75.5	155.7	232.2
380	-0.324503	-0.324504	0.000000	152.407695	315.647296	0.000254	0.000000	0.000254	47.0	168.0	216.1
381	-0.326388	-0.326388	0.000000	152.321257	315.804715	0.000408	0.000000	0.000408	43.6	170.4	215.1
382	-0.324688	-0.324689	0.000000	153.321256	313.993091	0.000334	0.000000	0.000334	44.7	151.0	196.9
383	-0.320996	-0.320996	0.000000	154.321256	312.202133	0.000357	0.000000	0.000357	68.1	175.5	245.0
384	-0.328613	-0.328614	0.000000	155.161946	310.712224	0.000187	0.000000	0.000187	62.5	205.9	271.9
385	-0.326775	-0.326775	0.000000	156.161907	308.958462	0.000307	0.000000	0.000307	39.6	141.0	182.9
386	-0.329021	-0.329021	0.000000	156.068614	309.121243	0.000252	0.000000	0.000252	75.5	94.0	170.7
387	-0.326394	-0.326394	0.000000	157.067542	307.387126	0.000276	0.000000	0.000276	85.9	113.5	200.5
388	-0.328668	-0.328669	0.000000	156.975667	307.545807	0.000253	0.000000	0.000253	53.1	116.6	171.0
389	-0.335141	-0.335142	0.000000	157.783877	306.155516	0.000436	0.000000	0.000436	57.5	112.2	170.8
390	-0.331616	-0.331616	0.000000	158.783877	304.452608	0.000320	0.000000	0.000320	37.3	137.2	175.5
391	-0.326424	-0.326424	0.000000	159.783877	302.768538	0.000248	0.000000	0.000248	49.7	122.7	173.5
392	-0.328253	-0.328254	0.000000	159.690488	302.925023	0.000468	0.000000	0.000468	55.8	188.8	245.8
393	-0.327387	-0.327388	0.000000	160.690488	301.257765	0.000551	0.000000	0.000551	39.6	178.6	219.4
394	-0.324208	-0.324209	0.000000	161.690488	299.608758	0.000306	0.000000	0.000306	39.2	139.8	180.1
395	-0.332586	-0.332587	0.000000	162.690488	297.977706	0.000496	0.000000	0.000496	116.2	91.3	210.4
396	-0.333399	-0.333400	0.000000	163.690488	296.364317	0.000752	0.000000	0.000752	102.2	218.7	322.0
397	-0.331770	-0.331771	0.000000	164.690488	294.768304	0.000389	0.000000	0.000389	70.7	187.4	259.6
398	-0.331697	-0.331698	0.000000	165.690488	293.189390	0.000285	0.000000	0.000285	53.1	127.2	181.4
399	-0.323891	-0.323892	0.000000	165.597098	293.336127	0.000240	0.000000	0.000240	72.7	200.7	274.6
400	-0.335883	-0.335883	0.000000	166.597098	291.772478	0.000252	0.000000	0.000252	49.3	132.5	182.9
401	-0.329691	-0.329692	0.000000	166.677823	291.646979	0.000414	0.000000	0.000414	56.5	100.3	158.0
402	-0.326122	-0.326122	0.000000	167.677823	290.101239	0.000246	0.000000	0.000246	61.0	157.1	219.4
403	-0.333130	-0.333131	0.000000	167.592523	290.232450	0.000485	0.000000	0.000485	66.6	123.5	191.3
404	-0.327245	-0.327246	0.000000	168.592523	288.701628	0.000299	0.000000	0.000299	54.8	157.4	213.3
405	-0.330747	-0.330748	0.000000	169.592523	287.186870	0.000504	0.000000	0.000504	42.1	164.3	207.7
406	-0.328051	-0.328051	0.000000	169.499134	287.327659	0.000336	0.000000	0.000336	98.8	139.8	239.9
407	-0.327682	-0.327683	0.000000	170.499134	285.827247	0.000216	0.000000	0.000215	54.0	131.5	186.5
408	-0.330426	-0.330427	0.000000	170.405748	285.966700	0.000220	0.000000	0.000220	71.1	163.8	236.5
409	-0.326727	-0.326728	0.000000	170.312375	286.106271	0.000248	0.000000	0.000248	51.4	171.7	224.1
410	-0.329844	-0.329845	0.000000	170.218985	286.246002	0.000435	0.000000	0.000435	51.7	115.9	168.8
411	-0.335782	-0.335783	0.000000	171.218985	284.756836	0.000394	0.000000	0.000394	74.8	151.3	227.3
412	-0.337941	-0.337941	0.000000	172.218985	283.283084	0.000626	0.000000	0.000626	57.4	137.9	196.5
413	-0.333862	-0.333862	0.000000	172.125606	283.420057	0.000262	0.000000	0.000262	32.2	128.1	161.4
414	-0.326815	-0.326815	0.000000	173.125606	281.960074	0.000372	0.000000	0.000372	60.2	136.8	198.1
415	-0.328990	-0.328991	0.000000	173.032217	282.095783	0.000293	0.000000	0.000293	53.1	153.9	219.5
416	-0.327335	-0.327336	0.000000	174.032184	280.649424	0.000218	0.000000	0.000218	41.1	155.7	197.9
417	-0.334294	-0.334295	0.000000	174.945498	279.341300	0.000364	0.000000	0.000364	98.9	130.1	232.6
418	-0.324990	-0.324990	0.000000	175.429487	278.653022	0.000563	0.000000	0.000563	85.4	118.0	204.6
419	-0.323692	-0.323692	0.000000	176.429487	277.241617	0.000355	0.000000	0.000355	80.9	111.8	194.0
420	-0.326793	-0.326794	0.000000	177.429487	275.844437	0.000352	0.000000	0.000352	39.6	163.4	204.2
421	-0.325062	-0.325063	0.000000	177.336097	275.974323	0.000292	0.000000	0.000292	70.5	144.0	216.6
422	-0.328319	-0.328319	0.000000	177.242708	276.104330	0.000397	0.000000	0.000397	21.1	149.1	171.2
423	-0.329731	-0.329732	0.000000	178.242673	274.718610	0.000234	0.000000	0.000234	63.3	174.2	240.2
424	-0.327285	-0.327285	0.000000	179.241611	273.348131	0.000304	0.000000	0.000304	37.8	123.3	162.3
425	-0.323911	-0.323911	0.000000	180.241491	271.989985	0.000262	0.000000	0.000262	76.5	116.9	194.5
426	-0.327200	-0.327200	0.000000	180.335764	271.862629	0.000368	0.000000	0.000368	68.3	168.0	242.9
427	-0.326129	-0.326130	0.000000	180.242402	271.988754	0.000197	0.000000	0.000197	60.6	181.9	243.5
428	-0.328518	-0.328519	0.000000	181.242387	270.643908	0.000218	0.000000	0.000218	39.0	184.5	224.8
429	-0.334270	-0.334271	0.000000	181.246774	270.638038	0.000365	0.000000	0.000365	40.8	177.4	219.3
430	-0.331210	-0.331211	0.000000	181.153387	270.763062	0.000445	0.000000	0.000445	101.7	200.8	303.5
431	-0.327573	-0.327574	0.000000	181.061699	270.885925	0.000368	0.000000	0.000368	54.7	161.8	217.9
432	-0.321849	-0.321850	0.000000	180.968309	271.011181	0.000207	0.000000	0.000207	38.0	113.2	152.4
433	-0.331942	-0.331943	0.000000	181.576997	270.196868	0.000349	0.000000	0.000349	109.7	123.2	234.2
434	-0.328207	-0.328208	0.000000	182.482228	268.994844	0.000169	0.000000	0.000169	110.9	128.3	240.2
435	-0.330110	-0.330111	0.000000	182.389947	269.116891	0.000273	0.000000	0.000273	78.7	101.5	181.4
436	-0.332667	-0.332667	0.000000	182.296817	269.240173	0.000241	0.000000	0.000241	88.9	135.9	225.9
437	-0.327324	-0.327324	0.000000	182.208518	269.357165	0.000243	0.000000	0.000243	52.8	171.7	225.7
438	-0.330507	-0.330508	0.000000	182.280975	269.261155	0.000260	0.000000	0.000260	36.1	165.6	204.0
439	-0.327491	-0.327491	0.000000	182.188447	269.383771	0.000241	0.000000	0.000241	49.5	167.8	218.4
440	-0.324919	-0.324919	0.000000	182.095058	269.507641	0.000218	0.000000	0.000218	50.4	126.4	178.8
441	-0.332820	-0.332821	0.000000	182.001669	269.631626	0.000399	0.000000	0.000399	57.1	157.0	215.2
442	-0.334479	-0.334480	0.000000	181.908281	269.755724	0.000241	0.000000	0.000241	54.9	160.1	216.1
443	-0.326840	-0.326841	0.000000	182.908280	268.432798	0.000604	0.000000	0.000604	41.0	152.3	194.3
444	-0.327368	-0.327369	0.000000	182.814891	268.555796	0.000341	0.000000	0.000341	55.2	121.9	178.1
445	-0.329037	-0.329038	0.000000	183.814891	267.244584	0.000339	0.000000	0.000339	51.8	121.6	176.2
446	-0.329978	-0.329979	0.000000	183.721501	267.366495	0.000404	0.000000	0.000404	70.5	131.3	202.9
447	-0.327570	-0.327571	0.000000	183.637175	267.476670	0.000206	0.000000	0.000206	50.1	113.5	164.6
448	-0.324657	-0.324658	0.000000	184.637158	266.175970	0.000225	0.000000	0.000225	38.9	143.6	183.5
449	-0.329232	-0.329233	0.000000	184.543892	266.296749	0.000334	0.000000	0.000334	66.8	180.6	248.4
450	-0.336204	-0.336205	0.000000	184.450959	266.417204	0.000389	0.000000	0.000389	47.0	133.4	181.5
451	-0.329255	-0.329255	0.000000	185.449942	265.128049	0.000374	0.000000	0.000374	49.3	96.1	146.6
452	-0.332917	-0.332917	0.000000	186.449942	263.850015	0.000488	0.000000	0.000488	54.1	136.4	191.8
453	-0.320414	-0.320414	0.000000	187.340098	262.722685	0.000281	0.000000	0.000281	60.7	117.8	179.8
454	-0.330399	-0.330400	0.000000	188.326745	261.484361	0.000540	0.000000	0.000540	51.1	152.5	205.4
455	-0.325110	-0.325110	0.000000	189.309719	260.262200	0.000256	0.000000	0.000256	96.7	160.7	260.0
456	-0.327394	-0.327395	0.000000	190.281202	259.065500	0.000383	0.000000	0.000383	27.9	93.2	122.4
457	-0.325022	-0.325023	0.000000	190.549478	258.736966	0.000238	0.000000	0.000238	64.0	124.5	189.5
458	-0.327051	-0.327052	0.000000	190.456089	258.851237	0.000248	0.000000	0.000248	73.4	187.3	261.8
459	-0.328829	-0.328830	0.000000	191.134325	258.023637	0.000286	0.000000	0.000286	37.6	142.3	181.0
460	-0.324242	-0.324243	0.000000	191.554825	257.513186	0.000335	0.000000	0.000335	78.5	155.8	235.5
461	-0.328343	-0.328344	0.000000	192.554825	256.307345	0.000368	0.000000	0.000368	61.6	120.4	183.3
462	-0.331392	-0.331393	0.000000	192.461435	256.419479	0.000237	0.000000	0.000237	40.0	199.4	252.3
463	-0.327382	-0.327382	0.000000	192.369448	256.530026	0.000477	0.000000	0.000477	54.2	180.4	235.6
464	-0.322208	-0.322209	0.000000	192.281355	256.635982	0.000285	0.000000	0.000285	41.0	134.0	176.0
465	-0.329458	-0.329458	0.000000	193.281355	255.438323	0.000307	0.000000	0.000307	56.8	143.7	201.8
466	-0.329036	-0.329036	0.000000	193.612003	255.044775	0.000471	0.000000	0.000471	72.1	146.0	219.2
467	-0.329778	-0.329778	0.000000	194.423819	254.083649	0.000365	0.000000	0.000365	77.1	120.9	199.2
468	-0.330187	-0.330188	0.000000	194.330430	254.193846	0.000558	0.000000	0.000558	68.6	111.4	181.0
469	-0.328974	-0.328975	0.000000	195.330430	253.018820	0.000303	0.000000	0.000303	55.5	180.0	236.7
470	-0.327317	-0.327317	0.000000	195.237041	253.128095	0.000247	0.000000	0.000247	29.7	155.7	191.4
471	-0.323211	-0.323211	0.000000	196.237019	251.962904	0.000185	0.000000	0.000185	46.7	147.6	195.4
472	-0.326779	-0.326780	0.000000	196.144302	252.070488	0.000436	0.000000	0.000436	50.9	159.8	211.8
473	-0.327974	-0.327975	0.000000	197.065061	251.006144	0.000337	0.000000	0.000337	73.1	110.0	187.5
474	-0.323024	-0.323025	0.000000	197.959021	249.981343	0.000240	0.000000	0.000240	54.3	112.5	167.8
475	-0.329998	-0.329999	0.000000	197.868342	250.084913	0.000307	0.000000	0.000307	65.0	164.6	230.7
476	-0.326605	-0.326606	0.000000	197.774958	250.191661	0.000471	0.000000	0.000471	49.2	136.9	187.2
477	-0.326132	-0.326133	0.000000	197.685388	250.294135	0.000369	0.000000	0.000369	80.3	92.9	174.3
478	-0.326490	-0.326491	0.000000	198.685388	249.154805	0.000379	0.000000	0.000379	83.8	120.0	204.9
479	-0.334294	-0.334294	0.000000	198.591999	249.260767	0.000402	0.000000	0.000402	47.8	143.4	192.2
480	-0.327828	-0.327828	0.000000	199.591999	248.130804	0.000244	0.000000	0.000244	47.7	145.5	194.2
481	-0.326192	-0.326193	0.000000	200.456121	247.162598	0.000361	0.000000	0.000361	44.9	97.5	143.7
482	-0.335892	-0.335893	0.000000	201.456121	246.051535	0.000354	0.000000	0.000354	74.5	151.8	227.5
483	-0.335946	-0.335947	0.000000	202.456121	244.950417	0.000289	0.000000	0.000289	37.0	207.3	245.7
484	-0.334231	-0.334231	0.000000	203.456120	243.859112	0.000269	0.000000	0.000269	54.9	125.1	189.1
485	-0.328946	-0.328946	0.000000	204.455741	242.777895	0.000515	0.000000	0.000515	90.8	148.3	240.2
486	-0.328135	-0.328135	0.000000	205.455741	241.705818	0.000341	0.000000	0.000341	77.6	128.2	207.0
487	-0.329073	-0.329074	0.000000	206.455741	240.643168	0.000313	0.000000	0.000313	52.5	152.2	205.8
488	-0.327188	-0.327188	0.000000	207.454966	239.590634	0.000222	0.000000	0.000222	30.2	117.7	149.0
489	-0.332568	-0.332568	0.000000	207.361577	239.688615	0.000251	0.000000	0.000251	82.3	103.3	186.7
490	-0.327401	-0.327402	0.000000	207.268700	239.786138	0.000242	0.000000	0.000242	41.1	156.0	198.2
491	-0.330499	-0.330500	0.000000	207.290850	239.762873	0.000362	0.000000	0.000362	54.8	181.6	237.4
492	-0.332406	-0.332406	0.000000	207.197463	239.860993	0.000398	0.000000	0.000398	34.8	152.1	188.6
493	-0.324708	-0.324709	0.000000	208.197463	238.814467	0.000188	0.000000	0.000188	46.3	136.5	183.9
494	-0.326773	-0.326774	0.000000	208.119536	238.895692	0.000233	0.000000	0.000233	41.5	125.5	168.3
495	-0.324124	-0.324124	0.000000	208.032108	238.986885	0.000201	0.000000	0.000201	43.3	133.1	177.5
496	-0.329661	-0.329662	0.000000	208.159166	238.854379	0.000401	0.000000	0.000401	63.3	96.8	161.2
497	-0.335077	-0.335078	0.000000	208.859209	238.126940	0.000180	0.000000	0.000179	70.7	100.4	172.2
498	-0.333516	-0.333517	0.000000	208.768390	238.221063	0.000352	0.000000	0.000352	57.6	149.1	207.8
499	-0.329682	-0.329683	0.000000	209.637803	237.323064	0.000510	0.000000	0.000510	32.1	153.5	186.8
500	-0.334487	-0.334488	0.000000	210.637803	236.298520	0.000283	0.000000	0.000283	16.0	154.2	171.4
501	-0.332592	-0.332593	0.000000	210.814085	236.118829	0.000383	0.000000	0.000383	60.5	200.0	261.9
502	-0.333125	-0.333125	0.000000	211.814084	235.104635	0.000392	0.000000	0.000392	76.9	163.9	242.1
503	-0.333837	-0.333838	0.000000	211.720694	235.198981	0.000296	0.000000	0.000296	58.1	183.2	242.3
504	-0.322885	-0.322886	0.000000	212.720689	234.192661	0.000325	0.000000	0.000325	46.3	159.4	206.9
505	-0.330540	-0.330541	0.000000	212.664341	234.249136	0.000396	0.000000	0.000396	62.8	156.5	220.3
506	-0.324349	-0.324349	0.000000	213.664341	233.250906	0.000215	0.000000	0.000215	56.1	163.9	221.3
507	-0.334409	-0.334410	0.000000	214.353553	232.567852	0.000550	0.000000	0.000550	71.1	132.9	205.0
508	-0.331994	-0.331994	0.000000	214.260163	232.660172	0.000192	0.000000	0.000192	71.4	168.2	240.7
509	-0.333107	-0.333107	0.000000	215.221665	231.713167	0.000441	0.000000	0.000441	57.5	133.8	192.5
510	-0.329824	-0.329825	0.000000	215.128276	231.804810	0.000365	0.000000	0.000365	42.3	163.4	206.8
511	-0.325779	-0.325779	0.000000	215.034887	231.896526	0.000376	0.000000	0.000376	38.0	168.8	207.9
512	-0.334137	-0.334138	0.000000	214.941497	231.988314	0.000647	0.000000	0.000647	56.4	173.9	231.8
513	-0.328349	-0.328350	0.000000	215.941497	231.009219	0.000244	0.000000	0.000244	50.8	102.5	154.4
514	-0.333418	-0.333418	0.000000	216.545683	230.421658	0.000319	0.000000	0.000319	62.8	119.1	182.9
515	-0.330985	-0.330986	0.000000	216.452335	230.512242	0.000412	0.000000	0.000412	96.0	130.8	228.0
516	-0.330160	-0.330161	0.000000	216.358962	230.602921	0.000380	0.000000	0.000380	45.8	171.8	219.6
517	-0.330036	-0.330037	0.000000	217.358962	229.635461	0.000184	0.000000	0.000184	80.1	131.8	213.5
518	-0.332775	-0.332775	0.000000	217.265573	229.725467	0.000496	0.000000	0.000496	39.0	156.6	196.6
519	-0.332653	-0.332654	0.000000	218.261688	228.769054	0.000346	0.000000	0.000346	56.4	123.7	181.3
520	-0.330770	-0.330771	0.000000	218.168299	228.858383	0.000299	0.000000	0.000299	36.1	128.0	165.2
521	-0.326805	-0.326806	0.000000	218.074910	228.947781	0.000288	0.000000	0.000288	51.0	167.3	219.3
522	-0.328536	-0.328537	0.000000	218.313058	228.719947	0.000274	0.000000	0.000274	14.6	120.7	136.3
523	-0.328135	-0.328136	0.000000	218.219669	228.809238	0.000376	0.000000	0.000376	64.4	185.6	251.2
524	-0.328847	-0.328848	0.000000	219.219666	227.856741	0.000267	0.000000	0.000267	55.5	142.2	198.8
525	-0.329182	-0.329183	0.000000	220.216603	226.915020	0.000227	0.000000	0.000227	74.5	120.2	195.8
526	-0.318331	-0.318332	0.000000	220.123214	227.002906	0.000361	0.000000	0.000361	97.0	140.5	238.6
527	-0.326663	-0.326663	0.000000	220.029825	227.090859	0.000185	0.000000	0.000185	49.6	152.0	203.1
528	-0.326207	-0.326208	0.000000	220.991817	226.188104	0.000267	0.000000	0.000267	70.2	157.9	229.3
529	-0.334379	-0.334380	0.000000	220.898428	226.275428	0.000258	0.000000	0.000258	61.0	114.8	176.9
530	-0.324642	-0.324642	0.000000	220.805038	226.362819	0.000258	0.000000	0.000258	46.3	238.3	286.8
531	-0.332395	-0.332396	0.000000	220.717627	226.444678	0.000214	0.000000	0.000214	82.7	146.6	230.5
532	-0.327333	-0.327334	0.000000	220.661421	226.497344	0.000266	0.000000	0.000266	97.0	162.5	260.7
533	-0.327855	-0.327856	0.000000	220.568032	226.584907	0.000238	0.000000	0.000238	53.8	87.2	142.1
534	-0.329791	-0.329791	0.000000	220.489204	226.658870	0.000303	0.000000	0.000303	108.4	96.4	206.2
535	-0.326645	-0.326646	0.000000	220.395814	226.746558	0.000330	0.000000	0.000330	63.7	144.0	208.8
536	-0.332359	-0.332360	0.000000	221.395814	225.811119	0.000372	0.000000	0.000372	65.4	184.3	251.1
537	-0.327136	-0.327136	0.000000	221.302425	225.898152	0.000394	0.000000	0.000394	54.7	134.0	189.8
538	-0.331429	-0.331429	0.000000	222.302425	224.969686	0.000283	0.000000	0.000283	45.7	135.8	183.5
539	-0.327442	-0.327443	0.000000	222.209036	225.056072	0.000409	0.000000	0.000409	57.6	136.7	195.4
540	-0.323572	-0.323573	0.000000	222.115646	225.142524	0.000257	0.000000	0.000257	53.0	149.1	203.2
541	-0.330258	-0.330259	0.000000	223.100027	224.234592	0.000243	0.000000	0.000243	40.1	153.6	195.0
542	-0.325629	-0.325629	0.000000	223.006638	224.320414	0.000304	0.000000	0.000304	42.7	136.5	180.4
543	-0.327482	-0.327483	0.000000	222.915633	224.404108	0.000199	0.000000	0.000199	42.9	111.7	155.6
544	-0.323934	-0.323935	0.000000	222.828543	224.484260	0.000214	0.000000	0.000214	62.2	118.4	181.6
545	-0.324099	-0.324100	0.000000	222.735195	224.570236	0.000233	0.000000	0.000233	51.9	121.0	174.4
546	-0.323214	-0.323215	0.000000	222.641805	224.656315	0.000425	0.000000	0.000425	60.4	144.9	207.3
547	-0.331763	-0.331763	0.000000	222.548416	224.742460	0.000626	0.000000	0.000626	64.9	127.9	194.1
548	-0.336474	-0.336475	0.000000	223.548416	223.823450	0.000295	0.000000	0.000295	64.5	143.5	209.0
549	-0.323354	-0.323355	0.000000	224.548416	222.911925	0.000325	0.000000	0.000325	39.1	129.6	169.8
550	-0.332742	-0.332742	0.000000	224.455027	222.996737	0.000201	0.000000	0.000201	61.1	94.3	157.2
551	-0.328329	-0.328330	0.000000	224.361646	223.081607	0.000291	0.000000	0.000291	60.3	111.5	173.1
552	-0.327353	-0.327354	0.000000	225.287407	222.243072	0.000189	0.000000	0.000189	87.0	104.1	192.3
553	-0.329166	-0.329166	0.000000	226.283525	221.347824	0.000329	0.000000	0.000329	103.0	104.2	208.5
554	-0.321390	-0.321391	0.000000	227.283506	220.456329	0.000284	0.000000	0.000284	76.4	139.8	217.4
555	-0.319938	-0.319939	0.000000	228.283506	219.571969	0.000359	0.000000	0.000359	111.2	125.3	237.7
556	-0.327838	-0.327839	0.000000	229.283378	218.694787	0.000445	0.000000	0.000445	40.0	113.3	154.4
557	-0.329375	-0.329376	0.000000	230.283378	217.824476	0.000282	0.000000	0.000282	64.4	151.3	216.8
558	-0.330686	-0.330687	0.000000	231.283378	216.961064	0.000212	0.000000	0.000212	33.8	143.8	178.8
559	-0.318706	-0.318707	0.000000	231.189996	217.041402	0.000473	0.000000	0.000473	38.5	76.7	116.3
560	-0.331862	-0.331863	0.000000	231.392858	216.866953	0.000258	0.000000	0.000258	71.7	91.2	163.9
561	-0.321938	-0.321939	0.000000	232.392858	216.011101	0.000260	0.000000	0.000260	81.7	167.9	251.0
562	-0.332051	-0.332052	0.000000	232.299478	216.090734	0.000525	0.000000	0.000525	87.0	127.0	215.1
563	-0.328181	-0.328182	0.000000	233.299478	215.240985	0.000397	0.000000	0.000397	88.8	116.1	206.1
564	-0.329354	-0.329355	0.000000	233.206089	215.320060	0.000402	0.000000	0.000402	76.5	113.4	191.4
565	-0.328976	-0.328977	0.000000	234.206089	214.476349	0.000268	0.000000	0.000268	85.7	132.5	236.9
566	-0.329431	-0.329432	0.000000	234.112715	214.554849	0.000252	0.000000	0.000252	61.7	157.0	219.8
567	-0.331919	-0.331920	0.000000	234.019413	214.633347	0.000202	0.000000	0.000202	64.6	164.0	229.6
568	-0.329072	-0.329073	0.000000	233.931503	214.707360	0.000215	0.000000	0.000215	95.4	87.9	184.7
569	-0.329914	-0.329915	0.000000	233.864160	214.764093	0.000439	0.000000	0.000439	90.6	162.0	254.2
570	-0.330425	-0.330426	0.000000	234.858978	213.929058	0.000252	0.000000	0.000252	171.2	148.1	320.4
571	-0.323926	-0.323927	0.000000	234.765590	214.007170	0.000537	0.000000	0.000537	38.8	195.6	236.3
572	-0.330027	-0.330028	0.000000	234.672201	214.085341	0.000242	0.000000	0.000242	30.5	162.8	194.7
573	-0.329747	-0.329748	0.000000	235.566583	213.339047	0.000286	0.000000	0.000286	45.8	114.0	161.1
574	-0.326034	-0.326035	0.000000	236.563746	212.513100	0.000476	0.000000	0.000476	47.3	128.2	176.5
575	-0.328028	-0.328029	0.000000	237.563746	211.691202	0.000295	0.000000	0.000295	77.7	151.2	230.1
576	-0.325629	-0.325630	0.000000	237.470357	211.767689	0.000258	0.000000	0.000258	45.7	131.3	178.0
577	-0.336389	-0.336390	0.000000	238.470344	210.951546	0.000385	0.000000	0.000385	47.4	160.0	209.2
578	-0.330065	-0.330066	0.000000	238.376954	211.027500	0.000267	0.000000	0.000267	78.0	118.5	197.6
579	-0.334750	-0.334751	0.000000	238.283565	211.103508	0.000334	0.000000	0.000334	37.1	169.3	207.4
580	-0.328926	-0.328927	0.000000	238.190176	211.179571	0.000305	0.000000	0.000305	48.0	128.6	177.6
581	-0.329071	-0.329071	0.000000	239.186213	210.371139	0.000355	0.000000	0.000355	50.0	126.9	178.1
582	-0.330279	-0.330280	0.000000	239.092824	210.446675	0.000367	0.000000	0.000367	57.6	157.5	216.2
583	-0.328719	-0.328720	0.000000	238.999435	210.522266	0.000150	0.000000	0.000150	59.8	147.5	208.3
584	-0.338979	-0.338980	0.000000	238.906050	210.597907	0.000320	0.000000	0.000320	48.1	179.9	229.3
585	-0.333037	-0.333038	0.000000	239.688748	209.965603	0.000487	0.000000	0.000487	38.2	139.9	180.0
586	-0.330110	-0.330111	0.000000	239.595358	210.040848	0.000233	0.000000	0.000233	68.7	128.3	198.0
587	-0.332733	-0.332733	0.000000	240.595358	209.237926	0.000494	0.000000	0.000494	75.5	115.0	191.7
588	-0.329001	-0.329002	0.000000	241.595358	208.441118	0.000467	0.000000	0.000467	92.2	101.6	195.6
589	-0.332312	-0.332313	0.000000	242.595358	207.650356	0.000286	0.000000	0.000286	49.4	156.2	206.6
590	-0.330363	-0.330364	0.000000	243.595358	206.865572	0.000222	0.000000	0.000222	44.7	175.1	220.9
591	-0.329628	-0.329629	0.000000	244.580620	206.098134	0.000343	0.000000	0.000343	52.7	155.4	209.2
592	-0.327475	-0.327476	0.000000	245.216705	205.605693	0.000232	0.000000	0.000232	58.1	192.3	251.6
593	-0.333066	-0.333067	0.000000	245.123315	205.677846	0.000221	0.000000	0.000221	57.6	183.1	241.8
594	-0.327466	-0.327466	0.000000	245.029926	205.750048	0.000239	0.000000	0.000239	92.1	179.7	272.9
595	-0.327156	-0.327156	0.000000	244.936550	205.822291	0.000308	0.000000	0.000308	51.3	147.5	199.9
596	-0.323890	-0.323891	0.000000	245.471033	205.409456	0.000172	0.000000	0.000172	65.3	195.5	262.3
597	-0.324158	-0.324159	0.000000	246.271491	204.794271	0.000335	0.000000	0.000335	61.1	166.2	228.8
598	-0.330045	-0.330046	0.000000	246.896698	204.316330	0.000159	0.000000	0.000159	61.2	146.4	208.6
599	-0.325215	-0.325216	0.000000	246.806476	204.385162	0.000353	0.000000	0.000353	24.0	127.7	153.8
600	-0.333529	-0.333530	0.000000	246.730425	204.443220	0.000220	0.000000	0.000220	52.7	97.5	151.3
601	-0.327063	-0.327064	0.000000	247.730421	203.682449	0.000272	0.000000	0.000272	36.0	169.9	207.0
602	-0.324008	-0.324009	0.000000	247.637031	203.753257	0.000244	0.000000	0.000244	18.0	98.0	117.2
603	-0.330497	-0.330498	0.000000	248.637030	202.997601	0.000175	0.000000	0.000175	64.4	111.6	181.3
604	-0.331949	-0.331950	0.000000	248.543641	203.067933	0.000216	0.000000	0.000216	73.2	96.1	171.2
605	-0.325300	-0.325300	0.000000	248.455383	203.134447	0.000223	0.000000	0.000223	94.9	177.3	273.3
606	-0.325058	-0.325058	0.000000	248.362246	203.204684	0.000279	0.000000	0.000279	57.6	150.0	208.7
607	-0.326006	-0.326007	0.000000	248.274741	203.270718	0.000275	0.000000	0.000275	70.6	145.7	217.4
608	-0.328148	-0.328149	0.000000	248.181352	203.341241	0.000449	0.000000	0.000449	45.4	226.8	273.5
609	-0.338458	-0.338459	0.000000	249.181352	202.588631	0.000286	0.000000	0.000286	62.2	229.3	296.3
610	-0.332597	-0.332598	0.000000	250.181329	201.841588	0.000243	0.000000	0.000243	54.5	119.1	174.7
611	-0.323180	-0.323181	0.000000	250.087940	201.911122	0.000309	0.000000	0.000309	72.7	152.6	226.4
612	-0.332557	-0.332558	0.000000	251.087939	201.169042	0.000303	0.000000	0.000303	79.5	148.9	229.6
613	-0.327502	-0.327503	0.000000	252.087938	200.432397	0.000289	0.000000	0.000289	56.2	123.6	181.0
614	-0.332150	-0.332150	0.000000	253.034694	199.739928	0.000360	0.000000	0.000360	76.5	116.7	194.3
615	-0.327525	-0.327526	0.000000	252.941305	199.808022	0.000323	0.000000	0.000323	73.5	136.6	211.2
616	-0.326779	-0.326780	0.000000	252.847915	199.876162	0.000368	0.000000	0.000368	41.4	147.4	190.7
617	-0.329275	-0.329276	0.000000	252.754611	199.944286	0.000314	0.000000	0.000314	64.1	159.5	224.7
618	-0.329721	-0.329722	0.000000	253.357180	199.505149	0.000360	0.000000	0.000360	38.7	138.7	178.5
619	-0.326819	-0.326819	0.000000	254.344003	198.790130	0.000283	0.000000	0.000283	46.0	150.7	197.8
620	-0.331344	-0.331345	0.000000	254.675812	198.550862	0.000295	0.000000	0.000295	64.0	116.8	181.9
621	-0.330567	-0.330568	0.000000	254.582594	198.618024	0.000360	0.000000	0.000360	123.6	121.2	246.0
622	-0.329122	-0.329123	0.000000	255.582594	197.899909	0.000216	0.000000	0.000216	114.1	135.0	250.7
623	-0.332822	-0.332823	0.000000	255.489213	197.966747	0.000291	0.000000	0.000291	69.2	157.9	228.3
624	-0.337986	-0.337986	0.000000	256.486435	197.255300	0.000317	0.000000	0.000317	76.5	165.9	243.9
625	-0.329981	-0.329982	0.000000	257.486435	196.546989	0.000211	0.000000	0.000211	61.1	137.1	199.3
626	-0.328416	-0.328417	0.000000	257.751245	196.360272	0.000254	0.000000	0.000254	59.4	130.2	190.8
627	-0.329058	-0.329059	0.000000	257.739200	196.368757	0.000235	0.000000	0.000235	76.1	121.1	198.3
628	-0.330759	-0.330760	0.000000	257.854318	196.287691	0.000233	0.000000	0.000233	90.9	136.0	227.9
629	-0.335826	-0.335826	0.000000	257.771610	196.345926	0.000256	0.000000	0.000256	70.1	115.4	186.6
630	-0.319716	-0.319717	0.000000	257.678221	196.411725	0.000180	0.000000	0.000180	77.6	116.0	194.8
631	-0.332108	-0.332109	0.000000	257.595584	196.469985	0.000363	0.000000	0.000363	46.6	112.0	159.6
632	-0.325548	-0.325549	0.000000	258.581974	195.776821	0.000276	0.000000	0.000276	84.9	128.9	215.2
633	-0.334267	-0.334268	0.000000	259.581970	195.079071	0.000360	0.000000	0.000360	68.8	132.2	202.1
634	-0.332265	-0.332266	0.000000	259.488581	195.144023	0.000397	0.000000	0.000397	59.8	115.5	176.5
635	-0.330077	-0.330077	0.000000	259.395192	195.209018	0.000295	0.000000	0.000295	71.6	124.1	196.8
636	-0.330973	-0.330974	0.000000	260.395192	194.515300	0.000240	0.000000	0.000240	64.4	140.3	205.8
637	-0.329625	-0.329626	0.000000	261.394326	193.827089	0.000366	0.000000	0.000366	56.1	151.9	209.5
638	-0.329108	-0.329108	0.000000	262.294872	193.210946	0.000271	0.000000	0.000271	95.4	108.4	205.4
639	-0.327475	-0.327476	0.000000	263.294865	192.531336	0.000254	0.000000	0.000254	67.9	120.4	189.6
640	-0.327775	-0.327776	0.000000	263.212085	192.587413	0.000416	0.000000	0.000416	70.8	167.8	239.7
641	-0.329699	-0.329700	0.000000	263.975440	192.071535	0.000269	0.000000	0.000269	31.5	148.7	181.2
642	-0.328971	-0.328972	0.000000	264.975440	191.399898	0.000277	0.000000	0.000277	43.6	97.7	142.6
643	-0.328380	-0.328380	0.000000	264.882051	191.462423	0.000291	0.000000	0.000291	63.8	117.1	182.1
644	-0.330686	-0.330687	0.000000	264.788662	191.524988	0.000499	0.000000	0.000499	80.7	154.2	236.1
645	-0.331758	-0.331759	0.000000	265.788662	190.857162	0.000347	0.000000	0.000347	46.7	158.8	206.9
646	-0.328802	-0.328803	0.000000	266.788662	190.193977	0.000251	0.000000	0.000251	40.1	144.0	185.7
647	-0.327992	-0.327992	0.000000	266.695288	190.255706	0.000880	0.000000	0.000880	69.2	170.9	241.6
648	-0.325889	-0.325890	0.000000	267.695284	189.596689	0.000331	0.000000	0.000331	21.8	177.4	200.4
649	-0.328579	-0.328580	0.000000	268.695284	188.942220	0.000369	0.000000	0.000369	54.1	192.6	247.8
650	-0.328839	-0.328839	0.000000	268.635436	188.981262	0.000309	0.000000	0.000309	69.9	119.0	190.1
651	-0.329330	-0.329331	0.000000	269.539443	188.393251	0.000476	0.000000	0.000476	65.9	127.7	196.6
652	-0.330464	-0.330465	0.000000	269.446053	188.453826	0.000226	0.000000	0.000226	54.9	130.5	186.5
653	-0.336879	-0.336880	0.000000	269.352664	188.514441	0.000427	0.000000	0.000427	40.4	132.5	175.0
654	-0.329966	-0.329967	0.000000	270.352650	187.867418	0.000202	0.000000	0.000202	50.0	90.9	142.1
655	-0.331782	-0.331783	0.000000	270.259266	187.927652	0.000304	0.000000	0.000304	72.9	123.5	197.6
656	-0.331256	-0.331257	0.000000	271.258516	187.285116	0.000185	0.000000	0.000185	65.6	90.0	157.0
657	-0.326933	-0.326934	0.000000	271.168982	187.342509	0.000283	0.000000	0.000283	84.3	122.4	207.8
658	-0.325888	-0.325888	0.000000	271.075610	187.402399	0.000276	0.000000	0.000276	107.6	132.0	241.3
659	-0.327192	-0.327193	0.000000	272.075610	186.762966	0.000288	0.000000	0.000288	63.1	197.7	262.1
660	-0.327063	-0.327064	0.000000	273.075603	186.127885	0.000325	0.000000	0.000325	58.5	159.9	219.4
661	-0.321231	-0.321232	0.000000	272.984242	186.185728	0.000179	0.000000	0.000178	45.4	136.9	183.8
662	-0.328447	-0.328448	0.000000	272.890873	186.244879	0.000459	0.000000	0.000459	59.3	109.0	170.6
663	-0.328326	-0.328326	0.000000	272.797484	186.304081	0.000214	0.000000	0.000214	79.5	106.1	186.7
664	-0.327597	-0.327598	0.000000	272.704095	186.363320	0.000290	0.000000	0.000290	89.4	136.2	226.8
665	-0.331181	-0.331182	0.000000	273.433930	185.901367	0.000292	0.000000	0.000292	49.2	164.4	214.9
666	-0.331990	-0.331991	0.000000	273.340541	185.960350	0.000226	0.000000	0.000226	68.9	127.5	197.5
667	-0.328264	-0.328264	0.000000	274.337462	185.332635	0.000298	0.000000	0.000298	64.6	146.6	212.7
668	-0.324767	-0.324768	0.000000	274.384628	185.303042	0.000237	0.000000	0.000237	48.3	120.5	170.9
669	-0.330434	-0.330434	0.000000	274.292597	185.360794	0.000254	0.000000	0.000254	41.5	203.0	245.6
670	-0.332425	-0.332426	0.000000	274.277653	185.370175	0.000310	0.000000	0.000310	73.1	163.9	238.0
671	-0.332453	-0.332453	0.000000	274.184264	185.428821	0.000385	0.000000	0.000385	46.6	171.8	219.5
672	-0.323648	-0.323649	0.000000	275.184264	184.802762	0.000294	0.000000	0.000294	55.3	171.4	227.8
673	-0.322208	-0.322208	0.000000	275.090875	184.861050	0.000216	0.000000	0.000216	35.3	107.3	143.6
674	-0.328688	-0.328689	0.000000	274.997488	184.919374	0.000190	0.000000	0.000190	49.4	123.6	174.1
675	-0.335606	-0.335607	0.000000	275.552519	184.573277	0.000406	0.000000	0.000406	81.0	171.9	254.3
676	-0.329292	-0.329292	0.000000	276.337286	184.086130	0.000235	0.000000	0.000235	56.7	146.0	204.0
677	-0.332431	-0.332431	0.000000	277.337285	183.469090	0.000320	0.000000	0.000320	53.5	163.6	218.1
678	-0.329233	-0.329234	0.000000	277.254843	183.519804	0.000459	0.000000	0.000459	43.9	159.9	204.8
679	-0.325548	-0.325549	0.000000	278.254843	182.906548	0.000210	0.000000	0.000210	72.6	129.2	202.8
680	-0.336487	-0.336488	0.000000	279.254836	182.297380	0.000181	0.000000	0.000181	80.6	120.8	202.5
681	-0.332192	-0.332193	0.000000	279.305522	182.266612	0.000379	0.000000	0.000379	66.7	121.9	189.7
682	-0.334171	-0.334172	0.000000	280.300117	181.664948	0.000541	0.000000	0.000541	92.5	152.4	246.7
683	-0.338983	-0.338984	0.000000	281.300117	181.064006	0.000410	0.000000	0.000410	44.5	164.1	209.6
684	-0.322159	-0.322160	0.000000	282.300116	180.467026	0.000524	0.000000	0.000524	69.6	156.3	227.8
685	-0.328058	-0.328058	0.000000	283.300116	179.873970	0.000480	0.000000	0.000480	57.4	138.6	198.0
686	-0.332381	-0.332382	0.000000	284.300116	179.284799	0.000439	0.000000	0.000439	73.5	136.1	210.7
687	-0.332603	-0.332604	0.000000	284.206727	179.339658	0.000471	0.000000	0.000471	42.1	142.3	197.1
688	-0.332482	-0.332483	0.000000	285.206727	178.753977	0.000201	0.000000	0.000201	46.9	160.6	208.6
689	-0.329233	-0.329233	0.000000	285.113341	178.808509	0.000176	0.000000	0.000176	62.4	158.4	222.3
690	-0.328141	-0.328141	0.000000	285.393071	178.645261	0.000292	0.000000	0.000292	52.5	141.9	195.5
691	-0.329177	-0.329178	0.000000	285.299682	178.699729	0.000369	0.000000	0.000369	66.8	180.2	248.5
692	-0.326242	-0.326243	0.000000	286.298425	178.118941	0.000169	0.000000	0.000169	59.4	179.8	240.7
693	-0.325075	-0.325076	0.000000	286.400507	178.059791	0.000312	0.000000	0.000312	73.1	191.1	265.2
694	-0.334418	-0.334419	0.000000	287.210499	177.591841	0.000272	0.000000	0.000272	52.6	137.5	191.2
695	-0.333212	-0.333212	0.000000	287.193826	177.601449	0.000384	0.000000	0.000384	82.1	155.4	239.6
696	-0.325649	-0.325649	0.000000	287.100437	177.655282	0.000219	0.000000	0.000219	64.9	143.9	209.8
697	-0.326007	-0.326007	0.000000	288.100434	177.080534	0.000235	0.000000	0.000235	70.8	105.2	177.1
698	-0.332451	-0.332452	0.000000	288.007046	177.134052	0.000237	0.000000	0.000237	91.1	124.8	221.0
699	-0.329230	-0.329230	0.000000	289.001720	176.565698	0.000254	0.000000	0.000254	111.9	179.0	292.0
700	-0.334140	-0.334140	0.000000	288.908335	176.618903	0.000665	0.000000	0.000665	78.0	115.6	194.8
701	-0.329363	-0.329363	0.000000	289.908335	176.050829	0.000272	0.000000	0.000272	73.6	140.0	214.9
702	-0.323750	-0.323751	0.000000	290.908335	175.486398	0.000257	0.000000	0.000257	38.1	127.5	166.7
703	-0.331249	-0.331249	0.000000	290.814945	175.538957	0.000278	0.000000	0.000278	65.6	120.2	186.9
704	-0.327942	-0.327943	0.000000	291.688599	175.048500	0.000326	0.000000	0.000326	63.5	135.1	199.7
705	-0.333431	-0.333432	0.000000	292.646472	174.513904	0.000235	0.000000	0.000235	41.1	147.9	192.2
706	-0.329524	-0.329525	0.000000	292.553082	174.565881	0.000216	0.000000	0.000216	75.4	147.5	224.0
707	-0.337666	-0.337667	0.000000	292.631312	174.522339	0.000200	0.000000	0.000200	65.6	119.5	186.1
708	-0.327613	-0.327614	0.000000	292.537987	174.574285	0.000233	0.000000	0.000233	99.6	106.3	208.2
709	-0.329584	-0.329585	0.000000	292.445678	174.625698	0.000289	0.000000	0.000289	111.5	160.4	273.5
710	-0.333446	-0.333446	0.000000	292.352289	174.677742	0.000275	0.000000	0.000275	83.9	168.7	253.8
711	-0.330705	-0.330706	0.000000	292.258899	174.729817	0.000267	0.000000	0.000267	63.9	121.6	186.9
712	-0.326311	-0.326311	0.000000	292.225858	174.748248	0.000403	0.000000	0.000403	56.7	97.0	154.9
713	-0.337952	-0.337953	0.000000	292.132501	174.800348	0.000415	0.000000	0.000415	68.3	112.6	182.0
714	-0.328341	-0.328342	0.000000	292.039112	174.852496	0.000359	0.000000	0.000359	68.7	144.1	214.7
715	-0.332254	-0.332255	0.000000	293.039112	174.295711	0.000315	0.000000	0.000315	60.3	132.6	195.6
716	-0.329063	-0.329064	0.000000	292.945723	174.347558	0.000306	0.000000	0.000306	32.7	189.3	223.1
717	-0.327084	-0.327084	0.000000	293.902234	173.817979	0.000240	0.000000	0.000240	75.2	156.0	232.2
718	-0.329542	-0.329543	0.000000	294.140476	173.686576	0.000177	0.000000	0.000177	73.8	174.4	249.3
719	-0.332597	-0.332598	0.000000	294.047102	173.738053	0.000383	0.000000	0.000383	51.6	149.3	202.2
720	-0.325677	-0.325678	0.000000	293.953713	173.789569	0.000460	0.000000	0.000460	63.0	150.6	215.0
721	-0.321663	-0.321664	0.000000	293.860324	173.841116	0.000380	0.000000	0.000380	58.9	137.4	197.4
722	-0.324689	-0.324690	0.000000	293.766934	173.892694	0.000344	0.000000	0.000343	46.9	155.0	203.0
723	-0.331854	-0.331855	0.000000	294.766934	173.341994	0.000203	0.000000	0.000203	64.9	140.0	205.9
724	-0.331221	-0.331222	0.000000	295.094291	173.162476	0.000303	0.000000	0.000303	89.3	133.9	224.3
725	-0.322125	-0.322125	0.000000	296.042311	172.644686	0.000184	0.000000	0.000184	87.4	241.1	329.8
726	-0.328471	-0.328472	0.000000	295.950727	172.694572	0.000386	0.000000	0.000386	151.0	136.6	297.1
727	-0.323665	-0.323666	0.000000	295.859601	172.744237	0.000481	0.000000	0.000481	54.0	147.1	202.2
728	-0.325166	-0.325167	0.000000	295.766212	172.795166	0.000275	0.000000	0.000275	64.8	166.7	232.9
729	-0.331108	-0.331109	0.000000	295.672823	172.846124	0.000448	0.000000	0.000448	70.3	156.3	227.7
730	-0.320931	-0.320932	0.000000	295.579524	172.897064	0.000510	0.000000	0.000510	43.8	124.4	169.2
731	-0.328079	-0.328079	0.000000	295.486139	172.948080	0.000208	0.000000	0.000208	70.1	131.8	207.4
732	-0.332807	-0.332808	0.000000	296.486079	172.403371	0.000319	0.000000	0.000319	43.7	128.3	173.2
733	-0.330934	-0.330935	0.000000	296.392690	172.454098	0.000199	0.000000	0.000199	60.8	123.0	185.0
734	-0.325895	-0.325896	0.000000	296.299311	172.504850	0.000200	0.000000	0.000200	74.0	109.1	184.2
735	-0.333898	-0.333899	0.000000	296.206049	172.555568	0.000215	0.000000	0.000215	68.7	135.8	205.5
736	-0.335377	-0.335378	0.000000	297.057906	172.093412	0.000324	0.000000	0.000324	72.4	132.2	205.7
737	-0.327485	-0.327486	0.000000	296.964516	172.143957	0.000185	0.000000	0.000185	57.9	147.6	206.6
738	-0.331394	-0.331395	0.000000	296.871128	172.194532	0.000178	0.000000	0.000178	84.6	179.5	265.5
739	-0.321918	-0.321919	0.000000	296.787562	172.239813	0.000395	0.000000	0.000395	64.3	168.6	233.9
740	-0.330517	-0.330517	0.000000	296.696250	172.289317	0.000349	0.000000	0.000349	89.9	163.5	254.7
741	-0.327783	-0.327784	0.000000	296.617206	172.332195	0.000256	0.000000	0.000256	41.3	172.0	214.3
742	-0.326282	-0.326283	0.000000	297.615537	171.792219	0.000261	0.000000	0.000261	32.9	155.2	189.3
743	-0.328004	-0.328005	0.000000	298.535170	171.297795	0.000371	0.000000	0.000371	51.8	158.1	211.0
744	-0.326574	-0.326575	0.000000	298.441780	171.347875	0.000198	0.000000	0.000198	62.7	132.6	196.4
745	-0.325812	-0.325813	0.000000	298.348401	171.397978	0.000244	0.000000	0.000244	53.7	162.7	217.7
746	-0.333090	-0.333091	0.000000	298.255587	171.447806	0.000294	0.000000	0.000294	49.4	176.6	227.4
747	-0.332130	-0.332131	0.000000	298.162198	171.497973	0.000273	0.000000	0.000273	67.9	132.3	201.3
748	-0.327618	-0.327619	0.000000	299.159023	170.964009	0.000392	0.000000	0.000392	65.3	146.0	212.3
749	-0.326983	-0.326983	0.000000	299.065634	171.013893	0.000251	0.000000	0.000251	47.0	163.7	211.9
750	-0.327086	-0.327087	0.000000	298.972245	171.063806	0.000284	0.000000	0.000284	41.5	174.8	217.4
751	-0.330443	-0.330443	0.000000	298.878856	171.113748	0.000178	0.000000	0.000178	71.6	147.9	220.7
752	-0.330550	-0.330550	0.000000	299.582131	170.738369	0.000275	0.000000	0.000275	38.3	144.0	183.3
753	-0.327398	-0.327399	0.000000	299.845101	170.598429	0.000248	0.000000	0.000248	31.5	133.5	166.1
754	-0.329444	-0.329445	0.000000	299.753769	170.647005	0.000181	0.000000	0.000181	42.9	123.2	167.1
755	-0.321125	-0.321126	0.000000	299.671711	170.690673	0.000185	0.000000	0.000185	55.1	146.0	202.2
756	-0.328447	-0.328447	0.000000	299.578779	170.740154	0.000162	0.000000	0.000162	88.8	148.1	238.4
757	-0.318514	-0.318515	0.000000	299.515827	170.773689	0.000361	0.000000	0.000361	93.4	235.8	330.6
758	-0.330162	-0.330163	0.000000	300.366638	170.321569	0.000385	0.000000	0.000385	54.7	183.1	240.0
759	-0.329838	-0.329838	0.000000	300.273249	170.371079	0.000306	0.000000	0.000306	51.3	154.1	206.5
760	-0.329049	-0.329050	0.000000	301.273249	169.842425	0.000316	0.000000	0.000316	44.0	143.6	189.7
761	-0.332756	-0.332757	0.000000	302.242489	169.333154	0.000242	0.000000	0.000241	48.8	107.8	157.9
762	-0.324356	-0.324357	0.000000	302.149099	169.382091	0.000351	0.000000	0.000351	57.2	154.8	213.3
763	-0.330654	-0.330655	0.000000	302.063466	169.426989	0.000466	0.000000	0.000466	66.6	106.9	174.7
764	-0.325988	-0.325989	0.000000	303.063466	168.904168	0.000428	0.000000	0.000428	40.1	114.9	156.3
765	-0.330003	-0.330004	0.000000	304.063466	168.384565	0.000337	0.000000	0.000337	95.4	160.0	256.6
766	-0.335450	-0.335451	0.000000	304.263464	168.281028	0.000195	0.000000	0.000195	99.4	179.0	279.5
767	-0.325972	-0.325972	0.000000	304.170076	168.329358	0.000377	0.000000	0.000377	76.9	181.1	260.5
768	-0.327801	-0.327802	0.000000	305.169963	167.813338	0.000366	0.000000	0.000366	74.1	118.9	194.4
769	-0.329373	-0.329374	0.000000	306.169963	167.300414	0.000256	0.000000	0.000256	23.0	135.0	159.1
770	-0.329918	-0.329918	0.000000	307.169963	166.790616	0.000489	0.000000	0.000489	42.9	118.4	162.9
771	-0.330494	-0.330495	0.000000	308.169962	166.283915	0.000424	0.000000	0.000424	61.5	141.6	204.3
772	-0.329721	-0.329722	0.000000	309.169962	165.780284	0.000383	0.000000	0.000383	77.1	214.9	293.4
773	-0.328285	-0.328286	0.000000	310.169962	165.279694	0.000333	0.000000	0.000333	71.7	204.1	276.9
774	-0.329547	-0.329548	0.000000	310.076573	165.326316	0.000238	0.000000	0.000238	63.1	140.9	205.3
775	-0.331942	-0.331943	0.000000	310.064298	165.332446	0.000243	0.000000	0.000243	77.7	133.7	212.4
776	-0.335760	-0.335760	0.000000	309.971130	165.378987	0.000276	0.000000	0.000276	47.8	200.2	249.0
777	-0.326756	-0.326756	0.000000	309.877743	165.425664	0.000451	0.000000	0.000451	116.7	180.9	300.2
778	-0.322725	-0.322725	0.000000	309.784353	165.472368	0.000415	0.000000	0.000415	79.4	185.3	265.8
779	-0.327042	-0.327043	0.000000	310.784353	164.973633	0.000333	0.000000	0.000333	35.8	167.6	204.7
780	-0.331388	-0.331389	0.000000	310.690975	165.020077	0.000240	0.000000	0.000240	49.4	127.1	177.7
781	-0.327307	-0.327307	0.000000	310.597586	165.066552	0.000291	0.000000	0.000291	41.9	148.2	191.2
782	-0.331655	-0.331656	0.000000	311.597477	164.570311	0.000268	0.000000	0.000268	95.5	139.6	236.2
783	-0.325229	-0.325230	0.000000	311.504087	164.616533	0.000378	0.000000	0.000378	75.3	155.3	231.8
784	-0.331939	-0.331940	0.000000	311.410698	164.662782	0.000229	0.000000	0.000229	85.1	140.2	226.4
785	-0.324738	-0.324739	0.000000	312.410628	164.168942	0.000396	0.000000	0.000396	44.8	154.2	200.1
786	-0.329054	-0.329055	0.000000	312.317240	164.214939	0.000452	0.000000	0.000452	52.3	144.6	198.0
787	-0.336378	-0.336378	0.000000	312.223851	164.260962	0.000328	0.000000	0.000328	70.5	151.8	224.1
788	-0.326615	-0.326616	0.000000	313.223828	163.769503	0.000267	0.000000	0.000267	35.2	162.4	199.5
789	-0.324093	-0.324093	0.000000	313.154089	163.803682	0.000367	0.000000	0.000367	70.1	160.4	231.5
790	-0.325201	-0.325202	0.000000	314.154089	163.314940	0.000374	0.000000	0.000374	44.4	159.7	205.2
791	-0.326299	-0.326300	0.000000	314.060700	163.360460	0.000311	0.000000	0.000311	45.7	95.4	142.5
792	-0.329222	-0.329223	0.000000	313.967690	163.405820	0.000357	0.000000	0.000357	69.9	158.0	229.1
793	-0.334572	-0.334572	0.000000	314.967689	162.919447	0.000282	0.000000	0.000282	48.0	150.3	199.4
794	-0.334486	-0.334487	0.000000	314.874300	162.964746	0.000221	0.000000	0.000221	53.5	166.7	221.4
795	-0.334333	-0.334334	0.000000	314.995730	162.905851	0.000469	0.000000	0.000469	30.2	180.8	212.1
796	-0.332158	-0.332158	0.000000	314.902340	162.951142	0.000301	0.000000	0.000301	57.7	116.0	175.0
797	-0.331469	-0.331470	0.000000	315.902340	162.467468	0.000297	0.000000	0.000297	93.9	109.2	204.2
798	-0.326527	-0.326528	0.000000	315.899367	162.468902	0.000259	0.000000	0.000259	73.3	114.4	188.9
799	-0.336362	-0.336363	0.000000	316.899340	161.988094	0.000227	0.000000	0.000227	70.3	132.0	203.5
800	-0.327970	-0.327971	0.000000	316.878766	161.997958	0.000292	0.000000	0.000292	52.3	171.9	225.3
801	-0.329885	-0.329886	0.000000	316.785379	162.042746	0.000475	0.000000	0.000475	49.8	144.2	195.1
802	-0.328154	-0.328155	0.000000	316.691989	162.087559	0.000195	0.000000	0.000195	53.8	144.2	199.1
803	-0.327310	-0.327311	0.000000	316.598634	162.132381	0.000233	0.000000	0.000233	46.6	148.1	196.2
804	-0.325218	-0.325219	0.000000	316.505488	162.177126	0.000384	0.000000	0.000384	52.0	114.9	168.0
805	-0.330468	-0.330469	0.000000	316.412099	162.222014	0.000190	0.000000	0.000190	44.5	124.4	170.3
806	-0.333604	-0.333605	0.000000	316.318709	162.266926	0.000419	0.000000	0.000419	69.0	105.0	175.7
807	-0.327933	-0.327934	0.000000	317.318497	161.787401	0.000379	0.000000	0.000379	98.4	119.7	219.2
808	-0.326106	-0.326106	0.000000	317.779796	161.567103	0.000422	0.000000	0.000422	82.7	140.7	224.6
809	-0.327722	-0.327723	0.000000	318.779796	161.091598	0.000305	0.000000	0.000305	90.0	164.9	256.4
810	-0.327388	-0.327389	0.000000	319.043649	160.966600	0.000240	0.000000	0.000240	59.0	191.2	251.3
811	-0.331622	-0.331623	0.000000	320.043266	160.494798	0.000343	0.000000	0.000343	48.6	114.6	164.2
812	-0.331353	-0.331354	0.000000	321.042122	160.026110	0.000368	0.000000	0.000368	53.8	168.1	223.0
813	-0.331817	-0.331817	0.000000	320.948853	160.069758	0.000166	0.000000	0.000166	39.8	83.7	124.6
814	-0.328553	-0.328554	0.000000	321.947574	159.603608	0.000286	0.000000	0.000286	103.3	116.9	221.3
815	-0.329935	-0.329936	0.000000	322.052946	159.554584	0.000363	0.000000	0.000363	49.6	151.0	201.7
816	-0.326799	-0.326800	0.000000	321.959556	159.598032	0.000292	0.000000	0.000292	48.8	151.1	201.1
817	-0.322971	-0.322972	0.000000	322.958920	159.134324	0.000345	0.000000	0.000345	102.8	108.4	212.7
818	-0.327740	-0.327741	0.000000	323.958919	158.673010	0.000355	0.000000	0.000355	82.7	110.7	194.4
819	-0.328786	-0.328787	0.000000	323.865818	158.715846	0.000352	0.000000	0.000352	44.3	203.6	248.9
820	-0.336336	-0.336337	0.000000	324.865818	158.256952	0.000346	0.000000	0.000346	128.3	136.6	267.1
821	-0.326420	-0.326421	0.000000	324.772429	158.299695	0.000390	0.000000	0.000390	63.9	135.9	200.8
822	-0.329625	-0.329626	0.000000	325.772429	157.843201	0.000168	0.000000	0.000168	73.7	156.7	245.8
823	-0.332326	-0.332327	0.000000	325.681413	157.884640	0.000325	0.000000	0.000325	54.4	113.8	169.3
824	-0.335408	-0.335408	0.000000	325.704552	157.874103	0.000257	0.000000	0.000257	59.2	158.5	218.7
825	-0.334342	-0.334343	0.000000	325.611163	157.916640	0.000434	0.000000	0.000434	50.2	186.3	237.6
826	-0.330298	-0.330299	0.000000	325.517774	157.959199	0.000358	0.000000	0.000358	70.2	166.6	238.1
827	-0.327628	-0.327628	0.000000	326.517774	157.504664	0.000295	0.000000	0.000295	46.9	148.4	196.7
828	-0.330793	-0.330794	0.000000	326.424385	157.547002	0.000221	0.000000	0.000221	71.3	142.5	215.2
829	-0.329636	-0.329637	0.000000	326.330995	157.589363	0.000365	0.000000	0.000365	85.1	171.9	258.1
830	-0.326152	-0.326153	0.000000	326.240609	157.630383	0.000366	0.000000	0.000366	65.1	172.1	238.8
831	-0.334236	-0.334237	0.000000	327.240609	157.177735	0.000424	0.000000	0.000424	64.2	125.7	190.9
832	-0.329160	-0.329161	0.000000	328.240609	156.727679	0.000232	0.000000	0.000232	58.4	138.6	198.2
833	-0.333132	-0.333133	0.000000	328.147220	156.769600	0.000296	0.000000	0.000296	33.3	121.9	156.5
834	-0.333662	-0.333663	0.000000	328.945007	156.412205	0.000244	0.000000	0.000244	72.7	136.0	209.8
835	-0.328309	-0.328310	0.000000	328.852953	156.453361	0.000243	0.000000	0.000243	83.5	190.0	274.6
836	-0.328541	-0.328542	0.000000	329.851955	156.007881	0.000270	0.000000	0.000270	52.4	167.0	220.5
837	-0.334052	-0.334053	0.000000	329.758598	156.049404	0.000185	0.000000	0.000185	39.1	134.1	174.2
838	-0.327308	-0.327309	0.000000	329.671540	156.088145	0.000209	0.000000	0.000209	57.8	100.1	159.2
839	-0.333488	-0.333489	0.000000	329.611920	156.114687	0.000217	0.000000	0.000217	69.6	111.9	182.7
840	-0.333639	-0.333639	0.000000	329.518537	156.156278	0.000435	0.000000	0.000435	87.0	144.0	232.0
841	-0.328117	-0.328117	0.000000	329.433480	156.194180	0.000172	0.000000	0.000172	73.8	86.6	161.5
842	-0.328195	-0.328195	0.000000	329.394823	156.211412	0.000213	0.000000	0.000213	59.9	128.3	189.4
843	-0.331339	-0.331340	0.000000	329.301434	156.253058	0.000317	0.000000	0.000317	74.6	120.1	195.8
844	-0.331484	-0.331485	0.000000	330.205588	155.850795	0.000279	0.000000	0.000279	55.1	162.0	218.2
845	-0.332637	-0.332638	0.000000	330.112198	155.892249	0.000376	0.000000	0.000376	45.2	105.4	151.7
846	-0.330043	-0.330044	0.000000	330.185625	155.859654	0.000430	0.000000	0.000430	50.2	182.7	234.2
847	-0.328284	-0.328284	0.000000	331.185625	155.417105	0.000334	0.000000	0.000334	66.1	152.2	219.4
848	-0.329922	-0.329923	0.000000	331.092236	155.458328	0.000308	0.000000	0.000308	63.1	121.6	185.9
849	-0.333507	-0.333508	0.000000	332.092236	155.018051	0.000485	0.000000	0.000485	68.2	131.5	200.7
850	-0.328874	-0.328875	0.000000	333.092236	154.580261	0.000382	0.000000	0.000382	68.2	144.2	213.5
851	-0.335573	-0.335574	0.000000	334.092236	154.144937	0.000371	0.000000	0.000371	46.5	122.3	170.0
852	-0.334313	-0.334314	0.000000	335.092236	153.712057	0.000410	0.000000	0.000410	45.1	187.4	233.9
853	-0.329742	-0.329743	0.000000	336.092236	153.281603	0.000270	0.000000	0.000270	62.0	121.1	184.1
854	-0.328690	-0.328691	0.000000	335.998846	153.321700	0.000316	0.000000	0.000316	60.7	123.9	185.7
855	-0.333144	-0.333145	0.000000	336.998517	152.893567	0.000359	0.000000	0.000359	72.6	95.3	169.1
856	-0.335390	-0.335391	0.000000	336.905127	152.933462	0.000341	0.000000	0.000341	96.2	131.8	229.5
857	-0.331770	-0.331770	0.000000	336.811738	152.973378	0.000311	0.000000	0.000311	67.4	134.0	202.6
858	-0.331461	-0.331461	0.000000	337.811357	152.547206	0.000343	0.000000	0.000343	53.1	117.5	171.9
859	-0.329859	-0.329860	0.000000	337.717979	152.586916	0.000321	0.000000	0.000321	72.0	192.0	265.5
860	-0.324310	-0.324311	0.000000	338.717979	152.162731	0.000256	0.000000	0.000256	38.9	180.2	220.3
861	-0.322146	-0.322147	0.000000	338.639957	152.195742	0.000274	0.000000	0.000274	98.6	120.3	220.0
862	-0.327905	-0.327906	0.000000	338.546567	152.235274	0.000377	0.000000	0.000377	58.2	163.9	223.1
863	-0.329128	-0.329129	0.000000	339.546567	151.813039	0.000236	0.000000	0.000236	50.8	172.1	224.0
864	-0.328428	-0.328429	0.000000	340.546567	151.393140	0.000276	0.000000	0.000276	34.6	135.1	171.0
865	-0.331301	-0.331301	0.000000	340.453178	151.432256	0.000361	0.000000	0.000361	57.0	138.8	199.3
866	-0.330008	-0.330009	0.000000	340.359789	151.471392	0.000546	0.000000	0.000546	50.4	144.6	196.5
867	-0.327280	-0.327281	0.000000	341.359789	151.053378	0.000351	0.000000	0.000351	86.2	144.5	232.1
868	-0.331598	-0.331599	0.000000	342.359789	150.637665	0.000459	0.000000	0.000459	63.7	170.9	235.9
869	-0.336710	-0.336711	0.000000	343.359789	150.224234	0.000256	0.000000	0.000256	34.1	148.4	183.6
870	-0.327968	-0.327969	0.000000	343.266399	150.262748	0.000383	0.000000	0.000383	49.8	143.1	194.1
871	-0.326959	-0.326959	0.000000	344.266399	149.851369	0.000238	0.000000	0.000238	64.7	111.8	177.6
872	-0.333741	-0.333742	0.000000	344.173010	149.889692	0.000268	0.000000	0.000268	84.1	111.9	197.1
873	-0.327647	-0.327648	0.000000	344.079652	149.928022	0.000657	0.000000	0.000657	26.8	196.8	225.5
874	-0.330651	-0.330651	0.000000	345.079652	149.518472	0.000307	0.000000	0.000307	80.0	145.2	226.3
875	-0.336328	-0.336328	0.000000	346.079638	149.111159	0.000233	0.000000	0.000233	57.8	168.0	248.7
876	-0.326733	-0.326734	0.000000	345.986248	149.149104	0.000191	0.000000	0.000191	56.6	163.6	221.4
877	-0.330500	-0.330501	0.000000	345.892979	149.187020	0.000196	0.000000	0.000196	93.6	136.9	231.6
878	-0.331850	-0.331851	0.000000	345.800651	149.224572	0.000262	0.000000	0.000262	54.6	137.6	193.3
879	-0.323612	-0.323612	0.000000	346.796708	148.820446	0.000278	0.000000	0.000278	65.0	184.1	250.2
880	-0.323154	-0.323155	0.000000	346.705545	148.857342	0.000250	0.000000	0.000250	60.1	182.0	243.3
881	-0.328451	-0.328452	0.000000	347.080423	148.705736	0.000190	0.000000	0.000190	40.3	197.1	239.1
882	-0.330364	-0.330365	0.000000	346.987034	148.743475	0.000320	0.000000	0.000320	36.9	156.8	194.9
883	-0.328211	-0.328212	0.000000	346.899843	148.778726	0.000213	0.000000	0.000213	43.5	152.2	201.1
884	-0.332453	-0.332454	0.000000	346.827094	148.808152	0.000223	0.000000	0.000223	24.7	112.5	138.4
885	-0.326889	-0.326890	0.000000	346.733705	148.845943	0.000529	0.000000	0.000529	56.8	163.7	221.6
886	-0.330944	-0.330945	0.000000	346.640316	148.883753	0.000542	0.000000	0.000542	65.9	197.4	264.5
887	-0.326436	-0.326437	0.000000	347.640316	148.479881	0.000324	0.000000	0.000324	108.3	145.2	254.5
888	-0.331030	-0.331031	0.000000	347.546926	148.517505	0.000285	0.000000	0.000285	62.2	133.3	196.6
889	-0.334499	-0.334500	0.000000	348.546864	148.115640	0.000320	0.000000	0.000320	62.8	151.8	215.9
890	-0.329914	-0.329915	0.000000	349.541691	147.717980	0.000273	0.000000	0.000273	78.5	171.4	252.1
891	-0.330481	-0.330482	0.000000	349.449022	147.754932	0.000391	0.000000	0.000391	40.5	123.6	165.7
892	-0.323949	-0.323949	0.000000	349.355633	147.792190	0.000260	0.000000	0.000260	51.9	155.8	208.9
893	-0.328934	-0.328935	0.000000	349.262243	147.829467	0.000383	0.000000	0.000383	100.7	159.6	261.4
894	-0.327198	-0.327199	0.000000	350.245141	147.438078	0.000324	0.000000	0.000324	63.7	140.3	205.0
895	-0.326561	-0.326562	0.000000	351.244972	147.042067	0.000392	0.000000	0.000392	47.7	119.5	172.0
896	-0.327858	-0.327858	0.000000	352.242458	146.649099	0.000177	0.000000	0.000177	74.2	127.9	203.5
897	-0.334865	-0.334866	0.000000	353.127351	146.302242	0.000342	0.000000	0.000342	87.4	106.1	194.8
898	-0.332798	-0.332799	0.000000	354.124764	145.913241	0.000364	0.000000	0.000364	67.1	148.7	216.9
899	-0.331274	-0.331274	0.000000	355.124764	145.525303	0.000339	0.000000	0.000339	81.9	129.3	212.3
900	-0.323766	-0.323767	0.000000	356.124764	145.139422	0.000175	0.000000	0.000175	41.3	174.0	216.4
901	-0.330325	-0.330326	0.000000	356.031374	145.175372	0.000378	0.000000	0.000378	38.1	180.0	219.2
902	-0.326373	-0.326373	0.000000	356.952621	144.821512	0.000251	0.000000	0.000251	48.5	149.1	198.6
903	-0.333720	-0.333721	0.000000	356.859232	144.857305	0.000364	0.000000	0.000364	47.9	182.6	233.1
904	-0.333447	-0.333448	0.000000	357.859225	144.474957	0.000289	0.000000	0.000289	57.8	169.2	228.1
905	-0.333485	-0.333486	0.000000	358.859224	144.094619	0.000377	0.000000	0.000377	47.7	176.7	225.9
906	-0.324042	-0.324043	0.000000	359.859224	143.716278	0.000279	0.000000	0.000279	57.2	148.7	207.0
907	-0.331644	-0.331645	0.000000	359.765835	143.751527	0.000333	0.000000	0.000333	44.4	161.4	206.8
908	-0.330153	-0.330154	0.000000	360.701198	143.399262	0.000239	0.000000	0.000239	70.3	162.7	237.2
909	-0.331473	-0.331473	0.000000	360.607811	143.434355	0.000282	0.000000	0.000282	49.8	159.9	210.8
910	-0.330302	-0.330303	0.000000	360.514421	143.469466	0.000313	0.000000	0.000313	34.7	161.7	197.5
911	-0.327311	-0.327312	0.000000	360.421032	143.504593	0.000200	0.000000	0.000200	56.9	137.7	195.8
912	-0.326713	-0.326713	0.000000	360.618749	143.430244	0.000359	0.000000	0.000359	69.6	181.9	252.6
913	-0.328481	-0.328482	0.000000	360.526521	143.464916	0.000218	0.000000	0.000218	101.2	163.8	266.2
914	-0.339798	-0.339798	0.000000	360.435579	143.499120	0.000389	0.000000	0.000389	98.2	132.1	231.5
915	-0.330343	-0.330343	0.000000	360.355870	143.529114	0.000307	0.000000	0.000307	69.3	119.5	189.8
916	-0.332303	-0.332303	0.000000	360.262480	143.564271	0.000194	0.000000	0.000194	62.5	177.2	240.8
917	-0.330754	-0.330755	0.000000	360.169141	143.599427	0.000262	0.000000	0.000262	51.0	111.5	164.1
918	-0.334528	-0.334529	0.000000	360.075806	143.634598	0.000255	0.000000	0.000255	59.6	164.6	225.3
919	-0.330317	-0.330318	0.000000	360.031548	143.651282	0.000282	0.000000	0.000282	39.7	175.3	216.1
920	-0.333513	-0.333514	0.000000	359.938158	143.686499	0.000236	0.000000	0.000236	49.6	153.1	203.8
921	-0.323356	-0.323357	0.000000	360.937454	143.310559	0.000310	0.000000	0.000310	44.7	97.5	143.3
922	-0.330091	-0.330092	0.000000	361.936902	142.936525	0.000382	0.000000	0.000382	62.3	130.5	193.9
923	-0.330712	-0.330712	0.000000	361.843513	142.971393	0.000382	0.000000	0.000382	80.9	143.9	225.9
924	-0.330224	-0.330225	0.000000	361.787120	142.992455	0.000257	0.000000	0.000257	74.5	140.0	216.1
925	-0.329635	-0.329636	0.000000	361.693762	143.027338	0.000292	0.000000	0.000292	58.9	151.0	210.9
926	-0.328681	-0.328682	0.000000	361.600373	143.062250	0.000249	0.000000	0.000249	69.5	163.6	234.3
927	-0.329389	-0.329390	0.000000	361.506996	143.097174	0.000298	0.000000	0.000298	54.5	165.4	220.9
928	-0.334897	-0.334898	0.000000	361.413606	143.132120	0.000421	0.000000	0.000421	72.4	121.5	195.5
929	-0.329793	-0.329794	0.000000	361.320691	143.166905	0.000307	0.000000	0.000307	84.6	101.0	186.7
930	-0.330237	-0.330238	0.000000	361.227302	143.201885	0.000180	0.000000	0.000180	51.2	140.7	193.4
931	-0.338631	-0.338632	0.000000	361.133914	143.236881	0.000458	0.000000	0.000458	54.0	153.3	208.5
932	-0.329827	-0.329828	0.000000	361.040525	143.271895	0.000246	0.000000	0.000246	80.5	166.4	262.2
933	-0.333226	-0.333227	0.000000	360.947136	143.306927	0.000229	0.000000	0.000229	64.9	156.0	222.1
934	-0.332990	-0.332991	0.000000	360.964306	143.300485	0.000250	0.000000	0.000250	55.5	157.0	213.8
935	-0.333658	-0.333658	0.000000	361.741646	143.009444	0.000233	0.000000	0.000233	61.4	123.7	186.2
936	-0.324345	-0.324345	0.000000	362.171845	142.848883	0.000322	0.000000	0.000322	51.8	180.2	233.1
937	-0.325568	-0.325569	0.000000	363.171095	142.477325	0.000220	0.000000	0.000220	65.6	101.6	168.4
938	-0.331313	-0.331314	0.000000	364.169888	142.107864	0.000441	0.000000	0.000441	65.9	112.5	179.4
939	-0.329829	-0.329830	0.000000	364.757497	141.891397	0.000279	0.000000	0.000279	52.4	117.2	170.9
940	-0.330538	-0.330538	0.000000	365.757497	141.524523	0.000308	0.000000	0.000308	59.9	115.6	176.6
941	-0.328114	-0.328115	0.000000	365.664108	141.558704	0.000199	0.000000	0.000199	63.6	171.3	236.9
942	-0.334152	-0.334153	0.000000	365.576881	141.590646	0.000372	0.000000	0.000372	45.4	163.8	210.4
943	-0.327509	-0.327509	0.000000	365.611246	141.578060	0.000187	0.000000	0.000187	58.1	163.4	223.2
944	-0.329377	-0.329378	0.000000	365.517886	141.612257	0.000238	0.000000	0.000238	36.7	187.4	225.2
945	-0.321214	-0.321215	0.000000	365.453214	141.635955	0.000336	0.000000	0.000336	44.5	182.4	228.0
946	-0.328498	-0.328499	0.000000	366.311234	141.322186	0.000450	0.000000	0.000450	63.1	146.6	210.9
947	-0.327597	-0.327597	0.000000	367.311234	140.958245	0.000308	0.000000	0.000308	48.5	110.4	161.9
948	-0.330334	-0.330334	0.000000	368.311234	140.596174	0.000192	0.000000	0.000192	84.6	157.9	244.6
949	-0.335555	-0.335555	0.000000	368.342866	140.584752	0.000413	0.000000	0.000413	73.8	127.3	202.2
950	-0.335169	-0.335170	0.000000	368.913956	140.378843	0.000362	0.000000	0.000362	63.5	151.0	215.7
951	-0.324177	-0.324178	0.000000	369.913956	140.019739	0.000348	0.000000	0.000348	57.2	145.4	203.6
952	-0.332995	-0.332996	0.000000	370.913949	139.662470	0.000198	0.000000	0.000198	47.3	148.3	196.8
953	-0.331883	-0.331883	0.000000	371.366960	139.501221	0.000240	0.000000	0.000240	83.4	203.6	288.1
954	-0.332887	-0.332887	0.000000	371.294037	139.527153	0.000468	0.000000	0.000468	58.5	146.9	206.4
955	-0.330194	-0.330195	0.000000	371.200648	139.560377	0.000232	0.000000	0.000232	39.7	183.9	225.7
956	-0.328196	-0.328197	0.000000	371.107282	139.593608	0.000383	0.000000	0.000383	66.4	153.8	221.5
957	-0.335574	-0.335575	0.000000	372.107277	139.238506	0.000292	0.000000	0.000292	68.0	180.6	249.5
958	-0.324021	-0.324022	0.000000	372.013888	139.271593	0.000279	0.000000	0.000279	26.2	114.1	141.4
959	-0.330376	-0.330377	0.000000	373.013888	138.918124	0.000231	0.000000	0.000231	117.3	141.3	260.3
960	-0.328936	-0.328937	0.000000	372.991516	138.926012	0.000578	0.000000	0.000578	63.5	150.8	216.3
961	-0.331935	-0.331936	0.000000	373.967306	138.582787	0.000193	0.000000	0.000193	57.3	167.0	225.6
962	-0.327646	-0.327647	0.000000	373.993351	138.573649	0.000190	0.000000	0.000190	41.2	158.1	200.4
963	-0.324844	-0.324844	0.000000	373.899965	138.606419	0.000232	0.000000	0.000232	55.2	177.9	234.4
964	-0.326848	-0.326849	0.000000	373.809882	138.638045	0.000332	0.000000	0.000332	51.0	182.1	234.5
965	-0.328259	-0.328260	0.000000	373.983787	138.577005	0.000212	0.000000	0.000212	64.6	150.3	216.0
966	-0.331690	-0.331691	0.000000	374.000698	138.571072	0.000697	0.000000	0.000697	56.4	139.2	196.6
967	-0.331988	-0.331989	0.000000	373.907309	138.603842	0.000417	0.000000	0.000417	58.0	152.6	211.7
968	-0.321204	-0.321205	0.000000	374.907309	138.253750	0.000330	0.000000	0.000330	76.0	152.6	229.7
969	-0.334430	-0.334431	0.000000	375.907307	137.905423	0.000448	0.000000	0.000448	73.5	164.2	238.8
970	-0.329644	-0.329645	0.000000	376.907307	137.558846	0.000350	0.000000	0.000350	48.0	147.9	197.1
971	-0.327870	-0.327871	0.000000	377.907307	137.214007	0.000289	0.000000	0.000289	52.6	134.1	188.0
972	-0.330633	-0.330634	0.000000	378.907307	136.870893	0.000306	0.000000	0.000306	72.5	139.4	213.0
973	-0.330121	-0.330122	0.000000	378.813918	136.902863	0.000255	0.000000	0.000255	73.6	182.7	257.5
974	-0.331928	-0.331929	0.000000	378.818786	136.901196	0.000164	0.000000	0.000164	58.3	144.8	204.2
975	-0.329186	-0.329186	0.000000	378.725402	136.933179	0.000262	0.000000	0.000262	56.0	137.1	194.2
976	-0.325593	-0.325594	0.000000	378.632209	136.965112	0.000306	0.000000	0.000306	60.7	133.5	195.8
977	-0.328750	-0.328750	0.000000	378.538821	136.997126	0.000305	0.000000	0.000305	66.3	92.5	159.9
978	-0.329906	-0.329907	0.000000	379.538821	136.655094	0.000365	0.000000	0.000365	103.4	133.0	237.6
979	-0.327844	-0.327845	0.000000	380.538818	136.314766	0.000381	0.000000	0.000381	37.5	127.6	166.2
980	-0.324765	-0.324766	0.000000	381.538818	135.976129	0.000244	0.000000	0.000244	48.2	114.3	163.5
981	-0.332981	-0.332982	0.000000	382.538813	135.639171	0.000244	0.000000	0.000244	74.7	151.0	226.9
982	-0.330357	-0.330358	0.000000	382.596780	135.619690	0.000469	0.000000	0.000469	71.4	143.8	216.5
983	-0.323477	-0.323477	0.000000	382.503705	135.650973	0.000381	0.000000	0.000381	42.1	109.5	152.7
984	-0.326183	-0.326184	0.000000	382.673208	135.594013	0.000415	0.000000	0.000415	82.5	123.6	207.2
985	-0.327886	-0.327887	0.000000	382.579819	135.625389	0.000258	0.000000	0.000258	31.0	164.7	196.8
986	-0.326639	-0.326640	0.000000	382.486430	135.656781	0.000187	0.000000	0.000187	69.6	151.7	222.4
987	-0.330583	-0.330584	0.000000	382.393187	135.688137	0.000313	0.000000	0.000313	54.9	175.9	231.8
988	-0.337938	-0.337939	0.000000	382.565363	135.630247	0.000234	0.000000	0.000234	114.7	172.0	288.2
989	-0.331432	-0.331433	0.000000	382.471974	135.661641	0.000222	0.000000	0.000222	49.4	151.6	203.2
990	-0.327427	-0.327428	0.000000	382.378603	135.693043	0.000352	0.000000	0.000352	67.1	155.3	223.6
991	-0.335888	-0.335889	0.000000	382.296773	135.720576	0.000254	0.000000	0.000254	37.0	128.5	167.0
992	-0.324037	-0.324038	0.000000	382.203384	135.752011	0.000227	0.000000	0.000227	59.5	84.5	145.8
993	-0.331243	-0.331244	0.000000	382.109994	135.783461	0.000327	0.000000	0.000327	62.1	132.1	195.3
994	-0.331003	-0.331004	0.000000	383.107958	135.448137	0.000310	0.000000	0.000310	51.5	139.9	192.9
995	-0.327963	-0.327964	0.000000	383.015142	135.479254	0.000223	0.000000	0.000223	61.3	163.2	226.0
996	-0.331085	-0.331086	0.000000	382.938178	135.505068	0.000333	0.000000	0.000333	60.1	128.7	189.9
997	-0.331852	-0.331853	0.000000	382.844788	135.536403	0.000292	0.000000	0.000292	61.2	120.1	182.4
998	-0.331706	-0.331707	0.000000	382.751400	135.567753	0.000354	0.000000	0.000354	63.8	86.8	151.7
999	-0.332803	-0.332804	0.000000	383.751400	135.232812	0.000250	0.000000	0.000250	51.5	175.2	228.0
