1:ItNr	2:Metric	3a:Time	3b:StepSize	4:||Gradient||	Time[ms]
0	-0.507477	0.000000	19.525387	0.017500	114.2
1	-0.515134	0.000000	19.525387	0.015676	8.3
2	-0.510746	0.000000	19.525387	0.015709	12.6
3	-0.515393	0.000000	19.525387	0.012337	12.4
4	-0.519184	1.000000	18.637870	0.007039	9.4
5	-0.522744	0.925988	18.700783	0.013519	11.0
6	-0.518146	0.851974	18.764124	0.016819	16.0
7	-0.518651	0.777959	18.827895	0.016160	11.2
8	-0.523827	0.703945	18.892101	0.016089	14.9
9	-0.519677	1.703945	18.059995	0.021343	15.4
10	-0.521384	2.703945	17.298096	0.020814	10.5
11	-0.531812	3.703945	16.597881	0.015762	7.9
12	-0.526049	4.703945	15.952148	0.010904	13.6
13	-0.531071	4.629931	15.998214	0.019455	11.6
14	-0.530952	5.629931	15.397454	0.025693	12.7
15	-0.526713	6.629931	14.840179	0.026072	13.4
16	-0.526174	7.629931	14.321834	0.019398	9.6
17	-0.534621	8.629931	13.838477	0.015244	9.8
18	-0.533596	9.629931	13.386681	0.008951	11.5
19	-0.529277	10.629931	12.963453	0.010110	8.3
20	-0.519152	11.629931	12.566166	0.014510	16.1
21	-0.529807	12.629931	12.192506	0.016584	12.1
22	-0.531719	13.629931	11.840426	0.018656	12.6
23	-0.535694	14.629931	11.508109	0.020925	9.2
24	-0.536805	15.629931	11.193937	0.018284	15.7
25	-0.531460	16.629931	10.896462	0.015872	16.7
26	-0.531442	17.629931	10.614389	0.019096	10.9
27	-0.527800	18.629931	10.346552	0.026960	11.1
28	-0.527813	19.629931	10.091898	0.025058	16.0
29	-0.537693	20.629931	9.849479	0.020553	11.9
30	-0.534300	21.629931	9.618433	0.019218	12.0
31	-0.536739	22.629931	9.397978	0.015234	12.1
32	-0.526422	23.629931	9.187402	0.010244	11.8
33	-0.531097	24.629931	8.986056	0.013300	9.5
34	-0.534349	25.629931	8.793346	0.019166	11.7
35	-0.522512	26.629931	8.608728	0.015246	8.6
36	-0.536686	27.629931	8.431703	0.007449	10.0
37	-0.536434	27.555945	8.444551	0.010701	7.9
38	-0.545938	28.555945	8.274146	0.011321	13.7
39	-0.533936	29.555945	8.110483	0.009763	8.7
40	-0.535643	30.555945	7.953169	0.006110	8.3
41	-0.530499	30.482010	7.964591	0.009172	10.1
42	-0.538312	30.450140	7.969524	0.006846	13.5
43	-0.537395	30.726854	7.926891	0.012504	14.9
44	-0.531499	31.726854	7.776552	0.013651	12.8
45	-0.543102	32.726854	7.631810	0.016132	14.9
46	-0.543061	33.726854	7.492357	0.016093	9.7
47	-0.538829	34.726854	7.357909	0.012704	11.3
48	-0.543514	35.726854	7.228202	0.021523	11.1
49	-0.536807	36.726854	7.102988	0.021679	11.4
50	-0.533409	37.726854	6.982038	0.022482	15.5
51	-0.535988	38.726854	6.865139	0.021350	11.7
52	-0.543305	39.726854	6.752089	0.012926	16.6
53	-0.543474	40.726854	6.642703	0.009408	12.0
54	-0.537778	41.726854	6.536804	0.011327	12.6
55	-0.529865	42.726854	6.434228	0.015983	13.3
56	-0.535374	43.726853	6.334823	0.011762	14.0
57	-0.534299	44.726853	6.238442	0.012963	13.0
58	-0.534079	44.652839	6.245474	0.011733	13.8
59	-0.534742	45.652839	6.151773	0.008816	12.6
60	-0.543059	45.578825	6.158612	0.012578	11.2
61	-0.538117	46.578825	6.067479	0.011628	8.2
62	-0.537474	47.578825	5.979005	0.009637	7.9
63	-0.534749	47.504811	5.985465	0.008915	11.0
64	-0.536937	47.430797	5.991939	0.007764	10.3
65	-0.536439	48.430797	5.905638	0.009091	19.9
66	-0.536992	49.430797	5.821788	0.010391	27.5
67	-0.525907	50.430797	5.740285	0.010380	13.2
68	-0.543043	50.356782	5.746239	0.008744	15.1
69	-0.543501	50.282768	5.752206	0.009217	13.6
70	-0.536240	50.208754	5.758184	0.011895	10.3
71	-0.546558	50.134740	5.764176	0.012963	13.2
72	-0.535610	50.060726	5.770179	0.012922	16.5
73	-0.541816	49.986712	5.776196	0.015371	13.0
74	-0.540011	49.912698	5.782224	0.017172	17.1
75	-0.548334	49.838683	5.788266	0.018336	16.1
76	-0.541909	49.764669	5.794320	0.009160	15.9
77	-0.545872	50.764669	5.713579	0.006246	17.0
78	-0.542059	50.691933	5.719376	0.009769	11.1
79	-0.543066	51.691789	5.640708	0.009198	14.2
80	-0.547111	52.649411	5.567365	0.010462	11.9
81	-0.539924	53.649411	5.492785	0.007547	13.7
82	-0.542088	54.649411	5.420176	0.008487	13.5
83	-0.546313	55.649411	5.349462	0.013113	13.1
84	-0.543684	56.649411	5.280570	0.013285	12.6
85	-0.543958	57.649411	5.213429	0.011369	11.0
86	-0.533167	58.649411	5.147974	0.007134	12.6
87	-0.540600	59.649411	5.084143	0.005998	17.2
88	-0.541720	59.704963	5.080643	0.005066	13.3
89	-0.547394	59.823932	5.073165	0.006998	10.9
90	-0.538944	59.749918	5.077815	0.006211	16.7
91	-0.543126	60.749918	5.015701	0.005892	13.2
92	-0.542848	60.675904	5.020246	0.006445	15.2
93	-0.545443	60.601890	5.024799	0.009203	17.7
94	-0.540761	60.800165	5.012620	0.005336	11.1
95	-0.540783	60.726151	5.017159	0.007558	19.2
96	-0.545924	61.726143	4.956512	0.006819	13.1
97	-0.554366	62.725689	4.897340	0.004764	11.4
98	-0.543278	63.725496	4.839548	0.006523	12.4
99	-0.542099	64.384918	4.802173	0.010166	24.0
100	-0.538048	65.384918	4.746582	0.010090	22.1
101	-0.538006	66.384918	4.692264	0.011751	7.2
102	-0.549188	66.310904	4.696242	0.009054	8.3
103	-0.537580	67.310904	4.643063	0.008369	15.5
104	-0.539157	67.251413	4.646193	0.009977	20.7
105	-0.545501	68.251413	4.594136	0.005438	10.6
106	-0.546418	69.251413	4.543232	0.008510	11.6
107	-0.550563	69.177399	4.546961	0.005444	10.7
108	-0.550785	70.177399	4.497092	0.009212	13.9
109	-0.545124	71.177396	4.448305	0.005278	17.1
110	-0.548497	72.160433	4.401366	0.006448	16.9
111	-0.531681	73.160433	4.354622	0.007269	21.0
112	-0.554868	74.159332	4.308911	0.009136	13.8
113	-0.549307	74.085317	4.312265	0.007735	10.3
114	-0.543312	75.085317	4.267386	0.006647	16.3
115	-0.549023	75.011303	4.270676	0.006136	11.6
116	-0.539142	74.938739	4.273906	0.005389	16.9
117	-0.551048	74.864727	4.277205	0.008586	15.5
118	-0.553432	75.864727	4.233049	0.007403	14.1
119	-0.541479	76.864726	4.189795	0.005314	12.9
120	-0.537081	77.864726	4.147416	0.006238	16.0
121	-0.542924	77.790712	4.150523	0.011626	13.1
122	-0.543914	77.716850	4.153629	0.012478	12.3
123	-0.544437	78.716850	4.111974	0.010265	10.3
124	-0.546234	79.716850	4.071147	0.008355	14.3
125	-0.547282	80.716850	4.031123	0.010075	10.2
126	-0.546485	81.716850	3.991878	0.006327	12.0
127	-0.547354	82.274418	3.970326	0.007458	11.2
128	-0.538945	82.200404	3.973174	0.006226	7.1
129	-0.548951	82.126390	3.976025	0.006483	11.0
130	-0.543760	82.055448	3.978762	0.006028	12.2
131	-0.550308	82.694963	3.954224	0.009917	12.6
132	-0.543106	83.694963	3.916455	0.008020	13.6
133	-0.537467	83.620949	3.919226	0.008095	13.7
134	-0.547826	84.620949	3.882119	0.009369	15.3
135	-0.549208	84.546935	3.884842	0.008989	11.6
136	-0.547151	85.546935	3.848380	0.005941	13.7
137	-0.549423	85.472920	3.851056	0.007779	9.8
138	-0.543350	86.472920	3.815223	0.010188	16.1
139	-0.545737	87.472920	3.780051	0.005952	11.3
140	-0.545450	87.398906	3.782632	0.007709	12.1
141	-0.534863	87.324892	3.785216	0.007419	11.8
142	-0.540977	87.250878	3.787804	0.006271	10.1
143	-0.545435	87.176864	3.790396	0.008201	10.9
144	-0.536303	87.102850	3.792991	0.004610	9.7
145	-0.554092	88.098811	3.758365	0.002763	19.2
146	-0.541706	88.028507	3.760788	0.008716	12.0
147	-0.543601	87.963791	3.763022	0.007437	15.4
148	-0.537220	87.889777	3.765580	0.008859	13.5
149	-0.543354	88.889777	3.731313	0.004092	14.8
150	-0.548378	89.330153	3.716420	0.003207	12.0
151	-0.545835	89.257646	3.718863	0.006120	11.0
152	-0.546589	89.266832	3.718554	0.006116	9.5
153	-0.543963	90.266575	3.685142	0.005006	11.0
154	-0.536623	90.193722	3.687556	0.005405	8.1
155	-0.542143	91.190520	3.654793	0.006004	7.0
156	-0.545909	92.190514	3.622504	0.006939	13.9
157	-0.553488	92.165591	3.623302	0.008275	16.9
158	-0.554480	92.091577	3.625673	0.011113	15.4
159	-0.542304	93.091577	3.593895	0.006851	14.2
160	-0.548463	94.091577	3.562668	0.007093	13.1
161	-0.556113	95.087773	3.532096	0.009544	17.1
162	-0.544271	96.087773	3.501930	0.010012	9.8
163	-0.543907	97.087773	3.472274	0.004524	16.6
164	-0.549950	98.087773	3.443117	0.008522	13.1
165	-0.538937	99.087773	3.414445	0.008688	16.6
166	-0.548028	100.087773	3.386247	0.009543	14.6
167	-0.545653	101.087773	3.358511	0.007941	13.8
168	-0.546521	102.087773	3.331226	0.005095	14.5
169	-0.545545	103.044483	3.305533	0.009382	16.4
170	-0.543099	102.971070	3.307490	0.006525	13.3
171	-0.542643	102.924001	3.308747	0.004068	13.3
172	-0.542426	102.850003	3.310724	0.008441	13.7
173	-0.545178	102.776078	3.312701	0.009212	11.2
174	-0.536642	103.776078	3.286152	0.006455	10.3
175	-0.536568	104.560027	3.265634	0.013433	7.1
176	-0.552748	104.486012	3.267560	0.005374	11.9
177	-0.546759	105.486012	3.241727	0.007957	10.0
178	-0.534614	105.412014	3.243625	0.005218	12.3
179	-0.543539	106.412014	3.218167	0.005306	10.7
180	-0.546547	107.391443	3.193617	0.006022	18.9
181	-0.544164	108.391439	3.168936	0.011216	9.9
182	-0.544854	109.386774	3.144745	0.010185	10.2
183	-0.552484	110.386774	3.120810	0.005816	18.7
184	-0.551514	110.312760	3.122569	0.005605	12.2
185	-0.547903	110.279289	3.123365	0.006007	13.9
186	-0.557812	110.205481	3.125122	0.008065	11.5
187	-0.547337	111.199776	3.101617	0.009320	10.3
188	-0.549154	111.847241	3.086501	0.010060	11.0
189	-0.542709	112.847241	3.063441	0.005083	10.4
190	-0.546401	112.777774	3.065032	0.009037	10.0
191	-0.530940	112.703760	3.066729	0.012716	13.8
192	-0.542213	113.703760	3.043962	0.008682	11.4
193	-0.546603	113.871801	3.040169	0.009538	13.6
194	-0.543903	114.871801	3.017794	0.006548	13.3
195	-0.545355	115.839017	2.996464	0.004963	13.6
196	-0.554435	116.838272	2.974741	0.004847	11.8
197	-0.553467	117.836786	2.953346	0.007059	12.2
198	-0.544187	118.836779	2.932227	0.005156	12.6
199	-0.535774	119.836670	2.911409	0.004743	11.7
200	-0.549080	119.762693	2.912939	0.004851	12.3
201	-0.542930	120.702520	2.893619	0.005951	13.7
202	-0.541984	121.702446	2.873343	0.004210	11.2
203	-0.542629	122.183232	2.863695	0.005398	11.9
204	-0.541241	122.109219	2.865176	0.006093	13.9
205	-0.545309	123.109218	2.845294	0.006833	12.7
206	-0.547481	124.109218	2.825686	0.006325	12.4
207	-0.544993	125.108456	2.806361	0.005565	11.5
208	-0.540942	125.034454	2.807784	0.008942	14.8
209	-0.554169	126.034454	2.788687	0.008758	14.9
210	-0.544172	127.034454	2.769849	0.007605	14.4
211	-0.543084	128.034454	2.751264	0.004316	13.1
212	-0.541790	129.034454	2.732926	0.010957	11.7
213	-0.540785	130.034426	2.714832	0.010002	10.6
214	-0.542534	131.034426	2.696976	0.006162	12.3
215	-0.546198	132.034426	2.679352	0.006809	9.1
216	-0.545109	131.960412	2.680649	0.004707	9.4
217	-0.541851	132.960412	2.663237	0.009999	11.6
218	-0.552496	133.960408	2.646051	0.007388	15.5
219	-0.537577	134.960408	2.629085	0.003589	14.3
220	-0.547937	134.886393	2.630333	0.008517	12.6
221	-0.541751	135.886393	2.613567	0.006239	15.6
222	-0.547220	135.818484	2.614699	0.014405	14.3
223	-0.549845	136.818484	2.598131	0.006099	15.2
224	-0.544979	137.818484	2.581772	0.009762	14.8
225	-0.541161	137.744471	2.582976	0.008601	11.4
226	-0.544770	138.744471	2.566806	0.007904	13.8
227	-0.544906	139.744461	2.550838	0.009780	11.9
228	-0.549397	140.744424	2.535068	0.008374	17.3
229	-0.548234	140.670960	2.536220	0.006031	15.0
230	-0.541602	141.668248	2.520671	0.007280	14.1
231	-0.546529	141.865760	2.517614	0.006842	15.2
232	-0.554096	141.791746	2.518759	0.010030	11.3
233	-0.545712	142.791746	2.503381	0.006128	14.8
234	-0.539588	143.791746	2.488190	0.012901	12.7
235	-0.543320	144.791746	2.473182	0.005935	15.7
236	-0.546443	145.791746	2.458354	0.004528	13.9
237	-0.541675	146.546767	2.447276	0.004996	10.2
238	-0.543622	146.565284	2.447005	0.005395	12.0
239	-0.540610	146.492134	2.448074	0.006830	8.8
240	-0.544957	146.485668	2.448168	0.005278	13.8
241	-0.550395	146.411889	2.449247	0.008657	12.1
242	-0.542324	147.411864	2.434705	0.005546	13.2
243	-0.544697	148.411864	2.420333	0.005222	14.2
244	-0.541134	148.340513	2.421353	0.008472	13.5
245	-0.549166	149.158557	2.409712	0.006098	16.0
246	-0.546652	150.158556	2.395633	0.007563	11.8
247	-0.543585	150.084542	2.396670	0.007423	18.7
248	-0.545510	151.084542	2.382742	0.008285	7.4
249	-0.539365	152.084542	2.368976	0.006047	15.2
250	-0.546317	153.084542	2.355368	0.007341	13.1
251	-0.535607	153.010528	2.356370	0.008924	13.4
252	-0.541454	152.936514	2.357372	0.009616	12.6
253	-0.540466	153.927468	2.344018	0.007685	10.9
254	-0.553168	154.927468	2.330694	0.005490	11.7
255	-0.547287	154.853454	2.331675	0.005703	12.9
256	-0.542630	154.779440	2.332657	0.004664	22.8
257	-0.552916	154.705426	2.333640	0.008184	13.4
258	-0.549458	155.705426	2.320433	0.007292	12.9
259	-0.552648	156.705426	2.307375	0.005664	7.3
260	-0.545212	157.705424	2.294464	0.004766	6.5
261	-0.548288	158.705285	2.281698	0.006549	13.0
262	-0.544607	159.705284	2.269071	0.006692	12.7
263	-0.552689	159.631270	2.270001	0.006643	12.4
264	-0.541714	159.557256	2.270931	0.006385	10.8
265	-0.545961	159.483257	2.271862	0.005025	11.6
266	-0.546712	159.409294	2.272794	0.007836	14.5
267	-0.549180	159.335304	2.273726	0.007986	11.9
268	-0.540695	160.327443	2.261286	0.006110	13.5
269	-0.543124	160.253429	2.262209	0.005680	14.4
270	-0.552513	160.892292	2.254263	0.006149	7.4
271	-0.550522	160.818278	2.255181	0.004189	15.3
272	-0.550799	161.818235	2.242846	0.004621	11.7
273	-0.546644	162.818234	2.230645	0.007037	11.1
274	-0.547831	163.818234	2.218575	0.008894	15.8
275	-0.541598	163.744219	2.219464	0.010025	11.5
276	-0.542464	163.672972	2.220320	0.008368	11.7
277	-0.545101	164.672972	2.208362	0.008825	11.7
278	-0.545863	165.672972	2.196532	0.007764	6.3
279	-0.551299	165.598957	2.197403	0.005746	10.5
280	-0.538936	166.598957	2.185690	0.006225	12.4
281	-0.539727	166.524943	2.186552	0.006823	13.8
282	-0.551799	166.451025	2.187415	0.006802	11.1
283	-0.546682	167.451025	2.175807	0.005352	14.1
284	-0.539579	168.451019	2.164323	0.006106	13.6
285	-0.551552	169.357540	2.154016	0.005487	15.6
286	-0.545586	170.357540	2.142759	0.003267	7.9
287	-0.546937	171.267349	2.132620	0.004904	8.1
288	-0.547072	171.196192	2.133409	0.008879	9.6
289	-0.549778	172.196192	2.122367	0.004637	15.5
290	-0.550489	172.122178	2.123180	0.009605	13.3
291	-0.546757	173.118633	2.112281	0.009070	13.6
292	-0.552313	173.047283	2.113058	0.004866	15.6
293	-0.549267	174.042499	2.102276	0.008262	9.5
294	-0.540336	173.975106	2.103002	0.006973	11.4
295	-0.531667	173.901091	2.103801	0.005287	18.3
296	-0.548753	174.901091	2.093062	0.004866	9.8
297	-0.542669	175.900868	2.082434	0.004808	19.5
298	-0.538154	175.827337	2.083212	0.005118	17.3
299	-0.540635	175.753474	2.083994	0.006315	12.5
300	-0.549774	176.753464	2.073456	0.009320	15.9
301	-0.539908	177.752851	2.063030	0.006280	10.9
302	-0.547578	177.678845	2.063799	0.005852	10.6
303	-0.546574	178.678845	2.053463	0.009641	10.0
304	-0.542622	179.673189	2.043288	0.009209	11.3
305	-0.539869	180.673189	2.033156	0.008312	7.1
306	-0.550574	181.673189	2.023125	0.005223	12.6
307	-0.537861	181.599175	2.023864	0.008051	7.7
308	-0.546639	182.599175	2.013923	0.004710	8.5
309	-0.544967	183.599175	2.004080	0.009793	16.4
310	-0.544123	184.599175	1.994333	0.004981	13.4
311	-0.539422	185.599175	1.984679	0.007028	12.5
312	-0.539674	185.525160	1.985391	0.008089	10.4
313	-0.540828	185.505757	1.985577	0.005007	15.9
314	-0.542793	185.431745	1.986289	0.007591	11.4
315	-0.550415	186.431745	1.976714	0.006097	11.9
316	-0.548665	187.431744	1.967230	0.006173	12.6
317	-0.553360	187.357730	1.967929	0.011036	10.0
318	-0.539256	187.283833	1.968627	0.004991	9.2
319	-0.548904	187.209819	1.969327	0.005643	12.0
320	-0.541202	187.152339	1.969870	0.005347	13.4
321	-0.536266	188.123991	1.960718	0.007652	13.2
322	-0.553731	188.050022	1.961412	0.008280	6.6
323	-0.545449	189.050022	1.952074	0.011034	13.7
324	-0.539910	190.050022	1.942824	0.010138	11.0
325	-0.545316	191.050022	1.933662	0.006016	16.9
326	-0.536345	190.976008	1.934337	0.005347	15.8
327	-0.548885	190.901994	1.935013	0.005813	12.8
328	-0.547488	190.827980	1.935689	0.010679	10.7
329	-0.543461	191.827980	1.926594	0.006269	8.8
330	-0.539638	192.703964	1.918697	0.006226	11.6
331	-0.549603	192.643864	1.919237	0.008862	14.3
332	-0.548687	192.822312	1.917635	0.005998	14.5
333	-0.547327	193.821076	1.908719	0.004902	9.1
334	-0.543493	193.747067	1.909377	0.007988	23.5
335	-0.546451	193.675243	1.910016	0.007787	21.1
336	-0.541912	194.674645	1.901165	0.007628	14.9
337	-0.549138	194.600631	1.901818	0.008978	12.8
338	-0.545418	195.600376	1.893040	0.007554	8.9
339	-0.547214	196.600376	1.884340	0.007301	11.7
340	-0.538792	196.526361	1.884981	0.006485	14.1
341	-0.536691	197.526361	1.876355	0.006671	13.2
342	-0.548011	197.452347	1.876991	0.008035	12.8
343	-0.552360	198.452161	1.868440	0.005918	11.3
344	-0.536718	199.452132	1.859964	0.007173	11.0
345	-0.535482	200.452132	1.851566	0.007150	13.5
346	-0.545691	201.433371	1.843398	0.008752	16.1
347	-0.535209	202.433315	1.835148	0.010756	16.7
348	-0.545646	203.433315	1.826971	0.008567	8.7
349	-0.544868	204.433315	1.818867	0.005967	12.4
350	-0.544629	205.433315	1.810834	0.006474	10.6
351	-0.547419	205.359302	1.811426	0.009510	12.7
352	-0.543530	206.359302	1.803459	0.007039	10.9
353	-0.543068	207.359302	1.795561	0.005370	10.1
354	-0.540438	208.074343	1.789957	0.005754	12.3
355	-0.541608	208.000329	1.790535	0.004989	11.5
356	-0.551902	208.989902	1.782831	0.007155	11.7
357	-0.540297	208.915893	1.783405	0.004124	14.4
358	-0.543831	209.609597	1.778040	0.003544	13.6
359	-0.543248	209.536428	1.778605	0.005738	8.1
360	-0.536767	210.531669	1.770959	0.004528	16.5
361	-0.540592	210.486535	1.771304	0.009310	15.0
362	-0.538169	211.371784	1.764556	0.006194	13.2
363	-0.540254	212.371782	1.756995	0.005630	13.5
364	-0.543956	212.298387	1.757548	0.010205	13.0
365	-0.544731	213.298387	1.750047	0.010043	16.1
366	-0.549104	214.298387	1.742609	0.007703	15.1
367	-0.543440	214.224373	1.743158	0.011640	13.6
368	-0.548736	215.224373	1.735778	0.005080	14.5
369	-0.542270	215.722913	1.732123	0.006317	17.4
370	-0.554519	215.648969	1.732664	0.008435	14.5
371	-0.546009	216.648969	1.725373	0.004859	15.6
372	-0.541975	217.648508	1.718147	0.008867	29.3
373	-0.549881	218.648508	1.710977	0.005633	20.2
374	-0.544295	219.634227	1.703968	0.005917	24.2
375	-0.541387	219.738927	1.703227	0.007369	16.4
376	-0.546384	220.548501	1.697519	0.004371	8.8
377	-0.541563	220.474489	1.698039	0.008498	12.9
378	-0.545654	221.355151	1.691869	0.006292	13.3
379	-0.543907	222.355151	1.684917	0.009185	15.5
380	-0.547726	223.355151	1.678021	0.004613	11.1
381	-0.540031	223.285902	1.678497	0.007307	12.6
382	-0.539171	223.365396	1.677951	0.007422	9.3
383	-0.554283	224.365396	1.671112	0.007529	12.1
384	-0.538905	225.365396	1.664329	0.006303	14.4
385	-0.545693	225.291387	1.664829	0.005226	15.7
386	-0.540785	225.217444	1.665329	0.006679	12.9
387	-0.539977	225.316536	1.664659	0.008447	13.0
388	-0.545351	225.248045	1.665122	0.005879	12.4
389	-0.542493	225.174031	1.665623	0.007241	31.2
390	-0.539654	226.174031	1.658884	0.007833	12.8
391	-0.545386	226.100017	1.659381	0.007441	21.0
392	-0.541196	227.100017	1.652693	0.004325	15.3
393	-0.543551	228.099683	1.646060	0.005118	25.0
394	-0.547916	228.955634	1.640424	0.006772	28.5
395	-0.548321	229.955634	1.633887	0.006125	21.3
396	-0.541033	230.949837	1.627440	0.006679	20.5
397	-0.535160	231.949837	1.621006	0.005687	20.3
398	-0.555879	232.803399	1.615554	0.005944	12.1
399	-0.552700	233.800376	1.609233	0.004816	9.7
400	-0.544106	234.800376	1.602942	0.006064	22.3
401	-0.548316	235.800376	1.596700	0.008750	13.9
402	-0.543311	235.726512	1.597159	0.006854	13.3
403	-0.542135	236.726512	1.590962	0.003134	23.2
404	-0.541836	236.657100	1.591391	0.007497	20.4
405	-0.543136	237.541994	1.585944	0.006233	17.2
406	-0.546361	237.468131	1.586397	0.006102	11.4
407	-0.546040	238.461642	1.580323	0.007682	12.8
408	-0.539935	239.461641	1.574255	0.005686	9.0
409	-0.547065	240.459330	1.568248	0.005955	9.1
410	-0.544797	241.459330	1.562273	0.006124	9.8
411	-0.547193	242.287980	1.557356	0.008345	12.2
412	-0.537678	242.213967	1.557794	0.009116	12.1
413	-0.553916	243.213967	1.551898	0.004805	9.3
414	-0.551541	243.941442	1.547637	0.007618	10.2
415	-0.549532	244.940171	1.541825	0.004717	8.0
416	-0.536679	245.940171	1.536049	0.009636	7.3
417	-0.555801	245.866157	1.536475	0.005728	12.5
418	-0.543921	246.865746	1.530741	0.006942	10.7
419	-0.547761	247.865125	1.525051	0.003691	10.3
420	-0.540367	248.219543	1.523044	0.006575	10.6
421	-0.538486	249.212886	1.517445	0.004545	9.9
422	-0.546486	250.212883	1.511850	0.006888	10.7
423	-0.551910	251.212883	1.506296	0.006161	14.9
424	-0.541634	252.212881	1.500783	0.009669	7.1
425	-0.543854	252.175549	1.500988	0.004642	7.5
426	-0.548982	252.101535	1.501394	0.006533	9.5
427	-0.543442	252.027526	1.501801	0.006218	8.1
428	-0.553029	253.024289	1.496339	0.007384	14.2
429	-0.548661	253.175344	1.495514	0.005218	11.9
430	-0.554008	254.175224	1.490080	0.005872	11.7
431	-0.549633	254.149290	1.490221	0.005388	8.2
432	-0.547114	254.468193	1.488495	0.010579	10.4
433	-0.542630	255.468193	1.483111	0.007688	28.9
434	-0.542438	255.394179	1.483509	0.002883	15.9
435	-0.536103	255.320171	1.483906	0.004455	17.0
436	-0.525945	255.247128	1.484298	0.005430	12.1
437	-0.544370	255.173740	1.484693	0.005254	6.9
438	-0.539715	255.099753	1.485091	0.010626	9.2
439	-0.540781	255.025739	1.485489	0.006248	10.3
440	-0.546001	256.025739	1.480126	0.007710	7.7
441	-0.547245	255.966230	1.480445	0.007940	9.1
442	-0.544805	256.966230	1.475119	0.004309	13.6
443	-0.551811	256.900207	1.475469	0.005168	13.4
444	-0.554511	257.004745	1.474914	0.002777	12.8
445	-0.545495	257.870397	1.470336	0.007468	11.1
446	-0.555563	257.938523	1.469977	0.006786	8.4
447	-0.544585	258.938523	1.464726	0.004809	9.1
448	-0.548269	259.938523	1.459512	0.003923	9.5
449	-0.551029	260.439791	1.456912	0.006168	7.3
450	-0.545668	260.372734	1.457260	0.009131	9.2
451	-0.542298	261.372711	1.452099	0.003887	10.9
452	-0.544763	261.298718	1.452480	0.011095	11.5
453	-0.543786	262.298506	1.447354	0.007375	12.3
454	-0.545568	263.298506	1.442263	0.004923	9.0
455	-0.545837	263.224492	1.442638	0.004755	8.6
456	-0.544541	263.566666	1.440904	0.004654	8.7
457	-0.547543	264.566311	1.435860	0.006538	11.1
458	-0.546408	265.565993	1.430851	0.005909	8.5
459	-0.553930	265.491979	1.431220	0.006623	7.4
460	-0.540832	265.417965	1.431590	0.007513	11.7
461	-0.548851	265.783533	1.429765	0.007800	7.3
462	-0.543577	266.783533	1.424797	0.009603	10.3
463	-0.546571	267.783533	1.419863	0.005492	12.0
464	-0.547065	268.783533	1.414964	0.007173	12.4
465	-0.548838	269.783533	1.410097	0.005867	11.3
466	-0.535335	270.172870	1.408212	0.006047	12.3
467	-0.539638	271.172869	1.403392	0.006346	12.9
468	-0.541917	271.098923	1.403748	0.008001	13.0
469	-0.547336	271.024909	1.404103	0.004542	12.0
470	-0.537912	271.413970	1.402235	0.002656	10.3
471	-0.550230	271.341099	1.402585	0.007034	17.2
472	-0.538695	272.318982	1.397909	0.004395	14.1
473	-0.546115	272.244968	1.398261	0.006505	11.6
474	-0.548608	272.170955	1.398614	0.007724	20.1
475	-0.540632	272.096940	1.398968	0.008748	13.7
476	-0.549115	273.096940	1.394211	0.005847	15.7
477	-0.550822	274.096940	1.389486	0.005113	10.8
478	-0.544267	274.360451	1.388247	0.005835	14.9
479	-0.536742	275.359840	1.383565	0.004272	10.9
480	-0.545902	276.339660	1.379006	0.008163	10.9
481	-0.554836	276.816730	1.376797	0.008919	11.6
482	-0.550938	277.816730	1.372189	0.006380	9.9
483	-0.537334	278.816730	1.367613	0.006470	10.5
484	-0.548449	278.743029	1.367949	0.006302	11.3
485	-0.542783	278.669016	1.368287	0.007065	9.3
486	-0.543768	279.668931	1.363736	0.005709	15.4
487	-0.550442	279.594927	1.364072	0.004929	10.0
488	-0.545892	279.520913	1.364408	0.004241	13.0
489	-0.541526	279.489193	1.364552	0.005913	10.2
490	-0.547901	279.415208	1.364888	0.006236	11.3
491	-0.545432	280.415196	1.360360	0.005420	11.6
492	-0.542647	280.397882	1.360438	0.008268	7.5
493	-0.539610	280.323882	1.360772	0.005343	10.7
494	-0.549556	281.323882	1.356271	0.004093	15.5
495	-0.544751	281.249881	1.356603	0.006928	16.2
496	-0.536031	281.176122	1.356934	0.007872	8.2
497	-0.544652	281.102108	1.357267	0.006745	14.6
498	-0.551355	282.102108	1.352789	0.004531	15.9
499	-0.547148	283.087230	1.348406	0.005367	8.6
500	-0.550470	284.086968	1.343988	0.007482	12.7
501	-0.538057	284.012953	1.344314	0.006941	14.5
502	-0.536716	283.938939	1.344640	0.006702	13.2
503	-0.545919	284.938939	1.340245	0.005083	8.5
504	-0.552086	285.933285	1.335903	0.005609	9.8
505	-0.547262	285.860005	1.336222	0.008517	7.7
506	-0.547996	285.785991	1.336545	0.007264	13.4
507	-0.545714	285.711977	1.336867	0.004634	10.4
508	-0.545184	286.604275	1.332989	0.007716	12.0
509	-0.542618	287.604153	1.328670	0.004789	12.9
510	-0.542854	288.604152	1.324379	0.006621	15.1
511	-0.544216	289.367287	1.321122	0.006762	11.1
512	-0.536634	290.367275	1.316879	0.008228	14.9
513	-0.540297	290.293261	1.317192	0.010686	17.8
514	-0.548249	291.293261	1.312975	0.008797	14.3
515	-0.550394	291.219247	1.313286	0.004504	18.4
516	-0.544674	292.218699	1.309095	0.006217	16.7
517	-0.536905	293.118023	1.305347	0.006881	13.3
518	-0.549893	294.118023	1.301205	0.005897	13.8
519	-0.538644	294.044009	1.301511	0.004259	11.6
520	-0.540245	294.989134	1.297618	0.006157	9.5
521	-0.544462	294.923221	1.297889	0.007696	14.2
522	-0.546514	294.849210	1.298193	0.006377	7.4
523	-0.541660	295.849210	1.294095	0.005128	10.7
524	-0.545598	296.849210	1.290024	0.005957	9.9
525	-0.539623	297.849209	1.285978	0.009246	12.5
526	-0.546862	297.778439	1.286264	0.005456	13.5
527	-0.548859	298.778346	1.282242	0.008129	12.3
528	-0.554195	299.778345	1.278244	0.003343	15.7
529	-0.541822	300.777204	1.274277	0.007795	9.7
530	-0.548789	300.718322	1.274510	0.004924	8.4
531	-0.544313	300.644308	1.274803	0.007274	12.3
532	-0.538850	301.564545	1.271166	0.006309	12.9
533	-0.542689	302.564545	1.267238	0.004941	8.8
534	-0.551114	302.490531	1.267527	0.006535	11.6
535	-0.536415	303.490530	1.263621	0.006437	12.3
536	-0.546148	304.468037	1.259826	0.005166	10.1
537	-0.544278	305.467962	1.255967	0.007362	9.3
538	-0.544032	306.467962	1.252132	0.006023	7.4
539	-0.543639	307.467961	1.248320	0.006354	10.0
540	-0.537815	308.467961	1.244531	0.006943	7.9
541	-0.546868	309.467910	1.240765	0.006285	8.0
542	-0.549344	309.436768	1.240882	0.004172	8.6
543	-0.550476	310.407368	1.237248	0.005532	11.6
544	-0.554216	311.365596	1.233681	0.005476	7.5
545	-0.548830	312.365596	1.229980	0.005956	13.4
546	-0.542154	312.670154	1.228858	0.006689	11.9
547	-0.547354	313.656247	1.225237	0.004840	13.0
548	-0.540616	314.653354	1.221597	0.003696	13.0
549	-0.544901	314.583817	1.221850	0.007823	12.2
550	-0.544030	314.509803	1.222120	0.007348	12.3
551	-0.545882	315.509803	1.218488	0.004796	11.9
552	-0.538868	315.435788	1.218756	0.006624	12.5
553	-0.544075	316.435758	1.215144	0.008328	11.5
554	-0.541055	317.435758	1.211554	0.004874	11.7
555	-0.545625	317.571167	1.211069	0.005481	11.6
556	-0.541461	317.497153	1.211334	0.008944	11.7
557	-0.541957	318.493652	1.207778	0.006376	9.4
558	-0.550548	318.419638	1.208042	0.008626	14.4
559	-0.546052	319.419638	1.204493	0.003852	10.8
560	-0.550907	319.345632	1.204755	0.005592	9.5
561	-0.548274	319.271790	1.205017	0.007764	7.2
562	-0.544372	320.271790	1.201486	0.005302	8.4
563	-0.549012	320.197776	1.201746	0.004548	9.0
564	-0.545730	321.159228	1.198369	0.007775	7.8
565	-0.539960	322.150751	1.194907	0.006630	9.6
566	-0.549641	323.150744	1.191435	0.006226	9.1
567	-0.544575	324.150744	1.187983	0.007410	11.4
568	-0.547734	325.150744	1.184551	0.003690	10.5
569	-0.539292	326.150744	1.181139	0.006043	11.4
570	-0.547005	326.082057	1.181372	0.007936	12.4
571	-0.540856	327.082057	1.177978	0.007490	14.4
572	-0.540615	328.082057	1.174604	0.006103	13.7
573	-0.539055	328.008043	1.174853	0.004711	12.3
574	-0.550062	327.939052	1.175085	0.009216	12.5
575	-0.545369	328.939052	1.171727	0.004177	11.6
576	-0.537009	329.939044	1.168388	0.007519	12.9
577	-0.549408	330.933649	1.165086	0.008508	14.2
578	-0.546633	331.933649	1.161785	0.007653	11.0
579	-0.550802	331.956015	1.161712	0.007232	10.4
580	-0.539011	332.956015	1.158430	0.008410	13.4
581	-0.547017	332.882001	1.158672	0.007394	10.9
582	-0.547327	332.807987	1.158914	0.008631	13.7
583	-0.547202	333.807987	1.155648	0.007241	12.0
584	-0.548134	334.803595	1.152414	0.007027	11.9
585	-0.545482	334.729581	1.152654	0.005657	10.3
586	-0.556077	334.683689	1.152803	0.004351	12.7
587	-0.547021	335.681673	1.149577	0.008491	8.6
588	-0.550297	336.648653	1.146469	0.007427	14.7
589	-0.554464	336.574639	1.146706	0.004891	10.7
590	-0.549404	336.500658	1.146944	0.005090	12.6
591	-0.543732	337.121995	1.144954	0.006693	12.4
592	-0.536855	338.120998	1.141769	0.006008	11.0
593	-0.540516	338.046983	1.142004	0.007672	13.5
594	-0.551180	337.974026	1.142236	0.011537	13.4
595	-0.550576	338.974026	1.139063	0.004651	14.6
596	-0.546733	338.900012	1.139297	0.007523	14.3
597	-0.542011	339.665345	1.136880	0.007670	10.9
598	-0.546914	340.534617	1.134146	0.004867	6.9
599	-0.542316	341.534614	1.131018	0.005753	13.3
600	-0.553577	341.493630	1.131146	0.005460	17.8
601	-0.544348	342.493617	1.128034	0.004258	17.9
602	-0.547171	343.493420	1.124940	0.004496	10.3
603	-0.546392	343.419413	1.125168	0.006599	11.2
604	-0.550252	343.345400	1.125397	0.006651	11.2
605	-0.546958	344.345400	1.122316	0.006686	8.4
606	-0.541463	344.271852	1.122542	0.004663	10.2
607	-0.543990	345.271831	1.119478	0.004674	9.7
608	-0.542114	346.270778	1.116433	0.005734	8.5
609	-0.550326	346.603606	1.115422	0.007941	11.5
610	-0.545173	346.529592	1.115647	0.006040	7.7
611	-0.547835	347.496066	1.112721	0.005723	8.0
612	-0.541734	347.422055	1.112944	0.003996	8.8
613	-0.541069	348.145362	1.110763	0.006860	11.0
614	-0.541635	349.145362	1.107762	0.006151	12.4
615	-0.552741	350.145337	1.104778	0.004223	14.1
616	-0.538825	351.127778	1.101861	0.005599	11.2
617	-0.540093	351.053774	1.102080	0.006828	12.7
618	-0.542889	352.053774	1.099126	0.006515	12.6
619	-0.540904	352.818124	1.096879	0.006980	10.3
620	-0.545815	353.818124	1.093952	0.008072	12.7
621	-0.539661	353.744110	1.094168	0.004933	7.5
622	-0.541492	354.744106	1.091256	0.005519	7.0
623	-0.547148	355.742074	1.088366	0.006300	7.3
624	-0.547225	355.668060	1.088580	0.007340	9.3
625	-0.549492	356.634745	1.085793	0.004594	8.9
626	-0.563994	356.562472	1.086001	0.004655	13.9
627	-0.547812	357.493050	1.083331	0.007476	12.2
628	-0.540566	357.419057	1.083543	0.007417	11.0
629	-0.551728	358.419057	1.080687	0.006263	9.7
630	-0.545526	359.419057	1.077846	0.007447	6.3
631	-0.547507	360.419057	1.075020	0.008312	6.6
632	-0.547089	360.345043	1.075229	0.004262	6.8
633	-0.538949	360.271187	1.075437	0.005920	9.2
634	-0.541330	361.267434	1.072634	0.006136	14.9
635	-0.555840	361.193421	1.072842	0.002905	10.6
636	-0.555292	361.119620	1.073049	0.006009	11.4
637	-0.554175	361.046145	1.073256	0.005977	11.9
638	-0.529239	362.046123	1.070454	0.004495	13.2
639	-0.544670	361.991877	1.070605	0.008217	13.0
640	-0.539602	361.917863	1.070812	0.005898	13.5
641	-0.545889	361.843849	1.071019	0.004478	19.7
642	-0.547910	362.843849	1.068229	0.005876	13.1
643	-0.542982	363.826648	1.065501	0.007009	9.0
644	-0.537853	363.752634	1.065706	0.005968	14.2
645	-0.542443	364.752531	1.062943	0.005798	8.9
646	-0.544737	364.679849	1.063144	0.010091	10.0
647	-0.537978	364.605835	1.063348	0.009140	10.7
648	-0.552917	365.605470	1.060598	0.005454	10.8
649	-0.541016	365.531456	1.060801	0.006755	10.5
650	-0.544513	366.531450	1.058064	0.004266	10.0
651	-0.544232	366.769745	1.057414	0.006042	17.0
652	-0.546349	367.349687	1.055835	0.006651	15.3
653	-0.546098	368.349684	1.053123	0.005920	12.7
654	-0.545654	368.275670	1.053323	0.008242	12.1
655	-0.542241	368.201656	1.053524	0.003703	12.1
656	-0.548706	369.201628	1.050824	0.008125	7.3
657	-0.537838	369.604525	1.049740	0.006454	9.1
658	-0.548859	369.530514	1.049939	0.005450	5.7
659	-0.560874	369.456539	1.050138	0.009165	8.7
660	-0.549670	370.456537	1.047455	0.004328	15.2
661	-0.539203	370.382522	1.047653	0.006171	12.2
662	-0.542885	371.380834	1.044988	0.005816	12.9
663	-0.548000	372.360792	1.042384	0.004369	15.5
664	-0.548449	373.360720	1.039741	0.005018	11.2
665	-0.551052	373.286715	1.039936	0.005309	12.6
666	-0.544552	374.286708	1.037306	0.011938	11.1
667	-0.545654	375.286708	1.034688	0.010663	12.7
668	-0.541547	376.286708	1.032084	0.007172	12.0
669	-0.545316	376.216927	1.032265	0.005173	8.0
670	-0.544065	376.142913	1.032457	0.005456	10.0
671	-0.549980	376.068899	1.032650	0.008038	12.5
672	-0.541459	375.994885	1.032842	0.004539	11.1
673	-0.544131	376.991252	1.030257	0.008510	10.2
674	-0.546287	376.917373	1.030448	0.004075	9.7
675	-0.539695	377.917373	1.027865	0.003955	12.1
676	-0.546166	377.843650	1.028055	0.004286	15.9
677	-0.545026	378.662259	1.025949	0.004837	13.8
678	-0.543873	378.837206	1.025500	0.008381	8.6
679	-0.546370	379.719216	1.023243	0.005570	12.3
680	-0.549725	379.645277	1.023432	0.006920	9.8
681	-0.548425	380.644609	1.020885	0.006841	11.0
682	-0.539488	381.644608	1.018350	0.004505	10.5
683	-0.543209	381.570616	1.018537	0.009039	8.7
684	-0.542884	381.496601	1.018724	0.006274	10.2
685	-0.541226	382.496601	1.016200	0.006888	9.0
686	-0.539668	382.422602	1.016386	0.007735	10.1
687	-0.536787	382.348588	1.016573	0.003990	13.4
688	-0.536972	383.348588	1.014059	0.005316	11.8
689	-0.545237	384.249336	1.011805	0.005159	11.7
690	-0.555125	384.175323	1.011989	0.007008	12.9
691	-0.537505	385.175320	1.009498	0.006746	10.6
692	-0.557948	385.698286	1.008200	0.005687	7.2
693	-0.546103	385.933689	1.007617	0.005132	8.6
694	-0.539679	386.933682	1.005147	0.010914	10.9
695	-0.544695	386.859668	1.005329	0.007160	12.0
696	-0.546849	387.670964	1.003333	0.005370	11.3
697	-0.539975	388.350153	1.001668	0.005671	15.5
698	-0.542135	389.039603	0.999984	0.004592	6.5
699	-0.543361	390.039597	0.997551	0.005887	6.5
700	-0.546324	391.033180	0.995146	0.003964	6.8
701	-0.536668	390.959166	0.995325	0.009624	10.0
702	-0.551594	391.959166	0.992914	0.006040	12.3
703	-0.536023	392.959166	0.990516	0.007718	12.7
704	-0.539666	393.959166	0.988129	0.004655	15.9
705	-0.539052	394.959145	0.985753	0.008483	9.5
706	-0.534948	395.959044	0.983389	0.007039	12.3
707	-0.543238	395.885030	0.983564	0.008348	13.0
708	-0.547686	395.811016	0.983739	0.005082	12.8
709	-0.539299	395.737002	0.983913	0.006226	14.2
710	-0.538590	395.675057	0.984060	0.006357	12.6
711	-0.545530	395.601048	0.984235	0.003068	13.8
712	-0.540985	396.600948	0.981878	0.006202	23.1
713	-0.552769	396.530170	0.982044	0.006393	16.9
714	-0.550300	397.527564	0.979704	0.004870	15.3
715	-0.543381	398.527564	0.977369	0.010596	13.7
716	-0.543041	398.454469	0.977539	0.005186	14.9
717	-0.545638	399.454469	0.975214	0.005921	10.6
718	-0.544964	399.380886	0.975385	0.004295	13.5
719	-0.540078	400.379604	0.973073	0.006211	12.2
720	-0.549882	400.305592	0.973244	0.003981	11.1
721	-0.539049	400.232079	0.973414	0.006194	8.3
722	-0.547030	400.158551	0.973584	0.004728	10.4
723	-0.534550	401.156871	0.971281	0.007048	10.1
724	-0.545156	402.156869	0.968986	0.004440	7.7
725	-0.546288	402.082855	0.969156	0.004950	14.7
726	-0.546916	402.057803	0.969213	0.005726	9.3
727	-0.538965	402.947646	0.967179	0.007390	13.6
728	-0.537772	403.947049	0.964904	0.006419	8.4
729	-0.544053	403.873052	0.965072	0.006188	8.9
730	-0.543975	403.799038	0.965240	0.004526	10.4
731	-0.547165	404.799038	0.962973	0.007657	11.0
732	-0.534079	405.799037	0.960717	0.008881	12.5
733	-0.542589	406.799037	0.958471	0.006721	11.3
734	-0.552390	406.726070	0.958635	0.006451	10.1
735	-0.554699	406.652077	0.958801	0.008225	6.5
736	-0.539080	406.578063	0.958967	0.008478	7.3
737	-0.545488	407.578063	0.956729	0.007489	8.5
738	-0.541013	407.504049	0.956894	0.004202	14.4
739	-0.537379	407.476843	0.956955	0.004083	11.5
740	-0.542701	407.406294	0.957113	0.006371	7.9
741	-0.543269	408.400323	0.954897	0.003396	8.2
742	-0.542956	409.069023	0.953412	0.005481	12.5
743	-0.549166	410.067458	0.951204	0.004532	11.5
744	-0.551354	409.993444	0.951367	0.012386	11.4
745	-0.538288	409.919430	0.951531	0.005651	12.4
746	-0.547482	410.919430	0.949328	0.007488	12.7
747	-0.549799	410.845421	0.949491	0.005376	11.8
748	-0.544014	410.771407	0.949653	0.006580	13.9
749	-0.553299	411.771355	0.947459	0.005685	14.1
750	-0.546137	411.697341	0.947621	0.004793	19.9
751	-0.542450	411.623327	0.947783	0.005970	22.7
752	-0.542088	412.622936	0.945598	0.004644	17.4
753	-0.544261	413.537608	0.943608	0.004864	14.8
754	-0.550742	414.385705	0.941770	0.007028	6.6
755	-0.548231	415.385704	0.939612	0.008040	11.0
756	-0.535619	415.311690	0.939771	0.007438	9.2
757	-0.550209	416.311690	0.937622	0.003895	9.3
758	-0.543093	417.305253	0.935497	0.005605	11.5
759	-0.550896	417.231451	0.935654	0.008839	8.9
760	-0.540238	418.231451	0.933524	0.003522	8.8
761	-0.545626	418.165261	0.933665	0.009064	13.0
762	-0.549250	419.165260	0.931544	0.007945	11.3
763	-0.554636	420.165260	0.929432	0.006625	11.7
764	-0.546068	420.091246	0.929588	0.005998	6.5
765	-0.547339	420.017232	0.929744	0.006601	7.8
766	-0.530387	419.943218	0.929900	0.006100	8.1
767	-0.550803	419.869304	0.930056	0.009120	10.2
768	-0.541411	420.869304	0.927951	0.005385	9.6
769	-0.543881	421.869304	0.925856	0.004255	8.4
770	-0.541213	421.854561	0.925887	0.006704	7.8
771	-0.542894	421.781005	0.926040	0.011184	7.5
772	-0.545608	421.706991	0.926195	0.006132	9.3
773	-0.540951	422.706991	0.924108	0.006019	11.1
774	-0.540515	422.632977	0.924262	0.004628	15.4
775	-0.547395	422.851053	0.923808	0.005688	18.8
776	-0.551379	422.777039	0.923962	0.008089	12.3
777	-0.543064	422.769849	0.923977	0.008383	13.0
778	-0.545803	423.769849	0.921900	0.008107	16.3
779	-0.539239	424.769751	0.919832	0.006034	11.4
780	-0.542867	425.769751	0.917773	0.003030	17.5
781	-0.551147	425.695846	0.917925	0.006546	12.4
782	-0.544065	425.660661	0.917997	0.006136	12.9
783	-0.557236	425.586647	0.918149	0.006055	12.4
784	-0.550091	426.586603	0.916098	0.006349	17.3
785	-0.545865	427.586603	0.914056	0.007455	12.4
786	-0.544177	428.586603	0.912023	0.004374	11.0
787	-0.544835	428.512589	0.912173	0.005767	16.3
788	-0.538287	429.301498	0.910575	0.006405	10.1
789	-0.550398	429.227487	0.910724	0.012196	9.0
790	-0.541490	430.227487	0.908706	0.010037	15.2
791	-0.547273	430.153472	0.908855	0.004867	15.0
792	-0.544478	431.061976	0.907029	0.005821	11.5
793	-0.540735	430.987962	0.907177	0.013047	12.6
794	-0.549551	430.913948	0.907326	0.007473	13.8
795	-0.543425	430.839933	0.907474	0.005130	9.7
796	-0.534764	431.828002	0.905494	0.007236	11.6
797	-0.538376	431.753988	0.905642	0.005526	15.8
798	-0.537832	431.679974	0.905790	0.004853	15.9
799	-0.537182	431.605960	0.905938	0.004659	8.0
800	-0.542294	432.153738	0.904843	0.007547	8.2
801	-0.542091	432.079772	0.904991	0.004098	12.3
802	-0.545484	432.011676	0.905127	0.005668	9.6
803	-0.556211	432.950632	0.903255	0.007570	12.6
804	-0.541320	432.876647	0.903402	0.008608	10.7
805	-0.549013	432.802633	0.903549	0.006917	8.8
806	-0.554182	433.790732	0.901586	0.007185	11.0
807	-0.550378	434.790732	0.899608	0.004854	8.8
808	-0.547582	434.718184	0.899752	0.007037	14.2
809	-0.542410	434.644170	0.899898	0.004122	10.6
810	-0.545904	434.570359	0.900043	0.006377	11.0
811	-0.545251	434.496356	0.900190	0.002675	16.0
812	-0.543023	435.273691	0.898656	0.004678	12.9
813	-0.547558	435.409610	0.898388	0.004277	9.6
814	-0.551696	436.211010	0.896814	0.009663	6.9
815	-0.546929	437.211010	0.894857	0.005177	9.1
816	-0.536357	437.136996	0.895001	0.006091	8.0
817	-0.542178	438.136996	0.893052	0.004721	7.8
818	-0.547330	439.136985	0.891111	0.004461	8.8
819	-0.549037	440.136790	0.889179	0.006386	8.1
820	-0.543449	440.438269	0.888598	0.005842	7.7
821	-0.543543	441.438269	0.886676	0.006080	8.7
822	-0.543360	442.438266	0.884763	0.008555	7.7
823	-0.543357	443.438207	0.882858	0.006181	14.0
824	-0.550657	443.364193	0.882999	0.005758	11.1
825	-0.547672	444.364193	0.881102	0.004889	8.8
826	-0.545996	444.290703	0.881241	0.005819	11.0
827	-0.550836	444.216689	0.881381	0.005595	12.2
828	-0.552406	444.142676	0.881521	0.008391	16.1
829	-0.552385	444.068662	0.881661	0.008096	19.1
830	-0.541902	443.994648	0.881802	0.005888	12.5
831	-0.545956	443.920633	0.881942	0.007103	11.6
832	-0.538049	444.920633	0.880049	0.003957	15.0
833	-0.552562	444.846619	0.880189	0.006860	13.6
834	-0.548452	444.776182	0.880322	0.009079	13.8
835	-0.538843	445.776181	0.878436	0.006950	14.2
836	-0.533658	445.702167	0.878576	0.006890	15.0
837	-0.544988	446.702167	0.876697	0.008615	14.3
838	-0.548627	446.628153	0.876836	0.006963	9.8
839	-0.542079	446.554139	0.876975	0.006033	11.8
840	-0.541766	447.554138	0.875103	0.004015	11.2
841	-0.546418	447.836675	0.874576	0.005256	10.9
842	-0.545548	448.836577	0.872714	0.005697	15.3
843	-0.536880	449.836577	0.870861	0.008285	10.6
844	-0.545096	450.836576	0.869015	0.008922	8.7
845	-0.543275	450.762561	0.869151	0.005354	12.3
846	-0.549307	450.831522	0.869024	0.004875	14.8
847	-0.553925	450.757509	0.869161	0.006600	14.8
848	-0.557131	451.757509	0.867322	0.007785	16.5
849	-0.550937	451.683495	0.867458	0.010387	13.1
850	-0.540897	451.609481	0.867594	0.004188	7.4
851	-0.531212	451.536282	0.867728	0.011005	10.3
852	-0.545346	451.462268	0.867864	0.004706	13.7
853	-0.549758	452.462248	0.866031	0.005295	12.0
854	-0.544902	453.462247	0.864206	0.007967	11.3
855	-0.529445	454.462247	0.862388	0.006309	7.3
856	-0.546544	455.462247	0.860578	0.007763	7.5
857	-0.547049	455.388233	0.860712	0.006557	7.8
858	-0.543632	456.382006	0.858920	0.007011	7.1
859	-0.544882	456.308396	0.859053	0.006209	7.1
860	-0.544062	456.362771	0.858955	0.006943	8.1
861	-0.544375	456.289283	0.859087	0.005025	8.4
862	-0.546889	457.289242	0.857291	0.006829	11.8
863	-0.539092	458.289237	0.855502	0.005156	8.8
864	-0.540558	458.215658	0.855634	0.003236	19.0
865	-0.550052	458.141653	0.855766	0.008844	13.3
866	-0.538838	458.067759	0.855898	0.007259	9.8
867	-0.544635	459.067759	0.854115	0.006715	6.7
868	-0.545955	458.993745	0.854247	0.007217	14.7
869	-0.545230	458.920067	0.854378	0.007200	11.7
870	-0.547071	459.920067	0.852601	0.008185	11.0
871	-0.542076	460.022485	0.852420	0.006322	11.9
872	-0.531958	459.948498	0.852551	0.005250	15.2
873	-0.545209	460.948498	0.850782	0.007132	11.7
874	-0.546292	460.874484	0.850913	0.005036	10.3
875	-0.549044	461.327811	0.850113	0.006892	9.3
876	-0.545317	462.327683	0.848354	0.009087	14.1
877	-0.550158	462.253688	0.848484	0.009653	16.1
878	-0.543008	463.253688	0.846732	0.008895	12.3
879	-0.552101	464.253688	0.844987	0.005324	13.2
880	-0.544939	465.253688	0.843249	0.006002	13.1
881	-0.551486	465.179674	0.843378	0.005017	15.3
882	-0.543050	465.841176	0.842232	0.007521	13.0
883	-0.548407	465.767261	0.842360	0.008551	11.2
884	-0.546110	466.767261	0.840633	0.007683	10.7
885	-0.547544	467.767217	0.838913	0.005860	16.4
886	-0.542162	468.767130	0.837200	0.005974	11.6
887	-0.541955	469.767130	0.835494	0.006767	13.7
888	-0.541427	470.429286	0.834369	0.006007	12.4
889	-0.548325	471.429285	0.832674	0.006250	8.5
890	-0.538475	471.355271	0.832799	0.007844	17.6
891	-0.541172	471.281257	0.832925	0.005928	12.1
892	-0.542847	472.213643	0.831350	0.006070	13.7
893	-0.546363	472.139631	0.831475	0.007593	8.8
894	-0.545830	472.066045	0.831599	0.005677	9.6
895	-0.541140	471.992091	0.831724	0.011847	11.5
896	-0.544292	472.992091	0.830040	0.006248	11.1
897	-0.544726	473.992091	0.828363	0.007610	12.4
898	-0.542433	474.992091	0.826693	0.006199	16.4
899	-0.542387	475.025430	0.826637	0.006639	10.7
900	-0.539596	476.025204	0.824975	0.005671	16.5
901	-0.539767	475.951189	0.825097	0.008379	6.4
902	-0.542845	476.951189	0.823440	0.004934	12.2
903	-0.542612	476.877175	0.823563	0.007058	11.3
904	-0.541916	476.909286	0.823510	0.006308	9.4
905	-0.539586	477.909286	0.821859	0.006840	10.3
906	-0.537863	477.835272	0.821981	0.004049	11.5
907	-0.545969	477.761385	0.822103	0.006246	15.1
908	-0.541425	477.687454	0.822225	0.007595	12.6
909	-0.546721	478.687454	0.820579	0.006324	10.1
910	-0.539157	479.687454	0.818940	0.007922	9.9
911	-0.544808	480.664335	0.817346	0.004086	9.6
912	-0.542312	480.590321	0.817466	0.006666	12.3
913	-0.538457	481.529436	0.815939	0.009431	8.9
914	-0.550488	482.529431	0.814318	0.008844	13.3
915	-0.537416	483.526800	0.812708	0.006292	11.6
916	-0.537149	484.526800	0.811101	0.009597	11.1
917	-0.554236	485.526800	0.809499	0.007424	12.8
918	-0.551017	486.526785	0.807904	0.006608	9.3
919	-0.549959	487.526785	0.806316	0.006311	9.4
920	-0.542228	487.452770	0.806433	0.004728	12.6
921	-0.543259	488.452695	0.804850	0.004223	9.5
922	-0.538875	488.380242	0.804965	0.004364	17.9
923	-0.549012	489.361708	0.803417	0.004818	14.7
924	-0.534349	489.419715	0.803325	0.008405	12.5
925	-0.544421	490.372734	0.801828	0.006370	10.0
926	-0.543844	490.298720	0.801944	0.005606	9.5
927	-0.549872	490.968522	0.800895	0.005949	9.8
928	-0.546214	491.615074	0.799885	0.005446	8.0
929	-0.540267	491.541068	0.800001	0.004001	7.1
930	-0.551339	491.767209	0.799648	0.006256	16.1
931	-0.545336	491.693570	0.799763	0.006089	13.9
932	-0.541801	492.693555	0.798206	0.007567	10.9
933	-0.549542	493.693555	0.796655	0.007442	13.5
934	-0.538813	493.619541	0.796769	0.005616	16.5
935	-0.555294	494.619541	0.795224	0.007580	21.3
936	-0.546014	494.545562	0.795338	0.005934	17.6
937	-0.539011	495.528611	0.793825	0.003250	10.7
938	-0.548075	495.454598	0.793938	0.004905	11.5
939	-0.547553	495.433333	0.793971	0.007569	11.4
940	-0.545600	495.501397	0.793866	0.010981	12.6
941	-0.533204	496.501397	0.792332	0.006831	10.0
942	-0.546782	497.501397	0.790804	0.006599	10.8
943	-0.548215	497.427382	0.790917	0.005394	13.0
944	-0.531665	497.353374	0.791030	0.008828	10.2
945	-0.540879	497.419508	0.790929	0.008739	15.5
946	-0.547576	498.419508	0.789406	0.006820	10.9
947	-0.547926	499.419508	0.787890	0.006974	13.9
948	-0.549272	500.419483	0.786379	0.006981	10.3
949	-0.549909	501.419483	0.784873	0.006220	13.7
950	-0.541280	502.419483	0.783374	0.005382	9.5
951	-0.546885	502.345469	0.783485	0.008698	6.6
952	-0.553875	502.603880	0.783098	0.005374	6.7
953	-0.541844	503.603880	0.781605	0.007862	8.6
954	-0.542790	503.529866	0.781716	0.006217	7.1
955	-0.552066	503.455852	0.781826	0.006900	8.3
956	-0.551623	503.381838	0.781936	0.006024	9.1
957	-0.553205	504.379071	0.780452	0.009165	12.0
958	-0.545637	504.305072	0.780562	0.006009	14.8
959	-0.544447	504.456134	0.780338	0.008481	12.7
960	-0.545195	505.455702	0.778856	0.007289	10.3
961	-0.532956	505.381688	0.778965	0.007410	13.1
962	-0.546632	506.381657	0.777488	0.004075	12.0
963	-0.539848	507.381456	0.776017	0.004336	16.0
964	-0.544199	508.192354	0.774828	0.005379	8.9
965	-0.538018	509.039628	0.773590	0.005104	12.8
966	-0.543376	510.039346	0.772133	0.004474	12.3
967	-0.543259	509.985292	0.772212	0.006511	10.7
968	-0.548976	510.957650	0.770800	0.005001	12.5
969	-0.558529	510.883647	0.770908	0.005467	11.4
970	-0.547649	511.279073	0.770335	0.005511	9.6
971	-0.554606	511.205063	0.770442	0.009675	8.7
972	-0.542836	512.205063	0.768997	0.008382	10.7
973	-0.547524	512.131049	0.769104	0.005444	17.3
974	-0.544343	513.131049	0.767664	0.004747	16.4
975	-0.555261	514.131049	0.766229	0.008510	10.5
976	-0.543029	514.057035	0.766335	0.004400	9.2
977	-0.541530	514.947575	0.765062	0.007903	8.8
978	-0.542648	514.875521	0.765165	0.006654	14.5
979	-0.549086	515.875521	0.763740	0.007995	14.3
980	-0.545815	515.801529	0.763845	0.006531	13.1
981	-0.544791	516.801529	0.762425	0.004424	12.4
982	-0.553516	517.485536	0.761456	0.007923	10.1
983	-0.552428	518.485534	0.760045	0.005917	9.6
984	-0.544511	518.411575	0.760149	0.007845	13.0
985	-0.548735	518.337561	0.760253	0.008217	13.9
986	-0.545489	519.337561	0.758846	0.003929	11.8
987	-0.532724	520.321918	0.757466	0.008000	16.1
988	-0.548907	520.247914	0.757570	0.003810	10.0
989	-0.541875	521.247914	0.756173	0.007899	8.6
990	-0.543725	521.173900	0.756276	0.006002	11.2
991	-0.546477	521.099886	0.756379	0.005133	12.5
992	-0.545349	521.025872	0.756483	0.006370	11.9
993	-0.543429	522.024973	0.755091	0.008298	11.1
994	-0.538793	523.024973	0.753703	0.005183	11.9
995	-0.542250	524.023627	0.752322	0.010016	12.2
996	-0.543570	523.949613	0.752424	0.005252	12.9
997	-0.543637	523.875599	0.752526	0.005587	13.6
998	-0.544352	524.875599	0.751148	0.006555	13.9
999	-0.540158	525.875269	0.749775	0.009507	12.4
1000	-0.548128	526.875269	0.748406	0.004368	12.7
1001	-0.547263	527.874469	0.747044	0.007289	13.8
1002	-0.544049	527.800460	0.747144	0.006329	9.8
1003	-0.542471	528.800460	0.745785	0.013681	15.6
1004	-0.544188	529.800460	0.744431	0.008207	9.2
1005	-0.545298	530.800460	0.743082	0.006236	15.0
1006	-0.550211	530.726445	0.743182	0.010270	16.2
1007	-0.542973	530.875909	0.742981	0.009501	12.2
1008	-0.535671	531.875909	0.741637	0.005537	13.2
1009	-0.548074	532.875902	0.740298	0.006539	12.5
1010	-0.531813	532.802489	0.740396	0.004785	7.6
1011	-0.539840	532.728482	0.740495	0.009682	7.3
1012	-0.542408	532.654471	0.740594	0.006745	6.5
1013	-0.531269	533.654471	0.739259	0.005142	11.7
1014	-0.547038	533.580457	0.739357	0.009256	9.2
1015	-0.544852	533.506443	0.739456	0.002883	9.8
1016	-0.538261	534.389428	0.738280	0.007034	13.8
1017	-0.545899	534.317806	0.738376	0.006827	13.7
1018	-0.541955	535.221167	0.737176	0.004203	11.1
1019	-0.555600	535.148251	0.737273	0.008423	12.2
1020	-0.538022	536.148251	0.735950	0.006580	11.2
1021	-0.546077	537.148251	0.734631	0.003210	6.9
1022	-0.551636	537.218123	0.734539	0.006964	16.2
1023	-0.544628	538.217846	0.733226	0.008602	12.3
1024	-0.545291	539.217846	0.731917	0.006795	9.3
1025	-0.556320	539.143832	0.732014	0.005954	6.5
1026	-0.544204	540.143832	0.730710	0.004411	9.3
1027	-0.551212	540.093307	0.730775	0.005530	10.1
1028	-0.547028	540.910605	0.729712	0.004084	8.4
1029	-0.548599	540.868778	0.729767	0.004969	11.9
1030	-0.547385	541.506866	0.728939	0.004891	14.2
1031	-0.560729	541.433816	0.729034	0.008537	11.6
1032	-0.540659	541.671035	0.728726	0.008501	16.8
1033	-0.543730	541.597021	0.728822	0.005133	10.6
1034	-0.546039	542.596903	0.727529	0.005259	8.3
1035	-0.545993	542.522922	0.727625	0.007305	12.3
1036	-0.534901	542.448908	0.727720	0.005401	10.4
1037	-0.548725	542.376968	0.727813	0.005864	8.3
1038	-0.551086	543.323415	0.726592	0.010453	13.3
1039	-0.543110	544.298846	0.725339	0.005835	13.0
1040	-0.547563	544.224832	0.725434	0.006334	13.3
1041	-0.542242	544.150818	0.725529	0.004395	12.6
1042	-0.543876	544.076804	0.725624	0.004765	8.9
1043	-0.545631	544.002791	0.725719	0.006381	13.6
1044	-0.544340	545.002791	0.724437	0.005658	17.1
1045	-0.548797	544.929201	0.724531	0.007315	12.3
1046	-0.539653	544.990638	0.724452	0.004830	14.5
1047	-0.549579	545.990638	0.723174	0.007229	13.7
1048	-0.542205	546.951121	0.721951	0.008520	26.0
1049	-0.546047	547.540356	0.721203	0.006450	23.3
1050	-0.543324	548.540355	0.719937	0.006173	14.4
1051	-0.553390	549.139569	0.719180	0.007837	24.2
1052	-0.544835	550.138908	0.717922	0.004618	13.5
1053	-0.547526	551.138908	0.716667	0.004740	11.1
1054	-0.542990	552.100005	0.715465	0.006655	16.2
1055	-0.548636	553.099952	0.714219	0.007035	14.2
1056	-0.555636	553.047619	0.714284	0.010516	11.4
1057	-0.545386	554.047619	0.713042	0.004302	15.9
1058	-0.544685	555.047619	0.711804	0.007490	9.0
1059	-0.543046	554.976273	0.711892	0.003577	8.6
1060	-0.548510	554.916338	0.711966	0.005832	8.7
1061	-0.537984	555.075171	0.711770	0.007319	9.3
1062	-0.536148	555.001164	0.711862	0.004351	9.6
1063	-0.542265	554.927197	0.711953	0.004394	13.0
1064	-0.550984	554.996906	0.711867	0.004590	12.8
1065	-0.545888	555.896290	0.710757	0.005230	14.1
1066	-0.544303	556.896287	0.709527	0.008071	18.6
1067	-0.554139	557.501848	0.708784	0.005137	8.6
1068	-0.548206	557.427834	0.708875	0.010697	9.7
1069	-0.539800	558.427810	0.707652	0.006460	9.5
1070	-0.552080	558.353796	0.707742	0.007244	9.3
1071	-0.539939	559.353795	0.706523	0.007559	9.7
1072	-0.550794	560.121673	0.705589	0.004408	10.7
1073	-0.548904	561.108570	0.704393	0.007183	11.4
1074	-0.543003	562.108157	0.703185	0.007180	9.9
1075	-0.546802	562.034143	0.703275	0.004776	14.9
1076	-0.545004	563.034143	0.702070	0.007947	8.9
1077	-0.544979	564.034143	0.700870	0.006921	11.5
1078	-0.552656	563.960128	0.700959	0.004730	10.8
1079	-0.550487	564.432732	0.700393	0.007130	10.4
1080	-0.551524	565.432731	0.699199	0.008830	11.5
1081	-0.543554	566.432635	0.698009	0.003360	8.8
1082	-0.541130	566.358770	0.698097	0.004570	11.2
1083	-0.549650	566.897264	0.697457	0.006656	15.0
1084	-0.540242	566.823264	0.697545	0.009587	14.5
1085	-0.544658	567.785658	0.696405	0.006158	23.0
1086	-0.542759	568.785658	0.695224	0.005020	13.5
1087	-0.546327	568.711644	0.695311	0.005184	14.7
1088	-0.550583	569.711644	0.694134	0.003107	11.5
1089	-0.541777	570.593863	0.693099	0.009130	8.1
1090	-0.541899	571.049575	0.692566	0.005842	8.9
1091	-0.546341	572.047635	0.691400	0.005074	7.1
1092	-0.542238	573.047544	0.690236	0.006382	10.5
1093	-0.553229	572.993910	0.690299	0.007984	12.2
1094	-0.538874	572.919985	0.690384	0.003968	11.8
1095	-0.548247	572.847265	0.690469	0.005821	14.9
1096	-0.544569	573.755982	0.689414	0.004855	8.5
1097	-0.555574	573.682014	0.689500	0.007223	8.3
1098	-0.541752	574.681913	0.688342	0.005906	6.4
1099	-0.539763	575.681913	0.687189	0.006197	8.8
1100	-0.544153	575.608015	0.687274	0.004287	7.2
1101	-0.543342	576.607932	0.686124	0.005905	12.3
1102	-0.542596	577.607903	0.684978	0.005034	10.5
1103	-0.544744	577.570112	0.685021	0.006856	11.6
1104	-0.548362	578.562401	0.683887	0.006367	17.2
1105	-0.539080	578.488389	0.683972	0.007929	11.7
1106	-0.533032	579.488389	0.682833	0.004924	11.3
1107	-0.547686	580.488386	0.681698	0.005726	12.7
1108	-0.544868	581.016566	0.681099	0.006855	11.0
1109	-0.553875	580.942552	0.681183	0.005926	13.9
1110	-0.542413	581.278904	0.680803	0.006090	9.7
1111	-0.550213	582.274717	0.679679	0.006060	12.0
1112	-0.544976	583.274717	0.678554	0.004982	13.0
1113	-0.545207	584.240886	0.677471	0.009446	12.7
1114	-0.550334	584.167749	0.677553	0.008576	13.5
1115	-0.541172	584.093735	0.677636	0.006889	16.2
1116	-0.538525	584.019721	0.677719	0.006235	11.1
1117	-0.545386	585.019721	0.676600	0.008435	12.0
1118	-0.544545	584.945707	0.676683	0.008303	13.6
1119	-0.544092	584.871713	0.676766	0.006830	12.4
1120	-0.547203	585.871709	0.675650	0.007449	16.1
1121	-0.543745	586.871709	0.674539	0.005272	11.6
1122	-0.546751	587.301086	0.674063	0.007968	22.2
1123	-0.545646	588.120497	0.673156	0.008102	12.3
1124	-0.542559	589.120497	0.672053	0.005603	9.8
1125	-0.539854	590.120497	0.670953	0.005318	15.0
1126	-0.540393	591.120497	0.669857	0.006047	10.8
1127	-0.537357	591.046483	0.669938	0.010401	13.6
1128	-0.547502	590.972469	0.670019	0.003517	12.4
1129	-0.544709	590.899289	0.670099	0.006216	9.3
1130	-0.543608	590.825279	0.670180	0.010285	6.3
1131	-0.541207	590.751265	0.670261	0.006912	7.4
1132	-0.547489	591.751265	0.669167	0.004809	16.7
1133	-0.547421	592.751252	0.668077	0.005495	12.2
1134	-0.545888	592.718655	0.668113	0.007809	11.3
1135	-0.543305	593.718655	0.667026	0.004250	11.3
1136	-0.543550	594.629291	0.666039	0.004807	11.8
1137	-0.554093	595.505205	0.665093	0.009783	12.6
1138	-0.534233	595.431191	0.665173	0.008481	13.1
1139	-0.540689	596.431191	0.664095	0.005520	11.9
1140	-0.553762	596.357177	0.664175	0.006465	13.5
1141	-0.541349	596.413252	0.664115	0.008420	8.6
1142	-0.540902	596.339237	0.664194	0.006965	9.0
1143	-0.543401	597.339237	0.663120	0.006954	9.6
1144	-0.550006	598.339237	0.662049	0.007784	14.4
1145	-0.537266	598.265223	0.662128	0.004884	11.1
1146	-0.546216	598.191221	0.662208	0.009869	9.8
1147	-0.541116	598.117206	0.662287	0.005011	13.9
1148	-0.536691	599.117206	0.661219	0.007598	15.6
1149	-0.549617	599.384748	0.660934	0.004454	10.2
1150	-0.552988	599.955600	0.660326	0.006720	10.8
1151	-0.540295	599.881586	0.660405	0.005517	13.9
1152	-0.543471	600.881586	0.659343	0.005833	9.3
1153	-0.544126	601.875905	0.658290	0.005308	12.9
1154	-0.550667	601.845322	0.658323	0.005855	13.5
1155	-0.550085	602.845116	0.657268	0.007734	12.2
1156	-0.551279	603.845093	0.656216	0.007945	11.6
1157	-0.547207	603.771079	0.656293	0.005571	11.9
1158	-0.539587	603.697065	0.656371	0.006208	13.2
1159	-0.547952	604.126495	0.655920	0.005422	13.6
1160	-0.546468	605.126446	0.654873	0.006718	13.1
1161	-0.555425	605.052437	0.654950	0.008316	17.5
1162	-0.541283	606.052437	0.653906	0.011146	13.0
1163	-0.546774	607.052437	0.652864	0.008423	11.9
1164	-0.538459	606.978423	0.652941	0.005057	9.2
1165	-0.554047	607.978423	0.651903	0.007459	12.5
1166	-0.533314	607.904408	0.651980	0.006491	13.2
1167	-0.548139	607.830394	0.652057	0.006041	12.3
1168	-0.555337	608.829130	0.651023	0.005852	13.2
1169	-0.541977	609.829117	0.649991	0.003855	11.9
1170	-0.539213	609.755268	0.650067	0.005687	11.9
1171	-0.549302	609.779816	0.650042	0.007329	12.0
1172	-0.550481	609.705803	0.650118	0.004861	11.8
1173	-0.549718	609.631789	0.650194	0.008268	8.7
1174	-0.550162	609.557779	0.650271	0.006761	10.2
1175	-0.549095	609.483764	0.650347	0.008329	7.1
1176	-0.541268	610.483764	0.649317	0.005754	9.7
1177	-0.535658	611.483675	0.648290	0.006119	13.7
1178	-0.543250	611.409661	0.648366	0.007394	12.5
1179	-0.545651	612.409661	0.647343	0.005433	15.2
1180	-0.547302	612.338733	0.647415	0.006168	13.2
1181	-0.550075	612.264718	0.647491	0.003845	11.8
1182	-0.537750	612.192445	0.647565	0.006722	9.1
1183	-0.554367	612.875480	0.646867	0.009660	9.5
1184	-0.541703	613.012936	0.646727	0.005439	11.9
1185	-0.540541	612.938922	0.646802	0.009037	11.2
1186	-0.546710	612.864908	0.646878	0.008393	11.3
1187	-0.542685	613.864908	0.645859	0.007230	15.1
1188	-0.546988	613.790894	0.645934	0.008296	11.4
1189	-0.544338	614.789416	0.644920	0.007993	11.0
1190	-0.550101	615.789416	0.643907	0.007143	7.7
1191	-0.544239	615.715402	0.643982	0.006235	8.2
1192	-0.537340	616.715402	0.642972	0.007251	12.2
1193	-0.541346	617.715133	0.641966	0.007847	8.4
1194	-0.542969	618.715132	0.640962	0.004164	8.1
1195	-0.536280	619.620305	0.640056	0.005350	7.6
1196	-0.542052	620.620305	0.639059	0.008322	12.3
1197	-0.546301	620.547854	0.639131	0.005641	12.8
1198	-0.542805	621.547854	0.638136	0.006313	20.4
1199	-0.548252	621.473840	0.638210	0.005126	15.9
1200	-0.539293	622.473840	0.637218	0.004120	10.9
1201	-0.542283	623.465143	0.636238	0.006011	17.7
1202	-0.540079	623.391129	0.636311	0.006553	14.4
1203	-0.537979	624.390734	0.635325	0.005112	17.4
1204	-0.549011	624.534913	0.635184	0.003782	16.0
1205	-0.546731	624.461912	0.635255	0.005853	13.9
1206	-0.546176	624.388786	0.635327	0.008817	13.6
1207	-0.549771	625.388786	0.634344	0.007415	13.8
1208	-0.550293	626.388786	0.633365	0.003217	16.2
1209	-0.547983	627.388597	0.632388	0.006471	14.5
1210	-0.538517	627.338583	0.632437	0.006985	15.5
1211	-0.542990	627.264569	0.632509	0.005386	10.3
1212	-0.544502	627.190620	0.632581	0.003756	14.9
1213	-0.542740	627.125639	0.632645	0.005806	18.2
1214	-0.544431	628.125632	0.631670	0.005068	11.9
1215	-0.547489	628.052039	0.631742	0.005488	14.8
1216	-0.547702	627.978918	0.631813	0.007588	8.9
1217	-0.542488	627.904907	0.631885	0.007452	15.6
1218	-0.549781	628.904907	0.630913	0.007024	14.0
1219	-0.546540	628.830893	0.630984	0.005972	12.1
1220	-0.547677	629.830893	0.630015	0.006012	12.8
1221	-0.545783	629.756897	0.630086	0.009466	16.2
1222	-0.551324	629.682883	0.630158	0.005776	12.2
1223	-0.547146	630.682872	0.629191	0.004425	12.2
1224	-0.547511	630.608859	0.629263	0.009596	9.7
1225	-0.554915	630.535410	0.629334	0.005925	9.8
1226	-0.555861	631.535410	0.628369	0.009262	12.7
1227	-0.550585	631.461398	0.628440	0.004444	6.9
1228	-0.561326	632.461398	0.627479	0.006154	12.3
1229	-0.544837	632.387471	0.627550	0.005355	15.4
1230	-0.545166	632.313464	0.627621	0.006300	13.5
1231	-0.540685	633.313448	0.626662	0.005643	12.0
1232	-0.550488	633.239435	0.626733	0.006832	14.3
1233	-0.538049	634.090262	0.625919	0.006074	11.6
1234	-0.537743	635.090262	0.624965	0.004058	21.4
1235	-0.540424	635.026596	0.625025	0.006326	21.8
1236	-0.541497	636.024707	0.624076	0.004652	11.6
1237	-0.548381	637.024707	0.623127	0.004406	14.9
1238	-0.546819	637.694107	0.622494	0.003399	12.1
1239	-0.543271	638.690965	0.621553	0.003034	13.6
1240	-0.541777	638.619767	0.621620	0.006397	11.5
1241	-0.552123	638.609859	0.621630	0.006590	12.5
1242	-0.538149	639.609857	0.620689	0.005831	11.6
1243	-0.543249	640.609857	0.619751	0.007036	13.4
1244	-0.539492	641.311091	0.619094	0.005774	11.8
1245	-0.533540	641.237146	0.619164	0.006473	12.0
1246	-0.551328	642.236907	0.618230	0.003959	14.3
1247	-0.547468	643.012087	0.617509	0.003666	13.9
1248	-0.537508	643.779311	0.616796	0.006931	12.1
1249	-0.539214	643.720124	0.616851	0.006101	17.2
1250	-0.542651	644.720124	0.615924	0.006857	9.9
1251	-0.539364	644.646110	0.615993	0.007521	13.4
1252	-0.546376	645.646110	0.615069	0.006099	10.3
1253	-0.536944	645.572096	0.615137	0.005528	11.1
1254	-0.552227	646.565264	0.614222	0.007408	12.3
1255	-0.550096	646.491300	0.614290	0.005109	11.5
1256	-0.543690	646.420775	0.614355	0.005577	9.4
1257	-0.554001	646.564739	0.614222	0.009384	9.1
1258	-0.551821	646.490725	0.614290	0.004840	8.9
1259	-0.547030	647.490420	0.613372	0.006233	14.5
1260	-0.540709	648.416240	0.612523	0.005926	9.1
1261	-0.535677	649.416240	0.611610	0.003963	6.6
1262	-0.544841	650.111478	0.610976	0.003891	8.1
1263	-0.545619	650.742956	0.610402	0.005418	9.2
1264	-0.547991	651.521780	0.609695	0.007902	11.5
1265	-0.546163	651.447766	0.609762	0.005739	10.9
1266	-0.537721	651.572972	0.609649	0.005646	14.0
1267	-0.547311	652.572969	0.608743	0.004272	18.4
1268	-0.546618	652.538700	0.608774	0.005728	13.9
1269	-0.554494	653.537990	0.607873	0.006086	16.1
1270	-0.560124	654.535797	0.606975	0.009601	21.5
1271	-0.549493	654.804092	0.606734	0.006140	19.6
1272	-0.547237	655.804092	0.605837	0.008113	12.8
1273	-0.542820	655.730078	0.605904	0.009159	18.7
1274	-0.547116	656.730078	0.605009	0.006878	10.8
1275	-0.551921	656.656064	0.605076	0.004596	10.4
1276	-0.552902	657.656058	0.604184	0.006339	8.0
1277	-0.545836	657.582043	0.604250	0.003984	8.8
1278	-0.543858	657.530629	0.604296	0.005160	11.3
1279	-0.550205	658.530606	0.603406	0.006237	11.9
1280	-0.539816	659.530606	0.602520	0.005721	11.7
1281	-0.545841	659.606432	0.602453	0.004800	10.9
1282	-0.545204	659.533220	0.602517	0.008280	10.4
1283	-0.555104	660.533220	0.601633	0.004507	11.2
1284	-0.552231	660.459603	0.601698	0.009675	9.3
1285	-0.539941	661.459603	0.600817	0.006553	16.2
1286	-0.548227	661.412568	0.600858	0.002807	13.4
1287	-0.549319	661.343903	0.600919	0.006353	12.6
1288	-0.544330	661.269889	0.600984	0.004253	13.9
1289	-0.548603	662.267490	0.600106	0.009981	11.3
1290	-0.546170	662.193476	0.600171	0.007668	12.5
1291	-0.555149	662.119462	0.600236	0.005202	14.2
1292	-0.547105	663.119462	0.599359	0.007765	8.4
1293	-0.547132	663.045449	0.599424	0.006730	15.3
1294	-0.539555	664.044955	0.598549	0.005727	12.4
1295	-0.541139	665.044955	0.597677	0.006204	13.9
1296	-0.546412	666.044955	0.596807	0.006444	12.0
1297	-0.553226	667.044948	0.595939	0.005365	7.4
1298	-0.545103	667.384453	0.595646	0.005402	8.4
1299	-0.545063	667.310734	0.595709	0.003076	14.3
1300	-0.549199	667.237408	0.595773	0.005641	13.1
1301	-0.537763	667.163564	0.595837	0.005089	14.1
1302	-0.547531	668.163200	0.594972	0.005691	10.8
1303	-0.537947	668.089656	0.595036	0.007657	14.4
1304	-0.539672	669.089656	0.594174	0.005017	12.4
1305	-0.549421	670.089588	0.593314	0.007624	12.9
1306	-0.552589	670.015574	0.593378	0.007620	6.9
1307	-0.541725	669.941798	0.593441	0.006435	11.5
1308	-0.553744	669.867784	0.593504	0.004794	8.6
1309	-0.544801	669.793770	0.593568	0.008658	17.7
1310	-0.541166	670.790845	0.592713	0.007364	19.1
1311	-0.542857	670.716831	0.592776	0.005713	14.8
1312	-0.551429	670.642870	0.592839	0.004053	12.6
1313	-0.546521	670.568856	0.592903	0.006530	10.3
1314	-0.548549	671.562728	0.592052	0.006896	10.9
1315	-0.541780	672.562728	0.591198	0.006499	11.3
1316	-0.544962	673.562728	0.590347	0.004066	11.4
1317	-0.548281	673.488851	0.590410	0.003978	13.0
1318	-0.545877	673.415315	0.590472	0.006307	10.2
1319	-0.542947	674.380295	0.589653	0.006306	15.2
1320	-0.530202	674.327972	0.589697	0.005946	17.8
1321	-0.550142	675.299727	0.588874	0.005980	9.3
1322	-0.536152	676.299723	0.588030	0.007051	11.4
1323	-0.535800	676.225711	0.588092	0.005247	11.3
1324	-0.539781	677.225529	0.587250	0.007510	13.9
1325	-0.542579	678.017830	0.586585	0.006236	6.0
1326	-0.545371	679.017830	0.585747	0.008385	7.0
1327	-0.546948	678.943817	0.585809	0.006882	8.1
1328	-0.539191	678.869802	0.585871	0.007263	6.5
1329	-0.541022	678.795807	0.585933	0.004896	12.1
1330	-0.533937	678.721793	0.585995	0.003670	13.0
1331	-0.543572	679.709580	0.585168	0.008499	7.1
1332	-0.545216	679.645800	0.585222	0.012204	10.7
1333	-0.541810	679.571786	0.585284	0.009571	8.6
1334	-0.543916	679.497771	0.585345	0.004817	14.3
1335	-0.543206	680.311697	0.584666	0.005010	14.4
1336	-0.551439	681.311696	0.583834	0.007021	10.2
1337	-0.545733	682.311695	0.583003	0.004979	9.7
1338	-0.536409	682.403999	0.582927	0.005331	13.7
1339	-0.539715	682.661754	0.582713	0.006026	10.7
1340	-0.543345	683.052862	0.582390	0.003391	10.8
1341	-0.549378	684.032029	0.581581	0.007694	15.3
1342	-0.547235	685.031937	0.580757	0.007018	13.3
1343	-0.546455	684.957923	0.580818	0.008510	12.7
1344	-0.545235	685.957923	0.579997	0.010308	7.2
1345	-0.537405	685.917946	0.580029	0.005245	13.5
1346	-0.544507	686.917791	0.579210	0.005360	12.1
1347	-0.549042	687.364683	0.578845	0.005868	12.5
1348	-0.549054	687.503321	0.578731	0.006872	13.6
1349	-0.549722	687.429307	0.578792	0.003705	14.3
1350	-0.543520	688.400715	0.577999	0.005553	19.1
1351	-0.543603	688.348748	0.578042	0.007976	14.1
1352	-0.552935	688.274734	0.578102	0.005203	13.9
1353	-0.552674	689.274698	0.577288	0.004039	8.8
1354	-0.545953	689.383932	0.577199	0.006195	12.8
1355	-0.538290	689.310500	0.577259	0.008280	10.3
1356	-0.530458	689.236486	0.577319	0.004694	10.4
1357	-0.541683	689.162472	0.577379	0.004889	7.0
1358	-0.542281	689.089151	0.577439	0.008768	7.6
1359	-0.551533	690.088926	0.576627	0.006529	11.1
1360	-0.548665	691.087834	0.575818	0.005757	12.0
1361	-0.536388	691.013820	0.575878	0.007666	11.2
1362	-0.554378	692.013820	0.575070	0.009459	11.9
1363	-0.541624	691.939806	0.575130	0.008728	11.5
1364	-0.537135	691.865792	0.575190	0.007905	16.2
1365	-0.542797	691.791778	0.575250	0.009284	8.9
1366	-0.554754	692.791778	0.574444	0.007911	8.6
1367	-0.551928	692.717763	0.574503	0.005622	9.4
1368	-0.552075	692.643749	0.574563	0.004542	12.3
1369	-0.550701	693.175445	0.574135	0.003938	11.2
1370	-0.552592	693.103478	0.574193	0.007333	11.1
1371	-0.544532	693.029464	0.574252	0.004724	10.9
1372	-0.549130	692.955450	0.574312	0.007010	10.4
1373	-0.542767	693.955450	0.573509	0.006531	12.3
1374	-0.548193	693.881439	0.573568	0.008788	10.7
1375	-0.548046	694.881271	0.572767	0.004770	15.8
1376	-0.546218	694.810851	0.572823	0.005978	13.6
1377	-0.541288	694.763832	0.572861	0.007266	14.0
1378	-0.543142	694.689817	0.572920	0.004510	13.1
1379	-0.545666	695.689815	0.572121	0.007553	13.5
1380	-0.556305	695.615801	0.572180	0.010047	13.5
1381	-0.548433	696.504731	0.571471	0.008128	8.6
1382	-0.542731	696.430717	0.571530	0.004464	10.4
1383	-0.546033	696.356703	0.571589	0.005643	12.6
1384	-0.545147	697.342608	0.570804	0.003826	13.9
1385	-0.544638	697.349242	0.570799	0.004263	12.2
1386	-0.536711	698.338654	0.570014	0.008533	10.4
1387	-0.548030	699.274253	0.569274	0.008313	12.9
1388	-0.550375	700.274253	0.568484	0.007527	8.8
1389	-0.541686	700.200239	0.568543	0.005502	13.8
1390	-0.542285	701.200239	0.567755	0.005677	13.9
1391	-0.544039	701.131340	0.567810	0.007449	11.2
1392	-0.541469	702.131332	0.567024	0.006601	11.5
1393	-0.551302	703.131332	0.566241	0.007248	9.8
1394	-0.546715	704.131064	0.565461	0.006805	9.6
1395	-0.553075	704.060415	0.565516	0.007437	8.0
1396	-0.538760	703.986401	0.565574	0.004743	6.9
1397	-0.540793	704.986401	0.564795	0.005108	14.8
1398	-0.540382	704.916512	0.564849	0.004357	13.8
1399	-0.543656	705.915863	0.564072	0.005205	12.8
1400	-0.548759	705.842471	0.564129	0.007061	10.0
1401	-0.541579	705.768485	0.564187	0.004135	11.7
1402	-0.541220	706.433046	0.563671	0.006744	14.4
1403	-0.545753	707.429914	0.562900	0.007991	7.8
1404	-0.557188	707.356168	0.562957	0.004499	20.0
1405	-0.542608	708.356166	0.562185	0.005037	10.5
1406	-0.546745	708.929250	0.561744	0.008084	8.6
1407	-0.536144	708.855345	0.561801	0.005866	9.4
1408	-0.547221	708.781331	0.561858	0.007192	10.6
1409	-0.542625	709.781331	0.561089	0.005339	9.9
1410	-0.553492	710.781331	0.560322	0.004346	9.0
1411	-0.546864	710.707317	0.560379	0.005577	12.7
1412	-0.547001	710.633624	0.560435	0.006569	9.5
1413	-0.553083	711.633608	0.559670	0.009411	14.6
1414	-0.548472	711.559594	0.559727	0.009964	9.1
1415	-0.544279	711.485580	0.559783	0.009321	8.0
1416	-0.539170	712.485575	0.559020	0.004985	12.3
1417	-0.547647	713.485574	0.558259	0.007609	9.0
1418	-0.541149	714.485574	0.557500	0.005722	12.7
1419	-0.546390	714.413467	0.557555	0.006543	15.9
1420	-0.546952	714.339459	0.557611	0.005663	14.6
1421	-0.532733	714.265789	0.557667	0.011164	12.6
1422	-0.538762	715.265789	0.556909	0.010991	12.8
1423	-0.546254	715.191775	0.556965	0.006283	11.5
1424	-0.550094	716.191775	0.556210	0.009202	12.6
1425	-0.544971	716.117761	0.556265	0.004919	12.3
1426	-0.550767	717.117761	0.555512	0.004309	11.4
1427	-0.550290	718.056708	0.554806	0.008793	8.5
1428	-0.536727	719.056708	0.554056	0.002493	8.6
1429	-0.548450	718.985440	0.554110	0.005967	8.9
1430	-0.538314	718.994432	0.554103	0.005162	10.6
1431	-0.547290	718.936295	0.554147	0.007216	19.1
1432	-0.547173	718.862283	0.554202	0.006234	17.6
1433	-0.548694	718.789201	0.554257	0.004936	14.8
1434	-0.542941	718.715400	0.554312	0.005580	10.0
1435	-0.546206	718.641385	0.554367	0.009189	11.6
1436	-0.550389	718.567863	0.554423	0.003982	12.0
1437	-0.550217	718.688537	0.554332	0.007007	13.1
1438	-0.543228	719.688537	0.553584	0.008194	16.6
1439	-0.548811	719.614523	0.553639	0.004287	11.0
1440	-0.549776	720.614499	0.552893	0.004041	14.2
1441	-0.543643	720.578903	0.552919	0.007276	15.2
1442	-0.542836	720.505468	0.552974	0.005363	11.9
1443	-0.552404	720.431454	0.553029	0.008682	16.0
1444	-0.543261	721.420118	0.552293	0.005010	12.8
1445	-0.545488	722.420118	0.551550	0.005654	11.4
1446	-0.547349	723.420117	0.550809	0.005260	15.6
1447	-0.542972	723.852518	0.550489	0.009897	11.9
1448	-0.546611	724.852518	0.549751	0.006301	13.7
1449	-0.549100	725.852518	0.549015	0.006237	15.2
1450	-0.544083	725.802335	0.549052	0.007597	16.0
1451	-0.543258	726.802335	0.548318	0.007468	10.4
1452	-0.546864	726.728321	0.548372	0.005660	9.0
1453	-0.552329	727.728321	0.547639	0.005765	10.0
1454	-0.543397	727.654308	0.547694	0.004911	11.2
1455	-0.540652	728.653746	0.546963	0.003155	12.7
1456	-0.536263	729.335762	0.546466	0.009014	11.6
1457	-0.541490	730.326970	0.545745	0.009070	13.6
1458	-0.545080	730.253135	0.545799	0.004783	7.8
1459	-0.542802	731.253135	0.545073	0.008132	9.9
1460	-0.547201	731.179121	0.545127	0.006756	6.7
1461	-0.542773	731.105106	0.545181	0.005982	9.2
1462	-0.549923	731.031092	0.545234	0.005344	7.0
1463	-0.544416	730.957078	0.545288	0.006461	12.3
1464	-0.545608	730.883107	0.545342	0.004561	10.5
1465	-0.541452	731.345448	0.545006	0.009029	11.9
1466	-0.538437	732.345258	0.544283	0.006214	10.0
1467	-0.546529	733.336995	0.543568	0.006779	10.6
1468	-0.544356	734.336995	0.542848	0.007360	10.3
1469	-0.546040	734.262981	0.542901	0.007405	16.2
1470	-0.542489	734.188967	0.542954	0.006811	12.1
1471	-0.547374	734.114953	0.543008	0.006022	10.8
1472	-0.539652	734.328396	0.542854	0.004082	17.7
1473	-0.551891	734.295884	0.542877	0.005388	12.5
1474	-0.550229	734.221872	0.542931	0.006542	12.9
1475	-0.545505	734.993358	0.542377	0.008527	13.2
1476	-0.550463	735.993358	0.541660	0.007839	9.2
1477	-0.547326	736.993358	0.540946	0.004448	8.8
1478	-0.540409	737.991890	0.540234	0.008378	10.6
1479	-0.550273	737.918314	0.540286	0.007224	10.3
1480	-0.545566	737.844299	0.540339	0.004958	12.4
1481	-0.549775	737.776207	0.540387	0.006097	11.4
1482	-0.543768	738.776195	0.539676	0.005702	11.9
1483	-0.550594	739.774691	0.538968	0.005761	12.2
1484	-0.553303	740.774512	0.538261	0.009008	15.5
1485	-0.544095	740.708652	0.538307	0.008276	7.8
1486	-0.552854	740.634638	0.538359	0.006229	8.7
1487	-0.543907	741.634594	0.537653	0.009361	12.1
1488	-0.549193	742.634593	0.536949	0.008248	15.4
1489	-0.543531	743.634593	0.536247	0.003654	13.4
1490	-0.542508	743.560579	0.536299	0.004415	18.2
1491	-0.544170	744.551060	0.535605	0.006725	12.1
1492	-0.535293	744.477046	0.535657	0.007155	9.9
1493	-0.543290	745.477043	0.534958	0.005029	12.2
1494	-0.552138	746.426363	0.534296	0.004988	14.7
1495	-0.541924	747.426354	0.533601	0.004075	17.9
1496	-0.542730	748.425289	0.532908	0.004704	7.1
1497	-0.550366	748.353367	0.532958	0.005154	12.6
1498	-0.546441	748.279812	0.533009	0.004551	12.6
1499	-0.550993	748.537535	0.532831	0.005470	10.9
1500	-0.545943	749.537485	0.532139	0.008305	12.3
1501	-0.547309	749.463643	0.532190	0.008016	11.3
1502	-0.540871	749.389629	0.532241	0.008675	7.2
1503	-0.543139	749.315615	0.532292	0.005634	12.8
1504	-0.543311	750.315615	0.531602	0.004449	7.9
1505	-0.549918	750.241619	0.531653	0.008839	12.0
1506	-0.542997	751.241619	0.530965	0.011790	13.8
1507	-0.540783	752.241619	0.530278	0.008884	24.8
1508	-0.541078	753.241619	0.529593	0.006662	11.8
1509	-0.549425	754.241619	0.528910	0.006679	14.5
1510	-0.551113	754.167605	0.528961	0.011243	11.0
1511	-0.543293	755.167605	0.528279	0.006200	10.9
1512	-0.545605	756.167599	0.527599	0.007977	12.6
1513	-0.549346	756.093584	0.527650	0.007233	11.6
1514	-0.539018	757.093584	0.526971	0.006336	12.1
1515	-0.554255	757.019572	0.527022	0.007016	11.9
1516	-0.541694	756.945557	0.527072	0.004504	12.9
1517	-0.544167	757.945557	0.526395	0.007539	12.0
1518	-0.543478	758.944446	0.525721	0.006443	14.3
1519	-0.542096	759.944446	0.525048	0.003898	13.3
1520	-0.549665	759.879117	0.525092	0.006726	14.9
1521	-0.549240	760.863799	0.524430	0.004034	9.3
1522	-0.539126	761.423488	0.524055	0.008328	12.0
1523	-0.549112	761.349474	0.524105	0.005368	7.0
1524	-0.544831	762.349474	0.523436	0.007061	9.2
1525	-0.549339	762.275460	0.523485	0.004477	6.5
1526	-0.542708	763.275460	0.522818	0.005628	12.4
1527	-0.541928	763.221229	0.522854	0.005809	13.3
1528	-0.538893	764.221202	0.522188	0.005376	13.8
1529	-0.541748	764.147246	0.522237	0.006119	14.2
1530	-0.544830	765.146291	0.521574	0.008698	13.7
1531	-0.542460	765.072277	0.521623	0.005496	12.3
1532	-0.547700	766.072277	0.520960	0.007691	12.2
1533	-0.545153	767.072277	0.520299	0.005582	14.7
1534	-0.542344	766.998301	0.520348	0.007360	12.7
1535	-0.541885	766.924287	0.520397	0.010205	14.6
1536	-0.546553	767.924287	0.519737	0.004226	13.3
1537	-0.544285	768.758015	0.519188	0.003201	9.2
1538	-0.535779	768.707615	0.519221	0.006742	8.2
1539	-0.547497	769.644831	0.518606	0.004874	7.4
1540	-0.543821	770.644827	0.517951	0.004711	13.2
1541	-0.541631	770.570813	0.517999	0.004879	11.5
1542	-0.539118	770.496799	0.518048	0.003706	9.6
1543	-0.537981	770.423503	0.518096	0.005809	14.5
1544	-0.543917	770.349490	0.518144	0.005698	9.6
1545	-0.548923	770.278040	0.518191	0.005087	12.3
1546	-0.543738	770.204191	0.518239	0.004679	19.6
1547	-0.542112	770.130179	0.518288	0.006852	18.2
1548	-0.552175	770.056294	0.518336	0.004561	9.2
1549	-0.540217	771.055975	0.517682	0.005864	16.4
1550	-0.543027	770.982150	0.517730	0.007689	14.9
1551	-0.541904	770.908142	0.517779	0.006795	13.7
1552	-0.550987	770.834128	0.517827	0.005839	15.5
1553	-0.542585	771.834115	0.517174	0.006632	11.1
1554	-0.540691	771.760101	0.517222	0.009311	12.1
1555	-0.539741	772.760101	0.516571	0.004915	14.0
1556	-0.544657	772.686129	0.516619	0.007019	12.9
1557	-0.537457	772.867667	0.516501	0.005446	13.2
1558	-0.554787	773.867667	0.515851	0.007969	13.7
1559	-0.546887	774.867667	0.515203	0.008452	8.8
1560	-0.539878	774.793922	0.515250	0.003385	9.0
1561	-0.541494	774.719908	0.515298	0.005700	6.8
1562	-0.550929	774.647085	0.515345	0.007899	7.9
1563	-0.545677	774.573071	0.515393	0.008730	7.4
1564	-0.542643	774.500590	0.515440	0.005022	6.4
1565	-0.545046	775.500587	0.514793	0.007155	7.0
1566	-0.554188	776.500587	0.514148	0.006048	11.0
1567	-0.550728	777.500587	0.513504	0.008266	10.4
1568	-0.546430	778.500587	0.512862	0.007276	12.5
1569	-0.541469	778.426573	0.512909	0.007596	11.5
1570	-0.547736	778.352559	0.512957	0.007406	10.0
1571	-0.549032	778.278545	0.513004	0.006728	8.4
1572	-0.542143	779.278537	0.512363	0.006697	6.7
1573	-0.548246	779.204522	0.512410	0.004688	14.8
1574	-0.547649	779.207629	0.512408	0.007515	12.3
1575	-0.543986	779.133616	0.512456	0.004173	13.0
1576	-0.538880	780.133587	0.511816	0.005071	13.7
1577	-0.542436	781.133541	0.511178	0.007949	12.7
1578	-0.543352	782.131937	0.510543	0.005672	13.1
1579	-0.534667	782.057923	0.510590	0.006821	10.8
1580	-0.554372	782.002683	0.510625	0.006493	13.4
1581	-0.543148	783.002683	0.509990	0.007579	10.1
1582	-0.543866	782.928668	0.510037	0.005707	9.2
1583	-0.551012	783.928668	0.509403	0.006776	10.6
1584	-0.549515	783.855663	0.509449	0.007631	14.2
1585	-0.545039	784.626410	0.508962	0.007681	14.5
1586	-0.537656	784.552396	0.509009	0.005101	12.5
1587	-0.540466	785.552294	0.508378	0.010142	12.5
1588	-0.545820	786.552290	0.507748	0.007340	16.7
1589	-0.549120	787.552290	0.507120	0.008915	10.6
1590	-0.545020	788.552290	0.506494	0.009301	12.1
1591	-0.536041	789.552290	0.505869	0.007646	11.3
1592	-0.548144	790.552290	0.505245	0.008391	6.3
1593	-0.546970	791.552290	0.504624	0.007263	8.3
1594	-0.542736	791.478275	0.504670	0.007551	9.3
1595	-0.540334	792.478275	0.504049	0.004956	8.4
1596	-0.539048	793.227441	0.503585	0.006214	6.4
1597	-0.547369	793.153427	0.503631	0.010896	6.9
1598	-0.546809	793.079413	0.503677	0.004429	10.2
1599	-0.548059	794.079413	0.503059	0.007273	19.0
1600	-0.545605	795.079408	0.502443	0.008222	18.2
1601	-0.537885	795.005394	0.502488	0.006121	7.4
1602	-0.541712	796.005394	0.501873	0.007681	9.0
1603	-0.545449	795.931380	0.501919	0.003552	13.3
1604	-0.538970	796.931376	0.501305	0.008445	10.0
1605	-0.547830	797.931368	0.500693	0.005680	9.2
1606	-0.546046	798.931368	0.500082	0.008963	10.2
1607	-0.537273	798.857354	0.500127	0.005734	10.2
1608	-0.542541	799.857354	0.499518	0.007136	13.1
1609	-0.550344	800.854248	0.498912	0.004126	15.7
1610	-0.545741	801.853442	0.498306	0.007080	11.1
1611	-0.548985	801.779636	0.498351	0.004400	10.3
1612	-0.548115	802.779636	0.497746	0.006836	14.0
1613	-0.541096	803.779592	0.497143	0.006097	12.2
1614	-0.541888	804.779592	0.496541	0.007889	12.8
1615	-0.546538	805.779591	0.495940	0.007007	15.8
1616	-0.542637	805.705576	0.495984	0.004048	12.3
1617	-0.545724	805.633136	0.496028	0.008093	7.4
1618	-0.535298	805.559122	0.496072	0.006153	9.6
1619	-0.545510	805.485108	0.496117	0.009532	10.9
1620	-0.541113	806.485093	0.495517	0.005046	15.1
1621	-0.549789	807.485093	0.494919	0.004353	18.2
1622	-0.540005	808.340698	0.494409	0.005129	12.5
1623	-0.552319	809.340685	0.493813	0.006200	19.6
1624	-0.552326	809.266745	0.493857	0.006236	12.4
1625	-0.537373	809.207721	0.493892	0.007435	14.0
1626	-0.545982	809.133896	0.493936	0.007282	14.8
1627	-0.537532	809.059882	0.493980	0.011058	12.5
1628	-0.540873	808.985868	0.494024	0.003165	8.7
1629	-0.551444	808.911910	0.494068	0.008594	13.5
1630	-0.541044	808.838540	0.494112	0.003286	12.3
1631	-0.534906	808.779281	0.494147	0.010224	15.9
1632	-0.548193	809.089125	0.493963	0.004681	9.3
1633	-0.545529	810.034986	0.493401	0.005310	10.5
1634	-0.548198	811.034986	0.492808	0.005315	10.2
1635	-0.547486	810.963509	0.492850	0.004801	8.4
1636	-0.549294	810.893489	0.492891	0.005878	9.0
1637	-0.538937	811.872225	0.492312	0.009001	10.7
1638	-0.552214	811.798211	0.492356	0.005833	13.6
1639	-0.557757	812.794847	0.491767	0.004882	11.1
1640	-0.546832	813.794847	0.491178	0.004489	11.2
1641	-0.547487	814.794783	0.490591	0.005622	9.4
1642	-0.547276	815.794384	0.490005	0.006648	12.5
1643	-0.532519	816.058800	0.489850	0.003921	14.1
1644	-0.540817	815.984786	0.489893	0.008141	12.3
1645	-0.548047	816.981809	0.489310	0.004577	7.3
1646	-0.545557	817.960238	0.488740	0.007540	7.2
1647	-0.537189	817.886227	0.488783	0.005800	7.6
1648	-0.552542	818.886227	0.488201	0.005241	17.5
1649	-0.551775	819.886227	0.487620	0.008676	12.7
1650	-0.546368	819.812213	0.487663	0.005815	14.2
1651	-0.545580	820.812213	0.487084	0.004922	15.3
1652	-0.543537	821.363253	0.486765	0.005816	12.8
1653	-0.539752	821.289239	0.486808	0.009712	12.7
1654	-0.542554	822.289239	0.486231	0.006908	12.4
1655	-0.542817	822.215225	0.486273	0.006014	11.2
1656	-0.548597	822.141211	0.486316	0.006146	24.7
1657	-0.550238	822.067197	0.486359	0.005044	9.4
1658	-0.538565	822.025615	0.486383	0.006184	7.6
1659	-0.541715	821.952532	0.486425	0.006646	14.1
1660	-0.549618	821.878865	0.486467	0.004618	16.9
1661	-0.539812	821.804851	0.486510	0.005907	14.1
1662	-0.548230	821.730848	0.486553	0.005762	12.7
1663	-0.542697	822.730732	0.485976	0.007191	14.1
1664	-0.551512	822.718161	0.485984	0.010363	14.6
1665	-0.546160	823.718161	0.485408	0.005922	15.0
1666	-0.558155	824.718158	0.484834	0.006522	10.5
1667	-0.544046	824.800514	0.484787	0.007113	19.2
1668	-0.542676	824.726502	0.484829	0.010540	12.4
1669	-0.535266	825.726502	0.484257	0.006203	20.1
1670	-0.551004	826.726502	0.483686	0.004415	15.0
1671	-0.542712	826.671349	0.483717	0.004226	15.2
1672	-0.549713	826.597491	0.483759	0.004072	11.2
1673	-0.552444	827.594355	0.483191	0.007802	11.6
1674	-0.554195	828.401893	0.482732	0.002837	17.0
1675	-0.550379	828.549690	0.482648	0.006048	14.3
1676	-0.537451	828.475750	0.482690	0.005600	11.5
1677	-0.543020	828.403196	0.482731	0.003345	13.4
1678	-0.550125	828.413829	0.482725	0.004620	13.2
1679	-0.544390	828.364800	0.482753	0.007563	10.1
1680	-0.554455	828.290786	0.482795	0.006206	9.1
1681	-0.539317	829.290785	0.482227	0.003872	9.5
1682	-0.550862	829.216783	0.482269	0.003993	8.3
1683	-0.548474	829.142797	0.482311	0.004813	11.4
1684	-0.547072	829.254198	0.482248	0.008995	11.3
1685	-0.543280	830.254198	0.481681	0.005664	16.1
1686	-0.537646	830.330131	0.481638	0.005084	19.4
1687	-0.547005	831.330129	0.481073	0.015188	15.3
1688	-0.546999	832.330129	0.480509	0.007365	11.8
1689	-0.553572	833.330129	0.479947	0.005053	12.1
1690	-0.550071	833.271737	0.479980	0.007010	15.3
1691	-0.550370	834.271737	0.479419	0.006887	21.9
1692	-0.545381	835.271719	0.478859	0.006126	17.8
1693	-0.546602	835.808440	0.478559	0.005783	21.1
1694	-0.531139	835.734426	0.478600	0.004848	17.0
1695	-0.543247	835.662921	0.478640	0.010293	9.1
1696	-0.537360	835.588907	0.478681	0.003677	11.3
1697	-0.544262	835.525061	0.478717	0.006036	14.9
1698	-0.551397	836.266861	0.478303	0.005487	14.1
1699	-0.552037	836.192847	0.478344	0.008431	13.7
1700	-0.534724	836.118833	0.478385	0.005562	14.9
1701	-0.546831	837.118831	0.477828	0.006246	16.9
1702	-0.541494	837.044817	0.477869	0.005041	14.8
1703	-0.539271	837.102658	0.477837	0.009234	15.2
1704	-0.545045	837.028644	0.477878	0.007949	12.4
1705	-0.558079	838.028644	0.477322	0.008951	10.7
1706	-0.547453	839.028644	0.476767	0.007005	14.5
1707	-0.545188	840.028644	0.476213	0.006163	15.5
1708	-0.543057	841.004990	0.475674	0.005371	10.0
1709	-0.541935	842.001661	0.475124	0.007790	10.3
1710	-0.541600	843.001661	0.474574	0.006390	9.7
1711	-0.543239	842.927647	0.474615	0.004474	15.4
1712	-0.540627	842.853633	0.474656	0.005789	10.1
1713	-0.541075	843.832157	0.474119	0.003564	15.3
1714	-0.542873	843.758143	0.474159	0.007630	15.4
1715	-0.547813	844.758128	0.473612	0.006208	16.0
1716	-0.544726	845.005109	0.473477	0.005139	10.8
1717	-0.541683	846.005089	0.472930	0.008147	12.6
1718	-0.547480	845.931075	0.472971	0.004915	14.1
1719	-0.548702	845.857060	0.473011	0.006895	11.7
1720	-0.546061	846.826690	0.472483	0.007052	14.4
1721	-0.548457	846.752676	0.472523	0.005222	13.2
1722	-0.543847	846.678837	0.472563	0.006562	15.1
1723	-0.546902	847.678835	0.472019	0.007064	14.2
1724	-0.555146	847.604821	0.472059	0.004935	18.2
1725	-0.545528	848.604821	0.471517	0.008761	9.6
1726	-0.536137	849.604819	0.470975	0.008864	15.6
1727	-0.533022	850.602710	0.470436	0.004150	16.1
1728	-0.539247	850.535771	0.470472	0.004287	10.0
1729	-0.539518	850.471202	0.470507	0.004265	14.7
1730	-0.544055	850.838194	0.470309	0.004841	12.0
1731	-0.545030	851.345863	0.470035	0.006292	16.3
1732	-0.540390	851.276498	0.470072	0.007157	15.5
1733	-0.544774	852.276498	0.469534	0.006118	20.5
1734	-0.533196	852.202492	0.469574	0.006454	13.2
1735	-0.541468	852.171525	0.469591	0.004172	7.2
1736	-0.534540	852.097943	0.469630	0.005376	16.1
1737	-0.544993	852.023943	0.469670	0.005340	15.0
1738	-0.538365	852.027176	0.469668	0.006162	11.7
1739	-0.542215	853.027104	0.469131	0.004674	7.1
1740	-0.542966	854.027091	0.468595	0.007106	8.9
1741	-0.552269	854.967692	0.468092	0.004314	9.8
1742	-0.549211	855.015300	0.468066	0.004937	9.7
1743	-0.538564	854.941298	0.468106	0.007097	17.1
1744	-0.549852	855.220466	0.467957	0.007586	14.1
1745	-0.546416	856.220466	0.467423	0.008612	10.2
1746	-0.548716	857.220466	0.466891	0.007530	10.4
1747	-0.548666	858.220466	0.466360	0.005634	10.0
1748	-0.543587	859.220466	0.465830	0.006092	17.4
1749	-0.538338	860.220466	0.465301	0.005171	12.8
1750	-0.543321	861.219495	0.464775	0.005949	14.0
1751	-0.541155	862.217142	0.464250	0.005994	11.3
1752	-0.544329	862.478099	0.464112	0.006664	9.1
1753	-0.553954	863.477325	0.463588	0.009506	8.9
1754	-0.547541	864.463210	0.463072	0.005344	10.2
1755	-0.545144	864.445686	0.463081	0.007575	13.8
1756	-0.538161	864.372286	0.463119	0.007124	9.2
1757	-0.540353	864.298272	0.463158	0.004456	13.2
1758	-0.545636	864.224257	0.463197	0.008854	9.5
1759	-0.545868	864.150243	0.463236	0.005937	10.6
1760	-0.545001	865.150243	0.462713	0.006575	11.1
1761	-0.545674	865.076279	0.462752	0.007677	12.6
1762	-0.546325	865.029180	0.462776	0.005844	15.4
1763	-0.543274	865.632100	0.462461	0.005999	7.3
1764	-0.549358	865.558086	0.462500	0.008707	10.7
1765	-0.551192	866.558028	0.461979	0.004004	13.5
1766	-0.545661	866.484014	0.462017	0.004071	12.7
1767	-0.544175	866.440156	0.462040	0.006127	22.5
1768	-0.547244	867.440152	0.461520	0.006218	11.0
1769	-0.554669	867.366139	0.461559	0.008467	14.1
1770	-0.552073	868.366138	0.461040	0.006248	22.1
1771	-0.538213	869.364844	0.460523	0.008087	12.8
1772	-0.536165	869.290830	0.460561	0.006949	14.3
1773	-0.535760	870.290830	0.460044	0.005797	10.0
1774	-0.546998	871.290829	0.459529	0.008230	16.0
1775	-0.537159	872.290320	0.459014	0.005150	12.9
1776	-0.543644	873.290320	0.458501	0.007338	13.0
1777	-0.547374	873.216306	0.458539	0.007297	12.6
1778	-0.548105	873.142292	0.458577	0.007784	17.2
1779	-0.541732	873.390235	0.458450	0.007880	13.9
1780	-0.539349	873.316221	0.458488	0.006531	12.3
1781	-0.541214	874.316218	0.457976	0.007786	11.1
1782	-0.547375	875.064458	0.457593	0.006866	14.2
1783	-0.552624	874.990444	0.457631	0.004407	12.6
1784	-0.551833	874.916431	0.457669	0.008504	15.9
1785	-0.545613	874.842417	0.457707	0.005509	14.1
1786	-0.542434	875.842386	0.457196	0.007656	14.1
1787	-0.548111	875.773119	0.457232	0.005821	14.2
1788	-0.547989	876.773119	0.456722	0.006939	12.3
1789	-0.555347	877.773119	0.456214	0.006741	13.0
1790	-0.543350	878.773119	0.455707	0.003993	13.9
1791	-0.545462	878.699108	0.455745	0.007764	11.0
1792	-0.546871	879.634188	0.455272	0.007743	14.7
1793	-0.547721	879.560174	0.455309	0.009733	14.9
1794	-0.552389	879.486159	0.455346	0.009896	12.3
1795	-0.546537	879.412145	0.455384	0.007597	11.4
1796	-0.545649	880.412145	0.454879	0.007499	11.3
1797	-0.537080	880.338131	0.454916	0.007719	11.4
1798	-0.539382	880.264117	0.454953	0.002906	7.1
1799	-0.542768	880.266764	0.454952	0.005842	11.1
1800	-0.534858	881.261331	0.454451	0.004889	11.3
1801	-0.542061	882.261207	0.453947	0.011288	12.8
1802	-0.538708	883.261203	0.453445	0.006247	13.3
1803	-0.540259	883.187189	0.453483	0.003819	8.3
1804	-0.545487	884.179266	0.452986	0.006719	16.5
1805	-0.541797	884.902045	0.452624	0.005656	10.4
1806	-0.547862	885.898987	0.452127	0.006837	11.4
1807	-0.544831	885.824973	0.452163	0.008863	11.2
1808	-0.548536	886.821064	0.451667	0.004449	14.7
1809	-0.540829	886.747049	0.451704	0.008918	23.0
1810	-0.544030	887.745918	0.451208	0.006618	11.5
1811	-0.540607	887.671904	0.451244	0.006634	19.2
1812	-0.549697	888.671903	0.450748	0.005432	17.4
1813	-0.536279	888.606078	0.450781	0.004389	7.8
1814	-0.548690	889.606048	0.450286	0.008632	12.7
1815	-0.549756	889.532034	0.450323	0.005450	14.2
1816	-0.543519	889.458020	0.450359	0.005050	15.4
1817	-0.551378	890.443742	0.449872	0.006260	11.8
1818	-0.549438	891.443741	0.449379	0.010782	6.6
1819	-0.548377	892.443718	0.448887	0.007842	9.9
1820	-0.547047	892.369726	0.448923	0.006722	13.8
1821	-0.539801	892.297624	0.448959	0.007293	12.7
1822	-0.538873	893.297624	0.448468	0.005807	14.4
1823	-0.538637	893.223610	0.448504	0.006310	11.8
1824	-0.547221	893.149596	0.448541	0.007837	12.5
1825	-0.532253	894.149589	0.448050	0.006717	14.3
1826	-0.544579	894.912424	0.447677	0.006971	11.1
1827	-0.540781	894.840374	0.447712	0.006890	12.9
1828	-0.538177	895.840374	0.447224	0.007042	14.2
1829	-0.547730	895.766360	0.447260	0.007111	13.0
1830	-0.545221	896.753982	0.446779	0.004532	10.7
1831	-0.559792	896.679967	0.446815	0.009689	8.3
1832	-0.541217	896.606082	0.446851	0.007422	14.3
1833	-0.549211	896.532067	0.446887	0.008511	12.0
1834	-0.549810	896.458053	0.446923	0.004913	10.9
1835	-0.553782	896.384042	0.446959	0.009583	15.4
1836	-0.546421	896.310535	0.446995	0.004717	9.3
1837	-0.556942	896.236521	0.447031	0.008136	10.7
1838	-0.547672	896.162507	0.447067	0.006329	10.9
1839	-0.543535	896.088493	0.447103	0.010030	11.1
1840	-0.552221	896.014479	0.447139	0.005230	8.6
1841	-0.529444	896.183392	0.447057	0.009340	13.4
1842	-0.546172	897.042637	0.446638	0.003713	9.8
1843	-0.546084	896.968624	0.446674	0.007761	14.2
1844	-0.547529	897.967510	0.446189	0.005224	15.2
1845	-0.544096	898.967509	0.445704	0.005582	13.0
1846	-0.538863	899.967509	0.445220	0.005801	10.7
1847	-0.544459	899.895842	0.445255	0.008341	11.0
1848	-0.548271	900.895842	0.444772	0.002730	7.9
1849	-0.544272	900.821851	0.444807	0.006126	10.9
1850	-0.548169	900.816451	0.444810	0.008944	20.0
1851	-0.537155	900.742437	0.444846	0.005813	10.1
1852	-0.546438	901.710771	0.444379	0.007966	12.9
1853	-0.539354	902.676502	0.443914	0.005317	13.7
1854	-0.550074	902.602504	0.443950	0.004429	13.6
1855	-0.544117	902.550207	0.443975	0.005238	13.0
1856	-0.544633	903.549454	0.443495	0.007424	14.8
1857	-0.536180	903.475440	0.443531	0.006390	14.0
1858	-0.548171	903.401426	0.443566	0.003548	13.3
1859	-0.546983	903.327483	0.443602	0.006910	12.1
1860	-0.547842	903.918495	0.443318	0.003902	10.9
1861	-0.557672	903.844487	0.443354	0.008614	7.1
1862	-0.552393	904.844428	0.442875	0.006558	8.1
1863	-0.545332	905.844428	0.442397	0.006140	10.4
1864	-0.540788	905.770414	0.442432	0.003937	10.6
1865	-0.541021	905.696400	0.442468	0.007400	8.9
1866	-0.551275	905.622386	0.442503	0.003881	8.0
1867	-0.549956	906.428635	0.442118	0.005759	13.5
1868	-0.550129	906.356582	0.442153	0.006105	11.6
1869	-0.537932	906.283646	0.442187	0.007338	14.1
1870	-0.538739	907.283646	0.441711	0.005749	14.1
1871	-0.547169	908.276014	0.441239	0.005663	15.4
1872	-0.543181	909.276014	0.440765	0.005371	10.4
1873	-0.548479	910.275999	0.440292	0.008783	12.3
1874	-0.538104	911.235541	0.439839	0.004485	10.0
1875	-0.542993	911.161527	0.439873	0.006480	16.3
1876	-0.536337	911.087513	0.439908	0.008064	12.0
1877	-0.543189	911.013499	0.439943	0.007941	13.6
1878	-0.545943	912.012887	0.439472	0.005441	8.6
1879	-0.542557	913.012887	0.439002	0.006815	10.2
1880	-0.544641	912.939616	0.439036	0.006739	15.5
1881	-0.544948	912.865602	0.439071	0.006250	14.2
1882	-0.545614	913.865602	0.438601	0.004835	14.0
1883	-0.546416	914.527262	0.438291	0.004652	10.5
1884	-0.537710	914.456639	0.438324	0.005574	13.0
1885	-0.543349	915.387197	0.437888	0.005739	15.1
1886	-0.543267	915.313207	0.437923	0.005874	15.6
1887	-0.548541	915.239195	0.437958	0.006338	8.9
1888	-0.548971	916.239195	0.437490	0.005798	14.4
1889	-0.544560	916.165181	0.437525	0.008396	12.1
1890	-0.544548	917.163438	0.437059	0.005819	11.2
1891	-0.538758	918.142258	0.436604	0.006450	26.5
1892	-0.548102	918.068393	0.436638	0.007454	22.6
1893	-0.540663	918.047208	0.436648	0.005195	11.5
1894	-0.548888	917.973302	0.436682	0.002733	14.5
1895	-0.542646	918.468219	0.436452	0.007469	12.5
1896	-0.544489	918.397455	0.436485	0.005977	9.7
1897	-0.542028	918.323461	0.436520	0.008611	14.4
1898	-0.551582	919.323461	0.436055	0.007399	12.5
1899	-0.542434	919.249447	0.436090	0.008085	12.8
1900	-0.550839	920.248439	0.435627	0.005234	13.7
1901	-0.538873	920.460434	0.435529	0.003654	14.4
1902	-0.538666	920.387549	0.435563	0.005963	9.6
1903	-0.551636	920.315564	0.435596	0.007136	7.1
1904	-0.546597	921.315547	0.435134	0.005223	7.2
1905	-0.557472	921.241533	0.435168	0.005893	11.1
1906	-0.541715	921.167541	0.435202	0.006604	11.1
1907	-0.547835	921.350773	0.435117	0.006622	13.0
1908	-0.544926	922.350773	0.434656	0.003028	12.0
1909	-0.546190	922.277110	0.434690	0.006464	12.6
1910	-0.534699	922.991339	0.434361	0.006645	14.3
1911	-0.541840	922.917325	0.434395	0.004827	13.1
1912	-0.546785	923.917325	0.433935	0.004012	9.5
1913	-0.547333	923.843335	0.433969	0.006585	13.9
1914	-0.536647	923.769495	0.434003	0.004423	13.8
1915	-0.552553	924.769475	0.433544	0.011352	14.1
1916	-0.551722	924.695461	0.433578	0.004660	11.6
1917	-0.541305	925.695461	0.433120	0.004681	16.5
1918	-0.548190	926.634045	0.432691	0.008012	13.1
1919	-0.541914	927.613145	0.432245	0.005231	11.6
1920	-0.543847	927.541106	0.432278	0.006686	12.6
1921	-0.546581	927.467127	0.432311	0.004939	14.1
1922	-0.544487	928.465531	0.431857	0.006501	12.2
1923	-0.546108	929.066024	0.431584	0.006730	9.3
1924	-0.534027	930.066024	0.431130	0.005929	8.1
1925	-0.538589	931.066024	0.430677	0.005509	14.7
1926	-0.539400	932.064720	0.430226	0.009197	20.0
1927	-0.546210	931.990710	0.430259	0.004048	17.2
1928	-0.547496	931.916696	0.430293	0.009271	15.8
1929	-0.536145	931.842682	0.430326	0.005089	13.3
1930	-0.547489	932.840829	0.429876	0.004125	15.3
1931	-0.552345	933.829652	0.429431	0.005006	11.7
1932	-0.541302	933.755663	0.429464	0.009334	12.3
1933	-0.552635	934.755663	0.429015	0.008013	11.7
1934	-0.547183	935.752505	0.428568	0.008640	16.7
1935	-0.542957	935.678491	0.428601	0.009068	12.0
1936	-0.539206	936.678491	0.428153	0.004593	12.8
1937	-0.548952	937.678491	0.427707	0.004412	8.8
1938	-0.542815	938.675021	0.427262	0.005740	6.8
1939	-0.541423	939.641787	0.426832	0.006073	9.0
1940	-0.542491	940.641762	0.426389	0.004427	11.0
1941	-0.544251	940.567767	0.426421	0.005110	7.1
1942	-0.553961	941.461779	0.426025	0.005066	11.7
1943	-0.552045	941.387767	0.426058	0.006085	10.7
1944	-0.547994	941.313753	0.426091	0.006877	5.7
1945	-0.543434	941.249666	0.426119	0.007074	6.5
1946	-0.546498	941.197972	0.426142	0.008147	9.4
1947	-0.542487	942.197972	0.425700	0.007126	11.8
1948	-0.552416	942.123958	0.425732	0.007953	10.6
1949	-0.544803	943.123958	0.425291	0.007953	10.5
1950	-0.551792	944.111979	0.424856	0.006934	11.5
1951	-0.548856	945.111947	0.424416	0.008324	10.0
1952	-0.542185	946.111947	0.423977	0.005065	10.3
1953	-0.537464	947.111525	0.423539	0.007357	11.7
1954	-0.538979	947.046418	0.423568	0.004745	10.3
1955	-0.541676	946.972432	0.423600	0.005813	6.3
1956	-0.540844	946.903633	0.423630	0.006322	7.2
1957	-0.542363	947.903633	0.423193	0.006034	6.5
1958	-0.550188	948.703585	0.422844	0.004468	9.9
1959	-0.544170	948.631387	0.422875	0.010486	10.4
1960	-0.549275	949.629210	0.422441	0.008031	9.9
1961	-0.545993	950.629210	0.422006	0.005922	10.5
1962	-0.544958	950.555205	0.422038	0.003519	12.8
1963	-0.542626	951.537303	0.421612	0.008510	8.2
1964	-0.547450	952.160655	0.421342	0.009148	9.2
1965	-0.532076	953.066666	0.420950	0.004282	8.6
1966	-0.552214	954.066666	0.420518	0.005855	13.0
1967	-0.539888	953.992653	0.420550	0.006080	10.9
1968	-0.543975	954.992652	0.420119	0.004498	12.8
1969	-0.546615	954.918638	0.420151	0.007725	7.9
1970	-0.539848	954.867361	0.420173	0.005551	10.9
1971	-0.541618	954.797042	0.420203	0.008690	7.3
1972	-0.543923	955.797042	0.419773	0.007554	8.0
1973	-0.554723	956.797042	0.419344	0.007876	9.4
1974	-0.550964	956.723028	0.419376	0.007392	9.9
1975	-0.540215	957.723028	0.418947	0.007451	10.1
1976	-0.547911	958.719463	0.418521	0.007381	11.5
1977	-0.555621	959.719461	0.418094	0.007394	13.0
1978	-0.540516	960.719461	0.417668	0.003869	12.1
1979	-0.543397	960.652172	0.417697	0.003477	9.4
1980	-0.547924	961.448575	0.417358	0.004546	12.8
1981	-0.541748	961.924130	0.417156	0.007889	8.9
1982	-0.549425	962.145701	0.417062	0.005949	10.6
1983	-0.534425	962.073411	0.417093	0.007150	15.2
1984	-0.542832	961.999399	0.417125	0.008418	14.2
1985	-0.540473	962.691995	0.416831	0.005384	7.2
1986	-0.542568	962.617982	0.416862	0.006999	8.8
1987	-0.536892	962.543985	0.416894	0.005177	11.3
1988	-0.546680	962.472474	0.416924	0.006426	7.3
1989	-0.549869	962.398460	0.416955	0.007337	7.7
1990	-0.545348	963.398459	0.416532	0.005280	6.9
1991	-0.556712	963.324447	0.416563	0.006679	11.4
1992	-0.545539	963.250433	0.416594	0.005270	9.3
1993	-0.547383	963.176419	0.416626	0.005587	8.7
1994	-0.543155	963.102980	0.416657	0.006639	10.1
1995	-0.544968	964.100231	0.416235	0.005842	11.8
1996	-0.542112	964.026217	0.416266	0.005120	11.6
1997	-0.548194	964.851797	0.415918	0.005037	11.7
1998	-0.560895	965.851017	0.415496	0.004958	8.8
1999	-0.541994	965.777003	0.415528	0.004957	9.6
