1:ItNr	2:Metric	3a:Time	3b:StepSize	4:||Gradient||	Time[ms]
0	-0.158760	0.000000	59.386565	0.005949	821.8
1	-0.164625	0.000000	59.386565	0.005423	17.4
2	-0.167864	0.000000	59.386565	0.004155	16.9
3	-0.167308	0.000000	59.386565	0.005882	13.9
4	-0.159645	0.000000	59.386565	0.003623	18.4
5	-0.171435	0.000000	59.386565	0.005622	14.6
6	-0.167336	0.000000	59.386565	0.006269	13.5
7	-0.172327	0.000000	59.386565	0.005452	8.9
8	-0.167898	0.000000	59.386565	0.004956	11.0
9	-0.162939	0.000000	59.386565	0.005348	9.5
10	-0.167496	0.000000	59.386565	0.005118	10.1
11	-0.165995	0.000000	59.386565	0.005181	13.1
12	-0.174954	0.000000	59.386565	0.004508	16.1
13	-0.175273	0.000000	59.386565	0.006086	17.7
14	-0.170929	0.000000	59.386565	0.005663	13.6
15	-0.169316	0.000000	59.386565	0.005909	11.3
16	-0.178421	0.000000	59.386565	0.005176	13.5
17	-0.172019	0.000000	59.386565	0.004538	13.6
18	-0.180322	0.000000	59.386565	0.002835	22.6
19	-0.175496	0.000000	59.386565	0.006898	17.3
20	-0.172868	0.000000	59.386565	0.005907	15.7
21	-0.178821	0.000000	59.386565	0.005510	15.4
22	-0.176870	0.000000	59.386565	0.005170	12.1
23	-0.181104	0.000000	59.386565	0.003503	7.2
24	-0.174688	0.000000	59.386565	0.004968	7.8
25	-0.181095	0.000000	59.386565	0.005914	12.4
26	-0.183030	0.000000	59.386565	0.003964	17.2
27	-0.188882	0.000000	59.386565	0.005546	15.4
28	-0.182173	0.000000	59.386565	0.003432	15.2
29	-0.183559	0.000000	59.386565	0.003189	14.2
30	-0.175747	0.000000	59.386565	0.003934	14.9
31	-0.184066	0.920323	56.893225	0.004329	14.3
32	-0.177287	0.447993	58.146134	0.005274	15.1
33	-0.180643	1.447993	55.555875	0.005934	14.2
34	-0.179248	0.979725	56.739467	0.003919	15.1
35	-0.175864	1.979725	54.270357	0.005993	16.9
36	-0.178670	1.508226	55.407204	0.004306	13.6
37	-0.183491	2.508226	53.050276	0.003458	13.2
38	-0.184120	3.473750	50.957368	0.004810	13.4
39	-0.186779	3.001420	51.960171	0.003489	11.3
40	-0.189285	4.001376	49.881970	0.005125	16.6
41	-0.180059	3.555543	50.787633	0.003716	14.6
42	-0.180258	3.083221	51.783684	0.004645	10.9
43	-0.183078	2.622634	52.793345	0.006494	13.9
44	-0.185465	2.151285	53.868191	0.003904	16.0
45	-0.180722	1.678955	54.990094	0.004799	15.0
46	-0.187809	1.206625	56.159721	0.005990	14.8
47	-0.179104	0.734295	57.380185	0.005358	15.3
48	-0.184882	0.261965	58.654874	0.004534	13.9
49	-0.187518	1.261806	56.020516	0.006362	18.3
50	-0.179229	0.789476	57.234872	0.004903	15.2
51	-0.186949	0.317146	58.503042	0.002485	11.8
52	-0.190628	1.282019	55.969698	0.005321	11.9
53	-0.186480	0.809696	57.181809	0.005665	13.7
54	-0.186561	1.809691	54.674912	0.004830	14.5
55	-0.187616	2.809691	52.378582	0.003580	14.6
56	-0.187035	2.337441	53.438501	0.005305	12.4
57	-0.187343	3.337406	51.242842	0.003898	12.2
58	-0.190887	2.865076	52.257024	0.004497	15.8
59	-0.183926	2.392746	53.312162	0.004210	16.4
60	-0.189569	3.348207	51.220110	0.004217	12.0
61	-0.189707	4.348207	49.199450	0.006528	16.1
62	-0.190501	5.348194	47.332196	0.004824	9.3
63	-0.183541	6.348123	45.601590	0.003694	12.3
64	-0.189420	5.886456	46.384613	0.004846	10.7
65	-0.189796	5.414126	47.214050	0.003821	15.3
66	-0.193112	4.942122	48.073086	0.007373	14.3
67	-0.183369	4.469792	48.964587	0.004282	14.8
68	-0.184221	3.997462	49.889780	0.005062	22.1
69	-0.186697	3.525132	50.850608	0.004228	17.0
70	-0.189919	3.116659	51.711885	0.004523	18.6
71	-0.192678	2.644329	52.744905	0.003619	16.3
72	-0.190124	3.631854	50.630287	0.005597	13.7
73	-0.189776	3.159779	51.619590	0.003707	16.0
74	-0.192577	2.687449	52.648890	0.004881	13.2
75	-0.195121	2.215254	53.719759	0.005470	11.2
76	-0.187653	1.742924	54.835423	0.004031	16.6
77	-0.189254	1.272533	55.993536	0.004422	13.8
78	-0.191281	2.272533	53.587544	0.002960	15.0
79	-0.187539	3.272520	51.379827	0.006843	14.9
80	-0.187942	2.867068	52.252662	0.006621	9.3
81	-0.189757	2.404587	53.285191	0.004442	11.2
82	-0.193350	1.932256	54.382694	0.004257	7.1
83	-0.193001	1.459926	55.526357	0.006806	8.3
84	-0.196308	2.421581	53.246529	0.006178	10.4
85	-0.193419	1.949250	54.342423	0.004880	15.7
86	-0.190787	1.477056	55.484040	0.003741	14.7
87	-0.193005	1.004726	56.675002	0.004227	15.5
88	-0.190463	0.532395	57.918213	0.004763	13.3
89	-0.194699	0.060066	59.217187	0.004592	14.6
90	-0.195141	0.000000	59.386565	0.005561	10.9
91	-0.194505	0.997987	56.692363	0.005554	13.3
92	-0.190460	0.525657	57.936344	0.004674	14.9
93	-0.196734	1.525657	55.364328	0.003630	14.4
94	-0.196778	2.525657	53.010969	0.004793	14.4
95	-0.196477	2.415002	53.261488	0.004298	15.0
96	-0.194869	1.942672	54.358004	0.003927	16.1
97	-0.200467	2.942672	52.087664	0.004719	12.7
98	-0.195865	3.937722	50.009295	0.008296	11.4
99	-0.195594	4.937722	48.081242	0.003742	13.7
100	-0.194971	5.937722	46.296338	0.002671	13.0
101	-0.198504	6.936829	44.640639	0.004763	13.3
102	-0.191165	6.464499	45.408361	0.007385	13.8
103	-0.199710	5.992170	46.202950	0.004783	15.1
104	-0.193366	6.992170	44.552383	0.005528	9.3
105	-0.203272	6.519840	45.317047	0.004855	15.4
106	-0.196527	6.059238	46.088433	0.003422	12.3
107	-0.195683	7.059238	44.445892	0.004799	15.3
108	-0.203286	6.586908	45.206874	0.005711	14.8
109	-0.194575	6.114578	45.994368	0.005599	14.4
110	-0.192897	5.642247	46.809785	0.002605	15.1
111	-0.195222	5.169937	47.654600	0.003763	16.1
112	-0.192878	5.722794	46.668693	0.003176	12.5
113	-0.203336	5.682043	46.739970	0.004388	13.6
114	-0.201856	5.232492	47.540961	0.005188	15.8
115	-0.198081	4.761996	48.409210	0.005227	14.4
116	-0.193243	4.295540	49.301887	0.007123	15.9
117	-0.204561	3.823210	50.239992	0.007741	16.0
118	-0.201816	3.350880	51.214489	0.003374	23.7
119	-0.195602	2.878550	52.227538	0.004892	22.3
120	-0.198969	2.406220	53.281474	0.004197	19.5
121	-0.203652	1.933890	54.378820	0.003473	22.4
122	-0.208546	2.296075	53.533390	0.004139	12.2
123	-0.197511	3.197755	51.538577	0.005166	13.9
124	-0.203282	4.197734	49.493255	0.003392	16.4
125	-0.197408	3.725404	50.438727	0.004670	16.1
126	-0.205797	3.253073	51.421024	0.005208	15.5
127	-0.205207	2.780743	52.442342	0.005618	18.8
128	-0.198239	2.308413	53.505053	0.006814	9.2
129	-0.205419	1.836083	54.611725	0.004733	14.7
130	-0.204673	1.363753	55.765143	0.004414	7.9
131	-0.204456	0.891422	56.968334	0.007375	10.3
132	-0.203055	1.891332	54.479917	0.005398	15.9
133	-0.206457	1.419002	55.627716	0.006220	14.0
134	-0.211389	2.335481	53.442991	0.006308	15.5
135	-0.213314	1.863150	54.547070	0.004830	16.3
136	-0.206942	1.390820	55.697730	0.007790	12.4
137	-0.215167	0.918490	56.897982	0.004603	13.1
138	-0.201183	0.446160	58.151104	0.003635	12.6
139	-0.202279	0.000000	59.386565	0.004912	11.9
140	-0.207982	0.000000	59.386565	0.003469	12.5
141	-0.212878	0.000000	59.386565	0.004485	12.1
142	-0.208035	0.000000	59.386565	0.005717	12.1
143	-0.210113	0.000000	59.386565	0.003730	12.1
144	-0.208770	0.000000	59.386565	0.004367	11.2
145	-0.207757	0.000000	59.386565	0.005235	10.6
146	-0.206953	0.000000	59.386565	0.005402	15.0
147	-0.213187	0.000000	59.386565	0.004400	8.4
148	-0.213947	1.000000	56.687176	0.005719	10.9
149	-0.207842	0.527752	57.930705	0.005420	10.7
150	-0.214393	1.525041	55.365843	0.006594	13.5
151	-0.211648	1.052825	56.551388	0.002506	10.1
152	-0.208632	0.580513	57.789073	0.006169	13.4
153	-0.210856	1.185906	56.212169	0.004261	11.2
154	-0.214783	0.713577	57.434936	0.006716	7.9
155	-0.220991	0.241288	58.711972	0.005351	8.3
156	-0.216987	0.000000	59.386565	0.006478	13.3
157	-0.214124	0.000000	59.386565	0.005803	15.1
158	-0.216440	0.999999	56.687179	0.005791	9.3
159	-0.212230	0.539973	57.897838	0.004225	12.3
160	-0.219715	1.539973	55.329164	0.003145	15.8
161	-0.218032	1.067643	56.513415	0.005209	13.1
162	-0.210235	2.067515	54.063816	0.004632	14.8
163	-0.217870	3.067515	51.817476	0.005197	16.5
164	-0.220101	4.067515	49.750359	0.004002	14.6
165	-0.217628	3.595320	50.705496	0.003642	18.8
166	-0.223950	3.122989	51.698314	0.004834	26.8
167	-0.213950	3.273769	51.377183	0.005668	19.9
168	-0.219948	4.270535	49.350671	0.005199	21.3
169	-0.219973	3.798205	50.290651	0.004713	10.3
170	-0.217837	3.325925	51.267028	0.005583	11.0
171	-0.221882	2.853595	52.282177	0.004290	20.4
172	-0.219604	2.381265	53.338341	0.007703	13.0
173	-0.222373	1.939031	54.366632	0.007418	10.4
174	-0.218064	1.466701	55.509612	0.004343	18.8
175	-0.219763	0.994371	56.701684	0.005930	18.9
176	-0.228954	1.934028	54.378492	0.005497	21.8
177	-0.217701	2.837392	52.317715	0.003717	17.6
178	-0.223237	2.365062	53.375330	0.003492	14.7
179	-0.224098	3.365062	51.184680	0.005269	27.8
180	-0.231165	2.892789	52.196413	0.005916	18.7
181	-0.224649	2.420459	53.249080	0.005900	11.1
182	-0.221783	3.419761	51.070029	0.006951	16.6
183	-0.218202	4.419761	49.060961	0.002600	8.9
184	-0.221132	5.318458	47.385673	0.004201	12.7
185	-0.217992	5.545345	46.980661	0.003624	21.4
186	-0.224881	5.073015	47.831748	0.004662	21.8
187	-0.223113	6.063959	46.080394	0.005500	19.1
188	-0.218924	5.591628	46.898891	0.006933	13.4
189	-0.222187	6.591628	45.199140	0.005566	21.4
190	-0.225627	7.591628	43.618288	0.005408	21.5
191	-0.224528	8.591628	42.144280	0.004321	13.9
192	-0.221891	8.187088	42.728410	0.004927	10.8
193	-0.226040	8.736369	41.939145	0.003312	31.3
194	-0.219709	9.512225	40.872729	0.005264	11.0
195	-0.221384	10.512225	39.575685	0.003108	17.9
196	-0.216717	11.509271	38.361915	0.005222	15.4
197	-0.221930	12.508861	37.217555	0.007174	15.4
198	-0.220323	13.508861	36.139062	0.007381	15.9
199	-0.220992	14.508861	35.121314	0.005471	25.1
200	-0.217705	15.508861	34.159320	0.003553	27.3
201	-0.218014	16.499632	33.256803	0.003490	20.8
202	-0.226014	17.499355	32.393215	0.004937	19.7
203	-0.221076	17.027025	32.795568	0.004202	12.8
204	-0.229469	16.629342	33.142165	0.006176	11.1
205	-0.225263	17.629342	32.284212	0.006220	12.1
206	-0.224447	17.663622	32.255588	0.005003	20.6
207	-0.228627	17.191292	32.654508	0.005088	9.3
208	-0.221526	18.191292	31.821300	0.005017	14.5
209	-0.229405	17.718962	32.209486	0.007429	12.8
210	-0.227585	17.973999	31.998714	0.003877	15.2
211	-0.222205	18.973407	31.198688	0.004440	14.7
212	-0.224023	18.501078	31.571743	0.004936	9.5
213	-0.224942	18.028995	31.953625	0.002654	13.5
214	-0.227850	17.791297	32.149424	0.004577	13.9
215	-0.227137	18.791216	31.341537	0.004515	13.3
216	-0.226606	18.318886	31.718036	0.005457	15.3
217	-0.229429	17.846556	32.103692	0.003480	16.9
218	-0.219270	17.374226	32.498841	0.004939	9.8
219	-0.225778	18.374226	31.673457	0.004106	10.6
220	-0.225882	17.907196	32.053656	0.005043	14.7
221	-0.226358	17.434866	32.447567	0.004010	13.6
222	-0.228353	18.434743	31.624851	0.004816	12.8
223	-0.225389	19.425665	30.849656	0.002819	15.5
224	-0.234443	19.027069	31.156862	0.004573	14.3
225	-0.226682	20.027067	30.397442	0.003549	14.2
226	-0.233621	19.554736	30.751473	0.004118	14.9
227	-0.220752	20.463319	30.077618	0.006448	13.8
228	-0.221805	21.463200	29.369380	0.003262	13.5
229	-0.222532	20.990952	29.699681	0.004181	11.6
230	-0.222255	20.519762	30.036730	0.007160	16.3
231	-0.226436	21.519760	29.330313	0.005772	15.2
232	-0.224393	22.519760	28.656359	0.005827	13.5
233	-0.228960	22.047430	28.970786	0.005218	15.2
234	-0.221355	21.575100	29.292189	0.006528	15.5
235	-0.229623	21.102828	29.620762	0.006073	14.6
236	-0.235358	20.630498	29.956833	0.004424	12.3
237	-0.230223	21.630498	29.254124	0.004168	11.3
238	-0.235928	22.630498	28.583627	0.002764	11.0
239	-0.226309	22.928052	28.390011	0.004269	11.1
240	-0.230764	23.926355	27.759160	0.007139	9.0
241	-0.231680	23.454025	28.054105	0.005005	13.9
242	-0.225052	24.445407	27.442110	0.004179	13.7
243	-0.226686	23.973077	27.730321	0.006256	15.8
244	-0.226691	24.688384	27.296170	0.005558	14.1
245	-0.233262	24.216054	27.581307	0.005485	13.0
246	-0.225857	23.743723	27.872465	0.005915	10.3
247	-0.230108	23.271393	28.169836	0.003958	8.6
248	-0.232415	22.799063	28.473620	0.006322	8.9
249	-0.232995	22.326733	28.784028	0.003884	10.4
250	-0.225635	23.326733	28.134667	0.006443	16.1
251	-0.227047	22.854690	28.437503	0.006018	16.5
252	-0.229200	23.822082	27.823738	0.003816	18.4
253	-0.228916	24.822082	27.216526	0.004987	14.0
254	-0.224930	24.349753	27.499993	0.004410	14.5
255	-0.231450	25.349751	26.906679	0.004012	23.3
256	-0.228682	24.970391	27.128720	0.005813	24.8
257	-0.234412	24.498653	27.409995	0.004689	18.5
258	-0.225943	25.498270	26.820737	0.002534	19.7
259	-0.224395	25.264862	26.956049	0.004502	7.8
260	-0.228479	26.088753	26.484411	0.004379	10.0
261	-0.233837	25.616423	26.752758	0.005283	8.9
262	-0.231344	25.144093	27.026599	0.003231	11.9
263	-0.225989	26.136821	26.457403	0.004145	10.0
264	-0.237960	27.136517	25.907937	0.006872	9.1
265	-0.238406	28.136517	25.380673	0.004921	14.8
266	-0.230495	27.664187	25.627015	0.003636	14.6
267	-0.227798	27.654422	25.632159	0.005523	15.1
268	-0.232274	27.182721	25.883094	0.004281	12.0
269	-0.234090	26.710390	26.139335	0.007684	11.4
270	-0.240501	27.703969	25.606083	0.004561	9.6
271	-0.229628	27.231639	25.856842	0.005331	13.2
272	-0.238283	26.759328	26.112551	0.004520	11.2
273	-0.232053	26.286998	26.373378	0.006844	13.3
274	-0.231411	25.814668	26.639469	0.005566	14.7
275	-0.232951	25.342339	26.910983	0.004505	15.0
276	-0.229839	26.342338	26.342549	0.004633	16.5
277	-0.233141	25.870472	26.607751	0.005318	11.5
278	-0.231036	26.870051	26.052153	0.003279	10.8
279	-0.238925	27.870051	25.519062	0.007148	10.3
280	-0.232105	27.398149	25.767884	0.004208	12.7
281	-0.234138	27.006275	25.978226	0.004400	11.3
282	-0.231760	28.006275	25.448126	0.005492	14.4
283	-0.235678	28.930889	24.976881	0.003472	16.3
284	-0.227613	29.662200	24.616338	0.003776	15.1
285	-0.230159	29.661506	24.616676	0.004912	16.6
286	-0.230612	29.189183	24.848340	0.005621	14.9
287	-0.231067	28.716853	25.084409	0.006660	16.5
288	-0.231447	28.244522	25.325007	0.003297	13.6
289	-0.236501	27.772192	25.570265	0.004581	18.9
290	-0.227399	27.306658	25.816687	0.003201	11.9
291	-0.237973	28.113887	25.392368	0.005306	11.4
292	-0.230791	29.113886	24.885675	0.004687	12.8
293	-0.232969	28.641556	25.122457	0.004180	11.3
294	-0.233802	28.170432	25.363167	0.004999	11.4
295	-0.230359	28.788486	25.048319	0.003227	12.6
296	-0.228934	29.788486	24.555130	0.004155	11.6
297	-0.236678	29.316166	24.785630	0.003727	15.6
298	-0.230736	28.867620	25.008570	0.005235	12.9
299	-0.232881	29.862030	24.519624	0.002902	14.2
300	-0.227475	29.896965	24.502795	0.006439	19.1
301	-0.231494	29.609836	24.641808	0.003523	9.1
302	-0.229422	29.137610	24.873900	0.005824	10.0
303	-0.233178	28.667300	25.109435	0.007032	15.5
304	-0.236219	29.666513	24.614243	0.004424	15.8
305	-0.227913	29.194183	24.845865	0.005879	16.2
306	-0.237488	28.721852	25.081887	0.004475	13.5
307	-0.232160	28.249522	25.322436	0.003228	25.2
308	-0.231692	29.203676	24.841166	0.004029	13.7
309	-0.230261	28.731346	25.077099	0.003162	12.5
310	-0.237665	28.259121	25.317501	0.007106	9.1
311	-0.238617	29.259121	24.813762	0.005354	13.0
312	-0.235084	28.786791	25.049172	0.004540	15.7
313	-0.232698	28.314463	25.289090	0.004828	14.3
314	-0.232866	29.314462	24.786469	0.005570	15.9
315	-0.241772	28.842132	25.021359	0.003113	15.5
316	-0.233216	28.369802	25.260743	0.005865	16.6
317	-0.231930	29.369802	24.759237	0.006138	14.0
318	-0.236823	30.369802	24.277257	0.006597	7.8
319	-0.234167	31.369802	23.813683	0.005151	8.2
320	-0.228633	32.369802	23.367482	0.003687	11.7
321	-0.234993	31.897472	23.576134	0.004080	8.1
322	-0.241757	32.897472	23.138708	0.003390	11.1
323	-0.230976	32.425141	23.343277	0.004724	11.8
324	-0.232079	32.232644	23.427690	0.004513	11.9
325	-0.231496	31.760314	23.637423	0.004355	12.2
326	-0.232101	31.287984	23.850946	0.005412	10.1
327	-0.234694	30.815654	24.068361	0.005562	12.0
328	-0.236261	31.793326	23.622643	0.006643	11.1
329	-0.238631	32.786743	23.186343	0.007718	9.7
330	-0.232518	32.314413	23.391759	0.004233	9.5
331	-0.236659	33.314413	22.961086	0.006040	10.8
332	-0.239400	32.842097	23.162506	0.004098	10.1
333	-0.234808	32.369767	23.367497	0.006183	9.7
334	-0.232840	31.897437	23.576149	0.003788	10.8
335	-0.233411	31.707316	23.661191	0.004198	10.5
336	-0.232978	32.694458	23.226193	0.006441	11.5
337	-0.235762	32.222128	23.432319	0.004573	11.8
338	-0.235610	33.222128	23.000165	0.004296	7.3
339	-0.239892	34.222128	22.583662	0.003423	8.5
340	-0.236730	33.749859	22.778467	0.006082	9.7
341	-0.235953	34.749153	22.370167	0.005268	10.8
342	-0.228846	34.276823	22.561316	0.004226	11.1
343	-0.234795	35.276823	22.160417	0.005533	9.9
344	-0.240416	35.758206	21.972468	0.004157	9.6
345	-0.231522	36.147378	21.822836	0.003581	11.2
346	-0.233649	37.088143	21.469405	0.007967	29.9
347	-0.233404	38.088108	21.106072	0.004021	23.8
348	-0.230646	37.615778	21.276146	0.004386	15.9
349	-0.237289	37.150751	21.446290	0.007429	12.5
350	-0.239188	38.150616	21.083768	0.008836	20.3
351	-0.237155	39.150616	20.733252	0.004741	12.8
352	-0.233198	40.150616	20.394200	0.005532	18.2
353	-0.223166	41.149559	20.066399	0.005945	12.4
354	-0.232440	40.694339	20.214462	0.005257	9.3
355	-0.239917	40.222009	20.370417	0.007384	13.4
356	-0.235206	41.222009	20.043035	0.004411	12.4
357	-0.237817	42.222009	19.726008	0.005270	12.1
358	-0.232109	43.212160	19.421833	0.004861	19.1
359	-0.242602	44.212160	19.124008	0.004113	14.7
360	-0.236905	43.739835	19.263532	0.005739	9.1
361	-0.233179	43.303239	19.394324	0.004936	13.4
362	-0.237408	44.303013	19.097402	0.006255	14.7
363	-0.230218	45.303013	18.809370	0.004529	15.9
364	-0.230997	46.303008	18.529898	0.003559	10.1
365	-0.241270	45.888015	18.644863	0.005296	15.3
366	-0.236425	45.415685	18.777460	0.005058	11.8
367	-0.229422	44.943355	18.911957	0.003718	11.3
368	-0.234532	44.471174	19.048351	0.003289	13.1
369	-0.238417	45.470968	18.761843	0.004791	14.2
370	-0.233618	44.998638	18.896115	0.004941	11.1
371	-0.232887	44.526308	19.032323	0.004080	13.3
372	-0.241977	45.525742	18.746396	0.004402	12.2
373	-0.232092	46.212540	18.554839	0.005222	14.6
374	-0.230115	46.280486	18.536101	0.003754	12.6
375	-0.231815	45.808156	18.667150	0.006286	15.4
376	-0.236387	46.808156	18.391856	0.005398	12.6
377	-0.236754	47.808156	18.124565	0.002827	16.1
378	-0.231612	47.571412	18.187140	0.004387	17.4
379	-0.239320	48.545283	17.932458	0.005880	14.6
380	-0.233121	48.072953	18.055083	0.005635	8.4
381	-0.235582	49.072673	17.797492	0.004676	10.7
382	-0.239167	50.072673	17.547080	0.005645	14.1
383	-0.233000	49.600344	17.664473	0.003731	15.4
384	-0.230833	49.128188	17.783404	0.004787	14.4
385	-0.238686	48.655858	17.903991	0.003098	14.3
386	-0.236106	48.183527	18.026226	0.004637	14.2
387	-0.241013	49.182643	17.769605	0.005898	12.5
388	-0.239409	50.181482	17.520257	0.005010	16.6
389	-0.238818	50.864890	17.353646	0.003926	16.7
390	-0.234269	50.392559	17.468457	0.005660	18.4
391	-0.241912	49.920361	17.584765	0.003068	7.2
392	-0.236078	49.448034	17.702664	0.004063	9.9
393	-0.230428	50.447319	17.455069	0.002377	13.3
394	-0.237093	49.977411	17.570631	0.004224	11.5
395	-0.240805	50.953557	17.332262	0.004880	14.8
396	-0.237082	51.953557	17.094682	0.003996	14.9
397	-0.239490	51.481228	17.206081	0.003477	14.9
398	-0.227506	52.448980	16.979376	0.004856	15.2
399	-0.233898	53.448884	16.751331	0.003965	13.3
400	-0.237279	54.098822	16.606357	0.004518	11.1
401	-0.236220	55.093773	16.389224	0.003216	10.9
402	-0.237722	56.091167	16.177183	0.005685	15.3
403	-0.241094	57.091167	15.970025	0.003402	11.8
404	-0.238717	56.618837	16.067206	0.003853	11.1
405	-0.232844	56.193156	16.155809	0.007071	14.3
406	-0.233328	55.774990	16.243804	0.005707	9.7
407	-0.235098	55.302660	16.344357	0.004016	9.3
408	-0.236889	56.302660	16.132923	0.005137	9.3
409	-0.239103	55.830330	16.232104	0.004005	11.0
410	-0.239499	56.830330	16.023546	0.005069	11.9
411	-0.243235	57.830329	15.820280	0.006753	12.0
412	-0.238483	57.357999	15.915642	0.003126	11.8
413	-0.238787	56.885670	16.012161	0.003925	10.5
414	-0.236856	57.885670	15.809182	0.002227	6.5
415	-0.236648	57.539362	15.878890	0.004711	15.5
416	-0.237269	57.067032	15.974962	0.006287	24.1
417	-0.239338	56.594701	16.072204	0.006850	18.9
418	-0.242499	56.131646	16.168693	0.006034	15.5
419	-0.241924	57.131646	15.961751	0.006036	14.9
420	-0.232257	58.131646	15.760040	0.004457	9.6
421	-0.237476	59.044644	15.580279	0.003433	10.6
422	-0.241849	59.003647	15.588263	0.005278	9.2
423	-0.239530	59.979172	15.400477	0.003939	12.0
424	-0.233966	60.979172	15.212619	0.004320	13.5
425	-0.231965	61.350633	15.143999	0.005680	14.8
426	-0.241196	62.350633	14.962308	0.004004	12.7
427	-0.236713	61.878303	15.047580	0.004089	14.5
428	-0.232631	61.462632	15.123430	0.004210	14.2
429	-0.240361	62.462632	14.942230	0.003979	14.3
430	-0.237743	63.461078	14.765593	0.004389	13.4
431	-0.239911	62.988756	14.848629	0.004345	13.3
432	-0.238578	63.988753	14.673917	0.002931	9.4
433	-0.235524	64.988548	14.503302	0.003742	7.1
434	-0.238864	65.985726	14.337041	0.004435	11.8
435	-0.234413	65.513395	14.415315	0.006662	8.9
436	-0.232791	66.513395	14.250594	0.004942	13.1
437	-0.238710	67.513395	14.089595	0.006184	10.5
438	-0.234102	68.513395	13.932193	0.002790	10.1
439	-0.236624	69.513395	13.778269	0.004523	11.9
440	-0.238390	69.041066	13.850545	0.005923	14.6
441	-0.239289	70.041066	13.698410	0.005948	14.5
442	-0.238072	69.568736	13.769850	0.006348	14.5
443	-0.237659	69.096406	13.842038	0.005595	13.5
444	-0.244328	70.096406	13.690089	0.004401	13.1
445	-0.243513	69.624076	13.761441	0.003969	14.9
446	-0.235965	69.152027	13.833498	0.007093	13.8
447	-0.235245	68.679702	13.906356	0.005007	15.8
448	-0.233592	68.207499	13.979967	0.003604	12.6
449	-0.234453	67.747308	14.052459	0.002912	13.7
450	-0.234813	67.276876	14.127345	0.006084	13.9
451	-0.239546	66.804546	14.203341	0.004762	12.8
452	-0.236045	66.332499	14.280112	0.005093	14.2
453	-0.239979	67.332499	14.118449	0.004467	15.2
454	-0.233873	68.332498	13.960405	0.005513	16.4
455	-0.242975	67.864900	14.033864	0.004773	13.4
456	-0.237737	68.864778	13.877716	0.006828	14.2
457	-0.237418	68.392448	13.951043	0.002696	14.1
458	-0.232328	69.390245	13.797041	0.004080	15.4
459	-0.238753	69.616506	13.762591	0.004799	11.0
460	-0.241735	69.147536	13.834187	0.003488	9.4
461	-0.243777	68.678120	13.906601	0.004470	10.9
462	-0.241680	69.677919	13.753270	0.004410	13.0
463	-0.234080	69.205590	13.825284	0.003547	14.7
464	-0.239527	68.733259	13.898056	0.003354	13.4
465	-0.239910	69.695431	13.750614	0.004237	8.4
466	-0.235022	69.223101	13.822600	0.004322	11.3
467	-0.241048	68.762939	13.893461	0.005832	14.2
468	-0.241733	69.762934	13.740387	0.005417	9.6
469	-0.236853	69.290604	13.812266	0.004917	10.4
470	-0.237283	70.288277	13.661315	0.006033	14.3
471	-0.243921	69.815947	13.732367	0.004698	8.6
472	-0.244837	69.343617	13.804161	0.005235	16.1
473	-0.236574	70.343617	13.653038	0.005125	20.6
474	-0.236563	69.871287	13.724004	0.006274	13.1
475	-0.236317	70.871287	13.574621	0.004410	14.7
476	-0.236480	71.871287	13.428455	0.005348	10.8
477	-0.242141	71.398956	13.497099	0.005886	10.4
478	-0.238906	70.926626	13.566449	0.003549	11.0
479	-0.234682	71.926626	13.420458	0.003005	15.0
480	-0.239269	72.926625	13.277576	0.004437	11.7
481	-0.236173	72.454295	13.344682	0.005072	13.2
482	-0.233439	73.454295	13.203400	0.004479	9.6
483	-0.240081	74.454295	13.065079	0.006554	12.9
484	-0.240534	75.454295	12.929625	0.006871	10.2
485	-0.240272	76.454295	12.796951	0.003850	11.2
486	-0.238947	75.981965	12.859276	0.002829	10.2
487	-0.241125	76.981965	12.728035	0.002664	13.4
488	-0.239019	77.956687	12.602664	0.003443	11.5
489	-0.238019	78.956478	12.476609	0.004685	11.3
490	-0.236896	79.956478	12.353025	0.005579	14.0
491	-0.234971	80.956478	12.231865	0.003567	14.2
492	-0.238068	80.484225	12.288785	0.004269	17.8
493	-0.237056	80.286318	12.312797	0.004098	15.3
494	-0.240743	79.814316	12.370444	0.006462	13.6
495	-0.236298	80.814316	12.248944	0.006245	15.5
496	-0.230629	81.814316	12.129808	0.004374	13.6
497	-0.239572	82.814316	12.012966	0.005665	14.4
498	-0.236636	83.814315	11.898354	0.003747	8.4
499	-0.238766	83.341985	11.952215	0.002392	10.7
500	-0.242665	82.910145	12.001888	0.007454	9.9
501	-0.231234	83.910145	11.887486	0.004774	13.1
502	-0.232284	83.437814	11.941248	0.004651	15.9
503	-0.238488	82.965484	11.995499	0.005598	12.6
504	-0.246752	82.493154	12.050245	0.005844	11.6
505	-0.237323	82.020824	12.105493	0.003131	13.1
506	-0.238380	83.019452	11.989276	0.004550	15.1
507	-0.235027	84.019430	11.875116	0.002551	15.1
508	-0.237012	83.555091	11.927854	0.004992	15.4
509	-0.247575	84.533133	11.817311	0.004145	14.7
510	-0.237159	84.060821	11.870437	0.005888	14.2
511	-0.238453	85.060821	11.758516	0.003808	15.8
512	-0.242296	84.589153	11.811042	0.005836	16.1
513	-0.236502	84.116823	11.864113	0.005943	14.2
514	-0.234635	85.116821	11.752311	0.003494	12.2
515	-0.237328	86.116668	11.642613	0.005024	11.6
516	-0.232731	85.644346	11.694177	0.004201	13.9
517	-0.239385	86.644214	11.585554	0.005446	14.3
518	-0.243403	87.632883	11.480114	0.004799	15.3
519	-0.234157	88.632883	11.375400	0.003926	13.9
520	-0.240442	89.631997	11.272669	0.003946	10.6
521	-0.235885	90.484632	11.186455	0.005452	11.1
522	-0.239996	90.012302	11.234051	0.003661	15.3
523	-0.242210	89.539972	11.282053	0.003531	12.5
524	-0.234401	89.142673	11.322749	0.006057	6.8
525	-0.236370	88.670374	11.371511	0.004213	11.5
526	-0.240210	89.670374	11.268760	0.003941	14.7
527	-0.241351	90.499668	11.184947	0.004616	20.7
528	-0.236448	91.499668	11.085525	0.004368	16.5
529	-0.238144	92.499668	10.987855	0.004045	11.8
530	-0.239947	92.027342	11.033772	0.004811	13.7
531	-0.237862	93.027341	10.937007	0.006152	17.5
532	-0.237081	92.563453	10.981683	0.005687	9.5
533	-0.241999	92.092001	11.027463	0.004137	8.4
534	-0.233646	91.619671	11.073713	0.004707	8.1
535	-0.238345	92.565512	10.981484	0.005487	11.9
536	-0.243712	92.093182	11.027348	0.005881	16.1
537	-0.242304	93.093067	10.930707	0.004556	15.6
538	-0.240401	94.080630	10.836905	0.004134	13.0
539	-0.241145	95.080630	10.743548	0.005169	12.1
540	-0.235942	96.078417	10.651988	0.006934	14.1
541	-0.243028	95.610663	10.694716	0.005153	13.6
542	-0.234628	96.610663	10.603782	0.003818	15.8
543	-0.237969	97.610663	10.514382	0.006146	17.2
544	-0.237111	98.610663	10.426477	0.003755	12.3
545	-0.237554	99.569450	10.343564	0.005158	14.9
546	-0.242625	99.110872	10.383056	0.005396	13.8
547	-0.238991	98.727634	10.416291	0.003439	14.8
548	-0.234382	98.837653	10.406728	0.005485	13.0
549	-0.235676	98.365323	10.447908	0.004783	15.4
550	-0.236279	98.062287	10.474500	0.005441	14.8
551	-0.232771	97.590004	10.516214	0.004716	13.8
552	-0.230612	98.589929	10.428285	0.003708	14.9
553	-0.242581	99.589928	10.341808	0.003375	13.8
554	-0.239590	100.585323	10.257142	0.004766	13.9
555	-0.240217	101.585323	10.173468	0.004288	13.5
556	-0.241467	101.112999	10.212818	0.005637	11.4
557	-0.236322	100.640669	10.252475	0.006692	8.1
558	-0.237117	100.168338	10.292440	0.002871	15.0
559	-0.245503	99.696008	10.332718	0.003906	12.7
560	-0.232395	100.616216	10.254536	0.005592	13.9
561	-0.244117	100.298768	10.281373	0.004794	15.4
562	-0.238410	99.826439	10.321564	0.004759	13.6
563	-0.245199	100.826439	10.236841	0.005481	14.2
564	-0.241173	101.826439	10.153497	0.007197	15.0
565	-0.244892	102.826439	10.071499	0.005225	15.3
566	-0.237005	102.354109	10.110064	0.005533	14.7
567	-0.241031	101.881778	10.148924	0.004847	17.4
568	-0.236274	101.409450	10.188085	0.004151	10.7
569	-0.242432	102.404606	10.105926	0.005257	14.7
570	-0.242727	101.932276	10.144755	0.004501	14.4
571	-0.243464	101.459946	10.183884	0.003451	8.8
572	-0.239726	102.446109	10.102529	0.005044	13.1
573	-0.241127	101.973783	10.141331	0.004201	10.5
574	-0.236075	102.973783	10.059529	0.003306	7.8
575	-0.242645	102.501452	10.098002	0.004036	9.5
576	-0.236272	103.465408	10.019795	0.004406	11.0
577	-0.243609	104.465403	9.939934	0.004594	9.6
578	-0.238859	103.993074	9.977496	0.005743	15.0
579	-0.246460	104.992714	9.898333	0.002994	14.6
580	-0.240419	104.520385	9.935580	0.004995	10.7
581	-0.243099	105.520385	9.857051	0.005988	10.6
582	-0.241786	105.048055	9.893987	0.004609	13.5
583	-0.240130	105.971402	9.822038	0.004484	19.8
584	-0.238691	106.971402	9.745286	0.003646	13.0
585	-0.243231	106.499077	9.781387	0.008188	16.8
586	-0.237383	107.499075	9.705267	0.006514	15.9
587	-0.236008	107.026745	9.741073	0.005768	14.5
588	-0.240389	108.026703	9.665580	0.004963	17.9
589	-0.240116	109.026703	9.591244	0.003247	13.7
590	-0.237302	110.026703	9.518044	0.003341	16.2
591	-0.238353	111.026702	9.445952	0.004416	16.3
592	-0.235357	110.554372	9.479866	0.004908	15.5
593	-0.231650	110.084344	9.513858	0.005172	15.9
594	-0.239919	111.084344	9.441830	0.005552	14.1
595	-0.236553	110.614784	9.475515	0.003951	8.3
596	-0.241249	111.614784	9.404064	0.004568	8.1
597	-0.237270	111.149953	9.437142	0.005796	8.9
598	-0.239796	110.684235	9.470518	0.004292	9.8
599	-0.235679	111.684234	9.399141	0.004567	8.2
600	-0.239860	111.211904	9.432720	0.005147	13.8
601	-0.236810	112.211902	9.361910	0.006245	13.3
602	-0.232152	111.739572	9.395223	0.006902	13.3
603	-0.241170	112.739572	9.324973	0.005501	14.6
604	-0.242903	112.267278	9.358020	0.004412	13.5
605	-0.237449	113.267278	9.288323	0.004792	13.5
606	-0.238910	114.267261	9.219658	0.005686	13.7
607	-0.241671	113.794931	9.251964	0.004568	11.1
608	-0.244070	114.794931	9.183832	0.002461	10.5
609	-0.241861	115.767644	9.118515	0.004857	11.8
610	-0.235013	115.297108	9.149995	0.005248	12.2
611	-0.234358	114.825716	9.181751	0.005832	11.1
612	-0.240496	114.353387	9.213791	0.002616	10.9
613	-0.233876	113.881062	9.246056	0.004656	10.7
614	-0.239195	114.879877	9.178091	0.004192	12.0
615	-0.239397	115.877582	9.111192	0.004444	13.9
616	-0.239552	116.877579	9.045110	0.005690	11.8
617	-0.236692	116.689799	9.057446	0.006575	8.0
618	-0.243597	117.689799	8.992138	0.006237	8.2
619	-0.243957	118.689799	8.927766	0.002875	11.5
620	-0.238757	119.666161	8.865799	0.003136	11.9
621	-0.236094	120.504340	8.813284	0.004803	12.8
622	-0.243059	120.032010	8.842800	0.004725	7.9
623	-0.235502	121.032010	8.780541	0.005470	8.3
624	-0.236540	120.559680	8.809838	0.006324	12.8
625	-0.238759	121.559680	8.748041	0.004081	15.2
626	-0.240544	121.087350	8.777121	0.004853	11.0
627	-0.236857	120.615020	8.806395	0.003910	8.2
628	-0.238422	121.207869	8.769683	0.006089	7.8
629	-0.238317	122.207869	8.708445	0.004570	12.3
630	-0.243240	121.735539	8.737262	0.004330	16.5
631	-0.244693	121.273738	8.765622	0.004269	7.2
632	-0.239369	122.273738	8.704442	0.002839	7.8
633	-0.236769	121.801408	8.733232	0.004595	12.3
634	-0.237576	122.801367	8.672504	0.007390	21.0
635	-0.237821	122.329039	8.701083	0.004507	17.5
636	-0.234961	121.856882	8.729841	0.007218	14.3
637	-0.240535	121.384551	8.758800	0.005841	18.6
638	-0.237828	120.912221	8.787953	0.004596	13.7
639	-0.239688	120.439891	8.817299	0.003628	13.4
640	-0.235758	119.983317	8.845854	0.003317	13.4
641	-0.238500	119.511007	8.875588	0.004061	13.8
642	-0.237907	120.399480	8.819819	0.004057	13.5
643	-0.234726	120.503969	8.813307	0.004369	14.5
644	-0.242005	121.503969	8.751461	0.003696	13.1
645	-0.240169	122.489634	8.691345	0.006409	12.0
646	-0.242692	123.489634	8.631193	0.006740	16.7
647	-0.241936	124.489634	8.571868	0.006353	10.0
648	-0.243981	125.489634	8.513352	0.004821	13.8
649	-0.239086	126.489634	8.455631	0.007139	14.1
650	-0.240986	126.021691	8.482543	0.004148	13.7
651	-0.236581	127.021652	8.425240	0.005868	14.8
652	-0.241249	128.021652	8.368703	0.004144	10.2
653	-0.241528	129.021568	8.312924	0.003926	8.9
654	-0.237563	130.021554	8.257880	0.004400	8.0
655	-0.233139	129.549224	8.283788	0.005887	7.9
656	-0.242983	130.547806	8.229204	0.002610	11.3
657	-0.241094	130.078166	8.254786	0.005908	13.0
658	-0.241373	129.605837	8.280674	0.004622	12.2
659	-0.236920	130.605837	8.226054	0.004041	14.8
660	-0.234574	131.605690	8.172158	0.004273	11.3
661	-0.234139	132.605667	8.118957	0.003537	10.7
662	-0.239614	132.133337	8.144000	0.003913	11.6
663	-0.236137	131.661008	8.169197	0.004895	9.3
664	-0.239805	132.661008	8.116033	0.004197	10.3
665	-0.240713	132.188684	8.141057	0.004547	11.4
666	-0.239820	131.716435	8.166232	0.003544	13.3
667	-0.240447	131.843270	8.159456	0.003236	8.3
668	-0.239357	131.371494	8.184719	0.005379	9.8
669	-0.239734	130.899264	8.210164	0.003642	10.0
670	-0.234962	131.896745	8.156602	0.004054	9.8
671	-0.236133	132.876864	8.104648	0.003953	11.8
672	-0.233783	133.876795	8.052322	0.005371	14.2
673	-0.241098	134.688120	8.010360	0.005056	15.2
674	-0.239280	135.688120	7.959237	0.003031	14.6
675	-0.239818	136.663519	7.909996	0.004726	15.0
676	-0.242714	137.663519	7.860143	0.004919	14.3
677	-0.242894	137.191189	7.883611	0.005052	15.5
678	-0.237811	136.718858	7.907221	0.006577	14.7
679	-0.236662	137.717710	7.857459	0.004065	11.8
680	-0.238828	137.667986	7.859921	0.006642	16.9
681	-0.239604	138.667942	7.810697	0.003591	13.9
682	-0.236424	138.195612	7.833871	0.002988	15.2
683	-0.237233	139.094116	7.789904	0.005113	18.9
684	-0.244235	138.631055	7.812502	0.005386	18.4
685	-0.233694	138.158725	7.835687	0.002241	15.1
686	-0.247147	137.686497	7.859004	0.004710	21.8
687	-0.245788	137.258030	7.880282	0.005403	14.6
688	-0.235174	136.785700	7.903871	0.004071	13.5
689	-0.235429	137.113069	7.887507	0.004492	11.8
690	-0.236261	136.640738	7.911140	0.003510	16.1
691	-0.237703	136.168490	7.934910	0.003762	8.5
692	-0.232995	135.740347	7.956585	0.004010	11.7
693	-0.243569	136.661572	7.910094	0.002356	14.6
694	-0.244443	136.411484	7.922661	0.003495	15.0
695	-0.235899	136.498438	7.918287	0.004891	9.1
696	-0.238368	136.026215	7.942100	0.005809	11.1
697	-0.239066	135.553884	7.966062	0.005820	9.7
698	-0.242415	135.142719	7.987038	0.003298	14.7
699	-0.236434	136.142717	7.936212	0.005089	12.5
700	-0.233059	137.142717	7.886028	0.002877	11.9
701	-0.240430	138.141635	7.836528	0.003782	16.4
702	-0.233072	139.141635	7.787593	0.004052	13.8
703	-0.232855	140.141591	7.739267	0.004035	15.2
704	-0.240327	139.670274	7.761970	0.004647	15.9
705	-0.244661	139.212722	7.784138	0.004757	16.9
706	-0.246597	140.212717	7.735853	0.006469	14.1
707	-0.243932	141.177723	7.689822	0.004247	11.8
708	-0.245795	142.177723	7.642697	0.006803	16.3
709	-0.239365	143.177723	7.596146	0.005326	14.4
710	-0.244409	144.177723	7.550158	0.003046	13.1
711	-0.237613	145.177508	7.504733	0.004518	14.4
712	-0.235358	144.705320	7.526118	0.004621	13.0
713	-0.236623	144.235368	7.547524	0.005970	7.5
714	-0.240456	145.235368	7.502121	0.006217	8.6
715	-0.236262	144.763038	7.523498	0.004241	15.2
716	-0.236777	145.763028	7.478383	0.005579	15.2
717	-0.239836	146.762972	7.433809	0.003967	13.0
718	-0.238770	147.761960	7.389804	0.004414	15.7
719	-0.236088	148.761960	7.346274	0.005203	16.6
720	-0.240939	149.761960	7.303253	0.005861	16.3
721	-0.239138	150.761960	7.260734	0.005987	11.3
722	-0.241010	151.761960	7.218706	0.005734	13.7
723	-0.242898	152.761960	7.177163	0.005909	18.6
724	-0.236560	152.289630	7.196725	0.004944	13.6
725	-0.239050	153.289630	7.155434	0.003767	13.6
726	-0.241445	152.817300	7.174878	0.004922	14.0
727	-0.237369	153.817299	7.133836	0.004868	15.9
728	-0.236858	154.737723	7.096472	0.004007	15.2
729	-0.231432	154.265468	7.115594	0.005065	11.2
730	-0.240111	153.803859	7.134384	0.004816	17.0
731	-0.241813	153.331832	7.153701	0.004354	12.1
732	-0.241752	154.331832	7.112900	0.004270	10.8
733	-0.229466	155.331832	7.072562	0.006381	12.1
734	-0.234260	156.331784	7.032681	0.003917	14.6
735	-0.241273	155.859461	7.051463	0.005275	14.8
736	-0.242624	156.859461	7.011816	0.004495	8.8
737	-0.240970	157.859213	6.972623	0.004824	13.4
738	-0.242667	158.859205	6.933856	0.004207	12.6
739	-0.241446	158.386875	6.952113	0.003046	14.0
740	-0.238275	157.914544	6.970467	0.004375	15.4
741	-0.230756	157.442284	6.988915	0.006725	14.2
742	-0.246798	158.442284	6.949967	0.004287	13.0
743	-0.241407	159.442284	6.911450	0.004221	13.8
744	-0.241140	158.971267	6.929539	0.003462	12.8
745	-0.241927	158.498936	6.947773	0.004409	14.6
746	-0.237567	159.452137	6.911073	0.005191	15.7
747	-0.241648	158.994093	6.928660	0.003349	10.3
748	-0.239341	158.521763	6.946890	0.004675	9.1
749	-0.245892	159.515186	6.908659	0.003464	11.7
750	-0.231309	159.076725	6.925481	0.003122	13.9
751	-0.241351	158.608746	6.943525	0.004140	14.3
752	-0.237016	158.136417	6.961833	0.004667	12.4
753	-0.242755	159.136295	6.923190	0.003852	16.6
754	-0.238151	158.663965	6.941391	0.007936	15.2
755	-0.232084	159.638197	6.903954	0.004841	12.9
756	-0.226824	160.638197	6.865945	0.004731	13.8
757	-0.238849	161.638196	6.828352	0.005922	14.0
758	-0.241795	161.165866	6.846057	0.003602	13.7
759	-0.244128	160.693536	6.863854	0.004298	12.0
760	-0.235994	161.693536	6.826284	0.004618	14.0
761	-0.234508	162.256358	6.805318	0.002967	14.0
762	-0.235800	163.256358	6.768384	0.005090	16.0
763	-0.238109	164.256200	6.731855	0.004364	10.8
764	-0.236969	163.785603	6.748999	0.004965	14.6
765	-0.240994	164.785603	6.712672	0.004502	13.1
766	-0.244984	165.785602	6.676734	0.003964	14.9
767	-0.242903	165.313273	6.693661	0.004129	17.1
768	-0.243549	165.733371	6.678602	0.005962	12.6
769	-0.241558	165.261041	6.695538	0.004282	13.5
770	-0.233303	166.261041	6.659783	0.003792	11.4
771	-0.239732	165.788711	6.676623	0.002348	15.5
772	-0.232163	165.317188	6.693520	0.004248	12.1
773	-0.243089	164.845130	6.710522	0.006610	34.9
774	-0.241042	165.837016	6.674897	0.004196	19.0
775	-0.234313	166.837016	6.639362	0.004384	11.2
776	-0.243312	166.364686	6.656099	0.004641	21.9
777	-0.243569	167.364686	6.620763	0.005594	14.9
778	-0.237289	166.892356	6.637406	0.007550	12.6
779	-0.233630	167.891586	6.602294	0.003379	9.9
780	-0.234026	168.891343	6.567534	0.004861	19.1
781	-0.241027	168.419115	6.583907	0.005400	14.4
782	-0.239618	169.419113	6.549331	0.005151	13.5
783	-0.237301	170.419113	6.515117	0.007163	14.0
784	-0.239701	171.419113	6.481258	0.006779	10.4
785	-0.236901	170.950789	6.497071	0.003633	15.9
786	-0.238289	170.478458	6.513098	0.006148	14.4
787	-0.238963	171.478458	6.479259	0.007373	14.0
788	-0.245376	171.006128	6.495198	0.003053	12.4
789	-0.236804	170.533798	6.511216	0.003248	11.5
790	-0.240128	171.420716	6.481204	0.003855	10.3
791	-0.238260	172.420673	6.447697	0.003482	7.0
792	-0.241889	171.948382	6.463479	0.005435	7.0
793	-0.238148	171.598251	6.475229	0.002731	8.0
794	-0.238008	172.598251	6.441783	0.004288	12.4
795	-0.240433	173.598162	6.408683	0.004874	11.9
796	-0.240138	174.597610	6.375936	0.003774	9.9
797	-0.240329	175.597608	6.343505	0.004123	11.7
798	-0.241600	175.181012	6.356975	0.002967	14.4
799	-0.244049	176.175527	6.324912	0.004414	13.1
800	-0.240287	177.175523	6.292997	0.004452	13.9
801	-0.241720	178.175523	6.261401	0.005399	13.5
802	-0.243752	179.175523	6.230122	0.004809	12.4
803	-0.236201	178.703192	6.244857	0.005971	13.6
804	-0.239360	179.703192	6.213742	0.004190	15.7
805	-0.239061	179.230862	6.228400	0.005142	15.7
806	-0.241930	180.225341	6.197618	0.004438	13.9
807	-0.246362	179.753011	6.212200	0.004227	12.8
808	-0.243529	179.287678	6.226633	0.004782	8.8
809	-0.240078	178.829017	6.240925	0.005599	9.1
810	-0.239582	178.356687	6.255711	0.004818	10.0
811	-0.236410	179.356687	6.224488	0.004964	14.8
812	-0.235333	178.884357	6.239197	0.005540	13.1
813	-0.240345	179.884357	6.208138	0.003780	15.8
814	-0.238669	179.412058	6.222769	0.005721	10.5
815	-0.238267	179.970008	6.205492	0.005923	9.8
816	-0.240872	180.970008	6.174768	0.005388	12.1
817	-0.234098	180.497678	6.189242	0.006459	12.6
818	-0.241489	180.025348	6.203784	0.004042	12.0
819	-0.238989	179.559083	6.218207	0.004174	12.6
820	-0.240640	179.086784	6.232885	0.004104	19.3
821	-0.237739	178.616905	6.247556	0.003787	28.8
822	-0.231623	178.971917	6.236465	0.003964	48.7
823	-0.241591	178.499596	6.251230	0.002909	73.6
824	-0.243746	179.476274	6.220775	0.004754	54.1
825	-0.240549	179.003977	6.235465	0.005045	29.8
826	-0.241569	178.531646	6.250226	0.002835	46.2
827	-0.241961	178.059316	6.265057	0.004666	49.5
828	-0.235510	179.052654	6.233948	0.005011	17.5
829	-0.237735	180.052184	6.202956	0.004642	12.5
830	-0.231508	181.049433	6.172340	0.006040	14.9
831	-0.243637	181.292428	6.164926	0.005974	40.3
832	-0.244628	182.292205	6.134607	0.003208	23.2
833	-0.237680	183.292204	6.104579	0.002782	45.9
834	-0.245196	184.291958	6.074850	0.005215	25.9
835	-0.240050	184.082446	6.081056	0.007155	37.1
836	-0.242502	185.082446	6.051548	0.003542	45.5
837	-0.241910	186.082446	6.022325	0.005443	21.3
838	-0.238033	187.069510	5.993756	0.003208	8.7
839	-0.239013	186.760432	6.002673	0.004099	12.5
840	-0.241764	186.290045	6.016294	0.005440	12.4
841	-0.238492	186.254625	6.017322	0.006095	15.6
842	-0.239694	185.798458	6.030596	0.004307	11.4
843	-0.238193	186.798458	6.001574	0.004277	11.9
844	-0.238651	187.798393	5.972833	0.004061	38.9
845	-0.233928	187.326524	5.986361	0.004128	40.9
846	-0.235191	187.062326	5.993963	0.004667	67.1
847	-0.236335	186.755135	6.002826	0.002760	49.8
848	-0.244866	187.755135	5.974070	0.003587	28.4
849	-0.237135	188.755104	5.945590	0.002736	14.9
850	-0.240071	189.754994	5.917382	0.004671	15.7
851	-0.246340	189.481696	5.925066	0.004667	12.0
852	-0.237938	190.481696	5.897049	0.003435	11.9
853	-0.232702	191.473908	5.869511	0.003640	14.7
854	-0.233856	191.001628	5.882586	0.003857	12.9
855	-0.239862	192.001628	5.854969	0.004920	23.8
856	-0.242304	191.529297	5.867981	0.005532	85.5
857	-0.245964	191.056967	5.881051	0.004802	42.3
858	-0.242149	190.584637	5.894180	0.003624	16.1
859	-0.245944	190.112307	5.907367	0.003695	20.2
860	-0.236572	190.371226	5.900131	0.005093	12.3
861	-0.237754	189.985933	5.910905	0.004514	12.4
862	-0.237899	190.985933	5.883022	0.004749	12.9
863	-0.237965	191.983149	5.855477	0.005724	10.1
864	-0.246321	192.983149	5.828113	0.006026	20.7
865	-0.237312	193.982676	5.801016	0.006323	24.5
866	-0.241548	194.982676	5.774157	0.005506	18.2
867	-0.238382	195.982667	5.747546	0.002734	14.2
868	-0.238840	196.822512	5.725386	0.004690	15.3
869	-0.246742	197.774139	5.700481	0.006676	15.5
870	-0.232892	197.301809	5.712815	0.004655	14.7
871	-0.247171	196.829478	5.725202	0.003967	14.1
872	-0.238403	197.829478	5.699040	0.005897	11.7
873	-0.240385	198.828466	5.673141	0.003324	16.8
874	-0.237185	198.356153	5.685356	0.005333	11.4
875	-0.241860	197.883823	5.697625	0.004686	9.4
876	-0.243882	198.883823	5.671713	0.003844	10.8
877	-0.238634	199.233706	5.662702	0.005989	13.7
878	-0.241631	198.761420	5.674872	0.006094	13.0
879	-0.242540	199.761330	5.649168	0.003041	14.8
880	-0.237488	199.292522	5.661190	0.005680	11.8
881	-0.239187	200.292522	5.635608	0.004502	14.0
882	-0.241473	201.292522	5.610256	0.004268	22.5
883	-0.241199	200.820191	5.622202	0.005390	22.9
884	-0.234683	200.348195	5.634190	0.004067	24.2
885	-0.238357	201.348004	5.608856	0.005578	16.3
886	-0.240758	200.875674	5.620796	0.004366	9.0
887	-0.240338	201.804023	5.597376	0.003655	19.0
888	-0.237599	201.331970	5.609260	0.004456	45.7
889	-0.240063	200.859640	5.621202	0.004659	24.8
890	-0.239517	200.387310	5.633195	0.003675	22.9
891	-0.238311	199.914980	5.645239	0.006142	53.8
892	-0.231769	200.914980	5.619800	0.004928	24.4
893	-0.238329	201.914818	5.594594	0.003916	17.6
894	-0.236355	201.442488	5.606473	0.003270	10.4
895	-0.235859	202.442466	5.581383	0.004166	22.3
896	-0.241092	201.970367	5.593200	0.004135	39.4
897	-0.247162	202.970367	5.568227	0.004033	16.0
898	-0.243834	202.498037	5.579995	0.004527	33.1
899	-0.237982	202.025733	5.591812	0.004456	53.4
900	-0.239509	201.565097	5.603385	0.004500	29.2
901	-0.231993	201.255037	5.611202	0.002463	30.0
902	-0.240280	200.794790	5.622846	0.007941	33.0
903	-0.241389	201.794790	5.597608	0.005110	20.5
904	-0.241611	202.794789	5.572596	0.005163	19.2
905	-0.243786	202.322459	5.584382	0.005198	21.3
906	-0.239856	201.850202	5.596216	0.005202	26.1
907	-0.236114	202.850202	5.571216	0.005619	26.3
908	-0.237684	202.378492	5.582981	0.003887	17.4
909	-0.241390	201.908034	5.594764	0.005891	15.3
910	-0.245590	201.980479	5.592946	0.003469	15.4
911	-0.243517	202.978755	5.568019	0.004386	27.7
912	-0.241379	202.722205	5.574404	0.003851	23.2
913	-0.239694	202.457346	5.581011	0.003804	13.2
914	-0.240666	201.985016	5.592833	0.003815	12.5
915	-0.241598	201.513906	5.604674	0.003458	20.0
916	-0.241582	202.289499	5.585206	0.004644	26.6
917	-0.236876	201.817397	5.597040	0.004417	24.8
918	-0.239945	201.345067	5.608930	0.005178	11.5
919	-0.234638	202.345067	5.583817	0.003350	39.3
920	-0.241425	203.298575	5.560079	0.004044	23.5
921	-0.244581	203.954966	5.543856	0.004546	14.4
922	-0.240771	204.639956	5.527026	0.005125	30.1
923	-0.236664	205.639956	5.502639	0.003129	25.1
924	-0.247553	205.182986	5.513756	0.004229	20.5
925	-0.234567	206.182986	5.489486	0.004998	26.1
926	-0.241831	207.182986	5.465429	0.005795	47.1
927	-0.240847	206.710655	5.476766	0.005400	16.4
928	-0.243880	207.710655	5.452819	0.005088	22.0
929	-0.247615	207.238451	5.464101	0.004292	43.1
930	-0.235260	206.779061	5.475121	0.005555	26.9
931	-0.242484	207.773184	5.451329	0.002710	27.1
932	-0.233844	207.301509	5.462591	0.003936	33.0
933	-0.235503	206.833062	5.473823	0.004738	15.9
934	-0.244130	206.360881	5.485191	0.005444	13.5
935	-0.234371	207.360765	5.461174	0.006272	21.9
936	-0.242797	208.360765	5.437364	0.004765	33.9
937	-0.238475	209.358992	5.413802	0.003633	23.6
938	-0.235830	210.358992	5.390402	0.005027	37.4
939	-0.233983	209.904425	5.401013	0.002819	23.4
940	-0.236969	210.904330	5.377726	0.006173	25.6
941	-0.235109	211.904330	5.354636	0.006360	35.0
942	-0.240124	212.904330	5.331743	0.005758	15.4
943	-0.245592	212.456603	5.341969	0.004451	36.7
944	-0.237400	213.456596	5.319184	0.005727	36.9
945	-0.229659	214.455337	5.296622	0.005244	11.1
946	-0.241612	215.455337	5.274222	0.004465	19.8
947	-0.231784	215.327575	5.277073	0.003914	27.5
948	-0.246038	214.855245	5.287641	0.003237	19.6
949	-0.241504	214.497021	5.295684	0.005445	22.8
950	-0.234919	215.497020	5.273292	0.006172	31.0
951	-0.240406	216.497004	5.251089	0.003801	11.2
952	-0.241224	217.497004	5.229071	0.006568	9.2
953	-0.241429	218.489670	5.207397	0.005620	46.7
954	-0.237793	219.489670	5.185744	0.005686	25.3
955	-0.245155	219.017340	5.195949	0.004591	26.2
956	-0.245467	218.545010	5.206194	0.005988	24.8
957	-0.235375	219.545010	5.184551	0.005629	28.0
958	-0.239990	219.072681	5.194751	0.003810	12.8
959	-0.242485	218.600706	5.204984	0.004317	46.0
960	-0.239559	219.587718	5.183631	0.004644	13.5
961	-0.237026	219.133848	5.193428	0.004551	23.6
962	-0.240913	220.133848	5.171891	0.003847	31.6
963	-0.242015	219.661518	5.182041	0.003631	18.0
964	-0.241605	219.189351	5.192228	0.005977	21.0
965	-0.242633	218.717022	5.202459	0.005842	44.9
966	-0.237017	218.244691	5.212730	0.003844	13.8
967	-0.235376	219.243032	5.191068	0.003378	23.4
968	-0.244241	220.242634	5.169558	0.002840	16.2
969	-0.238581	219.792695	5.179218	0.006324	15.5
970	-0.235779	220.792695	5.157798	0.006599	9.0
971	-0.238947	221.792695	5.136554	0.004447	36.5
972	-0.241904	221.320365	5.146567	0.003800	24.7
973	-0.244656	220.848034	5.156618	0.003231	12.3
974	-0.230549	220.642295	5.161008	0.003305	18.7
975	-0.236020	220.313586	5.168038	0.004771	33.3
976	-0.238200	219.909130	5.176715	0.004794	21.3
977	-0.236655	220.908954	5.155319	0.006570	42.9
978	-0.238001	221.908953	5.134096	0.005112	9.7
979	-0.231143	222.908953	5.113047	0.004347	10.7
980	-0.239010	223.908953	5.092169	0.005055	34.4
981	-0.235483	223.436623	5.102009	0.005069	45.4
982	-0.245256	224.436623	5.081222	0.003344	22.4
983	-0.246453	223.964832	5.091008	0.004748	45.5
984	-0.240285	223.756813	5.095335	0.004410	16.0
985	-0.243979	223.289206	5.105088	0.002590	20.6
986	-0.236700	224.153622	5.087087	0.004380	43.4
987	-0.230556	224.841706	5.072849	0.005555	17.6
988	-0.232892	224.384513	5.082301	0.005128	36.2
989	-0.234513	224.875133	5.072159	0.006126	30.0
990	-0.242354	224.402803	5.081922	0.005458	16.0
991	-0.244724	225.402735	5.061299	0.005336	22.3
992	-0.239841	226.402735	5.040841	0.004383	20.6
993	-0.240163	227.363962	5.021332	0.003306	24.2
994	-0.241281	226.891632	5.030899	0.005006	16.0
995	-0.243069	227.684453	5.014861	0.003513	16.3
996	-0.241941	227.214250	5.024361	0.003805	33.9
997	-0.239862	228.212994	5.004225	0.003366	23.6
998	-0.241423	229.071274	4.987050	0.003339	13.4
999	-0.238384	230.071259	4.967187	0.003686	17.4
1000	-0.240886	231.003718	4.948807	0.004744	19.0
1001	-0.241894	232.003686	4.929248	0.003835	18.5
1002	-0.238575	232.749611	4.914758	0.003409	11.7
1003	-0.241810	232.277282	4.923923	0.004089	15.5
1004	-0.240976	233.277282	4.904559	0.003193	29.1
1005	-0.246312	234.276804	4.885355	0.002368	22.2
1006	-0.240306	233.968898	4.891255	0.005608	24.2
1007	-0.240869	234.638964	4.878434	0.003089	10.1
1008	-0.241647	234.166641	4.887464	0.003991	23.1
1009	-0.237355	235.166637	4.868385	0.003738	33.7
1010	-0.241511	234.694352	4.877377	0.004803	12.6
1011	-0.238533	235.694334	4.858377	0.004549	10.6
1012	-0.242903	235.222176	4.867330	0.003752	40.3
1013	-0.241740	236.222174	4.848407	0.004344	40.7
1014	-0.237851	237.222169	4.829631	0.004850	21.0
1015	-0.236894	238.171694	4.811937	0.005450	39.5
1016	-0.235965	237.699363	4.820723	0.003536	13.5
1017	-0.243184	237.227033	4.829540	0.004439	14.4
1018	-0.237475	238.227023	4.810910	0.005959	59.1
1019	-0.237567	239.211919	4.792701	0.006845	16.2
1020	-0.238356	239.510932	4.787200	0.004749	33.0
1021	-0.240791	239.038628	4.795895	0.003478	21.9
1022	-0.242213	240.009711	4.778052	0.005562	11.2
1023	-0.242346	239.538078	4.786701	0.005214	34.5
1024	-0.244506	240.538078	4.768399	0.004740	45.2
1025	-0.240373	240.065748	4.777026	0.005369	8.6
1026	-0.238587	239.593520	4.785683	0.004021	28.5
1027	-0.241719	240.593514	4.767388	0.003830	40.0
1028	-0.242614	241.593512	4.749233	0.004880	24.6
1029	-0.235026	241.121182	4.757791	0.005317	29.9
1030	-0.244309	240.649112	4.766375	0.004035	16.5
1031	-0.236182	240.176782	4.774995	0.004055	42.6
1032	-0.241089	241.176390	4.756789	0.004717	14.4
1033	-0.236607	240.704060	4.765375	0.004791	48.7
1034	-0.236327	240.231730	4.773991	0.003801	19.6
1035	-0.236824	239.759400	4.782638	0.003414	52.4
1036	-0.241220	239.442056	4.788466	0.004639	23.1
1037	-0.238860	238.969963	4.797161	0.003959	11.3
1038	-0.238967	239.863757	4.780725	0.005417	16.1
1039	-0.237843	239.391427	4.789397	0.004799	31.2
1040	-0.242210	238.919096	4.798100	0.002943	22.4
1041	-0.237522	239.917259	4.779745	0.004177	13.4
1042	-0.236904	239.445280	4.788407	0.003737	20.7
1043	-0.244017	240.445280	4.770091	0.004602	50.5
1044	-0.243644	239.981957	4.778560	0.005732	14.1
1045	-0.236516	239.509627	4.787224	0.005209	24.8
1046	-0.237725	240.509627	4.768918	0.004432	45.9
1047	-0.245543	241.509618	4.750751	0.006968	10.3
1048	-0.240366	242.399437	4.734702	0.004342	24.8
1049	-0.244785	241.927107	4.743208	0.004973	25.5
1050	-0.237377	241.459737	4.751654	0.003909	18.5
1051	-0.243022	240.987407	4.760221	0.006430	46.8
1052	-0.241453	240.515077	4.768818	0.003879	11.6
1053	-0.239047	241.515077	4.750652	0.005501	25.1
1054	-0.238352	241.042806	4.759214	0.003594	39.6
1055	-0.234644	240.816776	4.763323	0.004555	8.7
1056	-0.234080	240.344476	4.771931	0.002280	16.0
1057	-0.238804	239.872146	4.780571	0.003493	33.2
1058	-0.242762	239.404843	4.789150	0.004748	29.8
1059	-0.239891	240.248565	4.773683	0.004083	15.7
1060	-0.236478	241.248519	4.755481	0.004148	54.0
1061	-0.240350	240.776189	4.764062	0.003944	16.5
1062	-0.236821	240.303859	4.772673	0.004135	40.1
1063	-0.236314	241.303558	4.754483	0.005273	32.6
1064	-0.235082	240.831228	4.763060	0.005731	12.5
1065	-0.242034	241.629291	4.748586	0.004807	21.6
1066	-0.240549	242.629291	4.730574	0.004221	35.1
1067	-0.237730	242.156961	4.739065	0.006214	14.4
1068	-0.228454	241.689225	4.747503	0.005562	37.2
1069	-0.242710	242.584933	4.731370	0.004681	18.0
1070	-0.237972	242.112603	4.739864	0.004979	20.3
1071	-0.235550	243.011260	4.723730	0.004318	38.9
1072	-0.241733	243.158986	4.721088	0.004015	12.1
1073	-0.234930	242.686657	4.729545	0.004536	9.5
1074	-0.240249	242.214690	4.738025	0.004172	31.7
1075	-0.245661	243.214686	4.720093	0.004746	11.9
1076	-0.247038	244.214510	4.702299	0.004034	11.7
1077	-0.244417	243.742955	4.710674	0.005130	34.0
1078	-0.242493	243.270657	4.719093	0.006275	16.7
1079	-0.240257	244.267893	4.701353	0.003838	20.1
1080	-0.237748	243.795563	4.709739	0.004659	29.3
1081	-0.239177	244.795025	4.692029	0.005308	14.5
1082	-0.240233	244.322695	4.700381	0.004479	43.5
1083	-0.241376	244.822803	4.691538	0.004350	28.4
1084	-0.236083	244.350476	4.699889	0.005793	52.9
1085	-0.235912	245.190062	4.685065	0.005110	18.4
1086	-0.239783	244.717732	4.693393	0.003326	8.7
1087	-0.239933	244.245419	4.701751	0.002963	30.3
1088	-0.242123	244.381477	4.699340	0.003949	33.8
1089	-0.238223	243.916545	4.707588	0.004444	8.8
1090	-0.237191	243.444215	4.715996	0.004496	13.2
1091	-0.245433	242.973939	4.724398	0.002813	29.7
1092	-0.240697	242.501609	4.732866	0.004499	23.6
1093	-0.243759	242.059299	4.740824	0.005204	21.9
1094	-0.239578	241.586969	4.749352	0.003645	22.7
1095	-0.241245	241.114639	4.757910	0.005007	25.1
1096	-0.239035	240.642317	4.766499	0.005164	11.8
1097	-0.239162	240.169997	4.775119	0.002721	42.8
1098	-0.236612	241.168972	4.756924	0.004379	21.1
1099	-0.239023	242.168964	4.738849	0.004803	21.5
1100	-0.243877	243.113603	4.721899	0.004560	23.5
1101	-0.239517	242.641273	4.730359	0.003662	23.6
1102	-0.243763	242.168943	4.738849	0.005242	17.1
1103	-0.239127	241.696613	4.747369	0.004430	41.6
1104	-0.245364	242.555177	4.731904	0.007196	16.4
1105	-0.238874	242.082870	4.740399	0.004446	39.6
1106	-0.238583	243.082870	4.722449	0.003762	22.2
1107	-0.240589	242.610784	4.730906	0.005484	7.1
1108	-0.246796	243.610783	4.713027	0.003902	75.2
1109	-0.232966	243.138461	4.721455	0.004463	18.5
1110	-0.240867	242.702354	4.729263	0.005420	29.8
1111	-0.238854	242.468866	4.733454	0.006013	23.4
1112	-0.242661	241.996536	4.741956	0.004827	11.3
1113	-0.234776	242.996536	4.723993	0.005542	22.4
1114	-0.236993	243.996536	4.706167	0.003630	26.2
1115	-0.235533	243.524206	4.714570	0.003947	23.1
1116	-0.249147	244.512841	4.697015	0.004944	21.3
1117	-0.237072	244.041235	4.705373	0.005222	37.0
1118	-0.240213	245.041034	4.687690	0.004046	19.6
1119	-0.237653	244.568704	4.696027	0.006654	19.3
1120	-0.239465	245.568704	4.678411	0.003678	31.2
1121	-0.238657	245.096374	4.686715	0.004187	25.6
1122	-0.237432	244.636222	4.694834	0.004160	22.6
1123	-0.240279	244.377869	4.699404	0.005730	50.0
1124	-0.242013	244.242486	4.701803	0.004671	9.3
1125	-0.239475	243.770155	4.710191	0.005249	19.7
1126	-0.238146	243.298416	4.718598	0.005785	39.8
1127	-0.241299	244.298416	4.700812	0.004169	12.8
1128	-0.242186	245.298415	4.683159	0.002190	21.8
1129	-0.240880	244.894556	4.690272	0.005821	47.2
1130	-0.233705	244.698520	4.693733	0.004492	13.5
1131	-0.240757	245.698520	4.676133	0.004844	34.1
1132	-0.234867	246.698520	4.658666	0.003883	17.8
1133	-0.240965	246.228383	4.666862	0.003524	47.9
1134	-0.242589	245.756335	4.675120	0.004222	19.2
1135	-0.241819	246.636998	4.659736	0.004379	16.2
1136	-0.244362	246.171866	4.667849	0.004130	15.2
1137	-0.243444	245.699536	4.676116	0.004790	9.8
1138	-0.240770	246.699536	4.658648	0.004332	12.3
1139	-0.238042	247.699536	4.641310	0.005876	17.4
1140	-0.243741	248.699536	4.624101	0.005896	23.6
1141	-0.240280	248.227205	4.632213	0.003222	9.0
1142	-0.240638	247.758759	4.640287	0.004239	46.0
1143	-0.236181	247.297316	4.648268	0.005108	15.4
1144	-0.243838	246.996858	4.653479	0.003595	47.7
1145	-0.241051	247.986141	4.636365	0.005767	31.0
1146	-0.243624	247.517926	4.644449	0.005544	9.8
1147	-0.240511	247.045596	4.652633	0.003837	26.5
1148	-0.243966	247.060111	4.652381	0.004221	32.8
1149	-0.245221	246.587780	4.660594	0.004520	13.1
1150	-0.232758	247.587780	4.643241	0.004819	21.3
1151	-0.239424	248.585633	4.626055	0.003823	48.5
1152	-0.240412	249.585438	4.608962	0.004665	12.7
1153	-0.241880	250.585435	4.591991	0.007818	27.3
1154	-0.237357	250.113105	4.599991	0.006148	26.4
1155	-0.239204	249.640775	4.608019	0.005242	11.9
1156	-0.234599	249.168444	4.616075	0.005576	7.8
1157	-0.236793	250.134811	4.599623	0.003308	15.0
1158	-0.234312	249.662481	4.607650	0.004580	44.2
1159	-0.239309	249.190487	4.615699	0.004858	12.2
1160	-0.239173	248.718157	4.623782	0.004306	41.7
1161	-0.243959	249.718157	4.606702	0.007165	23.9
1162	-0.238715	250.718157	4.589748	0.006806	18.5
1163	-0.242531	251.718157	4.572918	0.003784	31.9
1164	-0.244717	251.245828	4.580852	0.005249	17.9
1165	-0.241987	252.245828	4.564088	0.004980	19.0
1166	-0.241034	253.245828	4.547445	0.004086	40.0
1167	-0.245733	254.211339	4.531492	0.005786	17.2
1168	-0.233200	253.948034	4.535831	0.003952	72.4
1169	-0.244735	254.947972	4.519395	0.003367	13.0
1170	-0.242839	255.947971	4.503076	0.005497	18.1
1171	-0.239878	256.947971	4.486875	0.003552	28.6
1172	-0.235318	257.947971	4.470790	0.005672	17.5
1173	-0.237022	257.475640	4.478373	0.004396	8.8
1174	-0.240273	257.003310	4.485982	0.003553	26.4
1175	-0.240079	256.530980	4.493617	0.003770	19.4
1176	-0.243135	257.530938	4.477484	0.003346	19.2
1177	-0.233724	257.131406	4.483916	0.004530	34.1
1178	-0.244100	256.659078	4.491544	0.004547	11.4
1179	-0.236063	256.186770	4.499197	0.003353	20.4
1180	-0.234683	255.714440	4.506877	0.004608	29.4
1181	-0.240044	255.242110	4.514583	0.003302	22.0
1182	-0.243973	256.241897	4.498302	0.003783	13.0
1183	-0.237229	255.874524	4.504271	0.005678	19.7
1184	-0.239152	255.403666	4.511944	0.003496	28.4
1185	-0.237568	254.931349	4.519667	0.005282	26.8
1186	-0.247634	255.931344	4.503347	0.003207	22.4
1187	-0.240988	255.459014	4.511041	0.002958	17.1
1188	-0.238796	254.986938	4.518757	0.004498	28.4
1189	-0.237720	255.937078	4.503254	0.005076	11.0
1190	-0.244629	256.933782	4.487104	0.004047	20.2
1191	-0.234898	257.933782	4.471018	0.003750	27.9
1192	-0.243218	257.461649	4.478598	0.004337	16.1
1193	-0.235094	258.461649	4.462573	0.004599	16.5
1194	-0.236681	258.419401	4.463247	0.003832	31.8
1195	-0.234490	259.414335	4.447411	0.004495	36.3
1196	-0.237402	259.894868	4.439803	0.005957	39.4
1197	-0.241163	260.894858	4.424053	0.003669	13.6
1198	-0.235445	260.425102	4.431438	0.003043	43.2
1199	-0.242960	261.293519	4.417806	0.004487	21.1
1200	-0.235934	260.821206	4.425209	0.004872	10.4
1201	-0.237232	261.139148	4.420223	0.002865	13.4
1202	-0.237624	260.666819	4.427635	0.003523	36.5
1203	-0.236062	260.194588	4.435071	0.008416	18.2
1204	-0.242495	259.722292	4.442532	0.003579	53.6
1205	-0.235121	259.249962	4.450020	0.005105	10.3
1206	-0.241125	260.249962	4.434197	0.003754	11.6
1207	-0.239563	260.302690	4.433366	0.005344	52.4
1208	-0.244009	259.830360	4.440823	0.003743	10.8
1209	-0.238949	260.830360	4.425066	0.006099	8.1
1210	-0.239259	261.830151	4.409423	0.004366	17.8
1211	-0.241033	261.357820	4.416799	0.003714	10.1
1212	-0.240581	262.357520	4.401217	0.004944	28.7
1213	-0.240847	262.431785	4.400064	0.004646	34.9
1214	-0.243243	261.959455	4.407408	0.003476	8.5
1215	-0.246502	262.891020	4.392946	0.006825	57.6
1216	-0.237613	262.418690	4.400267	0.002887	16.0
1217	-0.240057	261.946360	4.407612	0.005407	31.3
1218	-0.242042	261.474034	4.414982	0.003862	29.7
1219	-0.242287	261.583724	4.413269	0.004511	44.2
1220	-0.242123	262.409110	4.400416	0.004351	10.1
1221	-0.239195	261.997230	4.406820	0.005081	12.6
1222	-0.242081	262.997230	4.391303	0.006155	31.8
1223	-0.239699	262.524900	4.398619	0.003544	31.6
1224	-0.243192	263.524900	4.383159	0.004360	20.7
1225	-0.233096	264.429106	4.369274	0.004845	33.0
1226	-0.247223	263.956906	4.376514	0.003444	20.7
1227	-0.235969	264.955533	4.361230	0.003584	15.2
1228	-0.238085	264.483206	4.368446	0.004287	33.3
1229	-0.239433	264.010876	4.375685	0.003009	22.1
1230	-0.239916	264.580036	4.366964	0.003444	12.3
1231	-0.244618	265.579626	4.351733	0.004354	11.4
1232	-0.237080	266.572468	4.336708	0.006132	47.1
1233	-0.248512	267.572468	4.321680	0.005327	13.7
1234	-0.243361	267.100138	4.328765	0.003240	39.5
1235	-0.241932	266.637075	4.335734	0.004161	28.1
1236	-0.233546	267.637075	4.320713	0.007662	13.6
1237	-0.239121	268.580521	4.306636	0.002652	25.8
1238	-0.239498	268.192347	4.312417	0.004295	36.9
1239	-0.238082	269.160164	4.298033	0.003655	21.8
1240	-0.244807	268.688239	4.305035	0.004640	35.6
1241	-0.246031	269.688045	4.290228	0.003739	20.6
1242	-0.245438	269.215714	4.297210	0.005155	7.2
1243	-0.244427	268.816029	4.303136	0.003792	30.1
1244	-0.237240	269.815342	4.288350	0.004420	36.1
1245	-0.239842	270.813462	4.273682	0.007229	7.9
1246	-0.236731	271.813462	4.259087	0.005256	17.8
1247	-0.243967	271.341132	4.265968	0.004088	28.9
1248	-0.244724	270.868801	4.272871	0.004021	23.3
1249	-0.241942	271.868801	4.258282	0.004207	15.7
1250	-0.242347	271.462351	4.264200	0.004119	29.8
1251	-0.237295	270.990041	4.271097	0.004787	50.0
1252	-0.239108	271.990031	4.256520	0.005999	17.4
1253	-0.241581	272.990031	4.242041	0.004365	25.4
1254	-0.234294	272.527716	4.248723	0.003880	27.8
1255	-0.236964	273.451864	4.235388	0.005127	10.2
1256	-0.230917	274.451864	4.221053	0.004944	37.4
1257	-0.240598	273.979534	4.227812	0.003502	18.1
1258	-0.248349	274.920905	4.214362	0.004017	18.3
1259	-0.237373	274.448840	4.221096	0.004313	32.0
1260	-0.240188	273.976510	4.227855	0.005471	25.1
1261	-0.241292	274.756466	4.216705	0.005385	13.4
1262	-0.243600	275.756466	4.202496	0.006084	43.2
1263	-0.235453	276.756466	4.188382	0.005697	17.6
1264	-0.239257	276.284136	4.195037	0.003262	17.2
1265	-0.243935	275.811806	4.201712	0.005958	20.5
1266	-0.242267	276.811806	4.187604	0.005377	18.2
1267	-0.243167	277.811806	4.173590	0.006205	10.3
1268	-0.244136	278.811785	4.159669	0.004917	33.8
1269	-0.245423	278.339455	4.166233	0.004548	24.0
1270	-0.238580	279.339381	4.152362	0.004235	43.3
1271	-0.241927	280.339302	4.138584	0.004899	20.5
1272	-0.241511	279.866972	4.145081	0.003307	20.1
1273	-0.241157	279.394642	4.151598	0.004709	28.6
1274	-0.235292	278.922312	4.158136	0.002545	11.9
1275	-0.247570	278.449982	4.164695	0.003841	32.4
1276	-0.241726	277.989651	4.171107	0.005619	13.5
1277	-0.239858	278.989651	4.157203	0.004832	8.8
1278	-0.233754	279.179654	4.154572	0.005038	11.1
1279	-0.247264	278.707324	4.161119	0.004763	25.4
1280	-0.242707	279.705075	4.147312	0.004113	15.2
1281	-0.238514	279.232745	4.153837	0.005329	45.7
1282	-0.241088	278.760415	4.160382	0.003127	26.1
1283	-0.245140	279.719461	4.147114	0.004196	13.4
1284	-0.243299	279.247133	4.153638	0.005267	33.9
1285	-0.238209	278.774842	4.160182	0.005952	22.9
1286	-0.249218	278.302511	4.166747	0.004839	20.6
1287	-0.240206	277.830181	4.173333	0.004669	34.3
1288	-0.242079	278.830181	4.159414	0.005067	15.3
1289	-0.236159	278.367818	4.165838	0.004121	6.8
1290	-0.236066	277.895488	4.172421	0.003955	12.7
1291	-0.239832	277.423158	4.179025	0.003896	36.4
1292	-0.239637	276.950828	4.185650	0.003567	18.1
1293	-0.240387	276.478543	4.192295	0.003234	20.1
1294	-0.244074	276.345964	4.194164	0.004840	65.1
1295	-0.242590	275.876285	4.200800	0.005678	8.1
1296	-0.235049	275.404537	4.207486	0.003021	21.5
1297	-0.242890	276.404537	4.193338	0.004031	37.2
1298	-0.239419	276.630099	4.190160	0.006481	20.9
1299	-0.236610	277.630099	4.176129	0.004438	21.7
1300	-0.241522	277.986229	4.171155	0.004523	34.8
1301	-0.241103	278.986228	4.157250	0.005215	13.6
1302	-0.237313	278.514035	4.163804	0.005792	18.1
1303	-0.239897	278.046331	4.170317	0.005264	37.2
1304	-0.241325	279.046327	4.156418	0.003660	14.3
1305	-0.238440	278.575818	4.162946	0.005798	10.2
1306	-0.237734	279.575233	4.149104	0.004119	38.1
1307	-0.238347	280.575233	4.135346	0.004479	19.0
1308	-0.238835	280.102903	4.141833	0.003329	9.0
1309	-0.232168	281.102889	4.128123	0.004661	19.5
1310	-0.235323	280.630559	4.134587	0.005865	29.4
1311	-0.243784	280.158229	4.141072	0.004024	15.3
1312	-0.237422	279.685900	4.147577	0.005450	32.1
1313	-0.232757	279.213572	4.154102	0.004049	28.4
1314	-0.239063	278.741241	4.160648	0.004350	33.2
1315	-0.240354	279.534559	4.149665	0.004528	32.1
1316	-0.240811	280.534558	4.135904	0.003514	46.0
1317	-0.241440	280.062228	4.142392	0.003777	16.1
1318	-0.239769	281.057221	4.128747	0.005452	52.9
1319	-0.236116	282.057221	4.115123	0.002442	31.4
1320	-0.239017	281.588393	4.121499	0.005855	10.1
1321	-0.240528	282.588358	4.107924	0.003436	52.5
1322	-0.239023	282.117584	4.114304	0.003674	27.6
1323	-0.241588	281.691400	4.120097	0.004613	10.1
1324	-0.238163	282.691400	4.106530	0.006823	36.5
1325	-0.242575	283.691400	4.093052	0.005111	18.8
1326	-0.240795	283.219070	4.099407	0.004594	10.8
1327	-0.245266	284.219070	4.085976	0.003981	22.3
1328	-0.242387	283.746740	4.092309	0.002679	29.3
1329	-0.240463	283.552962	4.094913	0.004517	24.6
1330	-0.238576	284.485827	4.082408	0.004042	12.9
1331	-0.243177	285.485827	4.069088	0.004131	32.3
1332	-0.245247	286.483444	4.055886	0.004081	16.8
1333	-0.240538	286.198965	4.059642	0.004461	15.7
1334	-0.238577	287.198953	4.046470	0.004386	18.9
1335	-0.235694	286.726630	4.052681	0.003247	29.5
1336	-0.235615	287.726630	4.039554	0.004170	12.2
1337	-0.241285	287.300235	4.045141	0.006494	9.5
1338	-0.237224	286.827905	4.051348	0.004920	19.7
1339	-0.238607	286.355575	4.057574	0.004268	37.0
1340	-0.238602	287.355575	4.044415	0.004218	13.9
1341	-0.241762	286.884642	4.050601	0.005168	13.8
1342	-0.244456	286.412315	4.056825	0.005575	32.3
1343	-0.237044	287.412315	4.043671	0.003256	22.9
1344	-0.238654	286.939985	4.049873	0.004080	21.0
1345	-0.236754	287.932691	4.036860	0.004987	28.9
1346	-0.233346	288.932691	4.023835	0.004235	18.2
1347	-0.236396	288.634913	4.027704	0.004530	12.8
1348	-0.237437	288.162583	4.033858	0.004041	26.5
1349	-0.243660	287.711032	4.039758	0.004032	24.5
1350	-0.241449	287.238702	4.045948	0.005610	17.5
1351	-0.235521	286.766376	4.052158	0.004503	47.7
1352	-0.236007	286.294046	4.058386	0.003575	12.5
1353	-0.236873	287.294045	4.045222	0.004518	21.0
1354	-0.241234	286.821715	4.051429	0.002988	23.6
1355	-0.240462	286.349406	4.057655	0.003939	34.6
1356	-0.239665	285.877076	4.063900	0.005757	57.1
1357	-0.242403	286.876965	4.050702	0.003990	31.0
1358	-0.241394	287.876965	4.037588	0.004858	15.7
1359	-0.235260	288.876965	4.024558	0.004204	32.7
1360	-0.239846	289.876676	4.011616	0.003417	29.3
1361	-0.241084	289.405706	4.017703	0.006008	17.6
1362	-0.248102	288.933377	4.023826	0.005858	45.5
1363	-0.241714	289.933373	4.010885	0.003539	21.1
1364	-0.244006	290.933300	3.998027	0.003685	17.8
1365	-0.242171	290.460970	4.004090	0.004318	48.7
1366	-0.238780	291.428436	3.991691	0.005030	16.1
1367	-0.243790	290.956106	3.997735	0.003997	40.8
1368	-0.236260	290.483776	4.003797	0.007389	25.4
1369	-0.242087	291.483752	3.990985	0.005177	9.5
1370	-0.235082	291.011422	3.997026	0.003675	38.5
1371	-0.238948	290.539091	4.003086	0.006499	16.7
1372	-0.238946	290.066763	4.009165	0.004788	11.0
1373	-0.241857	291.066763	3.996318	0.004374	9.7
1374	-0.242615	292.066760	3.983552	0.002501	25.5
1375	-0.246651	291.594438	3.989572	0.004042	27.5
1376	-0.243269	292.593957	3.976856	0.004812	14.6
1377	-0.245581	292.121630	3.982854	0.003966	22.0
1378	-0.231728	293.120811	3.970185	0.003877	38.6
1379	-0.240702	294.072165	3.958198	0.003941	18.9
1380	-0.239962	295.071139	3.945687	0.006180	14.0
1381	-0.239349	294.598809	3.951592	0.005728	30.8
1382	-0.240387	295.598809	3.939111	0.006729	28.1
1383	-0.241375	296.598809	3.926708	0.003487	15.3
1384	-0.241825	297.185969	3.919462	0.003554	17.2
1385	-0.239400	296.713641	3.925289	0.005507	27.9
1386	-0.243171	296.241773	3.931128	0.003580	26.8
1387	-0.233888	297.057586	3.921044	0.003742	17.0
1388	-0.245467	298.057586	3.908755	0.003899	15.7
1389	-0.238901	298.588765	3.902258	0.006842	28.2
1390	-0.239382	298.997591	3.897273	0.004286	30.4
1391	-0.245035	298.525261	3.903034	0.003901	22.2
1392	-0.242646	299.525212	3.890857	0.003374	21.8
1393	-0.231116	299.052901	3.896599	0.004098	34.2
1394	-0.244820	300.052302	3.884469	0.007278	24.8
1395	-0.238505	299.579972	3.890193	0.004811	10.9
1396	-0.242086	300.579972	3.878096	0.005671	43.3
1397	-0.238862	300.107642	3.883800	0.003858	19.6
1398	-0.238786	299.676871	3.889017	0.003883	18.5
1399	-0.244223	299.204571	3.894754	0.003602	18.3
1400	-0.240765	299.725343	3.888429	0.004455	23.1
1401	-0.242716	300.725340	3.876343	0.004845	7.3
1402	-0.242093	300.253010	3.882043	0.005287	42.6
1403	-0.248129	300.581955	3.878072	0.004512	17.5
1404	-0.237240	301.581955	3.866050	0.002842	15.2
1405	-0.235487	302.581954	3.854102	0.005730	24.4
1406	-0.235989	302.109624	3.859736	0.002765	33.3
1407	-0.238365	303.067069	3.848333	0.006440	18.5
1408	-0.240768	304.067066	3.836494	0.005530	21.4
1409	-0.241131	305.067066	3.824728	0.003446	37.0
1410	-0.239670	304.607535	3.830126	0.004437	21.9
1411	-0.237049	305.607535	3.818399	0.003822	31.4
1412	-0.240687	306.575804	3.807112	0.005131	20.4
1413	-0.240538	307.575804	3.795526	0.003806	35.2
1414	-0.236712	308.561416	3.784174	0.003800	25.2
1415	-0.238512	308.089086	3.789606	0.003805	10.3
1416	-0.243701	307.617090	3.795049	0.004174	12.7
1417	-0.239267	308.529205	3.784544	0.004823	34.4
1418	-0.237042	308.056877	3.789977	0.004443	19.7
1419	-0.229201	309.056877	3.778494	0.004121	20.6
1420	-0.246178	308.796087	3.781482	0.004914	35.1
1421	-0.240033	309.657312	3.771633	0.005197	12.2
1422	-0.248559	310.657296	3.760261	0.003510	12.2
1423	-0.240408	310.184972	3.765623	0.005197	48.4
1424	-0.242851	309.712642	3.771002	0.004734	18.0
1425	-0.241848	310.712642	3.759633	0.005689	19.8
1426	-0.237221	310.240312	3.764994	0.004118	48.2
1427	-0.237437	309.767982	3.770371	0.004278	16.6
1428	-0.241007	309.295651	3.775762	0.006509	40.5
1429	-0.245124	308.823321	3.781169	0.007323	25.2
1430	-0.234088	309.823321	3.769740	0.005113	15.3
1431	-0.244551	309.350992	3.775130	0.004806	54.8
1432	-0.234235	308.878665	3.780535	0.003104	15.9
1433	-0.234847	308.411743	3.785894	0.004066	12.8
1434	-0.243659	309.408363	3.774474	0.004363	42.5
1435	-0.242104	309.660655	3.771594	0.004172	27.0
1436	-0.246850	309.188325	3.776990	0.005041	18.9
1437	-0.241638	310.049366	3.767166	0.005734	37.4
1438	-0.245943	309.577036	3.772548	0.005231	28.3
1439	-0.237330	309.104705	3.777946	0.004954	11.0
1440	-0.247157	308.632375	3.783360	0.004209	37.2
1441	-0.243721	308.160045	3.788789	0.003014	41.3
1442	-0.239497	309.154204	3.777380	0.002235	40.2
1443	-0.242366	309.321240	3.775470	0.004481	29.5
1444	-0.247050	308.852413	3.780836	0.005025	14.4
1445	-0.236446	308.380083	3.786258	0.004791	22.0
1446	-0.234292	307.907753	3.791695	0.005131	39.7
1447	-0.241693	308.907753	3.780202	0.003705	17.4
1448	-0.237791	309.906425	3.768793	0.004622	21.8
1449	-0.241914	309.473472	3.773731	0.005143	37.6
1450	-0.239545	309.001142	3.779132	0.003843	20.2
1451	-0.244838	308.528812	3.784549	0.004842	15.4
1452	-0.245772	308.060027	3.789940	0.004076	55.7
1453	-0.245558	309.059069	3.778469	0.003939	12.3
1454	-0.232297	308.715063	3.782411	0.003757	22.6
1455	-0.240123	309.713056	3.770997	0.003157	32.1
1456	-0.243559	309.243879	3.776354	0.003911	12.8
1457	-0.246938	308.772612	3.781751	0.003687	24.4
1458	-0.231299	309.772223	3.770322	0.004168	35.0
1459	-0.243316	309.299893	3.775714	0.003721	25.0
1460	-0.238651	310.299028	3.764327	0.004179	19.0
1461	-0.244798	311.298332	3.753007	0.003180	34.6
1462	-0.236523	310.826002	3.758349	0.003044	32.7
1463	-0.243748	310.380797	3.763398	0.003145	20.8
1464	-0.240218	311.364169	3.752263	0.005898	11.1
1465	-0.242714	310.891839	3.757603	0.003412	31.1
1466	-0.244649	311.255753	3.753488	0.003873	29.9
1467	-0.238041	310.783425	3.758831	0.005102	13.2
1468	-0.239592	311.782829	3.747543	0.004461	17.4
1469	-0.246066	312.782829	3.736315	0.005683	20.4
1470	-0.238104	313.782789	3.725155	0.006775	25.3
1471	-0.237843	314.782789	3.714061	0.005394	19.6
1472	-0.239633	315.782789	3.703033	0.004855	39.9
1473	-0.244676	316.780413	3.692096	0.004016	8.3
1474	-0.243890	317.780413	3.681198	0.003280	42.4
1475	-0.235751	318.780413	3.670364	0.003197	26.1
1476	-0.241371	318.817039	3.669969	0.003647	15.4
1477	-0.242117	319.816772	3.659203	0.003776	18.5
1478	-0.234619	319.346512	3.664259	0.003318	34.2
1479	-0.237493	318.875213	3.669340	0.005294	14.4
1480	-0.234418	318.411750	3.674351	0.004916	21.0
1481	-0.232208	319.230513	3.665509	0.002567	54.7
1482	-0.236910	319.827762	3.659085	0.004194	18.9
1483	-0.241814	320.823319	3.648428	0.005407	19.3
1484	-0.237278	321.823319	3.637786	0.005081	48.7
1485	-0.236938	322.823319	3.627206	0.003293	26.1
1486	-0.240007	322.350989	3.632195	0.004250	21.5
1487	-0.241894	323.350955	3.621648	0.003709	36.9
1488	-0.239062	324.350955	3.611161	0.006298	14.2
1489	-0.243953	323.882497	3.616066	0.004449	11.9
1490	-0.237680	324.882497	3.605611	0.005930	38.7
1491	-0.241744	324.410648	3.610537	0.003331	14.9
1492	-0.234102	323.938326	3.615481	0.004254	23.1
1493	-0.239758	323.466000	3.620438	0.004680	38.5
1494	-0.238331	322.993674	3.625409	0.003704	23.0
1495	-0.247387	323.992598	3.614912	0.003333	16.2
1496	-0.244038	324.992598	3.604464	0.005350	32.3
1497	-0.237127	324.523636	3.609356	0.004632	18.5
1498	-0.243110	325.404065	3.600183	0.003206	10.2
1499	-0.241037	326.327701	3.590609	0.004692	25.5
1500	-0.242280	326.055649	3.593423	0.003958	38.3
1501	-0.237073	325.591945	3.598231	0.006814	23.3
1502	-0.238843	325.410401	3.600117	0.004854	36.9
1503	-0.238655	326.410401	3.589754	0.004941	21.0
1504	-0.238084	327.384884	3.579713	0.003047	11.4
1505	-0.244526	326.912759	3.584571	0.004513	19.1
1506	-0.236302	326.448798	3.589357	0.003896	35.8
1507	-0.245127	325.980318	3.594204	0.004846	20.4
1508	-0.235232	325.642986	3.597701	0.004600	15.5
1509	-0.236958	325.170699	3.602610	0.005077	31.2
1510	-0.242995	326.170699	3.592233	0.005094	19.9
1511	-0.235311	325.698369	3.597126	0.005556	17.0
1512	-0.241505	325.226039	3.602034	0.003983	32.6
1513	-0.237761	326.225533	3.591665	0.005133	42.0
1514	-0.242042	325.753203	3.596558	0.004853	22.1
1515	-0.244148	325.282421	3.601447	0.006218	24.7
1516	-0.235989	325.047222	3.603895	0.004807	54.0
1517	-0.234463	326.047222	3.593511	0.005792	13.4
1518	-0.244775	327.047222	3.583186	0.006704	23.9
1519	-0.241110	327.745444	3.576012	0.006861	25.5
1520	-0.233237	328.688245	3.566371	0.004551	31.9
1521	-0.237029	329.270299	3.560444	0.005473	7.6
1522	-0.246503	328.798433	3.565247	0.007374	14.2
1523	-0.240493	329.798433	3.555084	0.005372	31.3
1524	-0.241362	329.326102	3.559877	0.004203	29.3
1525	-0.235857	328.853785	3.564683	0.004883	10.1
1526	-0.241651	328.387083	3.569445	0.003610	47.3
1527	-0.241702	327.914754	3.574277	0.005954	34.5
1528	-0.237706	327.442424	3.579122	0.003980	8.5
1529	-0.238279	326.970249	3.583978	0.004458	20.9
1530	-0.240036	327.970249	3.573708	0.003148	25.2
1531	-0.237598	327.510791	3.578420	0.005652	26.2
1532	-0.240044	328.493851	3.568354	0.003237	17.5
1533	-0.237771	328.021521	3.573183	0.004716	32.1
1534	-0.243350	329.021521	3.562975	0.004255	24.2
1535	-0.247191	328.549190	3.567789	0.004644	23.2
1536	-0.242288	328.077871	3.572607	0.004662	11.8
1537	-0.237171	327.605541	3.577447	0.004585	15.1
1538	-0.243497	327.133232	3.582301	0.005639	44.8
1539	-0.239292	326.660902	3.587167	0.004385	12.1
1540	-0.235939	327.660901	3.576879	0.005417	41.4
1541	-0.233870	328.660901	3.566649	0.004544	23.7
1542	-0.242589	328.188571	3.571474	0.004750	22.5
1543	-0.242327	327.716241	3.576311	0.005367	36.4
1544	-0.240483	328.716241	3.566085	0.004620	19.5
1545	-0.240478	328.243911	3.570908	0.003383	33.8
1546	-0.239708	329.140921	3.561760	0.002421	57.2
1547	-0.245349	330.140893	3.551617	0.004951	11.1
1548	-0.239114	331.140831	3.541532	0.004074	19.6
1549	-0.244472	332.140830	3.531503	0.004271	26.0
1550	-0.234817	332.952582	3.523404	0.004566	19.5
1551	-0.237071	332.480412	3.528110	0.004080	13.3
1552	-0.238538	332.008082	3.532831	0.003846	20.3
1553	-0.244029	331.535752	3.537564	0.002960	26.0
1554	-0.239600	332.535743	3.527558	0.004018	16.2
1555	-0.238060	332.063459	3.532277	0.004317	11.1
1556	-0.240198	333.059285	3.522342	0.003813	33.2
1557	-0.236113	332.923101	3.523697	0.003010	30.8
1558	-0.242079	333.789794	3.515089	0.005832	11.1
1559	-0.235161	334.789569	3.505212	0.004150	30.8
1560	-0.241546	335.789569	3.495388	0.003951	29.5
1561	-0.231114	336.556157	3.487894	0.004551	12.1
1562	-0.244057	336.083827	3.492507	0.004327	24.5
1563	-0.236230	337.083827	3.482754	0.005877	48.0
1564	-0.238022	337.079343	3.482798	0.003779	20.1
1565	-0.240080	336.715135	3.486344	0.004345	21.1
1566	-0.243869	337.714052	3.476635	0.004077	43.5
1567	-0.235290	337.241722	3.481219	0.004135	21.9
1568	-0.242214	337.247157	3.481166	0.004658	22.1
1569	-0.237882	338.247157	3.471476	0.004052	35.4
1570	-0.235162	339.247157	3.461840	0.004393	16.2
1571	-0.235784	338.776721	3.466366	0.003529	18.3
1572	-0.244033	339.776717	3.456758	0.003810	34.0
1573	-0.241729	339.627609	3.458187	0.004202	24.0
1574	-0.241907	340.627608	3.448625	0.005182	23.6
1575	-0.245741	341.624412	3.439145	0.003747	47.7
1576	-0.243390	342.067309	3.434950	0.004500	14.7
1577	-0.237599	343.007839	3.426074	0.003827	31.7
1578	-0.232541	342.537343	3.430508	0.003832	40.4
1579	-0.236476	342.103756	3.434605	0.004829	17.2
1580	-0.239875	343.103754	3.425172	0.003434	18.0
1581	-0.247041	342.631748	3.429618	0.003094	24.2
1582	-0.240421	343.237398	3.423915	0.004556	23.7
1583	-0.237432	343.045702	3.425718	0.004176	10.7
1584	-0.241886	342.573652	3.430166	0.003464	24.0
1585	-0.234776	342.101574	3.434625	0.003119	33.3
1586	-0.239884	341.629711	3.439095	0.006565	8.3
1587	-0.241092	342.629646	3.429638	0.004155	21.2
1588	-0.235636	343.629646	3.420232	0.005216	42.6
1589	-0.238222	343.157316	3.424668	0.005000	16.5
1590	-0.240105	344.157316	3.415289	0.003265	23.2
1591	-0.236546	343.684986	3.419713	0.002503	23.4
1592	-0.237386	343.718603	3.419397	0.006367	28.2
1593	-0.239167	344.718464	3.410049	0.005824	12.1
1594	-0.244774	345.717982	3.400755	0.006536	33.6
1595	-0.240020	346.717982	3.391506	0.005424	24.3
1596	-0.239340	346.245652	3.395868	0.003817	11.4
1597	-0.238293	345.806208	3.399937	0.004099	17.5
1598	-0.239563	345.377312	3.403917	0.006117	22.3
1599	-0.237252	346.377310	3.394651	0.005992	21.1
1600	-0.236867	345.904980	3.399021	0.005204	16.3
1601	-0.239521	345.432650	3.403403	0.003298	23.7
1602	-0.244530	346.432649	3.394140	0.003407	48.7
1603	-0.238411	347.432465	3.384929	0.003031	21.4
1604	-0.243068	346.960202	3.389274	0.004650	30.4
1605	-0.245804	347.523627	3.384092	0.003215	20.6
1606	-0.234907	347.058565	3.388368	0.003191	12.2
1607	-0.241101	346.586257	3.392722	0.005838	76.0
1608	-0.237119	347.586257	3.383517	0.004350	19.0
1609	-0.243341	348.421008	3.375872	0.005341	14.8
1610	-0.243255	349.421008	3.366758	0.002945	36.8
1611	-0.235966	348.948683	3.371056	0.004783	19.5
1612	-0.238401	349.083180	3.369831	0.002556	43.7
1613	-0.247583	349.504355	3.366001	0.005382	14.8
1614	-0.243398	350.460714	3.357335	0.004666	18.0
1615	-0.237388	351.460714	3.348321	0.003974	34.3
1616	-0.244093	351.028615	3.352210	0.003652	15.1
1617	-0.242772	350.558165	3.356454	0.004077	22.5
1618	-0.241215	350.085888	3.360726	0.004848	41.8
1619	-0.245258	351.081752	3.351731	0.005557	14.2
1620	-0.247361	352.080197	3.342761	0.003843	32.8
1621	-0.240581	351.607867	3.346998	0.004156	37.6
1622	-0.240851	352.607752	3.338041	0.004279	13.9
1623	-0.247740	353.607752	3.329130	0.004568	14.2
1624	-0.240833	353.135422	3.333333	0.005136	34.4
1625	-0.245547	354.135350	3.324448	0.006545	15.2
1626	-0.236312	353.663019	3.328639	0.003297	16.2
1627	-0.239637	353.190689	3.332840	0.002927	58.5
1628	-0.241703	354.041924	3.325276	0.002687	11.6
1629	-0.237655	354.902285	3.317665	0.004195	17.2
1630	-0.249770	354.429973	3.321839	0.003477	25.2
1631	-0.239358	353.971278	3.325902	0.002150	13.6
1632	-0.242670	354.446464	3.321693	0.003629	16.1
1633	-0.238053	355.446444	3.312869	0.005107	55.9
1634	-0.242178	356.446443	3.304092	0.004668	10.7
1635	-0.242018	355.974113	3.308232	0.005403	51.9
1636	-0.236791	356.974065	3.299480	0.005694	29.1
1637	-0.237835	357.974065	3.290774	0.005041	15.1
1638	-0.239235	357.501735	3.294880	0.003467	36.9
1639	-0.237494	357.030741	3.298985	0.003711	29.5
1640	-0.247111	356.558411	3.303112	0.002955	15.0
1641	-0.240537	357.546828	3.294488	0.006241	46.1
1642	-0.242632	357.102419	3.298360	0.005112	22.4
1643	-0.247516	356.630089	3.302485	0.004286	25.2
1644	-0.236622	356.157759	3.306621	0.003726	100.8
1645	-0.235101	355.844869	3.309367	0.005198	17.7
1646	-0.242877	356.820244	3.300823	0.003851	28.3
1647	-0.239893	357.820244	3.292110	0.004144	56.3
1648	-0.240787	358.820241	3.283442	0.002952	9.0
1649	-0.241740	358.351970	3.287495	0.004393	12.5
1650	-0.240057	357.879671	3.291594	0.005983	29.4
1651	-0.241946	358.879671	3.282929	0.005207	19.4
1652	-0.245555	359.879670	3.274309	0.003512	16.3
1653	-0.238667	359.443141	3.278066	0.004614	21.4
1654	-0.239684	358.970811	3.282141	0.003024	49.6
1655	-0.240707	358.509261	3.286133	0.004652	9.2
1656	-0.245835	359.509261	3.277497	0.003820	28.9
1657	-0.235695	360.085710	3.272539	0.003202	38.6
1658	-0.247405	359.817537	3.274844	0.004429	12.4
1659	-0.243264	360.817523	3.266267	0.004316	10.0
1660	-0.237569	361.485497	3.260563	0.002730	41.1
1661	-0.237650	361.013169	3.264594	0.005111	15.3
1662	-0.241280	360.540839	3.268635	0.004089	26.3
1663	-0.242221	360.286004	3.270820	0.003357	50.8
1664	-0.244257	359.841044	3.274641	0.005122	22.1
1665	-0.238874	360.840792	3.266068	0.004928	24.6
1666	-0.242641	361.840792	3.257537	0.003627	39.2
1667	-0.237878	362.840792	3.249050	0.001721	18.3
1668	-0.246592	362.384702	3.252915	0.003319	19.1
1669	-0.236530	361.937659	3.256713	0.004409	44.4
1670	-0.238462	361.465330	3.260734	0.004636	18.7
1671	-0.236015	362.465163	3.252233	0.005413	22.4
1672	-0.234713	363.465163	3.243773	0.003630	39.3
1673	-0.240259	362.992833	3.247763	0.003991	28.7
1674	-0.242527	362.854865	3.248931	0.004052	15.5
1675	-0.241791	362.382535	3.252933	0.004442	42.4
1676	-0.244844	363.375945	3.244526	0.005823	16.3
1677	-0.238338	362.903615	3.248518	0.004697	12.5
1678	-0.233038	363.903615	3.240078	0.005283	40.1
1679	-0.235564	364.903615	3.231682	0.003503	29.6
1680	-0.242201	365.903615	3.223330	0.005528	20.7
1681	-0.240741	366.903610	3.215020	0.006234	33.3
1682	-0.244635	366.431280	3.218940	0.005632	17.8
1683	-0.239388	367.431280	3.210653	0.005488	15.1
1684	-0.233829	368.393302	3.202720	0.004701	41.2
1685	-0.238341	367.921001	3.206610	0.004727	21.2
1686	-0.247009	367.448671	3.210509	0.005722	15.0
1687	-0.241659	366.976341	3.214417	0.002741	42.9
1688	-0.247426	367.976341	3.206154	0.004661	22.2
1689	-0.238133	367.509443	3.210007	0.004056	16.8
1690	-0.237104	368.509376	3.201766	0.004460	43.7
1691	-0.239977	369.483185	3.193781	0.005766	38.3
1692	-0.234637	370.458845	3.185821	0.004064	25.0
1693	-0.239516	370.037503	3.189254	0.005513	40.2
1694	-0.233385	369.565173	3.193111	0.005075	19.7
1695	-0.241469	370.564880	3.184958	0.002982	9.6
1696	-0.245239	371.539936	3.177047	0.003006	42.8
1697	-0.240193	371.762375	3.175248	0.004250	24.4
1698	-0.239833	372.761796	3.167189	0.003036	24.8
1699	-0.243301	372.289466	3.170992	0.006989	28.9
1700	-0.238279	373.289464	3.162950	0.003170	29.7
1701	-0.240780	372.817134	3.166744	0.004582	12.4
1702	-0.240988	373.816653	3.158727	0.003992	36.1
1703	-0.252660	373.344326	3.162510	0.004414	26.6
1704	-0.241375	372.871996	3.166302	0.002495	51.1
1705	-0.235058	372.454756	3.169660	0.005060	34.1
1706	-0.235123	371.983515	3.173461	0.002656	40.5
1707	-0.244305	371.596618	3.176588	0.005182	14.6
1708	-0.239256	371.638779	3.176247	0.005209	14.8
1709	-0.234711	372.638778	3.168178	0.004928	50.0
1710	-0.237889	373.638777	3.160150	0.005425	15.6
1711	-0.243150	373.166447	3.163937	0.004958	23.0
1712	-0.242095	374.166447	3.155931	0.004098	22.5
1713	-0.240134	375.166434	3.147965	0.004397	23.2
1714	-0.240649	376.166434	3.140038	0.003967	12.3
1715	-0.242467	377.166431	3.132152	0.004972	9.6
1716	-0.245441	378.166431	3.124305	0.003554	27.2
1717	-0.244632	378.283917	3.123386	0.006248	33.0
1718	-0.240623	379.283917	3.115583	0.005360	26.1
1719	-0.245134	378.811587	3.119264	0.004042	45.3
1720	-0.238676	378.339257	3.122953	0.004161	15.2
1721	-0.242245	379.339257	3.115153	0.003740	9.0
1722	-0.239008	380.339256	3.107391	0.006335	50.7
1723	-0.235966	379.866930	3.111052	0.004073	24.6
1724	-0.248567	379.452373	3.114273	0.003281	25.3
1725	-0.238419	378.994700	3.117836	0.005006	43.1
1726	-0.238622	379.994699	3.110061	0.003701	19.2
1727	-0.247287	379.522374	3.113728	0.003899	20.6
1728	-0.239947	380.516029	3.106023	0.004457	23.8
1729	-0.246215	381.516029	3.098306	0.003333	24.5
1730	-0.241093	381.043698	3.101946	0.003355	9.8
1731	-0.235790	382.033711	3.094326	0.005058	22.9
1732	-0.244907	381.568616	3.097901	0.004238	43.1
1733	-0.238746	382.568616	3.090225	0.003564	22.4
1734	-0.236503	382.096286	3.093846	0.002880	22.6
1735	-0.234515	381.633288	3.097404	0.003110	40.8
1736	-0.239901	382.633288	3.089730	0.003950	22.5
1737	-0.240846	382.477283	3.090925	0.004071	11.7
1738	-0.233379	383.477098	3.083284	0.004321	29.5
1739	-0.239237	383.004937	3.086888	0.005311	17.3
1740	-0.239041	384.004897	3.079266	0.006876	26.4
1741	-0.235497	385.004897	3.071682	0.003183	43.6
1742	-0.236612	384.532571	3.075259	0.004229	20.9
1743	-0.246897	385.532571	3.067695	0.005158	30.0
1744	-0.243067	386.330390	3.061686	0.004014	25.4
1745	-0.245499	387.330390	3.054188	0.004767	21.2
1746	-0.236240	388.330390	3.046727	0.004389	38.4
1747	-0.238857	389.315201	3.039414	0.004444	16.5
1748	-0.240012	388.842871	3.042917	0.003337	30.2
1749	-0.237077	388.379802	3.046359	0.006510	23.7
1750	-0.242653	387.907472	3.049878	0.004153	29.1
1751	-0.242639	387.435345	3.053403	0.005416	15.8
1752	-0.246681	387.142020	3.055598	0.003745	42.7
1753	-0.235424	388.142020	3.048130	0.004438	29.8
1754	-0.237120	387.669690	3.051652	0.003619	19.4
1755	-0.242601	388.295596	3.046986	0.004749	51.1
1756	-0.236858	387.823266	3.050506	0.002467	25.1
1757	-0.240163	387.351060	3.054034	0.005362	20.5
1758	-0.235651	388.351003	3.046573	0.003202	29.9
1759	-0.240410	389.350999	3.039149	0.004090	18.6
1760	-0.244650	388.986221	3.041853	0.003562	62.9
1761	-0.242507	388.554980	3.045056	0.007085	28.8
1762	-0.244682	389.552172	3.037660	0.004607	24.6
1763	-0.244287	390.552172	3.030279	0.007601	41.1
1764	-0.241780	390.079842	3.033761	0.003754	15.7
1765	-0.242849	389.607545	3.037250	0.003767	21.9
1766	-0.240272	389.359623	3.039085	0.004000	46.9
1767	-0.239697	389.135520	3.040746	0.004661	15.1
1768	-0.242015	390.135518	3.033350	0.006395	54.5
1769	-0.238558	391.135460	3.025990	0.005520	20.5
1770	-0.247719	392.135460	3.018666	0.003932	50.6
1771	-0.244521	391.663585	3.022118	0.005159	21.3
1772	-0.236112	391.191255	3.025581	0.004595	22.6
1773	-0.238170	392.190748	3.018262	0.004528	44.7
1774	-0.231576	393.190748	3.010975	0.003405	13.8
1775	-0.251033	392.728990	3.014335	0.004237	20.2
1776	-0.243987	392.256676	3.017780	0.003960	25.4
1777	-0.243280	393.239876	3.010618	0.004614	33.6
1778	-0.237834	392.767663	3.014053	0.004891	22.8
1779	-0.241423	392.295513	3.017497	0.005101	43.2
1780	-0.240119	392.442238	3.016426	0.004449	22.1
1781	-0.234446	391.969968	3.019875	0.003648	21.5
1782	-0.243397	392.969968	3.012581	0.004612	37.9
1783	-0.238639	393.168942	3.011133	0.004293	22.6
1784	-0.245625	394.167773	3.003889	0.005826	19.4
1785	-0.248282	395.137466	2.996889	0.003031	25.8
1786	-0.241780	396.137466	2.989705	0.004466	22.8
1787	-0.231654	397.137068	2.982558	0.004417	24.5
1788	-0.242560	396.664738	2.985930	0.006575	21.3
1789	-0.240536	397.664738	2.978798	0.005763	25.2
1790	-0.245291	397.192408	2.982163	0.004501	14.8
1791	-0.241410	396.720675	2.985531	0.003613	12.9
1792	-0.237562	397.005941	2.983493	0.005098	13.6
1793	-0.243965	396.533699	2.986868	0.005765	18.9
1794	-0.240928	397.533652	2.979731	0.004990	23.9
1795	-0.239797	397.061328	2.983098	0.004784	19.7
1796	-0.239046	398.061317	2.975979	0.003432	34.3
1797	-0.238591	397.630106	2.979045	0.004967	39.9
1798	-0.241070	397.157776	2.982410	0.003802	26.0
1799	-0.246503	396.688634	2.985760	0.003721	31.1
1800	-0.234305	396.217574	2.989131	0.003790	44.8
1801	-0.238322	395.745286	2.992518	0.004980	19.5
1802	-0.244767	396.743412	2.985368	0.004494	23.9
1803	-0.237153	396.277806	2.988699	0.005861	22.1
1804	-0.235269	395.805476	2.992086	0.004035	15.5
1805	-0.243025	395.333146	2.995481	0.004948	17.8
1806	-0.242882	394.967397	2.998114	0.002863	16.4
1807	-0.232540	394.502962	3.001466	0.003899	14.3
1808	-0.243337	394.104474	3.004347	0.004092	42.2
1809	-0.241379	393.632967	3.007763	0.005184	11.7
1810	-0.246508	394.631409	3.000538	0.002901	18.8
1811	-0.237833	394.176920	3.003823	0.005263	25.6
1812	-0.239827	393.704601	3.007244	0.005949	16.7
1813	-0.237489	394.687184	3.000135	0.005715	16.1
1814	-0.237656	395.687183	2.992936	0.004164	34.4
1815	-0.239990	395.214853	2.996332	0.004847	27.5
1816	-0.242642	394.742523	2.999736	0.004150	22.5
1817	-0.245043	395.742439	2.992539	0.005038	39.8
1818	-0.235737	396.742439	2.985375	0.004051	20.5
1819	-0.242554	397.742007	2.978249	0.005158	23.2
1820	-0.241371	398.742007	2.971153	0.004099	40.7
1821	-0.236279	399.742007	2.964092	0.005628	12.2
1822	-0.240270	400.693697	2.957402	0.003586	29.6
1823	-0.236812	401.693679	2.950406	0.004490	42.1
1824	-0.242291	402.693679	2.943442	0.006182	12.6
1825	-0.238750	403.693679	2.936512	0.005028	8.9
1826	-0.238721	404.693510	2.929614	0.004925	7.4
1827	-0.238651	405.693510	2.922749	0.006047	20.6
1828	-0.237673	405.221769	2.925984	0.004340	34.0
1829	-0.236803	404.981103	2.927637	0.003009	19.7
1830	-0.242010	404.508773	2.930886	0.003482	72.9
1831	-0.240543	404.036483	2.934143	0.005783	27.8
1832	-0.236250	403.564153	2.937407	0.004523	42.5
1833	-0.242708	404.564153	2.930505	0.004341	19.0
1834	-0.246504	404.091823	2.933761	0.004439	56.2
1835	-0.244837	405.091823	2.926876	0.006671	7.4
1836	-0.242554	404.619492	2.930124	0.003388	17.9
1837	-0.237804	404.147162	2.933379	0.005277	28.2
1838	-0.233229	403.905594	2.935047	0.005259	29.3
1839	-0.242053	403.433264	2.938313	0.003958	14.9
1840	-0.240200	402.961210	2.941585	0.004445	38.1
1841	-0.237850	403.953835	2.934714	0.003309	19.3
1842	-0.243985	403.481505	2.937979	0.004731	44.0
1843	-0.238888	404.479637	2.931087	0.003992	18.2
1844	-0.240934	405.479634	2.924214	0.004845	20.1
1845	-0.237225	405.007304	2.927457	0.003811	36.6
1846	-0.240997	404.534974	2.930706	0.004019	23.8
1847	-0.241272	404.062644	2.933963	0.003534	9.9
1848	-0.240856	405.062282	2.927079	0.003829	50.0
1849	-0.242363	404.589980	2.930327	0.005419	23.0
1850	-0.239417	404.117650	2.933583	0.005025	21.0
1851	-0.241004	405.117648	2.926698	0.005572	33.7
1852	-0.241571	406.117648	2.919846	0.006332	20.7
1853	-0.240293	405.933756	2.921104	0.004393	7.6
1854	-0.239933	406.933756	2.914278	0.006007	10.2
1855	-0.243013	406.461425	2.917498	0.004372	38.8
1856	-0.239743	405.989095	2.920725	0.003688	27.0
1857	-0.239644	405.516765	2.923960	0.006650	46.5
1858	-0.238768	406.502994	2.917214	0.003767	31.3
1859	-0.245138	407.502992	2.910406	0.005315	18.2
1860	-0.240456	408.462621	2.903903	0.005595	48.0
1861	-0.235099	409.460196	2.897173	0.004383	9.1
1862	-0.247841	410.460192	2.890459	0.005241	16.4
1863	-0.239544	409.987861	2.893626	0.003922	38.3
1864	-0.238126	409.515531	2.896801	0.005784	26.5
1865	-0.238844	410.515527	2.890088	0.004612	29.7
1866	-0.242340	410.043197	2.893255	0.004326	15.9
1867	-0.236243	411.043186	2.886558	0.004912	22.2
1868	-0.239288	412.028687	2.879989	0.004706	42.5
1869	-0.242133	411.560919	2.883103	0.002998	27.6
1870	-0.235271	411.088589	2.886255	0.004955	42.2
1871	-0.244204	411.364230	2.884415	0.001587	15.6
1872	-0.238123	411.079084	2.886319	0.005403	20.6
1873	-0.235119	412.076487	2.879671	0.006446	38.1
1874	-0.241092	413.076487	2.873037	0.003551	13.8
1875	-0.244959	414.076487	2.866434	0.004834	33.8
1876	-0.240991	414.559397	2.863256	0.003686	35.5
1877	-0.238823	414.087153	2.866363	0.003891	11.0
1878	-0.243350	413.836257	2.868017	0.003307	33.5
1879	-0.235822	413.364208	2.871134	0.004281	26.0
1880	-0.244384	412.891878	2.874260	0.004287	19.4
1881	-0.241004	412.419548	2.877392	0.003751	41.2
1882	-0.243788	411.958968	2.880453	0.005924	17.3
1883	-0.243313	411.486638	2.883599	0.004277	18.4
1884	-0.237952	411.016812	2.886735	0.004853	33.9
1885	-0.236869	410.544482	2.889894	0.004525	15.8
1886	-0.248366	410.913750	2.887423	0.005557	26.1
1887	-0.234773	410.441419	2.890584	0.004757	55.6
1888	-0.238580	409.969089	2.893752	0.005348	12.6
1889	-0.247189	409.496791	2.896927	0.003414	31.4
1890	-0.238452	410.487093	2.890279	0.006452	25.9
1891	-0.238566	410.016400	2.893435	0.005263	9.5
1892	-0.237505	411.016400	2.886737	0.005154	19.2
1893	-0.242217	412.016398	2.880071	0.005292	24.6
1894	-0.246027	411.544462	2.883213	0.004452	31.1
1895	-0.242136	412.544462	2.876563	0.003483	17.7
1896	-0.239967	412.072379	2.879698	0.005957	46.0
1897	-0.239709	413.072379	2.873064	0.005885	12.4
1898	-0.244134	414.072379	2.866461	0.003778	8.7
1899	-0.244205	415.072379	2.859887	0.005968	38.6
1900	-0.245626	414.605606	2.862952	0.004638	21.7
1901	-0.239407	414.133276	2.866060	0.005846	35.8
1902	-0.237297	415.091564	2.859762	0.005232	43.4
1903	-0.243628	416.091564	2.853219	0.003503	10.6
1904	-0.243899	415.619254	2.856305	0.006290	44.7
1905	-0.233910	415.151196	2.859371	0.004947	17.6
1906	-0.243628	414.678866	2.862470	0.006743	15.1
1907	-0.236487	415.678866	2.855915	0.003885	37.9
1908	-0.242022	415.206536	2.859008	0.007468	13.2
1909	-0.235416	414.734205	2.862107	0.004918	25.5
1910	-0.242480	414.261875	2.865213	0.004409	45.6
1911	-0.238883	415.260257	2.858656	0.004816	11.9
1912	-0.238138	414.816978	2.861563	0.004133	21.1
1913	-0.234603	414.345343	2.864663	0.002857	45.7
1914	-0.243353	413.873865	2.867769	0.005559	14.6
1915	-0.241501	414.873865	2.861190	0.004890	19.6
1916	-0.236041	414.401568	2.864293	0.003499	38.6
1917	-0.242277	415.401568	2.857730	0.004461	18.9
1918	-0.239365	414.929238	2.860826	0.004774	31.1
1919	-0.238414	415.928036	2.854287	0.004212	51.8
1920	-0.243734	415.988704	2.853890	0.003520	18.5
1921	-0.246983	416.988622	2.847375	0.006853	21.1
1922	-0.248375	417.988622	2.840889	0.005357	31.5
1923	-0.237337	417.516298	2.843949	0.002326	21.1
1924	-0.239711	418.049631	2.840494	0.005544	17.5
1925	-0.235699	418.297751	2.838890	0.003709	32.9
1926	-0.235681	419.284084	2.832530	0.004041	25.5
1927	-0.242159	419.077339	2.833861	0.004256	13.6
1928	-0.243163	420.077282	2.827436	0.004426	38.6
1929	-0.235638	419.762048	2.829458	0.004671	20.7
1930	-0.245980	420.759569	2.823069	0.003032	22.8
1931	-0.241418	420.287256	2.826091	0.003866	25.3
1932	-0.235498	421.282762	2.819730	0.006747	18.4
1933	-0.235488	422.282758	2.813369	0.004113	9.9
1934	-0.241942	423.282758	2.807036	0.004139	24.6
1935	-0.238688	422.816592	2.809985	0.003144	34.9
1936	-0.246160	423.816377	2.803669	0.004876	17.2
1937	-0.244473	424.504934	2.799336	0.005048	17.9
1938	-0.236258	424.033222	2.802303	0.003888	21.2
1939	-0.241375	423.560902	2.805280	0.006808	36.5
1940	-0.241641	423.088572	2.808264	0.008685	9.5
1941	-0.237061	422.616241	2.811254	0.002936	17.8
1942	-0.241633	422.143911	2.814250	0.004787	20.0
1943	-0.239278	423.044232	2.808544	0.003438	15.7
1944	-0.241659	423.898598	2.803151	0.003504	17.6
1945	-0.241443	424.863226	2.797086	0.003550	49.7
1946	-0.240608	425.863193	2.790827	0.005072	12.9
1947	-0.247747	425.426977	2.793554	0.004746	68.2
1948	-0.242468	426.426975	2.787310	0.005530	13.7
1949	-0.246151	427.426975	2.781095	0.003837	16.3
1950	-0.240564	428.426975	2.774907	0.005706	27.7
1951	-0.242718	429.426904	2.768746	0.003701	16.6
1952	-0.239177	430.426886	2.762613	0.004695	17.8
1953	-0.236394	429.954556	2.765507	0.004555	45.6
1954	-0.239023	429.482226	2.768406	0.003793	21.1
1955	-0.241723	430.482215	2.762275	0.003544	16.4
1956	-0.238409	430.009888	2.765167	0.003384	25.2
1957	-0.243273	429.537558	2.768066	0.002992	22.6
1958	-0.241523	429.066152	2.770966	0.002868	20.6
1959	-0.227842	430.065898	2.764824	0.003446	26.1
1960	-0.237404	431.017284	2.759005	0.004047	17.7
1961	-0.242769	430.544954	2.761891	0.004609	22.0
1962	-0.244048	430.072624	2.764783	0.004962	33.3
1963	-0.242512	429.600294	2.767681	0.003966	18.2
1964	-0.240674	430.600294	2.761552	0.002566	21.8
1965	-0.233780	431.584367	2.755548	0.001849	32.2
1966	-0.242691	432.421468	2.750461	0.003187	14.7
1967	-0.244078	433.206242	2.745708	0.005533	29.5
1968	-0.241342	434.206143	2.739677	0.002905	37.6
1969	-0.241535	433.751937	2.742414	0.004537	25.6
1970	-0.242476	434.751430	2.736399	0.006084	40.6
1971	-0.243189	434.279101	2.739238	0.004921	14.0
1972	-0.243048	435.279101	2.733235	0.004241	33.7
1973	-0.239172	436.279101	2.727258	0.007213	41.5
1974	-0.245140	435.806771	2.730077	0.003916	15.6
1975	-0.238535	435.334443	2.732903	0.004621	14.5
1976	-0.241044	435.231827	2.733518	0.003894	46.8
1977	-0.244298	436.193706	2.727767	0.006164	18.8
1978	-0.239973	435.808970	2.730064	0.004227	23.2
1979	-0.241035	435.336640	2.732890	0.003078	38.4
1980	-0.241520	436.336333	2.726916	0.006822	16.7
1981	-0.242688	437.336314	2.720967	0.005099	27.2
1982	-0.237652	436.864443	2.723771	0.003656	32.7
1983	-0.241433	436.392112	2.726584	0.003996	25.7
1984	-0.242460	437.391227	2.720641	0.004298	27.8
1985	-0.241974	438.296966	2.715276	0.003827	24.8
1986	-0.239735	437.837350	2.717996	0.004716	24.3
1987	-0.239186	438.837347	2.712085	0.005844	29.1
1988	-0.236324	439.837347	2.706200	0.003608	21.7
1989	-0.241042	440.837347	2.700340	0.002780	13.0
1990	-0.243719	441.836532	2.694510	0.003931	22.8
1991	-0.245018	441.946483	2.693871	0.007694	33.5
1992	-0.246000	442.946483	2.688064	0.003832	18.9
1993	-0.243532	442.474153	2.690804	0.005300	23.6
1994	-0.238255	442.002214	2.693546	0.004148	33.3
1995	-0.241921	443.001361	2.687746	0.007057	18.1
1996	-0.244434	442.529031	2.690485	0.003774	13.6
1997	-0.244545	443.529031	2.684693	0.004356	18.5
1998	-0.245620	443.056701	2.687426	0.003332	37.4
1999	-0.237589	442.589468	2.690134	0.004357	26.0
