1:ItNr	2:Metric	3a:Time	3b:StepSize	4:||Gradient||	Time[ms]
0	-0.161286	0.000000	9.919053	0.010005	6668.6
1	-0.159276	0.000000	9.919053	0.008420	11.8
2	-0.156546	0.000000	9.919053	0.012502	32.0
3	-0.164810	0.000000	9.919053	0.011087	14.1
4	-0.163601	0.000000	9.919053	0.009570	19.6
5	-0.162055	0.981789	9.476031	0.011788	31.7
6	-0.162470	1.809141	9.132308	0.012859	38.6
7	-0.162897	0.928740	9.498955	0.008404	16.3
8	-0.162524	1.867211	9.109118	0.010678	38.3
9	-0.167843	0.995193	9.470256	0.010361	26.3
10	-0.164664	1.826166	9.125497	0.011106	23.6
11	-0.166019	2.825559	8.742717	0.009847	39.5
12	-0.163984	3.822680	8.391524	0.016280	13.6
13	-0.160150	4.822673	8.066559	0.010480	21.1
14	-0.164403	3.942271	8.351289	0.010039	55.5
15	-0.165569	4.164840	8.277427	0.014003	11.8
16	-0.159970	5.164840	7.961070	0.015598	19.7
17	-0.163049	6.159226	7.669590	0.009613	37.4
18	-0.155958	7.154114	7.398568	0.010485	14.9
19	-0.158785	8.152735	7.145131	0.010363	37.2
20	-0.160920	8.611203	7.034504	0.009765	25.7
21	-0.162734	7.736720	7.248570	0.008907	21.4
22	-0.163797	6.881196	7.470989	0.010819	59.3
23	-0.160120	6.000804	7.714589	0.012201	14.1
24	-0.156694	6.999550	7.439409	0.016403	18.6
25	-0.164373	6.119148	7.680924	0.006618	14.7
26	-0.163245	7.118482	7.407943	0.011500	29.7
27	-0.164730	6.258795	7.641575	0.009287	12.8
28	-0.168742	7.173781	7.393403	0.016083	16.8
29	-0.166474	8.104628	7.156941	0.012246	26.1
30	-0.158616	7.224258	7.380180	0.014083	44.3
31	-0.163547	6.343856	7.617803	0.011286	12.1
32	-0.161354	5.463790	7.871137	0.010680	21.8
33	-0.157460	6.279885	7.635667	0.013430	28.4
34	-0.164605	7.279289	7.365819	0.011797	22.1
35	-0.166370	8.279288	7.114248	0.005707	21.7
36	-0.166405	9.268700	6.881700	0.009194	39.3
37	-0.160202	9.555184	6.817177	0.010636	23.3
38	-0.166599	10.543115	6.603663	0.012130	25.3
39	-0.165384	11.543002	6.400765	0.011879	39.0
40	-0.163481	12.542109	6.210108	0.011237	16.9
41	-0.157784	11.661729	6.377498	0.010483	19.8
42	-0.167713	11.549174	6.399551	0.013007	38.4
43	-0.168034	10.690617	6.572927	0.010374	21.6
44	-0.157910	11.675715	6.374768	0.013563	17.5
45	-0.165028	11.201876	6.468571	0.010500	51.3
46	-0.162977	12.201330	6.273848	0.009901	42.1
47	-0.159426	13.171743	6.095683	0.010962	98.8
48	-0.162991	12.619125	6.195881	0.013023	20.3
49	-0.162260	12.136104	6.286198	0.011890	40.5
50	-0.165826	13.135933	6.102078	0.013459	58.4
51	-0.166006	12.308209	6.253717	0.005718	20.1
52	-0.163767	11.840974	6.342690	0.018479	42.3
53	-0.162258	11.032113	6.502853	0.006257	18.2
54	-0.162034	10.234273	6.668960	0.011246	16.9
55	-0.160936	9.501464	6.829184	0.010277	11.7
56	-0.165455	9.657945	6.794327	0.016001	19.2
57	-0.162554	9.922669	6.736162	0.012703	52.0
58	-0.162175	10.435630	6.626243	0.014719	11.6
59	-0.163593	9.555228	6.817168	0.010447	39.3
60	-0.159683	9.511333	6.826975	0.014923	34.9
61	-0.167222	10.248309	6.665964	0.011055	16.3
62	-0.166777	11.248029	6.459313	0.009376	26.0
63	-0.167415	12.020526	6.308201	0.008010	40.1
64	-0.163807	11.141333	6.480755	0.009452	16.3
65	-0.163569	11.856941	6.339608	0.010097	47.0
66	-0.164894	11.141864	6.480648	0.017401	21.0
67	-0.167458	10.273992	6.660490	0.010673	18.1
68	-0.159555	9.409830	6.849763	0.008844	44.4
69	-0.164282	10.405273	6.632648	0.013670	14.7
70	-0.162870	9.527576	6.823343	0.011190	20.1
71	-0.159427	8.754929	7.000525	0.010092	42.0
72	-0.157913	8.620426	7.032313	0.015221	17.9
73	-0.172057	7.750797	7.245021	0.009330	30.6
74	-0.163390	6.962194	7.449348	0.008169	39.2
75	-0.162005	6.094075	7.688032	0.013158	32.1
76	-0.169297	6.901790	7.465475	0.011571	31.9
77	-0.165174	6.021394	7.708711	0.012053	22.7
78	-0.161691	6.383205	7.606857	0.006663	50.0
79	-0.167298	6.001323	7.714441	0.010221	23.5
80	-0.164774	6.999910	7.439314	0.006478	52.6
81	-0.162420	7.999160	7.182971	0.007159	26.2
82	-0.167096	7.303320	7.359565	0.011611	41.6
83	-0.165868	6.445900	7.589480	0.012626	15.4
84	-0.169035	5.566353	7.840749	0.012658	19.8
85	-0.163348	5.705691	7.799840	0.007609	35.6
86	-0.165039	6.705636	7.518330	0.010703	20.7
87	-0.165039	7.705545	7.256442	0.010402	23.7
88	-0.155199	6.825187	7.486027	0.010263	34.4
89	-0.162237	7.804821	7.231432	0.014884	9.6
90	-0.167192	8.772110	6.996485	0.011922	29.0
91	-0.167669	7.900322	7.207536	0.007721	35.2
92	-0.163930	7.020619	7.433815	0.010439	21.0
93	-0.161626	6.143509	7.674030	0.008804	60.0
94	-0.161375	6.052718	7.699785	0.008164	20.8
95	-0.164507	6.894330	7.467471	0.012349	15.2
96	-0.162575	7.892661	7.209447	0.011660	19.7
97	-0.161818	7.030332	7.431240	0.015765	37.1
98	-0.162233	6.149930	7.672215	0.012166	22.4
99	-0.165428	7.149928	7.399668	0.013648	22.1
100	-0.163092	7.058693	7.423728	0.013306	33.9
101	-0.165546	6.178292	7.664209	0.011588	16.2
102	-0.170364	6.563862	7.557000	0.008094	18.5
103	-0.165174	7.540085	7.298511	0.012377	35.8
104	-0.163912	8.539112	7.051672	0.006934	28.9
105	-0.164203	9.536077	6.821443	0.012104	22.8
106	-0.159966	8.944553	6.956194	0.008420	33.7
107	-0.166654	8.109157	7.155828	0.013668	24.4
108	-0.157863	8.495668	7.062058	0.009872	18.6
109	-0.160802	7.615273	7.279333	0.013109	40.9
110	-0.162327	7.610343	7.280588	0.005597	14.6
111	-0.166492	8.605373	7.035889	0.012568	26.0
112	-0.163082	7.837423	7.223257	0.011952	40.6
113	-0.170461	8.303102	7.108466	0.007880	15.6
114	-0.159060	9.296896	6.875296	0.010715	18.2
115	-0.167923	10.255244	6.664485	0.012206	29.8
116	-0.164544	9.374999	6.857617	0.010161	16.7
117	-0.165993	10.373553	6.639354	0.010296	22.5
118	-0.159994	11.373551	6.434268	0.008113	35.2
119	-0.163554	12.352247	6.245460	0.010005	14.7
120	-0.167483	12.176531	6.278538	0.010350	22.6
121	-0.164765	11.495455	6.410131	0.013883	49.1
122	-0.166353	11.110492	6.486980	0.014349	14.3
123	-0.167496	11.280345	6.452847	0.009847	21.7
124	-0.164898	10.483352	6.616199	0.013412	36.0
125	-0.162946	9.603038	6.806517	0.012596	24.6
126	-0.168896	10.602728	6.591207	0.006875	44.0
127	-0.163740	11.570763	6.395310	0.013200	20.8
128	-0.168387	12.534576	6.211503	0.011215	21.9
129	-0.170152	11.855519	6.339882	0.011605	37.0
130	-0.160699	10.976074	6.514249	0.011209	36.8
131	-0.166147	11.975926	6.316733	0.011983	27.1
132	-0.164608	11.108921	6.487297	0.007809	26.9
133	-0.167390	10.793089	6.551742	0.011117	29.7
134	-0.163690	11.527886	6.403740	0.012058	31.4
135	-0.163632	10.848684	6.540305	0.007677	29.6
136	-0.167806	9.968325	6.726231	0.007365	25.0
137	-0.167104	10.219132	6.672194	0.012788	34.8
138	-0.160549	10.909756	6.527788	0.006316	16.1
139	-0.163033	10.084903	6.701006	0.007910	25.4
140	-0.163678	9.215011	6.893928	0.010320	26.7
141	-0.166602	10.078958	6.702288	0.011326	15.6
142	-0.160328	11.051072	6.499006	0.015348	14.7
143	-0.166914	10.170695	6.682562	0.008763	48.1
144	-0.162980	11.170695	6.474840	0.011303	21.3
145	-0.163899	12.170230	6.279731	0.008805	32.8
146	-0.164242	11.916310	6.328173	0.011987	34.4
147	-0.171783	11.039511	6.501351	0.008582	10.6
148	-0.164321	11.184856	6.471992	0.008170	15.5
149	-0.166859	11.127229	6.483600	0.008923	31.7
150	-0.167263	11.759028	6.358556	0.011375	25.1
151	-0.164358	10.878650	6.534157	0.011031	30.7
152	-0.168344	11.878610	6.335429	0.014312	39.8
153	-0.159843	12.630240	6.193834	0.010915	15.0
154	-0.162990	13.630240	6.014978	0.008360	19.7
155	-0.163710	13.007719	6.125083	0.008743	35.8
156	-0.166180	13.522353	6.033775	0.008349	10.3
157	-0.169447	14.515821	5.864995	0.007163	18.6
158	-0.170742	14.843832	5.811324	0.008842	38.3
159	-0.168264	15.254349	5.745521	0.012889	19.7
160	-0.164795	16.252127	5.591630	0.010147	32.6
161	-0.169339	15.376716	5.726193	0.009701	31.1
162	-0.160876	14.590444	5.852698	0.011468	23.7
163	-0.166995	15.114439	5.767779	0.016332	43.9
164	-0.164230	16.113894	5.612456	0.011323	16.8
165	-0.165372	17.113894	5.465202	0.010248	16.8
166	-0.166016	18.098924	5.327515	0.010949	68.3
167	-0.161566	19.091884	5.195568	0.009271	13.2
168	-0.165082	20.091397	5.069190	0.011203	17.2
169	-0.162954	20.874806	4.974354	0.008738	29.4
170	-0.160324	21.871617	4.858695	0.010275	30.1
171	-0.171727	22.392550	4.800366	0.012433	23.7
172	-0.165704	21.917159	4.853539	0.009706	38.2
173	-0.163095	22.401592	4.799366	0.006916	23.9
174	-0.169274	21.525879	4.898197	0.010013	21.4
175	-0.159593	20.680953	4.997489	0.010377	34.1
176	-0.157188	21.679005	4.880623	0.011344	19.1
177	-0.159167	20.923332	4.968596	0.007607	17.1
178	-0.168698	20.044310	5.075006	0.007179	33.3
179	-0.167630	19.409398	5.154744	0.010228	38.2
180	-0.166601	18.752819	5.239883	0.008954	24.7
181	-0.162057	19.752383	5.111360	0.014730	36.0
182	-0.169003	19.168868	5.185611	0.012167	25.7
183	-0.164196	20.168853	5.059653	0.008099	16.6
184	-0.163969	21.161230	4.940561	0.007067	38.6
185	-0.163519	20.741107	4.990287	0.014451	24.5
186	-0.164147	19.904749	5.092321	0.010684	22.7
187	-0.163848	19.863449	5.097468	0.015830	32.0
188	-0.164162	20.863449	4.975704	0.010441	14.9
189	-0.162292	21.860509	4.859954	0.016971	11.9
190	-0.166922	22.731948	4.763111	0.007879	36.2
191	-0.159125	21.853707	4.860726	0.014400	30.1
192	-0.161324	22.853398	4.749920	0.011114	25.6
193	-0.161521	23.853398	4.644021	0.015126	44.8
194	-0.169377	22.972996	4.737001	0.013199	18.0
195	-0.158333	22.093126	4.833720	0.009771	24.1
196	-0.162759	21.212796	4.934525	0.008311	19.0
197	-0.162206	20.768690	4.986992	0.010116	14.8
198	-0.160111	19.889314	5.094243	0.008614	31.5
199	-0.166113	20.865784	4.975426	0.009672	37.4
200	-0.174621	21.785585	4.868465	0.010717	17.3
201	-0.171187	22.321250	4.808266	0.012023	30.0
202	-0.166489	23.017584	4.732202	0.006611	33.9
203	-0.160682	22.266223	4.814382	0.015722	17.3
204	-0.159784	23.237174	4.708712	0.010472	31.8
205	-0.164769	22.356784	4.804326	0.009533	29.3
206	-0.168032	23.280223	4.704134	0.009273	24.4
207	-0.156337	22.449402	4.794085	0.011928	41.8
208	-0.163341	23.448953	4.686277	0.012270	17.7
209	-0.164858	22.571664	4.780633	0.009523	15.2
210	-0.172090	21.691293	4.879218	0.007195	47.9
211	-0.166695	22.678445	4.768945	0.014886	13.4
212	-0.163381	22.504236	4.788042	0.011480	23.5
213	-0.165269	23.313996	4.700549	0.014288	61.4
214	-0.165528	24.313800	4.596836	0.007785	20.3
215	-0.160077	25.132996	4.515209	0.006756	52.9
216	-0.165260	24.308085	4.597416	0.008860	25.2
217	-0.166293	25.127349	4.515762	0.007601	18.4
218	-0.160732	25.051054	4.523243	0.014299	43.7
219	-0.169017	26.050896	4.427123	0.010080	21.9
220	-0.165656	27.026409	4.337199	0.009965	11.2
221	-0.164224	26.204686	4.412700	0.012304	26.6
222	-0.169632	26.783124	4.359282	0.011782	23.7
223	-0.164669	25.903881	4.441000	0.014686	25.3
224	-0.167655	26.903877	4.348293	0.011727	33.1
225	-0.167815	27.903654	4.259398	0.007666	30.9
226	-0.171149	27.024329	4.337387	0.013521	16.6
227	-0.163779	26.143934	4.418386	0.013259	14.5
228	-0.164775	27.074217	4.332886	0.011509	28.2
229	-0.168758	26.260538	4.407485	0.009660	28.1
230	-0.162128	26.624867	4.373768	0.008909	46.8
231	-0.166450	27.023725	4.337442	0.009191	38.8
232	-0.166248	26.169533	4.415988	0.008390	33.2
233	-0.166712	25.808703	4.450030	0.014005	33.0
234	-0.163411	26.735746	4.363609	0.013881	19.8
235	-0.162149	25.855870	4.445550	0.011497	44.2
236	-0.164559	24.976797	4.530549	0.011582	16.5
237	-0.164672	24.102911	4.618330	0.012752	23.8
238	-0.166941	23.891547	4.640074	0.009799	28.6
239	-0.166019	24.076559	4.621030	0.008834	18.4
240	-0.165733	23.376238	4.693956	0.008031	12.9
241	-0.170458	24.247954	4.603526	0.011267	17.0
242	-0.167383	25.233938	4.505351	0.011543	45.5
243	-0.169578	24.357489	4.592408	0.009339	13.0
244	-0.163840	25.357327	4.493359	0.012643	24.4
245	-0.162705	26.357323	4.398477	0.008438	26.6
246	-0.163528	25.479947	4.481505	0.010141	14.9
247	-0.164884	26.455437	4.389384	0.013962	22.2
248	-0.162251	25.575038	4.472355	0.009361	34.8
249	-0.166134	24.694636	4.558524	0.008555	19.5
250	-0.166057	25.663692	4.463858	0.010990	21.4
251	-0.165726	26.613143	4.374845	0.009934	50.3
252	-0.164348	27.606123	4.285471	0.012622	25.0
253	-0.173232	26.725993	4.364500	0.008424	40.2
254	-0.165048	27.709114	4.276409	0.008236	21.1
255	-0.163371	27.002934	4.339320	0.009448	45.0
256	-0.167071	27.297665	4.312840	0.009109	21.3
257	-0.163990	26.437577	4.391036	0.012479	12.5
258	-0.165425	25.557175	4.474071	0.009589	29.1
259	-0.170096	26.554950	4.380198	0.010990	29.8
260	-0.163874	25.833384	4.447684	0.011070	42.0
261	-0.170153	26.833298	4.354709	0.008040	14.3
262	-0.165564	25.956695	4.436005	0.016053	14.3
263	-0.164418	25.095778	4.518854	0.011245	51.1
264	-0.166706	24.357245	4.592433	0.007312	11.2
265	-0.168515	25.356623	4.493427	0.010823	18.8
266	-0.162170	26.353388	4.398843	0.013122	31.8
267	-0.154652	27.353386	4.307870	0.009592	11.0
268	-0.167244	26.482353	4.386895	0.011503	22.6
269	-0.169976	26.011256	4.430856	0.015424	50.0
270	-0.161328	27.011256	4.338568	0.006370	11.2
271	-0.166057	27.168406	4.324414	0.010092	18.0
272	-0.168660	27.734061	4.274220	0.012843	42.8
273	-0.167197	28.733733	4.188306	0.015150	12.9
274	-0.168488	29.724031	4.106537	0.017330	20.7
275	-0.167101	28.853803	4.178219	0.012325	38.4
276	-0.160875	27.973402	4.253331	0.012642	11.6
277	-0.163339	27.093031	4.331191	0.010222	28.6
278	-0.165057	28.092689	4.242997	0.013471	27.2
279	-0.166331	29.091061	4.158429	0.010629	19.2
280	-0.164063	28.213351	4.232594	0.010520	16.8
281	-0.173215	29.213348	4.148302	0.008796	50.4
282	-0.164444	28.349474	4.220919	0.009090	13.9
283	-0.161149	29.341379	4.137751	0.009248	50.1
284	-0.162894	30.232702	4.065765	0.009874	19.3
285	-0.170756	29.396213	4.133249	0.010922	72.0
286	-0.166927	30.305544	4.059992	0.007658	25.4
287	-0.168161	29.729750	4.106074	0.014087	23.4
288	-0.166593	28.849349	4.178592	0.009599	38.3
289	-0.161726	29.849333	4.096418	0.010568	21.4
290	-0.162222	28.971120	4.168410	0.009239	52.6
291	-0.161375	29.963599	4.087233	0.010542	20.8
292	-0.165029	30.704770	4.028644	0.008770	18.7
293	-0.168347	31.526644	3.965609	0.015409	23.7
294	-0.160248	30.666675	4.031614	0.009572	14.4
295	-0.163503	29.791880	4.101051	0.013992	31.6
296	-0.162871	30.791714	4.021881	0.008378	38.3
297	-0.162969	30.040417	4.081082	0.011764	20.1
298	-0.166457	31.040338	4.002666	0.010809	18.1
299	-0.166595	32.022330	3.928536	0.010211	33.0
300	-0.164065	33.022093	3.855832	0.007960	12.0
301	-0.168905	32.207722	3.914847	0.012591	39.7
302	-0.163242	33.193907	3.843608	0.008109	30.9
303	-0.168716	34.183632	3.774672	0.012251	57.6
304	-0.165019	35.072500	3.714835	0.013506	17.8
305	-0.163490	34.361669	3.762533	0.010216	19.1
306	-0.164280	33.721995	3.806515	0.009268	40.2
307	-0.166116	34.549337	3.749822	0.012130	18.5
308	-0.161037	33.674030	3.809855	0.012361	20.1
309	-0.167744	32.793647	3.872207	0.009991	31.5
310	-0.162846	31.914275	3.936558	0.012217	17.4
311	-0.167711	32.908565	3.863952	0.014769	21.2
312	-0.167004	33.908565	3.793581	0.011607	35.0
313	-0.171145	33.041130	3.854474	0.017538	13.8
314	-0.161887	32.228058	3.913352	0.015880	32.8
315	-0.168949	31.347656	3.979168	0.011598	19.0
316	-0.164425	30.467261	4.047235	0.009818	18.9
317	-0.164487	31.024927	4.003852	0.009565	27.6
318	-0.168726	32.002339	3.930017	0.013153	14.7
319	-0.166619	32.761446	3.874526	0.013294	20.2
320	-0.169601	33.761380	3.803778	0.008701	36.4
321	-0.167877	32.961883	3.860134	0.005914	13.4
322	-0.163527	32.903203	3.864337	0.012522	13.8
323	-0.168479	32.256466	3.911264	0.008445	51.2
324	-0.164394	31.382817	3.976497	0.007426	15.5
325	-0.167929	32.315213	3.906955	0.009849	19.3
326	-0.171580	31.475397	3.969481	0.007896	44.6
327	-0.165322	30.729388	4.026727	0.010602	9.7
328	-0.161169	31.728642	3.950417	0.011303	29.0
329	-0.164412	30.849169	4.017424	0.006652	19.4
330	-0.166011	31.848150	3.941484	0.009854	20.2
331	-0.165783	32.845527	3.868476	0.011477	40.6
332	-0.166237	31.967770	3.932582	0.008715	13.6
333	-0.165107	32.913318	3.863611	0.011183	21.8
334	-0.168060	32.664232	3.881545	0.013267	37.0
335	-0.159548	33.663446	3.810592	0.014529	17.1
336	-0.161945	32.783044	3.872970	0.010288	21.3
337	-0.168563	33.783044	3.802273	0.013897	35.2
338	-0.160847	34.567780	3.748577	0.010132	12.2
339	-0.164964	35.558242	3.682931	0.012853	46.6
340	-0.167666	34.678611	3.741116	0.009441	13.5
341	-0.171457	34.149831	3.776986	0.010441	18.7
342	-0.163288	35.145066	3.710034	0.012509	24.8
343	-0.164816	34.436889	3.757428	0.014254	38.7
344	-0.169112	35.436889	3.690850	0.016956	22.5
345	-0.167804	36.435739	3.626664	0.013420	31.8
346	-0.170404	37.435603	3.564610	0.012838	19.4
347	-0.165002	38.435603	3.504635	0.013592	25.1
348	-0.167002	38.671888	3.490758	0.009935	43.9
349	-0.163821	39.671884	3.433223	0.007286	14.3
350	-0.161276	38.861671	3.479691	0.011038	31.2
351	-0.165294	37.981537	3.531616	0.006839	24.6
352	-0.166643	37.326037	3.571306	0.013965	32.1
353	-0.167093	38.325978	3.511111	0.011673	33.2
354	-0.166958	37.549304	3.557687	0.009647	27.6
355	-0.168051	38.532464	3.498933	0.014076	35.0
356	-0.175237	38.080578	3.525695	0.009710	16.2
357	-0.167201	39.074909	3.467340	0.011128	19.9
358	-0.167913	39.985928	3.415544	0.011157	45.3
359	-0.169298	39.112296	3.465183	0.010707	14.7
360	-0.161184	38.231894	3.516688	0.010496	27.0
361	-0.169118	39.231631	3.458318	0.008217	30.3
362	-0.166177	40.064853	3.411129	0.013715	10.3
363	-0.163570	39.210254	3.459546	0.011493	34.2
364	-0.162917	40.201772	3.403498	0.007799	28.2
365	-0.169743	40.709199	3.375512	0.010729	20.9
366	-0.167688	39.828821	3.424365	0.012241	41.3
367	-0.172428	40.794576	3.370848	0.012529	12.8
368	-0.159889	40.227508	3.402067	0.012371	32.3
369	-0.167993	41.225861	3.347485	0.009532	34.5
370	-0.174910	42.225496	3.294559	0.008456	10.0
371	-0.165600	41.348587	3.340896	0.011380	46.9
372	-0.168261	42.341281	3.288536	0.010813	24.4
373	-0.163703	41.767630	3.318591	0.014600	21.5
374	-0.164807	42.767284	3.266567	0.007170	37.9
375	-0.166853	43.754221	3.216780	0.009570	15.8
376	-0.160880	44.753280	3.167905	0.008966	13.6
377	-0.165725	45.248179	3.144239	0.008529	20.7
378	-0.164076	44.427207	3.183693	0.011870	37.1
379	-0.169877	45.421765	3.136022	0.012622	12.3
380	-0.168728	46.421765	3.089508	0.006749	21.2
381	-0.165752	47.292275	3.050127	0.013957	40.8
382	-0.162458	48.292056	3.006118	0.009291	13.5
383	-0.163683	49.262673	2.964591	0.009349	44.1
384	-0.162748	48.427545	3.000252	0.009769	19.7
385	-0.168298	49.406706	2.958527	0.014776	22.0
386	-0.163723	50.122731	2.928742	0.016651	38.4
387	-0.170234	51.122731	2.888134	0.014896	24.2
388	-0.167736	50.270250	2.922680	0.009569	40.1
389	-0.166021	51.262303	2.882556	0.013575	16.4
390	-0.162619	50.402314	2.917274	0.012217	32.0
391	-0.165791	49.522349	2.953675	0.012011	32.1
392	-0.164202	50.521958	2.912394	0.011383	23.4
393	-0.163049	51.519198	2.872344	0.010202	38.3
394	-0.167434	50.639460	2.907617	0.012006	12.4
395	-0.168739	51.638867	2.867612	0.010034	22.9
396	-0.170833	51.101692	2.888977	0.010758	32.4
397	-0.164161	51.993169	2.853693	0.010064	18.2
398	-0.168811	51.115300	2.888432	0.013057	9.4
399	-0.165193	50.330868	2.920196	0.007382	34.6
400	-0.160811	49.450506	2.956687	0.009429	27.9
401	-0.161236	50.397519	2.917470	0.010642	15.8
402	-0.168038	49.517160	2.953893	0.011523	19.0
403	-0.164981	48.826722	2.983100	0.006287	46.0
404	-0.164716	49.029249	2.974473	0.008314	14.0
405	-0.162718	49.672837	2.947386	0.012899	21.6
406	-0.165737	48.792792	2.984551	0.008674	27.4
407	-0.163208	49.734559	2.944814	0.010933	14.6
408	-0.172239	48.854490	2.981914	0.009221	22.4
409	-0.165099	48.072528	3.015672	0.012907	33.0
410	-0.164024	47.192148	3.054606	0.007943	29.8
411	-0.166451	48.141663	3.012657	0.007914	20.8
412	-0.160614	47.262966	3.051437	0.007966	39.7
413	-0.160777	47.811353	3.027118	0.005044	15.8
414	-0.168846	47.356556	3.047259	0.012674	35.3
415	-0.164668	46.844772	3.070246	0.013661	41.2
416	-0.169637	46.272224	3.096376	0.011583	22.4
417	-0.167002	47.268363	3.051195	0.010822	44.5
418	-0.171419	48.103968	3.014300	0.011682	14.3
419	-0.164626	47.838603	3.025920	0.009198	21.0
420	-0.164016	48.838472	2.982598	0.010346	38.9
421	-0.162378	47.988978	3.019325	0.020250	12.7
422	-0.168209	47.108576	3.058354	0.010275	20.2
423	-0.167281	46.235502	3.098067	0.008896	34.8
424	-0.163514	47.114202	3.058101	0.013066	22.3
425	-0.159701	48.023492	3.017815	0.012155	21.6
426	-0.171381	49.001908	2.975635	0.014187	38.0
427	-0.168346	49.233301	2.965831	0.008457	16.8
428	-0.165918	50.233052	2.924206	0.008163	14.2
429	-0.168133	50.899387	2.897106	0.007608	38.2
430	-0.157155	51.728262	2.864088	0.016980	14.9
431	-0.164719	50.847876	2.899183	0.013231	30.0
432	-0.170472	50.169948	2.926799	0.011795	33.0
433	-0.165143	49.517024	2.953898	0.011445	14.8
434	-0.165904	48.971458	2.976930	0.008425	27.4
435	-0.167059	48.091283	3.014854	0.009616	25.4
436	-0.167366	49.088730	2.971949	0.013431	20.5
437	-0.167790	48.210399	3.009665	0.009032	55.1
438	-0.174123	49.210399	2.966799	0.006783	25.1
439	-0.165887	48.907645	2.979647	0.011778	11.3
440	-0.168120	49.904671	2.937749	0.009946	46.2
441	-0.162413	49.024579	2.974671	0.010539	15.6
442	-0.165877	49.955486	2.935645	0.016708	31.5
443	-0.165648	50.730583	2.903923	0.008807	36.1
444	-0.166887	49.851307	2.939962	0.009851	21.8
445	-0.169605	49.650555	2.948315	0.010216	35.5
446	-0.170237	48.803601	2.984088	0.012021	16.8
447	-0.162443	47.923218	3.022205	0.009081	26.9
448	-0.169147	47.175947	3.055331	0.009731	32.9
449	-0.165152	46.299213	3.095134	0.008642	14.1
450	-0.166740	45.694121	3.123216	0.015085	41.3
451	-0.166494	46.035384	3.107316	0.009155	28.2
452	-0.168943	45.168603	3.148020	0.009955	17.5
453	-0.171857	45.367510	3.138586	0.012772	51.3
454	-0.163268	46.025549	3.107772	0.009438	18.6
455	-0.164265	47.017325	3.062457	0.010980	25.1
456	-0.166734	46.136925	3.102616	0.007999	30.4
457	-0.166135	45.267035	3.143344	0.008916	16.0
458	-0.169089	44.859464	3.162797	0.007159	72.7
459	-0.164704	45.705693	3.122674	0.008627	19.8
460	-0.163590	46.425878	3.089320	0.013483	32.7
461	-0.168225	46.823121	3.071226	0.012049	29.5
462	-0.171429	47.823104	3.026602	0.010528	33.8
463	-0.164585	48.822843	2.983266	0.012077	38.0
464	-0.165530	48.463575	2.998696	0.012825	10.1
465	-0.167659	49.462395	2.956188	0.011430	19.6
466	-0.165125	49.706673	2.945975	0.009084	42.1
467	-0.172644	50.702550	2.905059	0.011783	9.5
468	-0.168199	49.869159	2.939221	0.009464	28.6
469	-0.167736	49.784610	2.942732	0.010639	28.0
470	-0.169825	49.974137	2.934874	0.012193	16.4
471	-0.170233	49.308743	2.962649	0.008520	29.8
472	-0.163806	50.308381	2.921117	0.012645	35.4
473	-0.167941	51.178909	2.885886	0.009530	14.1
474	-0.160769	51.308510	2.880714	0.011380	31.5
475	-0.166305	52.295716	2.841914	0.008592	31.3
476	-0.171292	51.415545	2.876456	0.012785	21.9
477	-0.166292	50.537469	2.911762	0.011851	47.9
478	-0.174582	49.659650	2.947936	0.006531	22.3
479	-0.167295	50.598562	2.909278	0.011613	31.8
480	-0.164815	51.598343	2.869213	0.016510	16.3
481	-0.164154	52.598343	2.830228	0.007183	34.8
482	-0.167287	51.722724	2.864306	0.008901	27.1
483	-0.167607	51.390840	2.877437	0.011288	21.2
484	-0.170185	50.510439	2.912863	0.015242	39.1
485	-0.171640	51.510439	2.872691	0.013078	20.6
486	-0.166363	50.674420	2.906199	0.009468	20.7
487	-0.161711	50.570204	2.910431	0.012907	41.9
488	-0.161354	51.570186	2.870326	0.013726	18.9
489	-0.170214	52.570185	2.831312	0.012155	29.1
490	-0.166262	53.570185	2.793343	0.011243	39.8
491	-0.165827	52.692734	2.826603	0.012642	13.5
492	-0.170500	51.882261	2.858036	0.017609	23.7
493	-0.167860	52.882261	2.819352	0.012895	38.1
494	-0.165344	53.882261	2.781702	0.012967	19.9
495	-0.160838	54.878275	2.745188	0.010049	22.8
496	-0.161311	55.783547	2.712822	0.008353	48.0
497	-0.164282	54.903211	2.744286	0.007176	12.6
498	-0.164934	54.030490	2.776206	0.014969	45.3
499	-0.170269	54.573607	2.756255	0.011545	28.6
500	-0.167431	55.460488	2.724284	0.008651	23.1
501	-0.167933	54.580109	2.756018	0.007762	33.0
502	-0.170001	54.891962	2.744693	0.014052	15.5
503	-0.163890	55.475337	2.723755	0.010778	20.7
504	-0.166786	54.594935	2.755477	0.006860	46.1
505	-0.167639	54.049828	2.775491	0.016845	23.6
506	-0.163927	53.169913	2.808418	0.011652	41.6
507	-0.164080	53.078300	2.811891	0.010203	22.9
508	-0.173331	53.857818	2.782610	0.013038	26.6
509	-0.172470	54.840664	2.746549	0.011444	34.1
510	-0.166110	55.062513	2.738538	0.008559	21.5
511	-0.164889	55.986555	2.705669	0.013505	22.7
512	-0.163841	55.107445	2.736922	0.006519	31.0
513	-0.165330	56.106975	2.701443	0.012287	30.5
514	-0.163581	55.433286	2.725254	0.005033	10.6
515	-0.170410	54.580415	2.756006	0.006103	31.1
516	-0.167261	55.200262	2.733588	0.008920	31.6
517	-0.168656	56.167872	2.699311	0.014554	12.2
518	-0.168810	55.412673	2.725989	0.010543	15.1
519	-0.162629	56.412673	2.690775	0.016049	28.8
520	-0.169787	55.707157	2.715524	0.011140	24.7
521	-0.171503	54.828227	2.747000	0.016510	13.4
522	-0.165810	53.947825	2.779268	0.012691	42.6
523	-0.169967	54.947825	2.742674	0.016265	20.7
524	-0.170697	54.067424	2.774840	0.009453	22.6
525	-0.167797	54.415875	2.762019	0.010564	62.4
526	-0.168491	53.539930	2.794477	0.014260	34.6
527	-0.167938	52.720622	2.825534	0.008654	43.7
528	-0.170654	53.720612	2.787720	0.012385	10.4
529	-0.162465	54.682222	2.752299	0.013347	24.8
530	-0.168387	53.802708	2.784660	0.011498	36.6
531	-0.164064	54.798749	2.748068	0.011068	12.8
532	-0.166770	55.651358	2.717501	0.009706	19.0
533	-0.167779	56.648426	2.682606	0.008881	40.0
534	-0.169224	55.903354	2.708596	0.010014	20.0
535	-0.169775	56.902348	2.673862	0.017040	76.6
536	-0.172884	56.023600	2.704367	0.011502	17.0
537	-0.171897	55.526214	2.721945	0.010154	44.2
538	-0.168865	56.526132	2.686837	0.012172	10.8
539	-0.166041	55.912423	2.708277	0.012967	22.1
540	-0.164309	56.062056	2.703018	0.017508	27.6
541	-0.162777	57.039958	2.669147	0.010746	38.9
542	-0.168353	58.039958	2.635377	0.009042	12.8
543	-0.166466	58.632965	2.615752	0.010105	14.4
544	-0.162339	57.760410	2.644731	0.008809	32.7
545	-0.169291	57.004688	2.670354	0.016804	34.1
546	-0.162523	56.124389	2.700833	0.012728	27.1
547	-0.169947	57.124387	2.666262	0.015894	28.7
548	-0.169501	57.264317	2.661495	0.010750	38.3
549	-0.168622	56.383915	2.691775	0.008866	17.1
550	-0.163296	57.383901	2.657435	0.011807	47.0
551	-0.167836	57.971450	2.637664	0.012778	35.6
552	-0.168054	57.094300	2.667290	0.012740	88.2
553	-0.167382	56.213898	2.697702	0.007980	50.7
554	-0.165601	55.333510	2.728816	0.009585	58.1
555	-0.167081	54.626920	2.754312	0.012600	59.0
556	-0.173224	55.626497	2.718382	0.012745	60.7
557	-0.172078	56.626437	2.683366	0.013038	62.4
558	-0.158963	57.625763	2.649260	0.007939	17.2
559	-0.168143	56.756023	2.678894	0.009395	38.0
560	-0.165153	56.098597	2.701737	0.010322	91.1
561	-0.168306	55.218376	2.732938	0.010537	58.0
562	-0.163015	54.526327	2.757980	0.007900	84.1
563	-0.170703	53.670163	2.789603	0.011855	86.4
564	-0.168719	52.789984	2.822878	0.008565	22.4
565	-0.165128	51.935235	2.855960	0.007506	41.2
566	-0.161932	51.893264	2.857604	0.013943	26.6
567	-0.168364	52.888090	2.819130	0.007899	22.1
568	-0.170962	53.880362	2.781772	0.010131	65.9
569	-0.171808	53.024689	2.813928	0.007813	190.0
570	-0.175497	52.145288	2.847758	0.011458	65.7
571	-0.165269	51.670225	2.866375	0.010500	63.7
572	-0.166089	52.569245	2.831348	0.010194	14.5
573	-0.172544	53.569067	2.793385	0.012751	34.5
574	-0.171232	54.559568	2.756767	0.012039	46.4
575	-0.168821	55.559568	2.720759	0.012787	9.0
576	-0.170014	54.714935	2.751110	0.006155	57.3
577	-0.163876	53.862876	2.782422	0.010192	58.5
578	-0.161606	54.845826	2.746362	0.009614	64.2
579	-0.168687	53.967755	2.778529	0.008614	27.0
580	-0.169552	53.568423	2.793409	0.012777	18.1
581	-0.168361	52.753475	2.824275	0.010694	65.4
582	-0.165581	51.880364	2.858110	0.007787	28.9
583	-0.172017	52.880228	2.819430	0.008586	39.2
584	-0.173494	53.861037	2.782490	0.011971	24.2
585	-0.164175	54.640604	2.753813	0.009916	47.0
586	-0.165975	53.760291	2.786240	0.009586	25.6
587	-0.170774	53.446665	2.797978	0.008438	44.1
588	-0.164891	54.078211	2.774442	0.007886	20.5
589	-0.167631	53.662062	2.789906	0.008864	37.5
590	-0.169730	54.324662	2.765364	0.010575	18.2
591	-0.169473	55.323709	2.729167	0.010335	20.4
592	-0.174510	54.445113	2.760949	0.013172	54.5
593	-0.164458	55.444900	2.724840	0.011733	16.0
594	-0.166670	56.444900	2.689656	0.009015	36.6
595	-0.165566	56.907318	2.673691	0.011525	46.4
596	-0.165676	57.750570	2.645062	0.006460	35.6
597	-0.168264	58.733179	2.612465	0.015086	24.8
598	-0.166717	59.573091	2.585232	0.011230	57.1
599	-0.166190	60.573086	2.553540	0.008044	68.5
600	-0.170984	61.430983	2.526964	0.011679	37.4
601	-0.163517	62.430973	2.496676	0.020277	54.5
602	-0.169266	63.027205	2.478960	0.011727	48.0
603	-0.170942	62.146803	2.505209	0.009807	54.4
604	-0.166830	61.266426	2.532019	0.010009	55.2
605	-0.171454	60.563346	2.553845	0.010697	13.6
606	-0.164620	59.699719	2.581175	0.011441	21.1
607	-0.166068	60.698118	2.549632	0.013472	90.7
608	-0.172394	61.697035	2.518834	0.010551	51.1
609	-0.168157	60.816634	2.545938	0.012595	40.9
610	-0.168947	61.816576	2.515198	0.017294	44.1
611	-0.166965	60.936174	2.542224	0.008909	19.4
612	-0.171252	60.056670	2.569808	0.011086	64.7
613	-0.170092	61.056205	2.538505	0.009332	23.2
614	-0.170186	62.056204	2.507942	0.008226	40.8
615	-0.165903	63.050947	2.478260	0.009271	61.4
616	-0.177330	63.205364	2.473715	0.015035	56.1
617	-0.170183	63.690051	2.459558	0.008688	45.6
618	-0.167378	64.689972	2.430858	0.008668	36.3
619	-0.165981	65.653859	2.403818	0.014477	47.3
620	-0.172551	66.653717	2.376398	0.009875	72.5
621	-0.171327	65.779208	2.400346	0.009355	74.5
622	-0.170636	66.763472	2.373426	0.017694	66.2
623	-0.165609	67.760646	2.346762	0.009643	87.5
624	-0.162947	67.164999	2.362617	0.007596	52.0
625	-0.168871	66.623037	2.377230	0.012065	60.1
626	-0.171932	65.748155	2.401205	0.009519	37.5
627	-0.170512	65.474570	2.408802	0.014054	27.8
628	-0.168888	66.469855	2.381393	0.009069	56.5
629	-0.170994	65.589585	2.405602	0.009808	29.7
630	-0.164249	64.712363	2.430223	0.009404	64.0
631	-0.170161	65.712362	2.402196	0.011194	59.3
632	-0.172665	66.710566	2.374858	0.016126	39.2
633	-0.173569	67.710564	2.348087	0.015055	38.3
634	-0.167048	66.830163	2.371624	0.010496	60.3
635	-0.166587	65.949761	2.395638	0.014195	56.3
636	-0.175745	66.949725	2.368400	0.011436	68.1
637	-0.165837	67.949504	2.341779	0.008665	26.5
638	-0.166702	68.152434	2.336449	0.010915	42.2
639	-0.172015	68.462815	2.328343	0.010950	64.5
640	-0.163254	69.460822	2.302656	0.010271	34.9
641	-0.165046	70.342284	2.280435	0.013610	47.6
642	-0.167791	69.475092	2.302292	0.014297	48.6
643	-0.167348	68.594694	2.324916	0.014545	32.2
644	-0.179792	69.594694	2.299253	0.013742	70.4
645	-0.168120	68.716269	2.321765	0.013008	48.5
646	-0.172606	69.705330	2.296448	0.010312	35.0
647	-0.171516	69.026523	2.313764	0.014885	59.6
648	-0.166822	68.147600	2.336576	0.012692	37.2
649	-0.164554	67.304105	2.358895	0.008316	22.5
650	-0.166048	68.303634	2.332493	0.010355	35.9
651	-0.164912	67.423702	2.355705	0.015448	19.0
652	-0.164969	68.420292	2.329450	0.011919	42.2
653	-0.170763	69.420243	2.303689	0.005444	55.1
654	-0.166957	68.674600	2.322844	0.011458	36.0
655	-0.171202	69.002927	2.314370	0.010795	49.4
656	-0.169380	70.002869	2.288940	0.008263	52.1
657	-0.165580	69.739887	2.295574	0.010109	52.4
658	-0.161393	68.860293	2.318044	0.009496	51.6
659	-0.164976	68.099960	2.337825	0.009187	43.1
660	-0.166036	69.008327	2.314232	0.010150	45.2
661	-0.172540	69.927173	2.290846	0.006842	21.2
662	-0.168996	70.880496	2.267077	0.011807	48.1
663	-0.175073	71.867435	2.242983	0.005927	63.1
664	-0.167155	70.987541	2.264438	0.009769	31.9
665	-0.165601	70.143366	2.285412	0.012179	39.8
666	-0.163601	69.434008	2.303338	0.007133	39.1
667	-0.168448	68.733491	2.321320	0.006241	45.2
668	-0.169364	68.003584	2.340356	0.007803	33.6
669	-0.165579	67.507224	2.353481	0.010210	46.9
670	-0.171327	66.708699	2.374908	0.014195	43.9
671	-0.171676	65.828308	2.398989	0.012517	28.8
672	-0.167733	64.948203	2.423554	0.009809	32.6
673	-0.167704	65.947932	2.395688	0.015124	52.4
674	-0.171922	65.067559	2.420193	0.015417	26.5
675	-0.170078	66.067559	2.392396	0.009875	23.9
676	-0.174662	67.067557	2.365231	0.012511	30.1
677	-0.165872	66.344289	2.384817	0.007779	48.0
678	-0.169017	67.342832	2.357861	0.008002	24.3
679	-0.174091	66.928928	2.368960	0.010297	35.3
680	-0.167980	66.048963	2.392907	0.009968	37.5
681	-0.167392	65.170678	2.417297	0.010105	41.2
682	-0.167600	64.325633	2.441237	0.012327	61.3
683	-0.169192	65.293641	2.413852	0.012326	76.5
684	-0.166560	64.466234	2.437221	0.008851	26.6
685	-0.172957	64.154254	2.446150	0.018974	55.7
686	-0.169746	63.273935	2.471703	0.011859	47.1
687	-0.166037	62.569004	2.492552	0.015623	58.6
688	-0.164184	63.568955	2.463080	0.009534	60.9
689	-0.165923	64.568955	2.434295	0.007452	40.1
690	-0.165815	63.918293	2.452947	0.014975	30.7
691	-0.168327	64.569720	2.434274	0.011345	38.1
692	-0.169988	65.530897	2.407234	0.008981	66.3
693	-0.166264	64.650501	2.431978	0.012368	42.0
694	-0.171584	64.020497	2.449999	0.010196	64.0
695	-0.173606	65.002520	2.422023	0.012496	42.4
696	-0.162286	64.123722	2.447028	0.012959	51.4
697	-0.168139	65.121396	2.418680	0.011092	41.8
698	-0.172065	64.542336	2.435053	0.006439	48.6
699	-0.167672	65.541375	2.406943	0.008306	22.4
700	-0.169541	65.321515	2.413073	0.012498	35.9
701	-0.171812	65.311324	2.413358	0.007158	30.4
702	-0.172535	64.634063	2.432445	0.010609	36.0
703	-0.169305	65.632981	2.404397	0.015379	60.2
704	-0.171493	65.041805	2.420918	0.009832	29.7
705	-0.166720	66.041367	2.393116	0.012124	44.9
706	-0.165133	65.163468	2.417499	0.006867	48.0
707	-0.169563	64.312934	2.441601	0.011292	63.0
708	-0.168693	65.014374	2.421690	0.016168	57.6
709	-0.167304	66.012733	2.393904	0.011447	56.5
710	-0.171707	65.147628	2.417944	0.007607	50.9
711	-0.165319	65.844911	2.398530	0.010078	26.2
712	-0.171453	66.307790	2.385814	0.015221	36.3
713	-0.171205	67.305406	2.358860	0.011048	51.4
714	-0.167869	66.425420	2.382604	0.009194	16.1
715	-0.165582	67.327719	2.358264	0.012061	38.7
716	-0.164586	67.135416	2.363410	0.011877	73.7
717	-0.174272	66.255014	2.387257	0.007073	19.6
718	-0.170065	66.616773	2.377400	0.009926	54.5
719	-0.173667	65.983373	2.394712	0.011179	61.4
720	-0.169538	66.982488	2.367518	0.010768	49.2
721	-0.168642	66.102146	2.391446	0.015512	16.4
722	-0.171402	67.100379	2.364350	0.007459	24.8
723	-0.170225	66.220361	2.388205	0.010472	34.1
724	-0.168931	65.650608	2.403908	0.008480	50.9
725	-0.171143	66.648570	2.376538	0.016978	56.5
726	-0.172397	65.770241	2.400594	0.010662	49.5
727	-0.164549	66.770064	2.373248	0.012370	38.6
728	-0.165418	67.770058	2.346513	0.010023	44.0
729	-0.164293	68.765361	2.320495	0.010687	42.2
730	-0.174242	68.126694	2.337124	0.016248	39.2
731	-0.169396	67.246333	2.360439	0.008989	22.1
732	-0.171356	66.388586	2.383608	0.009993	47.8
733	-0.168089	66.106326	2.391332	0.007224	36.0
734	-0.167245	66.081076	2.392025	0.013687	39.0
735	-0.171081	65.999820	2.394259	0.010260	40.1
736	-0.167380	66.999819	2.367052	0.020707	27.5
737	-0.167082	67.999819	2.340455	0.013786	44.2
738	-0.172494	68.999819	2.314450	0.008941	44.5
739	-0.168357	69.662283	2.297539	0.012561	57.8
740	-0.168931	70.657058	2.272603	0.011229	39.0
741	-0.162547	71.657050	2.248076	0.007797	36.4
742	-0.165653	70.777682	2.269616	0.009196	39.7
743	-0.173394	71.215697	2.258836	0.013943	25.9
744	-0.171801	72.215633	2.234605	0.013118	32.4
745	-0.168372	73.215633	2.210887	0.016353	53.3
746	-0.171815	72.800105	2.220681	0.013712	26.3
747	-0.173311	73.764691	2.198077	0.011612	25.7
748	-0.166656	72.884294	2.218690	0.008314	39.8
749	-0.170933	72.416601	2.229798	0.007949	21.5
750	-0.165445	73.035260	2.215128	0.011425	43.6
751	-0.173530	74.033274	2.191865	0.011516	65.0
752	-0.168025	75.025778	2.169210	0.008521	52.1
753	-0.168518	74.256255	2.186734	0.011190	45.5
754	-0.169939	73.375855	2.207134	0.014525	87.6
755	-0.167924	72.495532	2.227915	0.007045	56.1
756	-0.165803	72.423785	2.229626	0.008972	75.6
757	-0.170959	73.367241	2.207335	0.009206	35.5
758	-0.172917	72.545439	2.226727	0.007834	38.4
759	-0.164963	73.297463	2.208968	0.014113	25.5
760	-0.173287	74.124981	2.189752	0.012115	19.2
761	-0.167113	73.273142	2.209538	0.009460	38.8
762	-0.171296	72.409290	2.229972	0.008671	41.4
763	-0.166016	71.717787	2.246604	0.008368	42.0
764	-0.171750	72.717756	2.222632	0.014705	39.9
765	-0.168358	71.837371	2.243710	0.009070	45.4
766	-0.171988	72.837371	2.219799	0.009193	58.3
767	-0.166627	71.962431	2.240691	0.011997	41.1
768	-0.165786	72.925759	2.217710	0.010614	36.3
769	-0.165055	73.924465	2.194378	0.016574	24.9
770	-0.170413	74.668711	2.177307	0.007217	43.3
771	-0.171234	75.321467	2.162551	0.013582	38.5
772	-0.169803	76.321296	2.140334	0.011162	46.6
773	-0.166424	75.654992	2.155089	0.015383	62.4
774	-0.169924	74.780469	2.174766	0.010336	46.0
775	-0.161293	75.780469	2.152295	0.009795	32.5
776	-0.166258	75.060112	2.168435	0.012663	33.6
777	-0.171377	74.182843	2.188421	0.010206	44.6
778	-0.168535	75.182508	2.165676	0.009474	47.4
779	-0.169504	76.179723	2.143452	0.010919	27.5
780	-0.168512	77.041187	2.124618	0.009373	39.2
781	-0.169700	78.040946	2.103172	0.011437	47.4
782	-0.172577	78.853347	2.086060	0.005773	30.4
783	-0.165779	78.223676	2.099299	0.009128	38.1
784	-0.169199	78.620174	2.090943	0.010595	47.9
785	-0.165751	79.620152	2.070163	0.008349	47.5
786	-0.165586	80.496241	2.052294	0.006062	31.0
787	-0.169515	80.761528	2.046944	0.012863	24.6
788	-0.174348	80.476855	2.052686	0.024493	28.2
789	-0.168963	81.476854	2.032655	0.009844	70.6
790	-0.166304	82.476853	2.013012	0.011464	58.6
791	-0.169333	82.834037	2.006087	0.014137	43.8
792	-0.174485	81.953881	2.023237	0.010548	31.4
793	-0.173237	82.953416	2.003783	0.014556	57.8
794	-0.172829	82.074133	2.020877	0.012438	51.8
795	-0.169276	81.193965	2.038282	0.011301	24.5
796	-0.168009	82.193948	2.018530	0.009126	64.6
797	-0.169079	83.185254	1.999324	0.011789	41.5
798	-0.167467	84.163829	1.980720	0.008565	30.9
799	-0.166533	83.296222	1.997197	0.011582	32.6
800	-0.172148	82.415842	2.014199	0.010271	31.9
801	-0.168006	83.276708	1.997571	0.014365	43.7
802	-0.172422	82.404985	2.014411	0.010551	50.8
803	-0.162697	81.535360	2.031495	0.011960	48.3
804	-0.170592	80.699918	2.048184	0.009548	40.0
805	-0.176167	80.741764	2.047341	0.012220	60.8
806	-0.167288	80.110032	2.060133	0.005208	34.4
807	-0.165751	79.266748	2.077460	0.012550	43.7
808	-0.168402	78.409582	2.095373	0.011978	58.7
809	-0.171642	77.529296	2.114093	0.009511	24.3
810	-0.168033	76.649203	2.133147	0.008148	38.0
811	-0.169672	75.876495	2.150162	0.007917	49.6
812	-0.169175	75.020360	2.169333	0.015835	28.3
813	-0.167557	76.020317	2.146974	0.006346	40.0
814	-0.168714	77.013345	2.125222	0.010370	42.6
815	-0.168072	77.997211	2.104101	0.018210	19.9
816	-0.171038	77.116810	2.122981	0.014927	54.6
817	-0.166431	78.116810	2.101562	0.009869	35.4
818	-0.167034	79.116735	2.080572	0.010809	29.2
819	-0.166697	78.252217	2.098695	0.009609	72.5
820	-0.167838	79.127643	2.080346	0.010045	49.9
821	-0.168136	80.078893	2.060768	0.010844	33.5
822	-0.168354	79.198570	2.078873	0.011418	27.1
823	-0.172934	80.152964	2.059259	0.017236	49.1
824	-0.169671	79.272562	2.077339	0.011652	52.7
825	-0.170083	78.392263	2.095738	0.005443	32.1
826	-0.169669	79.299576	2.076780	0.015671	59.3
827	-0.167585	80.271832	2.056842	0.009139	70.7
828	-0.167598	80.448351	2.053263	0.012765	42.2
829	-0.168709	80.045171	2.061455	0.009212	54.4
830	-0.171517	79.252834	2.077748	0.009573	39.2
831	-0.172961	78.396468	2.095649	0.012433	25.7
832	-0.164330	79.396407	2.074777	0.009033	53.3
833	-0.165157	80.337988	2.055499	0.015290	20.2
834	-0.170673	79.457590	2.073513	0.010361	32.7
835	-0.167858	79.767471	2.067136	0.011149	52.3
836	-0.166897	80.747994	2.047216	0.006318	45.8
837	-0.169401	79.869898	2.065037	0.013223	47.2
838	-0.171322	79.538234	2.071850	0.017200	37.1
839	-0.171355	78.657832	2.090153	0.007841	41.7
840	-0.168916	77.777514	2.108781	0.010946	21.7
841	-0.169124	76.982408	2.125893	0.011939	46.7
842	-0.172720	77.978669	2.104495	0.013431	48.7
843	-0.167753	77.098267	2.123382	0.010410	41.7
844	-0.165714	76.217884	2.142611	0.014204	29.9
845	-0.164956	75.439056	2.159914	0.014214	33.9
846	-0.170691	74.558701	2.179813	0.008447	45.1
847	-0.172971	75.338883	2.162160	0.015843	30.8
848	-0.172981	74.458899	2.182092	0.007543	52.1
849	-0.167735	73.579482	2.202382	0.011575	55.7
850	-0.165838	72.703803	2.222963	0.010893	16.0
851	-0.167168	71.824309	2.244025	0.007356	70.8
852	-0.165623	72.768208	2.221436	0.010382	40.0
853	-0.172089	72.116547	2.236983	0.012365	47.2
854	-0.166707	71.790019	2.244855	0.018688	16.6
855	-0.169536	72.790019	2.220920	0.013788	65.5
856	-0.172626	71.909617	2.241965	0.012792	84.1
857	-0.169597	71.197312	2.259286	0.010466	17.6
858	-0.162822	72.182817	2.235392	0.017474	86.9
859	-0.167908	73.182814	2.211657	0.012545	65.2
860	-0.172797	74.182793	2.188422	0.009058	62.3
861	-0.160854	73.313874	2.208584	0.015116	33.5
862	-0.165798	74.313873	2.185412	0.013068	45.5
863	-0.163379	75.313873	2.162722	0.013796	51.0
864	-0.163517	74.434658	2.182646	0.008761	55.1
865	-0.165307	74.431434	2.182720	0.006011	20.3
866	-0.163568	74.616236	2.178502	0.009752	31.4
867	-0.167965	75.588737	2.156567	0.008597	63.0
868	-0.166954	76.574785	2.134774	0.009901	52.2
869	-0.166587	75.694643	2.154205	0.011826	54.8
870	-0.170864	74.818109	2.173912	0.010066	16.6
871	-0.168554	75.817910	2.151463	0.006727	40.5
872	-0.167032	75.840381	2.150963	0.008969	29.2
873	-0.168140	75.255540	2.164032	0.011273	60.6
874	-0.170972	74.536138	2.180328	0.010389	49.4
875	-0.171566	73.680658	2.200028	0.011726	38.7
876	-0.165946	74.679032	2.177072	0.015221	45.0
877	-0.168344	73.798630	2.197290	0.016430	43.6
878	-0.169746	73.662941	2.200440	0.011235	34.8
879	-0.169875	72.787945	2.220969	0.011006	40.5
880	-0.164166	71.907778	2.242009	0.006028	55.0
881	-0.170771	71.254788	2.257879	0.015597	32.9
882	-0.164459	72.249890	2.233784	0.010645	36.7
883	-0.169232	71.369488	2.255075	0.016283	26.3
884	-0.167920	72.369488	2.230923	0.008929	29.3
885	-0.168092	73.368973	2.207294	0.011710	27.4
886	-0.173414	74.309876	2.185504	0.007324	41.3
887	-0.167656	73.440930	2.205613	0.012024	46.2
888	-0.164017	72.566091	2.226235	0.013678	48.7
889	-0.170783	73.566091	2.202693	0.010264	58.1
890	-0.164529	72.692975	2.223220	0.010923	58.0
891	-0.167512	72.596859	2.225503	0.008463	40.3
892	-0.176149	71.716559	2.246633	0.013159	30.6
893	-0.168268	72.458350	2.228802	0.011969	32.4
894	-0.168464	73.458349	2.205206	0.006419	37.3
895	-0.171318	72.682803	2.223462	0.008305	51.1
896	-0.173902	71.817693	2.244185	0.014000	18.8
897	-0.171887	71.410072	2.254085	0.006946	62.0
898	-0.167589	70.618170	2.273568	0.008399	59.5
899	-0.166118	69.785123	2.294430	0.012603	43.5
900	-0.164804	70.784084	2.269458	0.017972	43.0
901	-0.169980	69.904085	2.291427	0.009372	31.3
902	-0.167035	70.291323	2.281708	0.009504	44.8
903	-0.170616	69.421520	2.303656	0.008952	71.4
904	-0.168043	70.421504	2.278459	0.012747	64.4
905	-0.165988	71.419871	2.253846	0.016551	52.7
906	-0.167973	72.043724	2.238734	0.008227	59.3
907	-0.165277	72.080722	2.237844	0.010635	15.1
908	-0.169830	71.300889	2.256751	0.010272	70.4
909	-0.170614	70.752556	2.270238	0.012564	41.9
910	-0.169028	69.872985	2.292212	0.008704	15.9
911	-0.172966	68.992626	2.314635	0.016679	44.6
912	-0.167937	68.992335	2.314643	0.009421	61.5
913	-0.167676	68.111939	2.337511	0.009797	26.9
914	-0.172015	68.834944	2.318698	0.009529	37.2
915	-0.165218	67.962045	2.341449	0.015407	25.2
916	-0.170999	67.081643	2.364853	0.014358	62.3
917	-0.168853	68.081643	2.338306	0.009720	27.4
918	-0.168562	67.201241	2.361646	0.007421	27.8
919	-0.168178	66.320867	2.385456	0.008239	49.7
920	-0.168284	65.657459	2.403718	0.006720	51.4
921	-0.168023	64.788930	2.428054	0.011236	31.0
922	-0.172177	64.074293	2.448450	0.013075	37.4
923	-0.165062	65.060813	2.420383	0.011391	48.3
924	-0.166627	66.060813	2.392582	0.010756	32.6
925	-0.171279	65.180601	2.417019	0.011782	20.3
926	-0.167222	66.180377	2.389300	0.012328	24.1
927	-0.178260	66.718171	2.374652	0.012467	35.9
928	-0.169431	67.718171	2.347886	0.016705	28.3
929	-0.166752	66.837772	2.371418	0.008510	48.7
930	-0.167132	67.837771	2.344725	0.014185	18.3
931	-0.168729	67.132848	2.363479	0.010922	45.2
932	-0.164392	68.132452	2.336973	0.009228	45.1
933	-0.168146	67.867577	2.343938	0.016877	49.2
934	-0.168203	68.841126	2.318539	0.013064	22.6
935	-0.169612	69.841126	2.293016	0.011600	69.7
936	-0.174407	70.089979	2.286751	0.013139	29.3
937	-0.171205	70.797563	2.269125	0.011139	92.2
938	-0.166113	69.923958	2.290927	0.014071	71.3
939	-0.171029	70.923918	2.266006	0.009088	33.6
940	-0.168526	70.920477	2.266090	0.008679	48.2
941	-0.170115	70.040897	2.287984	0.011675	88.4
942	-0.163684	71.040860	2.263127	0.013133	34.3
943	-0.167091	70.163308	2.284912	0.013665	29.9
944	-0.168844	71.163300	2.260120	0.010638	40.0
945	-0.166407	70.316757	2.281072	0.009738	60.9
946	-0.172561	71.316639	2.256366	0.013213	38.6
947	-0.167149	70.438740	2.278029	0.007857	52.2
948	-0.169766	71.438735	2.253386	0.008895	69.8
949	-0.167679	70.994580	2.264265	0.009960	53.9
950	-0.175623	71.789272	2.244873	0.012676	43.2
951	-0.167946	72.789272	2.220938	0.010779	20.4
952	-0.168636	73.789265	2.197507	0.007489	36.7
953	-0.166263	72.952014	2.217090	0.012652	57.0
954	-0.171114	72.727225	2.222408	0.009836	35.9
955	-0.172751	73.569588	2.202612	0.013007	26.5
956	-0.167420	74.253012	2.186809	0.012784	37.3
957	-0.166260	73.372610	2.207209	0.013372	28.8
958	-0.168204	74.372610	2.184066	0.006224	33.7
959	-0.171665	73.492270	2.204414	0.013124	13.2
960	-0.166040	72.612621	2.225129	0.009695	49.5
961	-0.166327	71.940956	2.241209	0.016244	55.9
962	-0.174872	71.200033	2.259220	0.014507	57.1
963	-0.172803	72.188223	2.235262	0.014759	45.9
964	-0.168695	71.307822	2.256581	0.013554	35.9
965	-0.175379	70.429259	2.278265	0.013096	27.9
966	-0.173376	71.429259	2.253617	0.010296	40.2
967	-0.163782	72.429181	2.229497	0.006263	40.8
968	-0.167466	73.044157	2.214918	0.006871	53.3
969	-0.171174	72.173553	2.235614	0.010813	50.9
970	-0.167891	73.153471	2.212347	0.007617	38.6
971	-0.162065	73.456765	2.205243	0.011284	46.4
972	-0.168772	73.789187	2.197509	0.013251	54.8
973	-0.167266	72.921872	2.217802	0.009111	19.7
974	-0.166398	72.955335	2.217012	0.011475	41.8
975	-0.170453	73.037460	2.215076	0.009384	59.2
976	-0.165537	72.497106	2.227878	0.012936	32.0
977	-0.172953	73.497063	2.204303	0.008348	23.9
978	-0.161544	74.489320	2.181397	0.011110	27.0
979	-0.166273	75.435983	2.159983	0.010111	49.8
980	-0.169567	74.857028	2.173029	0.009009	28.4
981	-0.170531	75.856017	2.150616	0.007366	34.0
982	-0.173696	76.780247	2.130288	0.012618	53.5
983	-0.170224	77.538668	2.113892	0.014115	49.8
984	-0.167440	76.658271	2.132949	0.010679	58.8
985	-0.159333	77.658271	2.111329	0.009578	44.2
986	-0.171008	76.800518	2.129847	0.010453	63.5
987	-0.168605	76.355510	2.139582	0.013887	63.4
988	-0.167181	75.681300	2.154503	0.007790	61.5
989	-0.167408	76.563170	2.135028	0.011034	16.4
990	-0.170067	77.088514	2.123593	0.012808	71.0
991	-0.171344	78.088514	2.102162	0.009678	29.1
992	-0.166369	77.681887	2.110824	0.012369	57.8
993	-0.161236	78.313191	2.097406	0.010605	47.1
994	-0.169693	77.768985	2.108963	0.008779	30.8
995	-0.166972	76.888602	2.127930	0.008988	23.7
996	-0.164033	76.047739	2.146368	0.009653	29.0
997	-0.171130	76.822298	2.129373	0.013310	29.9
998	-0.167571	77.820288	2.107868	0.010094	20.3
999	-0.172672	78.761961	2.087971	0.024539	61.2
1000	-0.166168	77.882385	2.106544	0.013625	83.0
1001	-0.168768	78.882385	2.085454	0.010579	31.2
1002	-0.172877	79.625064	2.070062	0.006992	56.6
1003	-0.174208	79.127058	2.080358	0.009718	48.8
1004	-0.164381	79.866899	2.065099	0.015289	32.1
1005	-0.170149	78.986497	2.083282	0.006055	45.1
1006	-0.168204	78.336848	2.096907	0.012977	26.6
1007	-0.168518	79.301564	2.076738	0.012177	61.1
1008	-0.161578	80.300968	2.056250	0.007932	60.5
1009	-0.170087	79.437858	2.073920	0.005401	44.4
1010	-0.167716	78.791314	2.087357	0.010862	42.5
1011	-0.164591	78.339150	2.096858	0.011114	38.5
1012	-0.167649	79.284129	2.077100	0.011189	45.3
1013	-0.167276	78.465484	2.094195	0.009060	50.0
1014	-0.170341	77.639477	2.111732	0.013876	41.5
1015	-0.170666	76.759076	2.130750	0.012339	54.2
1016	-0.169016	77.759026	2.109175	0.012452	51.2
1017	-0.166099	77.367745	2.117565	0.012788	44.9
1018	-0.168649	78.349361	2.096643	0.007255	43.5
1019	-0.168592	78.927852	2.084505	0.011483	40.1
1020	-0.165207	79.873732	2.064959	0.009220	72.8
1021	-0.170068	80.855067	2.045064	0.012654	52.6
1022	-0.171176	80.026662	2.061833	0.010113	45.5
1023	-0.163471	81.026529	2.041627	0.007778	57.8
1024	-0.167238	80.146850	2.059383	0.009689	48.3
1025	-0.167052	79.357135	2.075588	0.013333	26.4
1026	-0.170330	78.796260	2.087254	0.008009	33.3
1027	-0.175441	79.791416	2.066645	0.009455	27.8
1028	-0.169524	78.911578	2.084845	0.012391	89.0
1029	-0.165092	78.916090	2.084750	0.012937	35.0
1030	-0.162638	79.916087	2.064092	0.006828	22.1
1031	-0.169994	79.204864	2.078743	0.018070	50.8
1032	-0.171394	78.353455	2.096556	0.009123	62.5
1033	-0.170320	77.473055	2.115301	0.009108	36.6
1034	-0.166181	76.600686	2.134207	0.011141	31.0
1035	-0.175149	75.720365	2.153632	0.014471	30.0
1036	-0.167160	74.840057	2.173414	0.008890	31.2
1037	-0.168181	74.504514	2.181050	0.015211	47.9
1038	-0.172547	75.504125	2.158458	0.013921	53.3
1039	-0.169620	74.642231	2.177909	0.017070	39.2
1040	-0.165290	75.642231	2.155374	0.008631	30.2
1041	-0.170626	74.761880	2.175188	0.009086	40.3
1042	-0.168193	73.971350	2.193294	0.017266	45.4
1043	-0.169492	73.090957	2.213817	0.007860	54.4
1044	-0.170018	74.088821	2.190585	0.017185	22.9
1045	-0.166020	73.213066	2.210947	0.006607	63.8
1046	-0.166962	72.348534	2.231424	0.012442	48.8
1047	-0.167707	71.609112	2.249240	0.005796	47.3
1048	-0.168237	72.163066	2.235866	0.013548	19.1
1049	-0.169339	71.423532	2.253756	0.009599	47.9
1050	-0.164339	72.421876	2.229672	0.011713	48.8
1051	-0.170898	71.542121	2.250868	0.010249	18.9
1052	-0.170982	72.507512	2.227630	0.009942	70.8
1053	-0.168363	73.356136	2.207595	0.011928	53.2
1054	-0.167321	74.329547	2.185053	0.012846	25.2
1055	-0.168014	75.329547	2.162370	0.012336	59.9
1056	-0.170188	75.619030	2.155891	0.009981	12.8
1057	-0.166471	76.618643	2.133815	0.012919	40.1
1058	-0.165374	77.618634	2.112178	0.015944	87.5
1059	-0.170171	78.618634	2.090975	0.009540	39.2
1060	-0.166366	78.399752	2.095580	0.008248	42.4
1061	-0.161979	79.224347	2.078338	0.011799	28.2
1062	-0.165879	80.224058	2.057812	0.010290	21.6
1063	-0.166958	81.161709	2.038925	0.008725	35.9
1064	-0.175158	80.467980	2.052865	0.011252	31.8
1065	-0.165921	81.467952	2.032832	0.016032	27.0
1066	-0.163660	82.467952	2.013185	0.011051	46.0
1067	-0.166857	83.467952	1.993914	0.008212	88.1
1068	-0.172540	82.588106	2.010850	0.010737	50.0
1069	-0.167979	81.707767	2.028085	0.007758	64.8
1070	-0.168202	80.846261	2.045241	0.009635	54.7
1071	-0.167537	81.835015	2.025576	0.008464	15.7
1072	-0.163249	80.962352	2.042912	0.010414	36.8
1073	-0.164783	80.203832	2.058224	0.008003	48.1
1074	-0.162575	81.203594	2.038090	0.013555	17.9
1075	-0.167710	82.197831	2.018454	0.010877	24.2
1076	-0.165574	82.832097	2.006125	0.007828	55.8
1077	-0.171240	83.832057	1.986989	0.011883	34.7
1078	-0.172348	84.829959	1.968253	0.008616	56.4
1079	-0.175652	85.829573	1.949836	0.008160	37.6
1080	-0.171636	84.952263	1.965981	0.012011	45.3
1081	-0.177790	84.775447	1.969267	0.014015	47.7
1082	-0.170883	84.036709	1.983117	0.011300	35.1
1083	-0.170726	85.035644	1.964435	0.014194	59.6
1084	-0.168724	84.156204	1.980864	0.011365	51.4
1085	-0.171654	85.156204	1.962204	0.015649	22.0
1086	-0.167772	84.276262	1.978605	0.006842	64.2
1087	-0.172348	85.269378	1.960114	0.010964	37.1
1088	-0.169865	84.389566	1.976478	0.007718	30.1
1089	-0.171528	85.389398	1.957903	0.010516	70.4
1090	-0.170025	85.134863	1.962598	0.012023	62.2
1091	-0.170143	86.031118	1.946164	0.009194	39.3
1092	-0.167709	85.322989	1.959126	0.011222	34.1
1093	-0.171633	84.443500	1.975467	0.014830	45.0
1094	-0.168647	83.703628	1.989426	0.012890	43.4
1095	-0.167113	82.837623	2.006018	0.014689	24.5
1096	-0.169712	82.037862	2.021588	0.012107	43.6
1097	-0.167423	81.157471	2.039010	0.013738	39.9
1098	-0.165741	82.095512	2.020458	0.009065	35.1
1099	-0.167673	81.215400	2.037855	0.009426	31.6
1100	-0.163317	80.383030	2.054586	0.010956	56.3
1101	-0.171109	79.956517	2.063266	0.010944	35.8
1102	-0.170057	79.076990	2.081399	0.009308	21.7
1103	-0.176671	80.059583	2.061161	0.008134	44.5
1104	-0.171931	79.780034	2.066879	0.012253	44.2
1105	-0.174839	80.780027	2.046572	0.009482	19.3
1106	-0.159748	80.498003	2.052258	0.009464	55.6
1107	-0.166593	79.781823	2.066842	0.012664	40.5
1108	-0.170901	78.901585	2.085053	0.008603	27.4
1109	-0.170026	79.691660	2.068693	0.010936	28.5
1110	-0.168823	80.645476	2.049281	0.010785	40.0
1111	-0.168314	79.775108	2.066980	0.010419	38.7
1112	-0.170738	79.134264	2.080208	0.008722	46.5
1113	-0.171670	80.094419	2.060451	0.015019	63.8
1114	-0.167575	79.282453	2.077134	0.013189	23.5
1115	-0.168038	78.402078	2.095531	0.008303	57.7
1116	-0.169552	79.392819	2.074851	0.010808	56.0
1117	-0.167536	78.550215	2.092413	0.018458	17.8
1118	-0.168169	77.669837	2.111082	0.008657	44.1
1119	-0.169620	78.654576	2.090221	0.010507	39.3
1120	-0.168107	78.909678	2.084884	0.010271	34.9
1121	-0.163033	78.035699	2.103283	0.007320	97.0
1122	-0.166991	78.434701	2.094843	0.010970	41.3
1123	-0.165018	77.578013	2.113048	0.005074	35.7
1124	-0.166818	78.038457	2.103225	0.008572	69.6
1125	-0.169324	77.316679	2.118665	0.009849	18.8
1126	-0.167548	78.314173	2.097386	0.019167	64.6
1127	-0.170371	77.433771	2.116145	0.007676	43.8
1128	-0.163382	77.169021	2.121852	0.008706	61.1
1129	-0.169549	76.741000	2.131144	0.008247	52.6
1130	-0.170825	77.239511	2.120329	0.010481	43.4
1131	-0.162385	78.239469	2.098964	0.012509	33.2
1132	-0.171823	79.236024	2.078096	0.011254	74.6
1133	-0.163116	78.633236	2.090669	0.009218	29.4
1134	-0.168972	78.181013	2.100202	0.010990	65.6
1135	-0.170801	78.900683	2.085072	0.011423	36.3
1136	-0.172384	79.899985	2.064422	0.012853	43.3
1137	-0.167128	79.020793	2.082568	0.010617	30.8
1138	-0.177297	80.020786	2.061953	0.011093	60.3
1139	-0.161770	79.140387	2.080081	0.008110	45.0
1140	-0.165915	80.139078	2.059541	0.012524	38.8
1141	-0.164605	79.414186	2.074409	0.012567	60.8
1142	-0.169318	80.414127	2.053956	0.012050	33.0
1143	-0.169789	81.414099	2.033901	0.012023	40.4
1144	-0.174192	80.761295	2.046948	0.012349	34.6
1145	-0.164005	81.761052	2.027034	0.011638	52.1
1146	-0.165777	82.582894	2.010951	0.010061	58.7
1147	-0.166647	83.582861	1.991723	0.010058	57.7
1148	-0.168251	84.325000	1.977689	0.006781	42.2
1149	-0.168088	85.311140	1.959344	0.009578	42.7
1150	-0.161098	86.297843	1.941326	0.008595	24.9
1151	-0.172321	85.621699	1.953637	0.015746	48.5
1152	-0.170907	84.741297	1.969903	0.009327	51.5
1153	-0.163515	85.735248	1.951559	0.014524	52.3
1154	-0.171006	84.854925	1.967789	0.007857	69.3
1155	-0.159356	83.974808	1.984287	0.009025	42.4
1156	-0.169274	84.366322	1.976914	0.012872	68.0
1157	-0.164308	83.485941	1.993571	0.013446	49.7
1158	-0.169571	84.485936	1.974672	0.009571	33.7
1159	-0.171341	83.607675	1.991251	0.011602	57.1
1160	-0.173172	84.607675	1.972396	0.009614	26.4
1161	-0.169780	85.209686	1.961216	0.008220	32.1
1162	-0.173116	84.619883	1.972168	0.008777	48.7
1163	-0.165405	85.295469	1.959633	0.013710	46.7
1164	-0.162070	86.287014	1.941522	0.007055	42.6
1165	-0.167413	86.907072	1.930366	0.010129	44.4
1166	-0.169681	87.898254	1.912796	0.009899	47.7
1167	-0.168990	88.898116	1.895393	0.011844	21.4
1168	-0.168658	88.020076	1.910658	0.011554	29.0
1169	-0.169874	88.980299	1.893977	0.009123	55.7
1170	-0.166839	88.315208	1.905500	0.011624	47.1
1171	-0.164229	89.314802	1.888234	0.008995	29.7
1172	-0.165169	90.314771	1.871271	0.010947	49.6
1173	-0.169026	91.072151	1.858625	0.007430	35.6
1174	-0.171435	92.065009	1.842304	0.012555	44.0
1175	-0.172689	93.058928	1.826250	0.008462	46.9
1176	-0.165949	94.058762	1.810380	0.009347	28.0
1177	-0.163016	94.828357	1.798352	0.006769	49.5
1178	-0.167534	95.499828	1.787986	0.007881	38.0
1179	-0.165641	94.759422	1.799423	0.014515	15.7
1180	-0.161723	93.879271	1.813209	0.015001	66.3
1181	-0.168139	93.000561	1.827185	0.009622	45.2
1182	-0.172637	92.205950	1.840010	0.015717	30.3
1183	-0.167487	92.782619	1.830685	0.014149	75.6
1184	-0.165792	93.604694	1.817553	0.010610	42.8
1185	-0.170490	94.571733	1.802345	0.008853	22.3
1186	-0.168933	95.567770	1.786944	0.009249	106.7
1187	-0.169285	96.492070	1.772887	0.004377	97.4
1188	-0.167050	96.440325	1.773668	0.010795	78.9
1189	-0.173769	97.335501	1.760250	0.013439	43.2
1190	-0.166091	96.639960	1.770658	0.017250	31.8
1191	-0.167559	97.639960	1.755733	0.012949	42.7
1192	-0.164492	96.759612	1.768859	0.010511	51.7
1193	-0.170879	95.879210	1.782183	0.009736	54.1
1194	-0.170908	95.014169	1.795471	0.010347	28.6
1195	-0.168951	94.987218	1.795889	0.010501	39.8
1196	-0.166794	95.331979	1.790566	0.010636	66.5
1197	-0.173338	95.171696	1.793037	0.015148	56.6
1198	-0.165757	94.307604	1.806473	0.013104	46.6
1199	-0.166834	93.439111	1.820183	0.012278	56.9
1200	-0.168871	94.439111	1.804415	0.011169	73.5
1201	-0.170611	93.666943	1.816566	0.010490	50.0
1202	-0.173959	93.939313	1.812262	0.012840	45.2
1203	-0.171565	94.620490	1.801585	0.009816	68.3
1204	-0.168738	94.180665	1.808464	0.010229	45.4
1205	-0.165519	95.180507	1.792901	0.007475	55.7
1206	-0.171180	96.179573	1.777615	0.010750	15.5
1207	-0.170881	95.328549	1.790619	0.009280	49.8
1208	-0.168110	96.328500	1.775358	0.014641	57.5
1209	-0.163478	95.448098	1.788781	0.003672	39.3
1210	-0.168966	96.237489	1.776736	0.008427	31.5
1211	-0.166869	96.456516	1.773423	0.007633	49.9
1212	-0.165787	95.591779	1.786576	0.016643	52.2
1213	-0.168538	96.497832	1.772800	0.012116	51.5
1214	-0.171072	97.457640	1.758435	0.009474	46.1
1215	-0.168310	98.452134	1.743796	0.017184	43.1
1216	-0.170232	99.452106	1.729319	0.011167	29.4
1217	-0.167539	100.452106	1.715080	0.009910	28.3
1218	-0.170825	100.798133	1.710208	0.009786	44.2
1219	-0.167192	101.798124	1.696281	0.008172	43.5
1220	-0.169554	100.920887	1.708486	0.010467	23.4
1221	-0.166660	101.630380	1.698601	0.010664	47.6
1222	-0.169082	100.845656	1.709541	0.013549	33.5
1223	-0.168463	99.965278	1.721983	0.009138	33.3
1224	-0.167536	100.964437	1.707876	0.015126	43.8
1225	-0.179449	100.084506	1.720287	0.008560	57.5
1226	-0.170528	101.049036	1.706692	0.008408	51.5
1227	-0.169887	102.019525	1.693228	0.007451	28.8
1228	-0.171463	103.018948	1.679583	0.012347	20.9
1229	-0.169856	104.011740	1.666244	0.007385	15.9
1230	-0.165568	103.270741	1.676180	0.013373	20.9
1231	-0.168081	102.852151	1.681845	0.007763	41.2
1232	-0.164898	103.781989	1.669312	0.010186	38.2
1233	-0.167468	103.620250	1.671479	0.008201	44.2
1234	-0.174625	103.861683	1.668247	0.013349	64.4
1235	-0.165874	103.051670	1.679140	0.007684	30.9
1236	-0.166689	103.688214	1.670568	0.008165	42.5
1237	-0.167985	103.228422	1.676751	0.010186	54.5
1238	-0.168057	103.043126	1.679256	0.011685	60.4
1239	-0.169159	102.196324	1.690798	0.009053	49.2
1240	-0.169588	102.260950	1.689912	0.010817	21.6
1241	-0.160823	103.258631	1.676343	0.010205	44.1
1242	-0.168402	104.257747	1.662972	0.011696	40.2
1243	-0.165222	103.402373	1.674406	0.009567	23.4
1244	-0.171626	102.521972	1.686341	0.009418	46.3
1245	-0.167767	103.454241	1.673708	0.009222	40.1
1246	-0.169126	104.098923	1.665083	0.010023	25.0
1247	-0.167028	103.309851	1.675653	0.007552	38.7
1248	-0.168098	103.987112	1.666573	0.015224	48.9
1249	-0.168145	104.986860	1.653348	0.013251	25.0
1250	-0.171277	105.980691	1.640408	0.010391	57.6
1251	-0.171364	105.101323	1.651847	0.007712	37.3
1252	-0.167148	105.195576	1.650613	0.009550	58.8
1253	-0.163351	104.767536	1.656231	0.008496	58.1
1254	-0.171350	103.896293	1.667785	0.011295	55.8
1255	-0.173089	103.015892	1.679624	0.014045	67.1
1256	-0.174079	102.840243	1.682007	0.010643	49.0
1257	-0.168686	103.840172	1.668534	0.007908	42.1
1258	-0.169131	104.784912	1.656002	0.012586	21.5
1259	-0.166184	103.906841	1.667644	0.006162	38.0
1260	-0.172190	103.026909	1.679475	0.013342	69.1
1261	-0.165258	102.150155	1.691432	0.012210	80.7
1262	-0.171725	103.129033	1.678093	0.008693	31.2
1263	-0.172728	103.998621	1.666419	0.013625	34.9
1264	-0.169265	104.998555	1.653194	0.009843	50.7
1265	-0.167177	105.988732	1.640304	0.007930	87.6
1266	-0.168802	105.123894	1.651552	0.010730	20.3
1267	-0.168502	106.103679	1.638820	0.007766	44.1
1268	-0.167497	107.095670	1.626129	0.009495	33.6
1269	-0.171070	108.090824	1.613593	0.009603	29.4
1270	-0.170752	107.224482	1.624496	0.011945	38.4
1271	-0.169040	108.224452	1.611925	0.008878	44.3
1272	-0.166491	107.576365	1.620050	0.009427	44.7
1273	-0.164497	108.325367	1.610667	0.010736	22.5
1274	-0.169507	107.446206	1.621691	0.013108	33.8
1275	-0.162412	107.001272	1.627328	0.013337	49.6
1276	-0.174011	108.001272	1.614714	0.010164	26.9
1277	-0.158441	107.155322	1.625372	0.010608	32.5
1278	-0.164646	108.148360	1.612875	0.012060	35.6
1279	-0.172086	109.146967	1.600499	0.008069	41.5
1280	-0.167814	110.146928	1.588296	0.011546	23.1
1281	-0.169926	111.145237	1.576297	0.009651	32.0
1282	-0.167159	112.031239	1.565798	0.013561	34.7
1283	-0.168185	111.363137	1.573702	0.012026	34.2
1284	-0.172908	110.482735	1.584239	0.011575	47.3
1285	-0.175613	111.479729	1.572317	0.010880	45.2
1286	-0.174205	112.477989	1.560558	0.009316	38.1
1287	-0.178272	112.165095	1.564225	0.014805	37.9
1288	-0.164045	111.285797	1.574622	0.016526	56.4
1289	-0.162072	112.285792	1.562808	0.013759	76.7
1290	-0.166351	111.405391	1.573200	0.009341	66.9
1291	-0.171099	112.371758	1.561801	0.013425	33.0
1292	-0.166670	111.544803	1.571545	0.011321	42.6
1293	-0.162071	112.514930	1.560126	0.012439	47.5
1294	-0.165057	113.498457	1.548717	0.008184	50.0
1295	-0.170922	112.618768	1.558914	0.008491	12.3
1296	-0.166396	113.433456	1.549466	0.010774	45.3
1297	-0.167401	114.235012	1.540282	0.011963	58.2
1298	-0.168853	115.235012	1.528976	0.008965	41.3
1299	-0.169553	116.233536	1.517851	0.011232	51.2
1300	-0.164399	117.233298	1.506874	0.015087	41.4
1301	-0.167155	116.407806	1.515926	0.011470	36.5
1302	-0.166578	115.528116	1.525694	0.010558	57.6
1303	-0.173012	116.527980	1.514602	0.009333	60.8
1304	-0.167987	117.527238	1.503676	0.008521	52.1
1305	-0.168754	116.734137	1.512335	0.011768	42.2
1306	-0.162860	117.733974	1.501435	0.012310	17.2
1307	-0.169489	116.865395	1.510895	0.005938	36.8
1308	-0.168769	117.025080	1.509147	0.007342	38.2
1309	-0.175654	116.180780	1.518435	0.007491	47.4
1310	-0.165650	117.179605	1.507459	0.011126	43.2
1311	-0.162913	116.299719	1.517120	0.007306	47.3
1312	-0.168084	115.454070	1.526522	0.011462	40.3
1313	-0.170894	114.574460	1.536426	0.006778	64.2
1314	-0.163839	115.225821	1.529080	0.010781	48.7
1315	-0.173584	116.224767	1.517948	0.013654	36.4
1316	-0.171130	115.919293	1.521335	0.010142	32.4
1317	-0.173017	116.919293	1.510304	0.008635	52.5
1318	-0.166698	117.276909	1.506398	0.010705	41.4
1319	-0.170422	118.142400	1.497028	0.016309	44.6
1320	-0.170400	119.142036	1.486350	0.014353	39.6
1321	-0.168892	118.261636	1.495747	0.011497	42.8
1322	-0.165965	118.920774	1.488700	0.011414	18.8
1323	-0.167629	118.040988	1.498120	0.014730	49.0
1324	-0.170415	117.161181	1.507660	0.012090	40.4
1325	-0.169589	118.135475	1.497103	0.008707	18.5
1326	-0.168591	117.256688	1.506619	0.012579	59.6
1327	-0.170341	118.256131	1.495806	0.010332	40.8
1328	-0.164789	117.375730	1.505323	0.011949	41.3
1329	-0.170364	118.373933	1.494541	0.014111	34.2
1330	-0.171168	117.493949	1.504038	0.010461	34.3
1331	-0.166658	118.425156	1.493992	0.009610	56.2
1332	-0.162465	119.362481	1.484016	0.005440	48.8
1333	-0.165730	118.509977	1.493084	0.009801	49.7
1334	-0.167635	117.695944	1.501847	0.006641	26.9
1335	-0.166868	117.373237	1.505350	0.010151	70.1
1336	-0.178546	118.365700	1.494630	0.008306	27.9
1337	-0.173314	119.316000	1.484507	0.012766	45.3
1338	-0.168333	118.932158	1.488579	0.011781	50.1
1339	-0.173132	118.051770	1.498004	0.011785	21.8
1340	-0.166042	119.047104	1.487358	0.015627	68.3
1341	-0.163782	118.172150	1.496708	0.008961	34.4
1342	-0.173354	117.291989	1.506234	0.013797	42.0
1343	-0.163540	118.291974	1.495421	0.007930	24.3
1344	-0.168006	117.419024	1.504852	0.009415	51.9
1345	-0.169088	118.397411	1.494290	0.009839	33.4
1346	-0.170009	117.545935	1.503473	0.017289	15.4
1347	-0.171683	116.713932	1.512557	0.007636	44.6
1348	-0.166047	117.243839	1.506759	0.014734	23.7
1349	-0.168913	118.131368	1.497147	0.012375	37.4
1350	-0.165191	117.257323	1.506612	0.011410	67.8
1351	-0.170310	116.490340	1.515016	0.009191	21.3
1352	-0.166535	117.481364	1.504174	0.015190	45.9
1353	-0.163868	118.481315	1.493391	0.014293	43.2
1354	-0.166999	117.600913	1.502877	0.009670	47.0
1355	-0.171591	116.721513	1.512473	0.012051	34.7
1356	-0.171770	117.711104	1.501683	0.008767	44.1
1357	-0.167421	118.644813	1.491642	0.012066	41.0
1358	-0.168033	117.765210	1.501098	0.008655	32.1
1359	-0.167851	118.733499	1.490696	0.010388	75.8
1360	-0.172628	118.234916	1.496034	0.011925	70.0
1361	-0.174275	118.598851	1.492133	0.010983	61.5
1362	-0.167112	117.755116	1.501207	0.009883	56.6
1363	-0.167117	116.875472	1.510784	0.016137	31.6
1364	-0.167689	117.875472	1.499906	0.012768	49.4
1365	-0.166101	116.995071	1.509475	0.012632	37.8
1366	-0.169468	117.995071	1.498615	0.007340	55.5
1367	-0.168727	117.116849	1.508144	0.011866	20.0
1368	-0.163835	116.237413	1.517809	0.012377	31.5
1369	-0.167264	117.197470	1.507264	0.011452	40.2
1370	-0.168595	116.539950	1.514470	0.011415	28.6
1371	-0.166087	115.659549	1.524227	0.010611	54.5
1372	-0.169162	116.635081	1.513423	0.010541	47.8
1373	-0.167940	116.857375	1.510983	0.009352	40.9
1374	-0.172563	116.252103	1.517646	0.009093	35.7
1375	-0.170177	115.973168	1.520737	0.011858	28.2
1376	-0.165905	116.454672	1.515409	0.010575	21.4
1377	-0.166229	117.454672	1.504464	0.011975	49.4
1378	-0.172779	117.502550	1.503944	0.012558	66.3
1379	-0.166553	118.500068	1.493190	0.006787	61.0
1380	-0.170788	119.499803	1.482565	0.007236	44.9
1381	-0.170827	118.623340	1.491872	0.011974	80.9
1382	-0.166051	117.745181	1.501314	0.009586	40.4
1383	-0.172496	116.864792	1.510901	0.010694	63.9
1384	-0.166607	117.363141	1.505460	0.011337	53.7
1385	-0.164859	118.363124	1.494657	0.016154	58.7
1386	-0.165770	117.482753	1.504159	0.008113	71.4
1387	-0.165448	117.721995	1.501565	0.008578	53.8
1388	-0.164180	116.943796	1.510036	0.007340	62.6
1389	-0.162923	117.790255	1.500827	0.008444	60.4
1390	-0.173569	118.176454	1.496662	0.005785	45.0
1391	-0.172909	118.690036	1.491159	0.010147	77.1
1392	-0.164881	119.688317	1.480579	0.011695	79.5
1393	-0.167082	120.688086	1.470131	0.013457	86.0
1394	-0.166025	121.687953	1.459830	0.008745	53.7
1395	-0.170278	122.684005	1.449710	0.010832	71.9
1396	-0.169124	123.676621	1.439763	0.008099	79.0
1397	-0.169678	123.478578	1.441737	0.011024	45.9
1398	-0.167750	122.602009	1.450538	0.011505	41.3
1399	-0.166819	123.598849	1.440538	0.009340	72.8
1400	-0.165668	124.568178	1.430945	0.008248	124.5
1401	-0.167888	123.892604	1.437617	0.009153	103.8
1402	-0.170138	123.049231	1.446034	0.014092	97.1
1403	-0.164902	124.046902	1.436088	0.006959	55.5
1404	-0.167750	125.044851	1.426275	0.012359	55.3
1405	-0.164501	124.265707	1.433925	0.011028	79.9
1406	-0.167559	123.532816	1.441196	0.013345	86.1
1407	-0.162119	123.839101	1.438148	0.005157	84.9
1408	-0.163662	124.835036	1.428327	0.009118	81.4
1409	-0.166484	124.294746	1.433638	0.013343	77.3
1410	-0.165560	123.482562	1.441697	0.011263	50.0
1411	-0.166625	123.870055	1.437841	0.008130	45.4
1412	-0.167596	123.055747	1.445969	0.009658	30.2
1413	-0.167944	122.186126	1.454751	0.008259	19.1
1414	-0.170322	123.171235	1.444810	0.010211	50.5
1415	-0.166728	122.405135	1.452529	0.009804	52.7
1416	-0.164293	123.321853	1.443303	0.010260	51.8
1417	-0.162896	122.464156	1.451931	0.010845	47.3
1418	-0.166483	123.463357	1.441889	0.013826	44.8
1419	-0.174566	122.583166	1.450728	0.015762	32.8
1420	-0.174602	121.702764	1.459678	0.012370	54.7
1421	-0.165983	120.825585	1.468706	0.010841	27.7
1422	-0.164594	120.972499	1.467186	0.015780	49.2
1423	-0.171015	120.092097	1.476341	0.005980	48.9
1424	-0.167670	119.211707	1.485611	0.009868	51.0
1425	-0.167808	119.184739	1.485897	0.009299	40.3
1426	-0.168855	119.229093	1.485427	0.008677	46.9
1427	-0.162832	120.228976	1.474911	0.009957	70.0
1428	-0.168281	119.465879	1.482923	0.015038	51.2
1429	-0.169179	120.465878	1.472441	0.014423	42.8
1430	-0.172350	121.465829	1.462106	0.010908	30.0
1431	-0.167578	122.114657	1.455477	0.011490	20.5
1432	-0.167978	121.482562	1.461934	0.007749	50.9
1433	-0.166755	120.603280	1.471012	0.009976	67.7
1434	-0.172217	119.729306	1.480147	0.006784	26.0
1435	-0.173967	120.716473	1.469837	0.010245	31.7
1436	-0.168466	119.866454	1.478706	0.015218	54.2
1437	-0.174052	119.910258	1.478247	0.010405	47.1
1438	-0.168546	120.910234	1.467830	0.009905	61.0
1439	-0.163179	121.738027	1.459318	0.007986	45.8
1440	-0.169069	122.125873	1.455363	0.008289	24.8
1441	-0.162221	121.334814	1.463452	0.017164	71.4
1442	-0.170516	122.334389	1.453246	0.010200	72.8
1443	-0.166950	121.803176	1.458652	0.009489	33.9
1444	-0.167455	121.103598	1.465833	0.010669	108.1
1445	-0.169732	122.103590	1.455590	0.008447	73.7
1446	-0.160773	121.236720	1.464461	0.012218	40.1
1447	-0.169014	122.235288	1.454251	0.009398	76.9
1448	-0.162120	121.355011	1.463244	0.008933	58.4
1449	-0.169919	122.158310	1.455033	0.006168	40.4
1450	-0.169545	123.156732	1.444956	0.008755	39.8
1451	-0.165527	122.491873	1.451651	0.006693	60.5
1452	-0.165792	121.617728	1.460549	0.008872	98.2
1453	-0.168460	122.609536	1.450462	0.015138	30.5
1454	-0.170040	123.344885	1.443072	0.011580	50.0
1455	-0.166633	124.344881	1.433144	0.011693	81.3
1456	-0.165531	123.550783	1.441017	0.012298	46.3
1457	-0.175197	124.550517	1.431119	0.009056	27.0
1458	-0.171438	125.550493	1.421354	0.014408	79.7
1459	-0.169860	126.550492	1.411721	0.009797	60.4
1460	-0.166033	127.550398	1.402218	0.010164	76.6
1461	-0.171155	127.010129	1.407337	0.010541	36.0
1462	-0.167607	127.301278	1.404574	0.010082	29.7
1463	-0.172669	126.484462	1.412353	0.005729	74.4
1464	-0.170283	126.478482	1.412410	0.007704	40.3
1465	-0.167980	125.952381	1.417467	0.005585	38.3
1466	-0.166184	126.620595	1.411051	0.007991	56.2
1467	-0.172654	127.575092	1.401985	0.007865	62.1
1468	-0.171759	127.267528	1.404894	0.011291	23.7
1469	-0.173354	128.248114	1.395663	0.008383	90.2
1470	-0.168007	129.248111	1.386374	0.006200	55.0
1471	-0.168880	130.238298	1.377297	0.010203	40.1
1472	-0.167168	131.158699	1.368966	0.009254	108.0
1473	-0.174989	130.568969	1.374293	0.009993	37.2
1474	-0.163281	131.568944	1.365285	0.009687	56.3
1475	-0.168909	130.688715	1.373208	0.010880	49.4
1476	-0.172714	129.808424	1.381223	0.008593	69.6
1477	-0.173315	129.439677	1.384609	0.009226	88.5
1478	-0.166952	128.792579	1.390590	0.011827	54.3
1479	-0.166832	127.914190	1.398793	0.010907	56.0
1480	-0.170439	128.903792	1.389559	0.015513	64.8
1481	-0.163028	129.903395	1.380354	0.013061	41.2
1482	-0.168277	129.022994	1.388455	0.009447	53.0
1483	-0.165025	130.022909	1.379262	0.009181	57.2
1484	-0.168610	131.022810	1.370190	0.011018	42.5
1485	-0.172864	130.144462	1.378152	0.009078	77.8
1486	-0.163996	131.144325	1.369096	0.009268	55.2
1487	-0.172903	130.264003	1.377063	0.010052	46.9
1488	-0.169729	129.580398	1.383315	0.006633	50.8
1489	-0.169019	128.742925	1.391051	0.011471	82.2
1490	-0.167238	129.718744	1.382045	0.008772	74.3
1491	-0.169626	128.901172	1.389583	0.007993	59.9
1492	-0.164204	128.021163	1.397789	0.012331	75.3
1493	-0.167505	128.989807	1.388762	0.012332	29.4
1494	-0.168095	128.755007	1.390939	0.007945	43.4
1495	-0.172590	127.930141	1.398643	0.008225	64.2
1496	-0.169726	127.171547	1.405804	0.012962	20.0
1497	-0.171802	126.294741	1.414172	0.011503	55.4
1498	-0.171753	127.294063	1.404642	0.007534	63.3
1499	-0.172025	126.846659	1.408893	0.014095	55.5
1500	-0.167999	127.829519	1.399589	0.010964	37.1
1501	-0.163911	126.961446	1.407800	0.009023	55.2
1502	-0.167980	126.536092	1.411859	0.013272	45.6
1503	-0.163847	127.533909	1.402374	0.010803	50.2
1504	-0.166510	128.533651	1.392998	0.010376	37.8
1505	-0.167201	127.657129	1.401212	0.013030	123.5
1506	-0.166733	128.199775	1.396115	0.011002	60.1
1507	-0.164766	127.333880	1.404265	0.012761	47.3
1508	-0.170900	126.777918	1.409548	0.016057	66.9
1509	-0.174110	125.897544	1.417996	0.011490	55.8
1510	-0.170047	125.258204	1.424194	0.009679	68.6
1511	-0.171733	126.258203	1.414523	0.013218	39.3
1512	-0.166858	125.377828	1.423031	0.013720	68.8
1513	-0.168020	124.516317	1.431455	0.015494	53.7
1514	-0.171881	125.284451	1.423939	0.007373	39.2
1515	-0.165969	125.930854	1.417674	0.014103	50.8
1516	-0.162973	125.363949	1.423165	0.009138	74.8
1517	-0.170956	124.532229	1.431299	0.011581	21.9
1518	-0.171171	123.661008	1.439919	0.010497	37.6
1519	-0.167263	122.785009	1.448691	0.013195	66.3
1520	-0.169767	123.774812	1.438787	0.007757	43.3
1521	-0.165734	124.762321	1.429039	0.006883	48.0
1522	-0.170260	125.630463	1.420579	0.009774	63.7
1523	-0.165787	124.801988	1.428651	0.011706	28.8
1524	-0.162556	125.759820	1.419327	0.009023	40.0
1525	-0.164740	124.887316	1.427815	0.010691	67.7
1526	-0.167966	125.789053	1.419044	0.012063	48.6
1527	-0.166160	124.957830	1.427125	0.012133	46.4
1528	-0.173583	125.957742	1.417415	0.013067	48.4
1529	-0.170962	126.847618	1.408884	0.013347	30.7
1530	-0.163347	127.730719	1.400518	0.017753	30.4
1531	-0.170568	128.728187	1.391188	0.014396	50.1
1532	-0.163605	129.728187	1.381959	0.009060	83.7
1533	-0.165534	128.847792	1.390078	0.010630	40.6
1534	-0.172383	129.173655	1.387062	0.012847	33.3
1535	-0.170028	130.173655	1.377886	0.008969	64.9
1536	-0.170670	129.495839	1.384092	0.011351	48.0
1537	-0.165738	128.654469	1.391874	0.010577	57.4
1538	-0.163013	129.653513	1.382644	0.009280	89.5
1539	-0.169881	130.124518	1.378334	0.013974	77.5
1540	-0.167256	129.249377	1.386363	0.009323	68.1
1541	-0.164828	130.247549	1.377213	0.009937	71.5
1542	-0.170356	130.765564	1.372512	0.015511	52.0
1543	-0.166310	130.898546	1.371311	0.010037	41.7
1544	-0.166503	131.897803	1.362349	0.007950	37.4
1545	-0.170472	131.174764	1.368822	0.010858	47.1
1546	-0.166815	130.513978	1.374791	0.009080	50.7
1547	-0.167708	129.636947	1.382796	0.008935	58.8
1548	-0.170192	128.829715	1.390246	0.014235	18.5
1549	-0.171463	127.950149	1.398455	0.012394	25.4
1550	-0.171773	127.514384	1.402559	0.011967	33.4
1551	-0.160721	128.514384	1.393178	0.009961	27.6
1552	-0.172006	128.067347	1.397356	0.012448	25.8
1553	-0.166365	128.721385	1.391252	0.011272	61.6
1554	-0.169019	129.720352	1.382030	0.012104	62.3
1555	-0.168035	128.839950	1.390151	0.019094	31.6
1556	-0.160098	127.959548	1.398367	0.007660	60.0
1557	-0.170729	127.081853	1.406655	0.015555	36.9
1558	-0.168022	127.540504	1.402312	0.006988	36.7
1559	-0.168035	128.540503	1.392934	0.011097	88.6
1560	-0.170621	129.314533	1.385762	0.014303	65.6
1561	-0.170157	129.197481	1.386842	0.013220	59.8
1562	-0.171547	128.317079	1.395019	0.009923	24.3
1563	-0.167293	129.317076	1.385738	0.017856	49.7
1564	-0.161368	130.315182	1.376598	0.011425	66.4
1565	-0.165758	131.315130	1.367560	0.013981	65.4
1566	-0.169257	132.315130	1.358640	0.011409	47.4
1567	-0.165572	131.655039	1.364515	0.011712	28.6
1568	-0.166139	132.559821	1.356475	0.011076	45.5
1569	-0.172398	132.824927	1.354138	0.010619	52.9
1570	-0.172316	133.824767	1.345393	0.010690	50.8
1571	-0.168197	132.944407	1.353087	0.014872	73.2
1572	-0.170905	132.064023	1.360869	0.012168	56.5
1573	-0.166647	131.183621	1.368742	0.006088	44.1
1574	-0.165675	132.171277	1.359916	0.009218	64.0
1575	-0.171462	132.795466	1.354397	0.014338	48.0
1576	-0.170035	131.915201	1.362194	0.016213	46.9
1577	-0.161898	132.915201	1.353343	0.007012	80.1
1578	-0.167154	132.241818	1.359290	0.013937	38.3
1579	-0.172241	133.239900	1.350494	0.010794	45.5
1580	-0.167592	134.238965	1.341803	0.012437	38.9
1581	-0.170098	135.237430	1.333228	0.016088	42.6
1582	-0.168342	134.359579	1.340761	0.008468	46.0
1583	-0.167842	135.359519	1.332187	0.016291	119.4
1584	-0.168168	134.720682	1.337652	0.014377	37.9
1585	-0.170326	135.718615	1.329134	0.012625	42.5
1586	-0.166640	136.718611	1.320707	0.011719	67.0
1587	-0.161924	135.859114	1.327944	0.012949	58.6
1588	-0.167013	135.067160	1.334683	0.006670	21.9
1589	-0.174774	136.067075	1.326186	0.008855	82.6
1590	-0.173660	136.460054	1.322876	0.007433	54.7
1591	-0.166628	135.582532	1.330290	0.015506	65.9
1592	-0.163586	136.569041	1.321961	0.011825	61.2
1593	-0.174093	137.569041	1.313624	0.008388	41.3
1594	-0.176038	138.146149	1.308861	0.014332	76.7
1595	-0.170277	139.145757	1.300691	0.007049	40.5
1596	-0.164215	138.275232	1.307800	0.014490	47.7
1597	-0.167338	137.394831	1.315069	0.011992	41.1
1598	-0.174606	136.514429	1.322419	0.010685	42.2
1599	-0.165772	136.122467	1.325718	0.009013	51.8
1600	-0.168097	137.055304	1.317894	0.010653	64.8
1601	-0.168128	136.484172	1.322673	0.008246	97.3
1602	-0.166506	135.689554	1.329381	0.008563	57.5
1603	-0.168280	136.393160	1.323438	0.012954	49.8
1604	-0.166725	137.279440	1.316028	0.012325	76.5
1605	-0.166089	136.401772	1.323366	0.011801	54.7
1606	-0.167076	137.401772	1.315011	0.010520	52.4
1607	-0.169550	138.401770	1.306762	0.010836	65.5
1608	-0.170872	137.521375	1.314019	0.009478	44.1
1609	-0.167647	136.646803	1.321309	0.008077	73.5
1610	-0.170395	136.678056	1.321047	0.011124	66.1
1611	-0.171694	137.678034	1.312722	0.013280	56.3
1612	-0.169292	138.677718	1.304503	0.011745	52.0
1613	-0.169430	137.842729	1.311361	0.009122	53.8
1614	-0.166331	136.963568	1.318659	0.013071	42.5
1615	-0.167982	137.963336	1.310366	0.010269	75.2
1616	-0.170993	138.818836	1.303351	0.010334	52.9
1617	-0.170886	138.644793	1.304772	0.012058	47.5
1618	-0.165072	138.798417	1.303518	0.009443	33.8
1619	-0.167975	137.918026	1.310739	0.005155	85.1
1620	-0.172756	137.817930	1.311565	0.013017	108.4
1621	-0.167968	137.175377	1.316893	0.010070	55.0
1622	-0.170864	138.107329	1.309180	0.007584	41.0
1623	-0.173910	139.107325	1.301003	0.013657	79.8
1624	-0.176321	138.226925	1.308197	0.012687	65.4
1625	-0.163091	137.346561	1.315470	0.008104	67.0
1626	-0.167818	136.990634	1.318433	0.010870	23.6
1627	-0.165915	137.909443	1.310810	0.010245	32.6
1628	-0.166815	138.474711	1.306164	0.014156	30.2
1629	-0.169773	137.595296	1.313407	0.010959	58.7
1630	-0.170762	136.876903	1.319383	0.008262	58.2
1631	-0.173658	137.876278	1.311084	0.012000	36.6
1632	-0.173141	137.269980	1.316106	0.013336	94.7
1633	-0.167302	138.269976	1.307843	0.009202	58.1
1634	-0.164682	139.263296	1.299737	0.010829	56.3
1635	-0.169453	138.392730	1.306836	0.019295	49.2
1636	-0.162316	139.392712	1.298688	0.008308	44.4
1637	-0.168928	138.512352	1.305856	0.011642	35.4
1638	-0.166637	139.495050	1.297860	0.010527	119.0
1639	-0.169684	140.495046	1.289824	0.010326	101.2
1640	-0.165577	140.710368	1.288106	0.009500	44.3
1641	-0.167046	140.822271	1.287215	0.013872	47.8
1642	-0.170462	140.424547	1.290387	0.010243	70.2
1643	-0.165895	141.424545	1.282442	0.010182	68.9
1644	-0.166520	142.422712	1.274609	0.010775	63.7
1645	-0.166099	141.543813	1.281501	0.007106	52.4
1646	-0.163411	142.510360	1.273926	0.006347	42.6
1647	-0.169172	141.670917	1.280500	0.009041	50.2
1648	-0.169569	142.634096	1.272963	0.016868	49.4
1649	-0.169663	141.753694	1.279849	0.008676	72.8
1650	-0.167408	142.659110	1.272768	0.012683	36.5
1651	-0.164370	143.603850	1.265463	0.010032	65.0
1652	-0.172429	143.556469	1.265828	0.012052	70.3
1653	-0.169356	144.060190	1.261965	0.011144	74.5
1654	-0.172605	145.051619	1.254430	0.014906	67.5
1655	-0.167739	144.171259	1.261116	0.011368	65.9
1656	-0.168597	144.042448	1.262100	0.011242	41.3
1657	-0.171045	143.984465	1.262544	0.010682	65.7
1658	-0.164857	144.144997	1.261317	0.013859	104.4
1659	-0.168339	143.919740	1.263039	0.012417	70.4
1660	-0.172477	143.039391	1.269818	0.009188	59.8
1661	-0.167333	142.159854	1.276663	0.009411	47.8
1662	-0.169332	141.279867	1.283586	0.012149	59.7
1663	-0.162142	141.720532	1.280110	0.010607	46.2
1664	-0.167824	142.720531	1.272291	0.009851	99.6
1665	-0.170212	143.720480	1.264567	0.011877	76.3
1666	-0.176879	142.869862	1.271131	0.011923	63.0
1667	-0.164822	143.869862	1.263421	0.007320	76.4
1668	-0.165282	144.868477	1.255815	0.012019	63.8
1669	-0.174001	145.828264	1.248590	0.007985	51.5
1670	-0.167168	146.825864	1.241168	0.012651	79.7
1671	-0.164130	145.945463	1.247714	0.013877	85.4
1672	-0.169289	146.796670	1.241384	0.009221	36.9
1673	-0.175369	146.044184	1.246976	0.010017	64.0
1674	-0.162043	146.704127	1.242069	0.011806	89.6
1675	-0.163420	146.490088	1.243656	0.009693	79.7
1676	-0.161455	145.609691	1.250228	0.012147	85.2
1677	-0.170987	144.751391	1.256702	0.010362	46.9
1678	-0.171120	143.871016	1.263413	0.009568	35.6
1679	-0.168879	144.370141	1.259599	0.010801	75.1
1680	-0.166434	144.173417	1.261100	0.009293	74.4
1681	-0.173775	145.128146	1.253852	0.014887	91.2
1682	-0.163453	145.928761	1.247838	0.009449	37.6
1683	-0.169313	145.067760	1.254308	0.011738	39.3
1684	-0.165678	146.067447	1.246803	0.014518	76.2
1685	-0.172128	147.067141	1.239386	0.009372	55.5
1686	-0.165966	146.859227	1.240921	0.008887	24.6
1687	-0.166210	146.659322	1.242401	0.008837	88.7
1688	-0.165164	145.930764	1.247823	0.008356	115.3
1689	-0.163018	146.930402	1.240395	0.010213	141.3
1690	-0.166429	147.830162	1.233785	0.008483	37.6
1691	-0.164903	148.826214	1.226549	0.013204	57.7
1692	-0.163384	149.344654	1.222816	0.012854	94.7
1693	-0.167690	150.344653	1.215679	0.010949	61.2
1694	-0.172241	151.344610	1.208626	0.010974	67.8
1695	-0.167085	150.464477	1.214830	0.012932	81.7
1696	-0.168198	151.464475	1.207786	0.010779	100.5
1697	-0.176053	150.584073	1.213983	0.013829	107.7
1698	-0.168737	151.204196	1.209611	0.012095	126.6
1699	-0.169707	152.204196	1.202627	0.011910	58.0
1700	-0.168236	151.445427	1.207919	0.011197	60.0
1701	-0.170161	150.565856	1.214112	0.011213	73.9
1702	-0.171582	151.565856	1.207076	0.006886	46.4
1703	-0.169459	151.457073	1.207837	0.010534	71.3
1704	-0.168944	152.456700	1.200877	0.006668	36.7
1705	-0.165490	151.712372	1.206052	0.008710	50.6
1706	-0.166878	152.084112	1.203462	0.007331	72.7
1707	-0.168809	151.714089	1.206040	0.006314	34.3
1708	-0.166563	151.368960	1.208455	0.010294	41.7
1709	-0.164625	151.700049	1.206138	0.015357	65.2
1710	-0.169225	152.700049	1.199194	0.012201	46.8
1711	-0.173259	153.699770	1.192332	0.009439	43.9
1712	-0.169788	153.401864	1.194369	0.010562	77.9
1713	-0.174279	153.046586	1.196807	0.006681	46.7
1714	-0.159939	152.745813	1.198878	0.007578	80.7
1715	-0.167582	152.705002	1.199160	0.010673	33.9
1716	-0.171045	151.825887	1.205260	0.009678	89.8
1717	-0.175053	152.825877	1.198326	0.007370	40.6
1718	-0.168097	151.950386	1.204392	0.012454	32.9
1719	-0.168143	151.071076	1.210547	0.012940	56.0
1720	-0.168054	151.820480	1.205298	0.013186	59.9
1721	-0.167218	150.940124	1.211469	0.011245	33.4
1722	-0.168619	151.939579	1.204468	0.014166	33.5
1723	-0.167292	151.067421	1.210573	0.011100	60.2
1724	-0.170449	152.067313	1.203579	0.012783	35.6
1725	-0.171401	153.067313	1.196664	0.008916	51.4
1726	-0.168644	152.187446	1.202744	0.016248	56.9
1727	-0.162545	151.347802	1.208603	0.013552	81.7
1728	-0.168992	150.467400	1.214809	0.007229	37.8
1729	-0.166356	149.587407	1.221076	0.008876	22.3
1730	-0.172208	150.492765	1.214629	0.012788	65.0
1731	-0.167546	149.612544	1.220896	0.012800	59.9
1732	-0.169187	150.612544	1.213781	0.007589	61.2
1733	-0.170064	151.612538	1.206750	0.010766	40.8
1734	-0.171797	150.732591	1.212933	0.010910	31.5
1735	-0.167312	151.093543	1.210389	0.010634	62.0
1736	-0.160851	150.213489	1.216610	0.007407	65.2
1737	-0.173199	151.135055	1.210097	0.009940	40.6
1738	-0.169272	150.257652	1.216297	0.009205	67.9
1739	-0.167012	149.491686	1.221761	0.011825	55.3
1740	-0.173580	148.612241	1.228096	0.015181	70.0
1741	-0.174063	147.731926	1.234503	0.013929	48.4
1742	-0.168386	147.275531	1.237851	0.015890	41.2
1743	-0.167617	148.275531	1.230539	0.011409	48.2
1744	-0.173905	149.275418	1.223313	0.010289	56.6
1745	-0.171756	150.275418	1.216171	0.014276	68.8
1746	-0.167250	149.721396	1.220117	0.008400	39.1
1747	-0.164169	149.293488	1.223183	0.011599	41.3
1748	-0.167785	149.729027	1.220063	0.009813	40.1
1749	-0.164871	150.690566	1.213230	0.012484	51.8
1750	-0.168995	151.681747	1.206266	0.007033	72.8
1751	-0.161246	150.811216	1.212378	0.011380	61.1
1752	-0.169416	151.810648	1.205366	0.009156	59.3
1753	-0.165272	152.809916	1.198436	0.016460	52.1
1754	-0.167295	151.932209	1.204519	0.011795	52.5
1755	-0.173777	152.932205	1.197594	0.017826	53.4
1756	-0.165773	152.082576	1.203472	0.012097	63.5
1757	-0.168300	151.202610	1.209622	0.011659	96.7
1758	-0.170841	150.357698	1.215587	0.020468	58.1
1759	-0.170108	151.357696	1.208534	0.013670	38.8
1760	-0.164905	152.357696	1.201563	0.010933	74.9
1761	-0.166434	151.546111	1.207214	0.011576	55.9
1762	-0.176118	150.665709	1.213405	0.010986	44.9
1763	-0.162415	151.665329	1.206381	0.011574	78.7
1764	-0.168555	152.661563	1.199460	0.011889	59.3
1765	-0.169047	153.661447	1.192594	0.014077	34.0
1766	-0.163435	154.661323	1.185805	0.007638	34.8
1767	-0.167709	155.623307	1.179347	0.012614	30.8
1768	-0.169963	156.620719	1.172724	0.011688	48.9
1769	-0.169602	157.487593	1.167029	0.015434	60.4
1770	-0.169306	158.307507	1.161692	0.009828	56.3
1771	-0.163545	157.472903	1.167125	0.008924	77.8
1772	-0.162503	158.470993	1.160634	0.011535	51.1
1773	-0.171245	159.468692	1.154217	0.007734	35.1
1774	-0.175203	158.928393	1.157683	0.012591	57.6
1775	-0.164760	158.048442	1.163373	0.006732	34.1
1776	-0.167827	157.177742	1.169058	0.011518	42.0
1777	-0.166144	156.815571	1.171439	0.009316	94.0
1778	-0.171487	157.815541	1.164888	0.014243	26.2
1779	-0.164919	157.312132	1.168177	0.012983	68.7
1780	-0.171206	158.312132	1.161662	0.011328	24.6
1781	-0.163112	159.294351	1.155334	0.010094	56.7
1782	-0.168310	160.040932	1.150569	0.010082	20.0
1783	-0.170274	160.864090	1.145361	0.009459	56.3
1784	-0.169450	160.283688	1.149028	0.016646	61.3
1785	-0.162120	161.277138	1.142766	0.008090	33.8
1786	-0.170191	162.241390	1.136753	0.010255	60.8
1787	-0.169289	161.361131	1.142240	0.010156	30.7
1788	-0.164954	160.750887	1.146075	0.013865	41.3
1789	-0.170512	161.744739	1.139842	0.010356	41.2
1790	-0.173201	160.867485	1.145340	0.011454	102.3
1791	-0.166963	161.679186	1.140251	0.006627	35.1
1792	-0.168429	160.918976	1.145016	0.007595	58.8
1793	-0.166635	161.917196	1.138767	0.013328	82.6
1794	-0.170295	161.186225	1.143336	0.008102	75.1
1795	-0.168997	162.185662	1.137098	0.012597	78.5
1796	-0.168279	161.430512	1.141805	0.013270	52.8
1797	-0.168432	160.550118	1.147342	0.012618	23.4
1798	-0.165435	159.670611	1.152927	0.009473	39.5
1799	-0.169564	158.826355	1.158340	0.012417	76.5
1800	-0.171475	157.953104	1.163993	0.010775	52.9
1801	-0.168605	158.822595	1.158365	0.011532	43.2
1802	-0.168437	157.945747	1.164041	0.011592	56.0
1803	-0.167387	158.942858	1.157590	0.011178	89.7
1804	-0.168952	159.942601	1.151194	0.009542	58.3
1805	-0.169912	159.062335	1.156822	0.011346	55.1
1806	-0.162940	160.061819	1.150436	0.010862	42.4
1807	-0.161939	159.181675	1.156056	0.015701	64.7
1808	-0.159022	160.118473	1.150077	0.008006	64.0
1809	-0.165428	159.238809	1.155690	0.015408	38.6
1810	-0.165757	158.379238	1.161228	0.010968	34.3
1811	-0.167073	157.569229	1.166495	0.008668	66.4
1812	-0.165553	157.351244	1.167921	0.009097	38.4
1813	-0.173161	158.324127	1.161584	0.009939	53.2
1814	-0.174844	158.341147	1.161474	0.008693	79.4
1815	-0.164624	157.473852	1.167118	0.008069	32.4
1816	-0.168344	158.469620	1.160643	0.013739	50.1
1817	-0.167408	159.440796	1.154396	0.015154	56.1
1818	-0.171532	159.475906	1.154171	0.014639	46.7
1819	-0.164688	159.004812	1.157192	0.011470	72.1
1820	-0.168108	159.944836	1.151180	0.018309	93.0
1821	-0.173776	159.427254	1.154483	0.013177	58.1
1822	-0.166289	160.427251	1.148119	0.010057	89.2
1823	-0.175235	160.860655	1.145383	0.011264	32.2
1824	-0.170142	161.860648	1.139119	0.014952	72.6
1825	-0.170877	161.298302	1.142633	0.010932	58.2
1826	-0.171301	162.298041	1.136401	0.010233	53.8
1827	-0.175178	163.297794	1.130237	0.009303	54.7
1828	-0.170583	164.129790	1.125157	0.007632	53.9
1829	-0.161256	164.465133	1.123123	0.007470	62.2
1830	-0.173141	165.417997	1.117382	0.009152	45.0
1831	-0.166676	164.748073	1.121412	0.015078	52.8
1832	-0.163463	163.867859	1.126751	0.009372	59.7
1833	-0.164579	163.040726	1.131815	0.011100	57.1
1834	-0.165502	162.681747	1.134027	0.011724	51.3
1835	-0.168233	162.116390	1.137529	0.011412	40.2
1836	-0.169550	163.116353	1.131350	0.012892	40.3
1837	-0.168628	164.072023	1.125508	0.011167	72.2
1838	-0.164214	163.191662	1.130888	0.009826	55.2
1839	-0.170681	162.418576	1.135654	0.007762	38.8
1840	-0.162879	161.708965	1.140065	0.008518	50.5
1841	-0.165522	161.664256	1.140344	0.012091	44.2
1842	-0.161070	162.617638	1.134423	0.009387	47.6
1843	-0.167109	162.658882	1.134168	0.010890	51.1
1844	-0.170379	163.658877	1.128027	0.005681	44.3
1845	-0.169357	164.572041	1.122476	0.008398	54.5
1846	-0.173013	165.425862	1.117335	0.010382	49.1
1847	-0.166664	166.424743	1.111380	0.010790	40.3
1848	-0.172552	165.545614	1.116618	0.008407	38.6
1849	-0.175600	164.867128	1.120694	0.013187	45.6
1850	-0.170265	164.121206	1.125209	0.006989	42.6
1851	-0.170997	165.096728	1.119311	0.010513	46.6
1852	-0.164264	164.217904	1.124622	0.012568	60.9
1853	-0.169756	163.481158	1.129113	0.013229	25.3
1854	-0.167730	162.600756	1.134528	0.011645	50.8
1855	-0.169939	163.563948	1.128607	0.006654	51.5
1856	-0.166475	164.051667	1.125632	0.007430	35.6
1857	-0.167343	164.269583	1.124308	0.009709	47.5
1858	-0.169358	165.134078	1.119086	0.010910	61.3
1859	-0.170663	164.271981	1.124294	0.011091	20.2
1860	-0.170344	163.396871	1.129629	0.008890	39.6
1861	-0.167561	162.516469	1.135049	0.014923	97.7
1862	-0.169996	163.516469	1.128897	0.013986	64.1
1863	-0.165027	164.126280	1.125179	0.011530	84.9
1864	-0.166397	165.126025	1.119135	0.012993	45.2
1865	-0.167506	166.125999	1.113154	0.008153	53.6
1866	-0.169686	165.538845	1.116658	0.011763	96.0
1867	-0.163294	166.525564	1.110782	0.005616	29.8
1868	-0.171137	167.457536	1.105289	0.014654	67.0
1869	-0.162860	166.690773	1.109805	0.010081	63.6
1870	-0.160533	167.686022	1.103951	0.010511	90.6
1871	-0.166492	166.805634	1.109126	0.012597	45.0
1872	-0.172947	165.934638	1.114294	0.011005	61.6
1873	-0.166044	165.206819	1.118649	0.008384	34.4
1874	-0.163799	166.112516	1.113235	0.009927	76.1
1875	-0.170919	165.240354	1.118448	0.006931	59.3
1876	-0.165486	164.361864	1.123748	0.010754	42.1
1877	-0.165572	164.548729	1.122617	0.009549	18.5
1878	-0.165730	165.490139	1.116950	0.012739	31.8
1879	-0.167352	164.621808	1.122175	0.015038	86.1
1880	-0.165815	163.808561	1.127113	0.007248	31.1
1881	-0.169353	162.929744	1.132498	0.010160	36.8
1882	-0.172579	162.112935	1.137550	0.007454	59.6
1883	-0.168001	161.241547	1.142989	0.011390	60.3
1884	-0.165651	160.365766	1.148508	0.009984	27.9
1885	-0.168036	161.365120	1.142215	0.007506	78.4
1886	-0.165371	160.485309	1.147752	0.008780	46.4
1887	-0.162831	161.231483	1.143052	0.014998	61.0
1888	-0.171272	160.351081	1.148601	0.014689	56.5
1889	-0.168524	159.702903	1.152721	0.009135	44.8
1890	-0.166128	160.696257	1.146419	0.010800	57.8
1891	-0.169032	159.815874	1.152001	0.006390	77.1
1892	-0.174076	160.815653	1.145667	0.010810	70.9
1893	-0.170610	161.815331	1.139402	0.012235	76.3
1894	-0.174116	160.948200	1.144832	0.013655	38.0
1895	-0.165297	161.948097	1.138575	0.015514	74.6
1896	-0.169811	161.072453	1.144051	0.011637	67.0
1897	-0.173281	160.310416	1.148859	0.009447	38.7
1898	-0.166287	160.338461	1.148681	0.010391	52.9
1899	-0.170516	160.129514	1.150006	0.021852	69.7
1900	-0.168917	159.249770	1.155619	0.008387	24.6
1901	-0.173436	158.369544	1.161290	0.010132	47.4
1902	-0.166392	157.940829	1.164073	0.009632	69.8
1903	-0.164976	158.938707	1.157617	0.010288	68.1
1904	-0.174021	159.938380	1.151221	0.008116	96.1
1905	-0.169748	159.175019	1.156099	0.011107	28.7
1906	-0.165175	158.294765	1.161775	0.009830	77.4
1907	-0.164678	159.291914	1.155349	0.012233	59.8
1908	-0.172418	158.411858	1.161016	0.017542	40.3
1909	-0.170962	157.531457	1.166742	0.010115	47.2
1910	-0.167051	158.531457	1.160243	0.010329	71.9
1911	-0.170527	159.530730	1.153821	0.005049	65.5
1912	-0.167520	160.479444	1.147789	0.011113	56.0
1913	-0.169193	161.478074	1.141508	0.011888	66.1
1914	-0.169080	162.467420	1.135352	0.009850	65.7
1915	-0.164837	161.719197	1.140001	0.011761	49.2
1916	-0.166364	161.931421	1.138679	0.010938	83.5
1917	-0.169869	161.051020	1.144185	0.013258	31.2
1918	-0.170697	160.277791	1.149066	0.015058	44.5
1919	-0.162774	160.248617	1.149251	0.010301	24.7
1920	-0.171220	159.372789	1.154831	0.010883	46.4
1921	-0.174423	158.494046	1.160485	0.009654	32.7
1922	-0.167236	157.613717	1.166204	0.010564	48.9
1923	-0.168738	158.606557	1.159758	0.012075	51.3
1924	-0.166494	158.756003	1.158794	0.013313	49.6
1925	-0.167446	159.755999	1.152383	0.011069	49.6
1926	-0.168318	160.754479	1.146052	0.006507	69.3
1927	-0.168854	161.730548	1.139930	0.008532	87.3
1928	-0.165051	162.411519	1.135698	0.011275	39.4
1929	-0.167191	163.364797	1.129826	0.007751	25.5
1930	-0.171308	162.608837	1.134478	0.011887	103.8
1931	-0.167369	163.597394	1.128402	0.009860	49.7
1932	-0.169056	164.548287	1.122619	0.009753	116.4
1933	-0.169116	165.547361	1.116607	0.008443	49.8
1934	-0.161198	164.722428	1.121567	0.005774	28.1
1935	-0.172418	164.233033	1.124530	0.012495	74.0
1936	-0.163222	165.152017	1.118979	0.008604	49.8
1937	-0.174093	164.879685	1.120618	0.012741	61.2
1938	-0.171485	164.029049	1.125770	0.009189	77.4
1939	-0.163809	163.148654	1.131152	0.012067	48.0
1940	-0.171145	162.282583	1.136497	0.008030	51.5
1941	-0.166430	163.274323	1.130381	0.009843	53.8
1942	-0.168907	164.260513	1.124363	0.007496	48.5
1943	-0.171266	164.906754	1.120455	0.006960	60.1
1944	-0.172017	165.885441	1.114587	0.008187	32.7
1945	-0.166897	166.826567	1.109002	0.009565	26.4
1946	-0.175648	167.752295	1.103563	0.015165	94.2
1947	-0.171288	166.877565	1.108701	0.010444	50.8
1948	-0.168576	165.997165	1.113921	0.006208	22.9
1949	-0.169676	165.181563	1.118801	0.009651	26.7
1950	-0.166218	166.172358	1.112879	0.008239	57.6
1951	-0.167507	167.169091	1.106984	0.009420	51.2
1952	-0.163819	168.165015	1.101156	0.015107	46.0
1953	-0.166940	167.284613	1.106304	0.010816	41.8
1954	-0.172676	168.284613	1.100460	0.006654	50.1
1955	-0.167356	167.769717	1.103461	0.013842	61.7
1956	-0.166631	167.000085	1.107979	0.008975	69.0
1957	-0.162661	167.582125	1.104559	0.011779	55.9
1958	-0.173287	168.581991	1.098734	0.014848	47.9
1959	-0.169535	169.581991	1.092969	0.014822	41.3
1960	-0.165599	170.581991	1.087264	0.011381	55.6
1961	-0.166977	171.313242	1.083129	0.009150	62.7
1962	-0.167631	170.694922	1.086623	0.015657	30.5
1963	-0.169374	171.678278	1.081077	0.010661	105.8
1964	-0.165350	172.678114	1.075496	0.015873	46.0
1965	-0.172252	173.678114	1.069972	0.004763	46.0
1966	-0.171681	174.641612	1.064703	0.008282	60.8
1967	-0.169051	174.418725	1.065917	0.010749	37.8
1968	-0.169044	174.683091	1.064477	0.007628	44.6
1969	-0.169423	175.683058	1.059065	0.011032	39.5
1970	-0.169163	174.918388	1.063198	0.010683	56.8
1971	-0.167210	175.918361	1.057799	0.009559	70.7
1972	-0.161453	176.914039	1.052478	0.008668	71.0
1973	-0.166155	177.837142	1.047592	0.016296	45.5
1974	-0.167478	178.836226	1.042354	0.016089	64.1
1975	-0.168942	178.847708	1.042294	0.010136	50.5
1976	-0.164736	179.847263	1.037107	0.012936	14.2
1977	-0.166098	179.581473	1.038481	0.008313	45.7
1978	-0.166816	180.581471	1.033330	0.011477	45.6
1979	-0.161702	181.373308	1.029287	0.013713	48.4
1980	-0.172597	182.235131	1.024922	0.009272	54.3
1981	-0.170641	182.244459	1.024875	0.011490	38.5
1982	-0.168737	182.528802	1.023443	0.009228	61.8
1983	-0.166708	183.528759	1.018439	0.014323	52.1
1984	-0.174559	184.528759	1.013484	0.015201	42.4
1985	-0.166332	185.528759	1.008577	0.006421	83.7
1986	-0.166891	186.528756	1.003717	0.015441	27.9
1987	-0.170313	185.649503	1.007987	0.011452	50.0
1988	-0.168121	184.769101	1.012300	0.011473	73.9
1989	-0.171059	183.890526	1.016641	0.016058	91.6
1990	-0.168666	183.010243	1.021028	0.010090	60.7
1991	-0.176254	182.129848	1.025453	0.010186	117.5
1992	-0.169864	181.303786	1.029640	0.009920	54.4
1993	-0.170402	180.424052	1.034137	0.016789	62.3
1994	-0.167381	181.423516	1.029031	0.007515	52.7
1995	-0.164777	180.566659	1.033406	0.008295	78.2
1996	-0.166367	181.410132	1.029099	0.009157	99.3
1997	-0.169097	180.544757	1.033518	0.011267	77.9
1998	-0.167137	179.685718	1.037942	0.011688	68.5
1999	-0.163345	180.684005	1.032804	0.014365	65.5
