1:ItNr	2:Metric	2:Metric0	2:Metric1	3a:Time	3b:StepSize	4:||Gradient0||	4:||Gradient1||	4:||Gradient||	Time0[ms]	Time1[ms]	Time[ms]
0	-0.394420	-0.394423	0.000001	0.000000	605.155207	0.003890	0.000000	0.003890	74.3	163.9	4710.6
1	-0.391443	-0.391447	0.000001	0.000000	605.155207	0.003842	0.000000	0.003842	88.0	133.2	223.0
2	-0.384662	-0.384666	0.000001	0.999984	577.648574	0.003094	0.000000	0.003094	136.5	143.4	281.7
3	-0.394107	-0.394111	0.000001	0.096248	602.394303	0.005052	0.000000	0.005052	91.5	135.7	229.2
4	-0.398809	-0.398813	0.000001	0.000000	605.155207	0.004567	0.000000	0.004567	92.5	109.5	204.0
5	-0.398540	-0.398544	0.000001	0.999868	577.651629	0.003932	0.000000	0.003932	78.1	181.2	260.9
6	-0.393505	-0.393509	0.000001	0.939193	579.249161	0.004108	0.000000	0.004108	71.0	125.6	198.3
7	-0.386578	-0.386582	0.000001	1.939193	553.997656	0.003424	0.000000	0.003424	50.2	123.1	175.5
8	-0.392010	-0.392014	0.000001	1.035423	576.719564	0.004394	0.000000	0.004394	74.9	125.8	202.5
9	-0.392942	-0.392946	0.000001	2.035410	551.683665	0.003753	0.000000	0.003753	63.4	147.4	212.6
10	-0.399055	-0.399059	0.000001	3.034308	528.754959	0.003768	0.000000	0.003768	112.6	147.3	262.4
11	-0.401308	-0.401313	0.000001	3.970748	508.925865	0.004508	0.000000	0.004508	73.0	115.4	190.0
12	-0.391741	-0.391746	0.000001	4.970748	489.329746	0.004139	0.000000	0.004140	63.5	154.1	219.6
13	-0.400829	-0.400833	0.000001	5.970748	471.186765	0.004122	0.000000	0.004122	59.3	139.3	200.2
14	-0.401471	-0.401475	0.000001	5.066974	487.523389	0.004233	0.000000	0.004233	52.1	172.6	226.4
15	-0.399814	-0.399818	0.000001	4.163200	505.033519	0.004059	0.000000	0.004059	58.2	176.1	236.7
16	-0.399595	-0.399599	0.000001	5.150650	485.963424	0.004171	0.000000	0.004171	58.3	155.2	216.8
17	-0.397335	-0.397339	0.000001	4.504674	498.271789	0.003896	0.000000	0.003896	66.6	135.5	208.9
18	-0.388813	-0.388817	0.000001	5.504662	479.472607	0.004652	0.000000	0.004651	48.8	99.4	151.5
19	-0.397026	-0.397030	0.000001	4.600888	496.399163	0.004938	0.000000	0.004938	97.1	111.5	210.1
20	-0.395072	-0.395077	0.000001	3.697114	514.564550	0.003760	0.000000	0.003760	68.3	148.4	218.4
21	-0.399590	-0.399595	0.000001	2.793340	534.109937	0.003673	0.000000	0.003673	73.5	171.1	246.3
22	-0.401318	-0.401323	0.000001	3.792512	512.584583	0.004027	0.000000	0.004027	66.8	202.7	271.1
23	-0.404334	-0.404339	0.000001	4.789258	492.773360	0.004216	0.000000	0.004216	64.5	193.0	264.4
24	-0.396063	-0.396068	0.000001	3.885484	510.669563	0.004116	0.000000	0.004116	79.1	171.9	253.3
25	-0.401111	-0.401116	0.000001	4.885452	490.942138	0.003802	0.000000	0.003802	50.2	113.1	165.0
26	-0.411570	-0.411575	0.000001	5.881084	472.758448	0.003603	0.000000	0.003603	63.3	100.5	166.3
27	-0.394732	-0.394737	0.000001	4.977461	489.203289	0.003661	0.000000	0.003661	63.9	132.4	198.8
28	-0.405093	-0.405098	0.000001	5.977461	471.069511	0.004440	0.000000	0.004440	45.8	144.6	192.1
29	-0.401169	-0.401174	0.000001	6.977461	454.232046	0.004304	0.000000	0.004304	58.5	175.8	239.7
30	-0.398083	-0.398088	0.000001	6.094014	469.043071	0.003666	0.000000	0.003666	40.2	100.0	141.9
31	-0.402597	-0.402603	0.000001	5.190240	485.228830	0.004404	0.000000	0.004405	79.3	113.3	194.4
32	-0.399783	-0.399788	0.000001	6.190240	467.383131	0.003872	0.000000	0.003872	69.8	137.6	209.7
33	-0.396148	-0.396153	0.000001	7.189227	450.819724	0.003646	0.000000	0.003646	66.0	158.3	226.1
34	-0.409602	-0.409608	0.000001	6.285470	465.751901	0.004221	0.000000	0.004221	43.8	163.0	208.3
35	-0.406968	-0.406974	0.000001	6.631585	459.917849	0.004396	0.000000	0.004396	44.6	96.0	142.3
36	-0.405639	-0.405645	0.000001	7.631510	443.855711	0.003645	0.000000	0.003645	66.5	143.0	211.2
37	-0.398556	-0.398562	0.000001	6.743455	458.063329	0.004583	0.000000	0.004583	107.6	181.0	290.3
38	-0.405336	-0.405342	0.000001	7.743450	442.127142	0.004159	0.000000	0.004159	66.6	107.3	175.5
39	-0.397299	-0.397304	0.000001	8.737277	427.351142	0.004809	0.000000	0.004809	93.1	111.7	206.8
40	-0.400941	-0.400947	0.000001	9.737277	413.447792	0.005046	0.000000	0.005046	109.2	124.0	234.9
41	-0.405686	-0.405692	0.000001	10.737276	400.420611	0.004586	0.000000	0.004586	65.2	172.6	239.5
42	-0.406714	-0.406720	0.000001	9.833502	412.157511	0.003729	0.000000	0.003729	65.6	195.4	264.2
43	-0.410140	-0.410145	0.000001	10.833502	399.210223	0.003817	0.000000	0.003817	50.8	139.5	191.8
44	-0.407529	-0.407535	0.000001	9.929728	410.875240	0.004834	0.000000	0.004834	50.2	197.5	249.5
45	-0.403413	-0.403419	0.000001	10.929710	398.007347	0.003923	0.000000	0.003923	62.0	211.7	275.4
46	-0.399541	-0.399547	0.000001	11.929710	385.920774	0.004258	0.000000	0.004258	80.2	128.3	210.6
47	-0.399453	-0.399459	0.000001	11.025936	396.811483	0.004226	0.000000	0.004226	71.8	156.2	229.8
48	-0.402030	-0.402036	0.000001	12.025919	384.796540	0.004976	0.000000	0.004975	80.8	175.8	258.4
49	-0.407121	-0.407128	0.000001	13.025767	373.489285	0.004205	0.000000	0.004205	50.5	146.7	200.5
50	-0.407893	-0.407900	0.000001	14.021272	362.872580	0.004105	0.000000	0.004105	79.6	123.4	205.2
51	-0.404331	-0.404337	0.000001	13.351513	369.947591	0.003272	0.000000	0.003272	48.9	157.2	207.6
52	-0.398479	-0.398485	0.000001	14.351503	359.482863	0.004371	0.000000	0.004371	61.6	122.0	185.2
53	-0.407651	-0.407657	0.000001	14.704905	355.924745	0.004189	0.000000	0.004189	92.5	142.7	236.9
54	-0.403972	-0.403978	0.000001	15.674811	346.511922	0.004368	0.000000	0.004368	63.2	137.6	202.6
55	-0.411944	-0.411950	0.000001	14.788707	355.091325	0.003985	0.000000	0.003985	52.6	179.1	233.3
56	-0.403365	-0.403371	0.000001	13.885117	364.288853	0.005252	0.000000	0.005252	50.9	208.0	260.7
57	-0.409206	-0.409213	0.000001	14.877039	354.217064	0.003811	0.000000	0.003811	53.9	164.6	220.0
58	-0.409609	-0.409615	0.000001	14.041169	362.666531	0.004055	0.000000	0.004055	58.8	167.0	230.2
59	-0.408919	-0.408926	0.000001	15.041129	352.604365	0.003828	0.000000	0.003828	73.7	169.5	245.0
60	-0.412049	-0.412056	0.000001	14.137823	361.668947	0.003837	0.000000	0.003837	59.8	125.2	186.6
61	-0.407351	-0.407358	0.000001	15.132303	351.714623	0.004192	0.000000	0.004192	71.6	154.5	228.0
62	-0.410197	-0.410204	0.000001	16.130689	342.257565	0.004353	0.000000	0.004353	60.6	94.0	156.4
63	-0.404673	-0.404680	0.000001	17.130689	333.281659	0.004165	0.000000	0.004165	89.5	169.6	261.5
64	-0.413548	-0.413555	0.000001	16.291020	340.786049	0.003403	0.000000	0.003403	51.1	174.0	227.6
65	-0.402338	-0.402345	0.000001	17.024153	334.215445	0.003578	0.000000	0.003578	90.5	128.9	221.6
66	-0.398599	-0.398606	0.000001	18.023910	325.653150	0.003378	0.000000	0.003378	86.8	164.2	252.7
67	-0.403551	-0.403558	0.000001	19.023910	317.516685	0.003279	0.000000	0.003279	48.3	134.5	193.1
68	-0.409029	-0.409036	0.000001	18.120137	324.852118	0.004374	0.000000	0.004374	41.4	141.1	185.9
69	-0.408257	-0.408264	0.000001	17.693931	328.430300	0.004424	0.000000	0.004424	66.3	145.0	212.8
70	-0.413990	-0.413997	0.000001	18.693931	320.156232	0.004829	0.000000	0.004829	88.1	180.8	273.0
71	-0.405416	-0.405423	0.000001	17.790157	327.615569	0.004670	0.000000	0.004670	90.2	100.5	194.0
72	-0.400769	-0.400776	0.000001	18.790157	319.381988	0.004179	0.000000	0.004179	73.6	121.9	197.2
73	-0.401230	-0.401237	0.000002	19.790157	311.552110	0.003432	0.000000	0.003432	66.4	211.3	279.2
74	-0.408979	-0.408987	0.000001	19.668345	312.485284	0.003971	0.000000	0.003971	56.8	133.8	194.9
75	-0.403931	-0.403939	0.000002	20.668253	304.986616	0.004078	0.000000	0.004078	76.0	144.0	221.8
76	-0.407568	-0.407575	0.000002	19.768530	311.717376	0.003319	0.000000	0.003319	77.7	211.5	291.4
77	-0.409395	-0.409402	0.000002	20.768528	304.254420	0.003907	0.000000	0.003907	115.8	214.5	332.2
78	-0.410268	-0.410275	0.000002	21.768054	297.143734	0.004360	0.000000	0.004360	63.4	150.7	215.7
79	-0.400282	-0.400290	0.000002	22.768043	290.354756	0.003855	0.000000	0.003855	84.7	100.4	187.4
80	-0.410097	-0.410105	0.000002	23.768042	283.868998	0.003871	0.000000	0.003871	63.4	123.6	188.9
81	-0.404015	-0.404023	0.000002	24.768042	277.666658	0.004321	0.000000	0.004321	111.9	101.9	216.1
82	-0.406285	-0.406293	0.000002	25.766422	271.738971	0.003973	0.000000	0.003973	68.5	118.4	188.6
83	-0.410501	-0.410509	0.000002	26.766422	266.050059	0.004009	0.000000	0.004009	53.9	130.5	186.2
84	-0.404875	-0.404883	0.000002	27.766420	260.594471	0.004215	0.000000	0.004215	72.7	136.4	210.6
85	-0.414020	-0.414028	0.000002	28.766409	255.358172	0.004204	0.000000	0.004204	45.8	108.6	156.4
86	-0.407181	-0.407189	0.000002	29.766409	250.328111	0.003815	0.000000	0.003815	60.5	178.5	241.1
87	-0.410504	-0.410512	0.000002	30.750144	245.569543	0.004117	0.000000	0.004117	76.7	127.7	211.3
88	-0.401136	-0.401144	0.000002	31.747770	240.925054	0.004347	0.000000	0.004347	91.2	108.4	201.2
89	-0.398160	-0.398168	0.000002	32.747515	236.443661	0.004063	0.000000	0.004063	50.2	170.9	223.1
90	-0.411154	-0.411162	0.000002	33.747515	232.124860	0.004365	0.000000	0.004365	57.7	181.4	240.6
91	-0.409464	-0.409471	0.000002	34.747426	227.961366	0.004503	0.000000	0.004503	83.5	176.4	263.1
92	-0.403189	-0.403197	0.000002	35.747414	223.944290	0.003244	0.000000	0.003244	100.1	253.8	356.5
93	-0.415538	-0.415546	0.000002	36.747409	220.066311	0.003932	0.000000	0.003932	58.4	153.5	213.5
94	-0.411012	-0.411020	0.000002	37.747409	216.320337	0.003288	0.000000	0.003288	148.6	178.8	328.9
95	-0.398502	-0.398510	0.000002	38.746664	212.702410	0.003278	0.000000	0.003277	40.9	187.6	230.3
96	-0.413581	-0.413589	0.000002	39.745518	209.204890	0.004345	0.000000	0.004345	42.7	108.5	153.0
97	-0.415134	-0.415142	0.000002	40.745517	205.816712	0.004332	0.000000	0.004332	55.0	215.6	272.1
98	-0.409327	-0.409335	0.000002	41.716169	202.631307	0.003808	0.000000	0.003808	53.9	172.7	228.4
99	-0.410372	-0.410380	0.000002	42.716169	199.451089	0.005063	0.000000	0.005063	38.8	130.7	171.2
100	-0.406797	-0.406805	0.000002	41.813501	202.317322	0.004028	0.000000	0.004028	93.9	181.2	276.9
101	-0.406488	-0.406497	0.000002	41.713797	202.638973	0.003950	0.000000	0.003950	71.2	127.5	200.6
102	-0.399040	-0.399048	0.000002	42.713797	199.458516	0.004243	0.000000	0.004243	48.1	131.0	195.8
103	-0.407711	-0.407719	0.000002	41.810037	202.328481	0.004644	0.000000	0.004644	73.8	180.5	256.0
104	-0.404234	-0.404243	0.000002	40.906263	205.282288	0.004647	0.000000	0.004647	50.1	150.5	209.3
105	-0.410677	-0.410685	0.000002	41.876544	202.114470	0.004494	0.000000	0.004494	91.4	126.9	222.2
106	-0.405273	-0.405281	0.000002	42.876544	198.950328	0.003803	0.000000	0.003803	70.2	122.8	194.7
107	-0.405572	-0.405580	0.000002	41.973274	201.804012	0.004070	0.000000	0.004070	89.7	143.5	241.3
108	-0.417413	-0.417422	0.000002	42.973270	198.649520	0.003882	0.000000	0.003882	90.2	162.8	254.6
109	-0.416691	-0.416699	0.000002	43.973155	195.592462	0.004101	0.000000	0.004101	98.8	141.4	241.9
110	-0.406187	-0.406195	0.000002	44.771905	193.217140	0.003392	0.000000	0.003392	68.5	132.8	205.0
111	-0.410944	-0.410953	0.000002	44.067892	195.307684	0.004227	0.000000	0.004227	105.8	171.1	279.6
112	-0.405933	-0.405941	0.000002	43.164149	198.058567	0.004392	0.000000	0.004392	87.5	115.5	204.6
113	-0.413384	-0.413392	0.000002	44.164149	195.019187	0.004501	0.000000	0.004501	66.4	104.4	172.4
114	-0.409064	-0.409073	0.000002	43.260375	197.761986	0.004815	0.000000	0.004816	75.7	131.6	208.9
115	-0.409114	-0.409123	0.000002	44.260375	194.731633	0.004334	0.000000	0.004334	65.8	131.9	201.1
116	-0.410195	-0.410203	0.000002	43.356653	197.466132	0.003501	0.000000	0.003501	59.8	108.0	169.7
117	-0.407763	-0.407771	0.000002	44.356653	194.444769	0.003829	0.000000	0.003829	84.1	150.6	236.3
118	-0.412810	-0.412818	0.000002	45.339909	191.562809	0.003313	0.000000	0.003313	75.9	141.1	218.5
119	-0.407989	-0.407998	0.000002	44.715355	193.383408	0.004034	0.000000	0.004034	87.2	170.3	269.4
120	-0.409333	-0.409341	0.000002	43.816655	196.064720	0.003456	0.000000	0.003456	72.7	174.2	248.7
121	-0.410854	-0.410863	0.000002	44.816654	193.085771	0.003408	0.000000	0.003408	49.3	141.8	192.8
122	-0.405460	-0.405468	0.000002	45.226134	191.891909	0.004001	0.000000	0.004001	58.5	119.7	179.8
123	-0.411836	-0.411844	0.000002	46.226024	189.037795	0.004102	0.000000	0.004102	50.7	171.9	224.2
124	-0.413968	-0.413976	0.000002	45.322250	191.613815	0.004291	0.000000	0.004291	45.6	149.2	196.4
125	-0.412097	-0.412105	0.000002	44.418499	194.260944	0.004450	0.000000	0.004450	51.6	162.4	216.4
126	-0.413605	-0.413613	0.000002	43.519211	196.968611	0.003839	0.000000	0.003839	63.3	147.7	212.7
127	-0.408556	-0.408564	0.000002	44.519211	193.962339	0.004427	0.000000	0.004427	43.8	156.0	202.0
128	-0.406451	-0.406459	0.000002	45.519206	191.046467	0.004739	0.000000	0.004739	79.4	136.7	218.3
129	-0.407213	-0.407221	0.000002	46.519206	188.216954	0.003472	0.000000	0.003472	59.5	199.3	260.3
130	-0.407954	-0.407962	0.000002	45.615432	190.770500	0.004428	0.000000	0.004428	77.7	164.0	245.1
131	-0.409878	-0.409887	0.000002	46.615432	187.949095	0.004063	0.000000	0.004063	79.2	172.5	253.6
132	-0.400823	-0.400832	0.000002	45.711710	190.495183	0.004552	0.000000	0.004552	34.5	84.9	121.5
133	-0.407070	-0.407078	0.000002	44.808100	193.110867	0.004400	0.000000	0.004400	101.1	141.1	243.7
134	-0.413680	-0.413688	0.000002	45.808100	190.220337	0.003945	0.000000	0.003945	32.1	182.9	217.4
135	-0.404076	-0.404084	0.000002	46.808100	187.415063	0.005079	0.000000	0.005079	67.9	227.3	297.1
136	-0.414641	-0.414649	0.000002	47.808100	184.691328	0.004788	0.000000	0.004788	73.4	159.5	234.5
137	-0.422947	-0.422956	0.000002	48.808100	182.045627	0.003197	0.000000	0.003197	60.5	168.2	230.9
138	-0.412541	-0.412549	0.000002	49.808100	179.474656	0.003886	0.000000	0.003886	50.5	150.7	215.1
139	-0.409777	-0.409785	0.000002	50.808091	176.975311	0.004055	0.000000	0.004055	61.8	180.8	244.2
140	-0.406703	-0.406711	0.000002	51.808091	174.544602	0.004267	0.000000	0.004267	38.4	126.9	167.2
141	-0.418092	-0.418101	0.000002	52.807263	172.181691	0.003164	0.000000	0.003164	79.5	133.6	214.9
142	-0.405307	-0.405316	0.000002	51.904459	174.313882	0.003099	0.000000	0.003099	54.3	136.0	192.4
143	-0.413706	-0.413714	0.000002	52.299095	173.375391	0.004349	0.000000	0.004349	89.8	138.2	230.2
144	-0.407161	-0.407169	0.000002	53.299091	171.041922	0.004491	0.000000	0.004491	107.2	163.9	273.0
145	-0.410665	-0.410673	0.000002	54.299091	168.770422	0.003923	0.000000	0.003923	74.4	187.6	263.7
146	-0.408576	-0.408584	0.000002	55.299091	166.558463	0.004232	0.000000	0.004232	72.4	121.3	195.5
147	-0.411892	-0.411900	0.000002	54.401934	168.540232	0.004036	0.000000	0.004036	82.7	160.2	244.7
148	-0.406412	-0.406421	0.000002	55.401933	166.334264	0.003978	0.000000	0.003978	83.6	122.4	208.4
149	-0.416866	-0.416875	0.000002	56.396234	164.197386	0.004598	0.000000	0.004598	85.5	108.2	195.4
150	-0.409033	-0.409041	0.000002	57.396234	162.102932	0.003902	0.000000	0.003902	38.8	146.8	187.3
151	-0.410214	-0.410223	0.000002	58.392952	160.067853	0.004254	0.000000	0.004254	78.4	192.2	274.8
152	-0.408047	-0.408055	0.000002	59.383296	158.095773	0.003994	0.000000	0.003994	49.6	140.4	191.6
153	-0.410869	-0.410877	0.000002	58.479585	159.893378	0.003586	0.000000	0.003586	46.7	113.9	162.3
154	-0.408656	-0.408664	0.000002	57.713601	161.449345	0.004016	0.000000	0.004016	64.3	182.0	248.0
155	-0.418256	-0.418265	0.000002	58.707515	159.436150	0.003566	0.000000	0.003566	71.0	224.2	300.7
156	-0.415195	-0.415204	0.000002	59.707501	157.460698	0.004356	0.000000	0.004356	80.9	154.5	237.1
157	-0.409904	-0.409913	0.000002	59.172068	158.512305	0.003978	0.000000	0.003978	83.6	175.1	265.6
158	-0.403257	-0.403265	0.000002	60.172068	156.559511	0.003894	0.000000	0.003895	95.5	157.1	257.1
159	-0.414367	-0.414376	0.000002	61.172065	154.654253	0.004536	0.000000	0.004536	54.5	126.5	183.4
160	-0.406824	-0.406833	0.000002	62.170254	152.798131	0.003965	0.000000	0.003965	91.8	119.5	213.1
161	-0.417904	-0.417912	0.000002	63.170254	150.982785	0.004213	0.000000	0.004213	72.7	171.1	245.3
162	-0.410457	-0.410465	0.000002	64.163222	149.222387	0.003557	0.000000	0.003557	57.4	120.0	179.0
163	-0.412538	-0.412546	0.000002	65.163222	147.490530	0.003738	0.000000	0.003738	61.5	172.0	235.1
164	-0.410194	-0.410203	0.000002	64.259449	149.053971	0.003663	0.000000	0.003663	80.6	140.4	223.3
165	-0.400679	-0.400687	0.000002	63.355675	150.650912	0.004465	0.000000	0.004465	61.3	168.1	231.5
166	-0.406022	-0.406031	0.000002	64.318431	148.950927	0.004004	0.000000	0.004004	135.6	166.3	303.7
167	-0.411804	-0.411813	0.000002	63.415638	150.543899	0.003984	0.000000	0.003984	41.5	150.9	195.1
168	-0.400952	-0.400961	0.000002	64.415638	148.781413	0.003815	0.000000	0.003815	70.0	197.1	268.8
169	-0.414247	-0.414256	0.000002	65.367626	147.141469	0.004400	0.000000	0.004400	46.2	182.0	231.4
170	-0.407167	-0.407175	0.000002	66.168849	145.789000	0.004048	0.000000	0.004048	47.7	161.5	212.2
171	-0.421877	-0.421886	0.000002	67.068985	144.298919	0.003583	0.000000	0.003583	72.9	186.1	260.7
172	-0.416724	-0.416733	0.000002	68.027573	142.745207	0.003782	0.000000	0.003782	53.9	110.9	166.6
173	-0.410742	-0.410751	0.000002	69.027573	141.159635	0.004177	0.000000	0.004177	61.4	154.2	217.8
174	-0.410376	-0.410384	0.000002	70.027573	139.608900	0.004333	0.000000	0.004333	82.3	149.1	238.2
175	-0.406855	-0.406864	0.000002	71.027573	138.091867	0.003523	0.000000	0.003523	72.9	118.7	194.2
176	-0.415199	-0.415208	0.000002	70.123990	139.461182	0.003755	0.000000	0.003755	67.9	156.4	226.3
177	-0.414581	-0.414590	0.000002	69.234273	140.836281	0.004331	0.000000	0.004331	58.7	170.8	231.0
178	-0.410774	-0.410783	0.000002	68.411940	142.131569	0.004299	0.000000	0.004299	88.2	140.5	232.2
179	-0.409958	-0.409967	0.000002	69.411940	140.559524	0.003199	0.000000	0.003199	75.4	119.2	196.2
180	-0.415604	-0.415613	0.000002	69.929903	139.758857	0.004831	0.000000	0.004831	44.0	178.2	223.8
181	-0.406927	-0.406936	0.000002	70.925778	138.244784	0.004309	0.000000	0.004309	67.9	182.8	252.5
182	-0.411284	-0.411293	0.000002	71.925520	136.757474	0.005007	0.000000	0.005007	47.1	177.7	226.7
183	-0.416383	-0.416391	0.000002	72.925518	135.301455	0.004816	0.000000	0.004816	92.1	139.1	239.6
184	-0.413205	-0.413214	0.000002	73.925518	133.876112	0.003853	0.000000	0.003853	60.9	147.7	210.2
185	-0.409713	-0.409722	0.000002	74.914742	132.495372	0.003440	0.000000	0.003440	110.6	79.7	199.6
186	-0.414696	-0.414705	0.000002	75.914462	131.128616	0.003534	0.000000	0.003534	64.3	155.7	222.3
187	-0.409894	-0.409903	0.000002	75.057758	132.298105	0.004921	0.000000	0.004921	90.8	165.5	257.8
188	-0.411716	-0.411725	0.000002	76.055535	130.938018	0.004719	0.000000	0.004719	44.7	187.8	234.2
189	-0.409879	-0.409888	0.000002	77.055535	129.602672	0.003607	0.000000	0.003607	48.8	218.6	269.3
190	-0.414562	-0.414570	0.000002	78.055517	128.294312	0.004035	0.000000	0.004035	47.6	187.9	245.2
191	-0.409924	-0.409933	0.000002	77.151964	129.475345	0.004056	0.000000	0.004056	85.4	153.0	240.3
192	-0.408033	-0.408042	0.000002	78.151962	128.169519	0.004174	0.000000	0.004174	76.8	176.6	254.9
193	-0.422415	-0.422424	0.000002	79.147993	126.894798	0.004240	0.000000	0.004240	50.0	127.3	178.9
194	-0.406569	-0.406577	0.000002	80.147993	125.640252	0.004249	0.000000	0.004248	61.6	146.4	209.6
195	-0.406548	-0.406557	0.000002	79.244349	126.772825	0.005327	0.000000	0.005327	93.5	111.9	207.0
196	-0.417177	-0.417186	0.000002	80.244348	125.520679	0.004742	0.000000	0.004742	74.9	121.1	197.7
197	-0.409962	-0.409971	0.000002	81.244348	124.293025	0.004232	0.000000	0.004232	55.4	182.9	240.5
198	-0.421939	-0.421948	0.000002	82.244348	123.089153	0.003647	0.000000	0.003647	59.6	156.1	217.9
199	-0.416194	-0.416203	0.000002	83.243409	121.909476	0.004653	0.000000	0.004653	60.5	143.5	205.5
200	-0.406651	-0.406660	0.000002	82.339839	122.975413	0.003447	0.000000	0.003447	65.0	119.5	186.1
201	-0.405756	-0.405765	0.000002	83.339839	121.796808	0.003670	0.000000	0.003670	28.7	168.6	199.3
202	-0.414537	-0.414546	0.000002	84.271229	120.719207	0.004132	0.000000	0.004132	42.7	132.6	177.0
203	-0.411395	-0.411404	0.000002	85.271229	119.583253	0.004282	0.000000	0.004282	46.2	195.7	244.5
204	-0.407510	-0.407519	0.000002	84.367455	120.608961	0.003722	0.000000	0.003722	45.8	133.5	181.3
205	-0.412650	-0.412659	0.000002	85.367158	119.475406	0.004736	0.000000	0.004736	81.8	128.6	212.1
206	-0.413514	-0.413523	0.000002	84.463384	120.499257	0.003907	0.000000	0.003907	65.0	215.8	282.4
207	-0.418210	-0.418219	0.000002	85.463353	119.367454	0.003921	0.000000	0.003921	90.5	213.3	305.9
208	-0.414966	-0.414975	0.000002	86.452763	118.268335	0.004607	0.000000	0.004607	80.8	158.5	241.1
209	-0.404028	-0.404037	0.000002	85.570235	119.247737	0.004506	0.000000	0.004506	42.2	145.6	189.7
210	-0.419041	-0.419050	0.000002	86.570235	118.139180	0.003582	0.000000	0.003582	67.7	181.8	251.3
211	-0.414501	-0.414510	0.000002	87.570215	117.051066	0.003781	0.000000	0.003781	61.6	148.9	212.2
212	-0.419058	-0.419067	0.000002	88.570215	115.982791	0.004302	0.000000	0.004302	80.9	115.3	198.4
213	-0.410005	-0.410014	0.000002	89.570206	114.933849	0.004145	0.000000	0.004144	90.7	144.2	237.7
214	-0.411165	-0.411174	0.000002	90.570205	113.903702	0.004014	0.000000	0.004014	104.7	156.3	262.7
215	-0.408874	-0.408883	0.000002	91.570193	112.891867	0.002959	0.000000	0.002959	93.9	144.6	240.0
216	-0.422316	-0.422325	0.000002	92.570184	111.897849	0.004059	0.000000	0.004059	87.3	172.0	261.8
217	-0.418134	-0.418143	0.000002	91.667404	112.794463	0.004968	0.000000	0.004968	99.8	140.1	242.0
218	-0.410520	-0.410529	0.000002	92.667404	111.802143	0.004232	0.000000	0.004232	82.6	151.0	235.2
219	-0.413885	-0.413894	0.000002	93.667404	110.827130	0.003266	0.000000	0.003266	67.6	130.6	199.7
220	-0.420370	-0.420379	0.000002	94.667403	109.868978	0.003766	0.000000	0.003766	61.3	168.5	248.3
221	-0.410824	-0.410833	0.000002	93.763640	110.734196	0.003394	0.000000	0.003394	40.2	142.6	184.5
222	-0.408332	-0.408341	0.000002	93.502790	110.986460	0.004023	0.000000	0.004023	46.7	136.3	184.7
223	-0.413323	-0.413332	0.000002	94.500336	110.027900	0.003690	0.000000	0.003690	61.3	175.8	239.1
224	-0.412876	-0.412885	0.000002	93.596591	110.895614	0.003816	0.000000	0.003816	48.6	182.1	232.6
225	-0.410965	-0.410974	0.000002	94.596591	109.936281	0.003853	0.000000	0.003853	62.0	173.8	237.4
226	-0.416711	-0.416720	0.000002	95.596591	108.993404	0.004056	0.000000	0.004056	99.6	150.7	253.6
227	-0.414543	-0.414553	0.000002	95.944733	108.668933	0.003402	0.000000	0.003402	76.3	129.9	207.9
228	-0.411434	-0.411443	0.000002	95.078542	109.479832	0.005223	0.000000	0.005223	126.4	115.1	243.3
229	-0.417107	-0.417116	0.000002	94.175021	110.338676	0.003404	0.000000	0.003404	62.6	113.3	178.6
230	-0.411609	-0.411618	0.000002	93.271247	111.211347	0.005017	0.000000	0.005018	49.1	171.0	221.9
231	-0.408143	-0.408152	0.000002	94.270507	110.247276	0.003233	0.000000	0.003233	84.0	149.7	235.2
232	-0.420188	-0.420197	0.000002	93.366734	111.118495	0.003616	0.000000	0.003616	38.6	160.3	200.4
233	-0.409251	-0.409260	0.000002	94.366670	110.155380	0.004467	0.000000	0.004467	55.0	104.3	162.5
234	-0.415862	-0.415872	0.000002	95.366408	109.209003	0.005373	0.000000	0.005373	73.1	131.8	206.4
235	-0.410095	-0.410104	0.000002	94.487632	110.040002	0.003985	0.000000	0.003985	51.9	131.0	184.4
236	-0.406257	-0.406266	0.000002	95.438946	109.140968	0.003787	0.000000	0.003787	78.4	114.2	194.2
237	-0.410462	-0.410471	0.000002	96.438893	108.211675	0.004544	0.000000	0.004544	77.0	140.1	218.6
238	-0.415865	-0.415874	0.000002	97.438884	107.298033	0.004668	0.000000	0.004668	87.1	127.7	216.6
239	-0.415809	-0.415818	0.000002	98.438882	106.399684	0.004109	0.000000	0.004109	72.5	160.2	234.3
240	-0.403765	-0.403774	0.000002	97.545285	107.201727	0.003276	0.000000	0.003276	59.9	123.3	184.8
241	-0.415523	-0.415532	0.000002	97.324119	107.402104	0.003190	0.000000	0.003190	62.8	127.3	191.8
242	-0.417293	-0.417303	0.000002	96.420349	108.228765	0.003604	0.000000	0.003604	83.4	111.6	196.6
243	-0.401015	-0.401024	0.000002	95.530217	109.055485	0.004411	0.000000	0.004411	67.4	121.9	191.6
244	-0.406361	-0.406370	0.000002	96.529862	108.127919	0.004010	0.000000	0.004010	65.7	145.3	212.6
245	-0.412113	-0.412122	0.000002	97.529848	107.215689	0.003587	0.000000	0.003587	68.3	117.2	187.1
246	-0.408309	-0.408318	0.000002	96.626076	108.039474	0.004351	0.000000	0.004351	46.4	159.3	207.5
247	-0.415804	-0.415813	0.000002	97.626076	107.128717	0.004463	0.000000	0.004462	54.5	110.6	166.7
248	-0.410810	-0.410820	0.000002	98.625991	106.233263	0.003633	0.000000	0.003633	61.6	93.6	157.0
249	-0.406705	-0.406714	0.000002	97.722217	107.041965	0.003855	0.000000	0.003855	107.8	111.9	221.3
250	-0.404451	-0.404461	0.000002	98.665034	106.198602	0.004422	0.000000	0.004422	69.4	121.7	193.1
251	-0.410472	-0.410481	0.000002	99.665032	105.318493	0.003583	0.000000	0.003583	85.6	136.4	223.7
252	-0.418145	-0.418155	0.000002	98.761598	106.112974	0.003636	0.000000	0.003636	97.2	142.3	241.8
253	-0.412091	-0.412101	0.000002	98.991916	105.909296	0.004833	0.000000	0.004833	58.6	155.9	216.1
254	-0.410198	-0.410207	0.000002	98.103299	106.699474	0.004177	0.000000	0.004177	79.3	165.0	251.2
255	-0.414324	-0.414333	0.000002	99.103299	105.811076	0.004716	0.000000	0.004716	103.9	162.6	268.3
256	-0.410894	-0.410904	0.000002	98.199527	106.613337	0.004021	0.000000	0.004021	58.1	125.1	184.8
257	-0.409033	-0.409042	0.000002	99.018429	105.885900	0.003703	0.000000	0.003703	48.1	164.4	215.6
258	-0.413413	-0.413422	0.000002	99.496478	105.465815	0.003991	0.000000	0.003991	94.4	137.8	234.4
259	-0.413816	-0.413826	0.000002	100.496192	104.598005	0.003731	0.000000	0.003731	45.7	127.9	175.1
260	-0.413181	-0.413191	0.000002	99.592418	105.381910	0.004672	0.000000	0.004672	73.1	160.8	235.4
261	-0.415858	-0.415868	0.000002	100.592418	104.515228	0.003631	0.000000	0.003631	84.4	171.0	257.1
262	-0.416277	-0.416286	0.000002	101.591907	103.663118	0.003876	0.000000	0.003876	64.2	176.3	242.3
263	-0.410621	-0.410630	0.000002	102.163973	103.181629	0.003682	0.000000	0.003683	51.5	124.1	178.8
264	-0.422109	-0.422118	0.000002	101.271516	103.934749	0.004293	0.000000	0.004293	44.6	191.0	237.2
265	-0.405484	-0.405493	0.000002	100.367743	104.708707	0.004191	0.000000	0.004191	111.2	175.7	288.6
266	-0.418489	-0.418499	0.000002	99.463969	105.494278	0.003299	0.000000	0.003299	18.4	77.0	96.9
267	-0.412819	-0.412828	0.000002	100.409263	104.672897	0.003492	0.000000	0.003492	89.3	100.3	191.1
268	-0.410941	-0.410950	0.000002	101.407648	103.819161	0.004027	0.000000	0.004027	81.8	168.0	259.3
269	-0.416760	-0.416769	0.000002	100.734256	104.393453	0.004314	0.000000	0.004314	79.0	156.2	237.0
270	-0.413690	-0.413699	0.000002	99.830482	105.174283	0.003404	0.000000	0.003404	79.1	120.0	201.6
271	-0.408849	-0.408859	0.000002	99.201701	105.724455	0.004477	0.000000	0.004477	100.9	145.1	247.9
272	-0.408614	-0.408623	0.000002	100.201700	104.852154	0.003170	0.000000	0.003170	46.8	111.9	160.2
273	-0.408769	-0.408778	0.000002	100.995376	104.170009	0.003744	0.000000	0.003743	56.4	174.5	232.6
274	-0.413040	-0.413049	0.000002	100.093612	104.945745	0.004848	0.000000	0.004848	50.9	150.3	203.1
275	-0.401981	-0.401991	0.000002	99.490818	105.470770	0.003487	0.000000	0.003487	78.9	143.3	224.0
276	-0.409541	-0.409551	0.000002	100.490771	104.602672	0.003682	0.000000	0.003682	84.4	155.5	242.0
277	-0.412951	-0.412960	0.000002	99.586998	105.386646	0.004304	0.000000	0.004304	82.4	158.0	246.1
278	-0.411813	-0.411823	0.000002	98.683276	106.182415	0.003695	0.000000	0.003695	61.4	207.1	274.9
279	-0.416616	-0.416626	0.000002	99.683276	105.302572	0.003868	0.000000	0.003868	78.9	123.3	204.5
280	-0.407379	-0.407388	0.000002	100.681123	104.439037	0.004315	0.000000	0.004315	42.8	154.7	199.2
281	-0.415926	-0.415936	0.000002	101.680790	103.588013	0.004579	0.000000	0.004579	49.0	159.8	211.6
282	-0.411063	-0.411072	0.000002	102.680790	102.750470	0.002943	0.000000	0.002943	53.0	162.2	217.1
283	-0.411882	-0.411891	0.000002	103.676645	101.929751	0.004429	0.000000	0.004429	43.4	150.6	195.6
284	-0.412364	-0.412373	0.000002	102.774329	102.672820	0.004269	0.000000	0.004269	19.7	145.7	166.9
285	-0.411357	-0.411366	0.000002	103.617793	101.977888	0.003729	0.000000	0.003729	64.3	114.0	180.0
286	-0.412457	-0.412467	0.000002	104.617793	101.166077	0.004079	0.000000	0.004079	49.3	154.9	206.1
287	-0.416586	-0.416595	0.000002	105.042984	100.824806	0.003639	0.000000	0.003639	49.2	117.9	169.3
288	-0.417179	-0.417188	0.000002	106.042984	100.031178	0.003446	0.000000	0.003446	52.4	165.5	219.9
289	-0.414966	-0.414976	0.000002	107.042927	99.249991	0.005867	0.000000	0.005867	48.1	165.8	215.6
290	-0.409296	-0.409305	0.000002	108.042911	98.480879	0.004483	0.000000	0.004483	45.1	120.7	167.4
291	-0.410210	-0.410219	0.000002	109.042911	97.723584	0.003485	0.000000	0.003485	53.7	119.9	175.3
292	-0.420007	-0.420016	0.000002	110.042911	96.977847	0.004563	0.000000	0.004563	61.1	144.1	206.7
293	-0.411916	-0.411925	0.000002	109.727465	97.211854	0.003844	0.000000	0.003844	70.7	146.7	220.8
294	-0.409536	-0.409545	0.000002	110.727460	96.473881	0.003736	0.000000	0.003736	77.7	127.8	207.1
295	-0.423884	-0.423894	0.000002	111.039642	96.245788	0.004313	0.000000	0.004313	75.5	128.1	205.4
296	-0.400490	-0.400500	0.000002	110.169518	96.884242	0.003159	0.000000	0.003158	62.7	141.1	205.3
297	-0.416010	-0.416020	0.000002	110.293003	96.793120	0.004631	0.000000	0.004631	50.3	115.3	167.6
298	-0.418523	-0.418533	0.000002	111.278103	96.072283	0.004334	0.000000	0.004334	82.4	143.7	227.7
299	-0.417002	-0.417011	0.000002	112.278103	95.351442	0.003381	0.000000	0.003381	63.3	124.0	189.5
300	-0.405766	-0.405775	0.000002	113.278103	94.641338	0.004222	0.000000	0.004222	72.6	159.5	233.7
301	-0.416451	-0.416461	0.000002	114.278058	93.941763	0.004204	0.000000	0.004204	56.6	135.4	193.6
302	-0.414294	-0.414303	0.000002	115.278056	93.252426	0.003555	0.000000	0.003555	65.4	150.5	218.3
303	-0.415891	-0.415901	0.000002	114.375955	93.873830	0.003633	0.000000	0.003633	56.2	123.3	181.0
304	-0.413597	-0.413607	0.000002	113.472251	94.504697	0.003328	0.000000	0.003328	49.4	145.3	196.3
305	-0.413762	-0.413771	0.000002	113.025159	94.819954	0.003802	0.000000	0.003802	67.0	114.2	182.9
306	-0.405612	-0.405622	0.000002	114.025159	94.117715	0.003550	0.000000	0.003550	54.9	153.5	210.0
307	-0.412999	-0.413009	0.000002	113.121625	94.751755	0.003993	0.000000	0.003994	44.8	140.7	187.9
308	-0.413438	-0.413448	0.000002	112.218238	95.394291	0.004016	0.000000	0.004016	55.0	167.0	223.6
309	-0.407125	-0.407134	0.000002	111.314464	96.045881	0.003480	0.000000	0.003480	53.8	148.8	204.3
310	-0.410346	-0.410355	0.000002	112.314464	95.325435	0.003821	0.000000	0.003821	56.5	112.9	170.9
311	-0.411557	-0.411566	0.000002	111.410694	95.976080	0.003237	0.000000	0.003237	76.3	119.2	197.2
312	-0.409206	-0.409216	0.000002	112.410693	95.256677	0.003613	0.000000	0.003612	63.5	98.0	163.2
313	-0.416061	-0.416071	0.000002	112.589990	95.128829	0.003984	0.000000	0.003984	47.3	164.1	213.2
314	-0.412601	-0.412611	0.000002	113.589945	94.422056	0.003561	0.000000	0.003561	48.4	128.1	179.0
315	-0.415759	-0.415769	0.000002	112.692387	95.055968	0.004515	0.000000	0.004515	63.3	89.6	154.7
316	-0.416214	-0.416224	0.000002	113.692387	94.350242	0.003719	0.000000	0.003719	118.8	129.0	249.6
317	-0.413495	-0.413504	0.000002	114.692381	93.654922	0.004080	0.000000	0.004080	65.1	147.2	213.9
318	-0.417557	-0.417567	0.000002	114.255676	93.957309	0.004412	0.000000	0.004412	51.9	154.9	209.0
319	-0.416034	-0.416044	0.000002	113.351902	94.589352	0.003880	0.000000	0.003880	67.7	165.5	235.1
320	-0.417823	-0.417833	0.000002	114.351902	93.890512	0.003807	0.000000	0.003807	32.8	123.6	158.2
321	-0.418505	-0.418515	0.000002	113.459495	94.513663	0.004468	0.000000	0.004469	54.6	162.7	218.9
322	-0.416531	-0.416541	0.000002	112.569837	95.143182	0.004904	0.000000	0.004904	83.7	104.2	189.5
323	-0.411440	-0.411450	0.000002	113.569837	94.436165	0.004213	0.000000	0.004213	36.7	184.5	222.8
324	-0.402144	-0.402154	0.000002	114.568627	93.740415	0.004671	0.000000	0.004671	52.7	205.0	259.5
325	-0.409719	-0.409728	0.000002	115.568579	93.054050	0.003689	0.000000	0.003689	31.2	145.1	178.0
326	-0.405031	-0.405041	0.000002	116.568579	92.377630	0.004460	0.000000	0.004460	62.8	147.3	212.3
327	-0.405134	-0.405143	0.000002	115.665538	92.988031	0.005015	0.000000	0.005015	62.2	182.0	246.4
328	-0.405772	-0.405782	0.000002	116.665293	92.312732	0.003908	0.000000	0.003908	71.5	132.5	217.4
329	-0.410881	-0.410891	0.000002	117.665293	91.647009	0.004303	0.000000	0.004303	59.3	160.2	221.8
330	-0.411231	-0.411241	0.000002	118.665293	90.990819	0.004411	0.000000	0.004411	71.2	149.1	228.8
331	-0.405201	-0.405211	0.000002	119.665293	90.343958	0.004866	0.000000	0.004866	61.0	160.1	222.6
332	-0.414988	-0.414998	0.000002	118.761519	90.928171	0.004443	0.000000	0.004443	64.5	127.6	193.7
333	-0.415432	-0.415441	0.000002	119.761519	90.282198	0.003494	0.000000	0.003494	80.7	125.0	207.2
334	-0.411544	-0.411553	0.000002	118.857793	90.865579	0.004204	0.000000	0.004204	91.5	93.1	186.7
335	-0.417318	-0.417327	0.000002	119.857792	90.220492	0.004279	0.000000	0.004279	116.8	121.6	243.7
336	-0.412578	-0.412588	0.000002	119.732958	90.300520	0.003720	0.000000	0.003721	94.4	133.2	229.4
337	-0.403078	-0.403088	0.000002	119.082432	90.719865	0.004670	0.000000	0.004670	73.7	159.2	234.5
338	-0.412155	-0.412165	0.000002	118.178658	91.308966	0.003034	0.000000	0.003034	42.5	130.7	175.3
339	-0.414353	-0.414363	0.000002	119.172251	90.661734	0.003856	0.000000	0.003856	82.3	178.9	262.8
340	-0.405638	-0.405648	0.000002	120.130000	90.046477	0.005464	0.000000	0.005464	59.4	164.3	225.3
341	-0.410896	-0.410906	0.000002	121.130000	89.412927	0.004310	0.000000	0.004310	66.9	189.2	259.5
342	-0.422451	-0.422460	0.000002	120.226693	89.984826	0.004562	0.000000	0.004562	33.7	118.4	154.9
343	-0.417585	-0.417595	0.000002	120.175130	90.017692	0.003903	0.000000	0.003903	62.6	117.2	181.3
344	-0.413994	-0.414004	0.000002	121.175130	89.384545	0.004615	0.000000	0.004615	74.9	104.1	180.8
345	-0.409495	-0.409505	0.000002	122.175130	88.760243	0.005242	0.000000	0.005242	65.9	173.0	241.9
346	-0.411519	-0.411529	0.000002	121.271356	89.324090	0.004552	0.000000	0.004552	74.5	172.9	248.9
347	-0.413965	-0.413975	0.000002	122.271356	88.700629	0.004358	0.000000	0.004358	52.2	125.7	181.4
348	-0.417508	-0.417518	0.000002	121.367582	89.263716	0.004642	0.000000	0.004642	60.3	168.0	230.9
349	-0.413402	-0.413412	0.000002	122.367582	88.641094	0.005181	0.000000	0.005181	57.5	187.9	247.8
350	-0.419218	-0.419228	0.000002	123.367582	88.027098	0.003909	0.000000	0.003909	39.7	124.9	167.6
351	-0.407197	-0.407207	0.000002	122.464288	88.581343	0.003749	0.000000	0.003749	27.7	142.6	172.3
352	-0.417211	-0.417221	0.000002	123.464288	87.968172	0.003943	0.000000	0.003943	58.0	135.7	197.3
353	-0.403955	-0.403965	0.000002	124.464217	87.363474	0.003885	0.000000	0.003885	68.4	146.8	217.0
354	-0.415872	-0.415881	0.000002	125.464212	86.766993	0.003612	0.000000	0.003612	56.8	123.5	182.3
355	-0.407254	-0.407264	0.000002	126.464212	86.178600	0.003379	0.000000	0.003379	122.8	159.1	283.5
356	-0.415938	-0.415948	0.000002	127.464208	85.598135	0.003640	0.000000	0.003640	55.1	135.0	191.6
357	-0.416555	-0.416564	0.000002	126.560650	86.122278	0.003412	0.000000	0.003412	79.7	175.5	257.2
358	-0.416637	-0.416647	0.000002	127.560633	85.542577	0.004234	0.000000	0.004234	68.9	126.2	196.6
359	-0.408548	-0.408558	0.000002	128.180495	85.187137	0.004002	0.000000	0.004002	96.0	152.6	250.3
360	-0.409457	-0.409466	0.000002	128.733760	84.872372	0.003553	0.000000	0.003553	54.7	154.4	210.7
361	-0.412567	-0.412577	0.000002	129.733704	84.309342	0.003034	0.000000	0.003034	86.1	130.2	220.6
362	-0.407118	-0.407128	0.000002	130.714550	83.764275	0.004137	0.000000	0.004137	55.2	136.3	193.1
363	-0.408970	-0.408980	0.000002	131.714550	83.215773	0.004546	0.000000	0.004546	72.2	152.0	225.8
364	-0.427286	-0.427296	0.000002	132.714550	82.674408	0.004525	0.000000	0.004525	41.0	169.5	212.2
365	-0.419287	-0.419297	0.000002	133.714550	82.140040	0.003348	0.000000	0.003348	63.7	172.2	237.7
366	-0.418299	-0.418308	0.000002	132.810777	82.622685	0.003865	0.000000	0.003865	40.2	158.9	204.6
367	-0.418397	-0.418407	0.000002	132.115406	82.997914	0.005020	0.000000	0.005020	53.4	162.1	217.2
368	-0.420427	-0.420437	0.000002	133.115406	82.459370	0.003996	0.000000	0.003996	47.4	105.9	155.1
369	-0.422549	-0.422559	0.000002	134.115406	81.927770	0.003785	0.000000	0.003785	52.6	127.2	182.7
370	-0.413947	-0.413957	0.000002	134.039101	81.968092	0.003774	0.000000	0.003775	83.4	141.2	227.0
371	-0.413758	-0.413768	0.000002	135.006742	81.459680	0.003791	0.000000	0.003791	40.2	146.6	188.6
372	-0.416075	-0.416085	0.000002	134.108738	81.931292	0.004682	0.000000	0.004682	60.0	147.7	209.7
373	-0.405866	-0.405876	0.000002	133.376694	82.319805	0.003621	0.000000	0.003621	79.2	155.7	238.2
374	-0.418371	-0.418381	0.000002	134.376694	81.789997	0.003666	0.000000	0.003666	74.3	150.0	226.1
375	-0.414682	-0.414692	0.000002	135.371237	81.269801	0.004226	0.000000	0.004226	116.3	161.6	279.5
376	-0.409098	-0.409108	0.000002	136.341532	80.768626	0.004844	0.000000	0.004843	84.1	184.0	270.9
377	-0.415048	-0.415058	0.000002	137.341419	80.258592	0.004280	0.000000	0.004280	70.3	147.7	219.4
378	-0.415777	-0.415787	0.000002	138.341419	79.754902	0.003590	0.000000	0.003590	51.5	121.2	174.9
379	-0.408384	-0.408393	0.000002	139.341026	79.257690	0.004164	0.000000	0.004164	57.9	168.5	228.4
380	-0.410527	-0.410537	0.000002	140.341026	78.766447	0.004271	0.000000	0.004271	63.3	168.0	233.0
381	-0.409216	-0.409226	0.000002	141.341026	78.281256	0.003481	0.000000	0.003481	69.0	175.8	246.3
382	-0.413702	-0.413712	0.000002	142.341014	77.802011	0.003241	0.000000	0.003241	48.2	89.5	140.2
383	-0.414730	-0.414740	0.000002	141.610861	78.151356	0.004478	0.000000	0.004478	52.0	147.7	202.7
384	-0.412416	-0.412426	0.000002	142.610805	77.673717	0.003633	0.000000	0.003633	37.8	93.0	132.5
385	-0.410980	-0.410990	0.000002	143.610579	77.201960	0.004581	0.000000	0.004581	88.3	102.1	200.0
386	-0.418461	-0.418471	0.000002	144.610579	76.735795	0.003641	0.000000	0.003641	73.7	155.8	231.3
387	-0.417380	-0.417390	0.000002	145.610578	76.275225	0.004760	0.000000	0.004761	72.0	156.9	230.8
388	-0.417895	-0.417905	0.000002	144.711797	76.688924	0.003762	0.000000	0.003762	35.2	142.0	179.8
389	-0.419001	-0.419011	0.000002	145.711797	76.228915	0.003199	0.000000	0.003199	49.4	92.0	143.4
390	-0.418663	-0.418673	0.000002	146.700027	75.779710	0.004141	0.000000	0.004141	91.9	111.8	205.4
391	-0.417090	-0.417099	0.000002	145.822955	76.178122	0.003740	0.000000	0.003740	52.7	176.1	230.4
392	-0.409756	-0.409766	0.000002	144.932615	76.586869	0.003861	0.000000	0.003861	70.6	133.5	205.6
393	-0.414500	-0.414510	0.000002	145.932151	76.128291	0.005491	0.000000	0.005491	81.0	168.0	250.6
394	-0.406979	-0.406989	0.000002	145.028377	76.542695	0.003682	0.000000	0.003682	62.3	128.6	192.4
395	-0.413403	-0.413413	0.000002	144.175600	76.937873	0.003377	0.000000	0.003377	68.4	137.3	208.0
396	-0.410349	-0.410359	0.000002	144.828431	76.634985	0.003402	0.000000	0.003402	74.8	145.3	221.6
397	-0.406589	-0.406599	0.000002	143.926071	77.054278	0.004798	0.000000	0.004798	68.7	102.9	173.4
398	-0.410398	-0.410408	0.000002	144.908885	76.597823	0.003697	0.000000	0.003697	65.7	122.8	190.1
399	-0.412264	-0.412274	0.000002	144.005385	77.017240	0.003758	0.000000	0.003758	52.2	162.0	215.8
400	-0.414772	-0.414782	0.000002	145.005210	76.553377	0.004296	0.000000	0.004296	67.7	155.3	224.6
401	-0.415525	-0.415535	0.000002	146.005210	76.094987	0.004343	0.000000	0.004343	63.5	145.7	211.0
402	-0.411927	-0.411937	0.000002	147.005210	75.642055	0.004154	0.000000	0.004154	77.8	125.1	204.5
403	-0.412686	-0.412696	0.000002	146.105513	76.049312	0.003143	0.000000	0.003143	54.6	119.6	176.3
404	-0.414323	-0.414333	0.000002	147.105510	75.596923	0.003799	0.000000	0.003799	62.7	92.5	157.6
405	-0.415816	-0.415826	0.000002	148.105505	75.149886	0.003996	0.000000	0.003996	96.5	129.3	227.3
406	-0.411001	-0.411011	0.000002	149.105460	74.708121	0.003735	0.000000	0.003735	65.3	100.5	167.9
407	-0.422698	-0.422708	0.000002	149.724157	74.437382	0.003620	0.000000	0.003620	41.3	129.4	172.6
408	-0.423772	-0.423782	0.000002	150.649574	74.036067	0.003637	0.000000	0.003637	40.1	150.3	192.2
409	-0.409915	-0.409925	0.000002	149.759128	74.422138	0.003700	0.000000	0.003700	126.8	156.2	286.2
410	-0.419317	-0.419327	0.000002	148.855371	74.818119	0.004530	0.000000	0.004530	42.7	121.8	166.2
411	-0.408193	-0.408203	0.000002	149.855371	74.380215	0.003332	0.000000	0.003332	58.0	140.0	199.6
412	-0.413119	-0.413129	0.000002	150.855371	73.947408	0.004587	0.000000	0.004587	17.3	106.1	125.2
413	-0.421590	-0.421600	0.000002	151.855371	73.519609	0.003949	0.000000	0.003949	64.6	80.1	146.3
414	-0.417521	-0.417531	0.000002	152.855371	73.096731	0.003990	0.000000	0.003990	75.6	107.6	184.8
415	-0.404161	-0.404170	0.000002	151.951597	73.478705	0.003151	0.000000	0.003151	73.5	89.5	182.4
416	-0.404186	-0.404196	0.000002	152.950573	73.056726	0.003946	0.000000	0.003946	62.2	110.0	174.0
417	-0.410417	-0.410427	0.000002	152.047420	73.438017	0.003225	0.000000	0.003225	38.3	92.1	132.4
418	-0.413160	-0.413170	0.000002	151.143665	73.823567	0.004166	0.000000	0.004166	52.9	105.6	160.2
419	-0.410619	-0.410629	0.000002	151.008637	73.881519	0.003798	0.000000	0.003798	35.7	129.5	167.1
420	-0.409935	-0.409945	0.000002	150.167958	74.244383	0.003877	0.000000	0.003877	48.5	112.8	163.2
421	-0.406372	-0.406382	0.000002	149.346771	74.602291	0.004328	0.000000	0.004328	42.7	147.9	192.4
422	-0.415017	-0.415027	0.000002	148.442997	75.000204	0.004070	0.000000	0.004070	26.3	147.8	175.8
423	-0.412378	-0.412388	0.000002	147.843075	75.266690	0.004168	0.000000	0.004168	71.7	140.9	214.4
424	-0.419775	-0.419785	0.000002	148.843042	74.823550	0.003839	0.000000	0.003839	45.6	118.7	166.8
425	-0.413474	-0.413484	0.000002	149.843042	74.385583	0.003688	0.000000	0.003688	34.0	92.6	128.2
426	-0.405858	-0.405868	0.000002	150.843040	73.952715	0.003275	0.000000	0.003275	72.8	90.2	166.7
427	-0.423985	-0.423995	0.000002	149.939266	74.343711	0.003481	0.000000	0.003481	49.7	90.3	141.6
428	-0.412988	-0.412998	0.000002	150.939254	73.911332	0.003711	0.000000	0.003711	69.2	148.2	219.1
429	-0.402241	-0.402251	0.000002	151.835383	73.528112	0.003957	0.000000	0.003957	46.5	118.0	166.1
430	-0.413912	-0.413922	0.000002	151.471225	73.683360	0.003541	0.000000	0.003541	36.4	68.7	107.3
431	-0.418865	-0.418875	0.000002	152.471204	73.258610	0.005395	0.000000	0.005395	75.6	127.8	205.1
432	-0.406964	-0.406974	0.000002	153.373522	72.879524	0.004307	0.000000	0.004307	53.7	102.8	158.4
433	-0.410687	-0.410697	0.000002	152.469748	73.259225	0.004421	0.000000	0.004421	49.1	109.8	160.8
434	-0.411583	-0.411593	0.000002	153.469748	72.839329	0.003803	0.000000	0.003803	52.2	108.2	163.2
435	-0.420100	-0.420111	0.000002	154.469745	72.424220	0.003815	0.000000	0.003815	51.6	112.6	167.4
436	-0.414099	-0.414109	0.000002	155.469335	72.013981	0.004794	0.000000	0.004794	56.1	86.7	144.7
437	-0.408659	-0.408669	0.000002	156.469335	71.608199	0.003727	0.000000	0.003727	75.5	115.8	192.9
438	-0.414306	-0.414316	0.000002	157.469324	71.206967	0.004134	0.000000	0.004134	59.0	95.4	156.3
439	-0.408418	-0.408428	0.000002	156.702519	71.514233	0.004036	0.000000	0.004036	80.9	124.1	208.6
440	-0.416912	-0.416922	0.000002	157.702519	71.114047	0.004812	0.000000	0.004812	40.7	77.8	121.0
441	-0.408572	-0.408582	0.000002	158.702519	70.718315	0.003538	0.000000	0.003538	57.8	112.2	171.6
442	-0.413110	-0.413120	0.000002	159.702519	70.326963	0.004550	0.000000	0.004550	57.5	111.2	170.7
443	-0.407551	-0.407561	0.000002	160.702510	69.939922	0.003277	0.000000	0.003277	40.2	83.5	125.3
444	-0.407995	-0.408005	0.000002	161.702510	69.557114	0.003828	0.000000	0.003828	50.0	104.4	158.0
445	-0.415245	-0.415255	0.000002	162.671348	69.190211	0.004025	0.000000	0.004025	63.4	102.9	167.8
446	-0.410936	-0.410946	0.000002	163.671271	68.815573	0.004757	0.000000	0.004757	46.5	106.1	154.2
447	-0.419213	-0.419223	0.000002	163.406303	68.914452	0.004912	0.000000	0.004912	42.2	120.8	165.5
448	-0.415042	-0.415052	0.000002	162.502529	69.253865	0.003401	0.000000	0.003401	37.3	109.7	150.6
449	-0.414325	-0.414336	0.000002	163.502525	68.878512	0.003406	0.000000	0.003406	32.1	90.1	124.2
450	-0.412145	-0.412155	0.000002	162.978890	69.074551	0.004758	0.000000	0.004758	91.8	95.3	190.0
451	-0.414863	-0.414873	0.000002	162.075158	69.415531	0.003451	0.000000	0.003451	46.9	110.3	159.0
452	-0.413226	-0.413236	0.000002	163.075111	69.038445	0.003290	0.000000	0.003290	49.2	188.8	240.0
453	-0.414422	-0.414432	0.000002	164.074366	68.665692	0.003397	0.000000	0.003397	20.0	114.9	136.7
454	-0.406610	-0.406620	0.000002	165.057808	68.302747	0.004135	0.000000	0.004135	33.9	96.0	132.2
455	-0.410229	-0.410239	0.000002	166.031966	67.946991	0.003835	0.000000	0.003835	36.8	115.2	153.5
456	-0.411352	-0.411362	0.000002	167.012627	67.592584	0.004422	0.000000	0.004422	49.5	108.0	159.1
457	-0.411969	-0.411979	0.000002	168.012615	67.234980	0.004276	0.000000	0.004276	32.3	125.7	159.7
458	-0.414571	-0.414581	0.000002	167.242876	67.509908	0.004501	0.000000	0.004501	41.6	85.0	129.2
459	-0.408015	-0.408025	0.000002	168.242215	67.153406	0.003904	0.000000	0.003904	71.7	112.0	185.5
460	-0.413942	-0.413952	0.000002	169.242202	66.800422	0.004714	0.000000	0.004714	38.7	134.7	175.2
461	-0.416907	-0.416917	0.000002	168.338428	67.119282	0.004487	0.000000	0.004487	40.3	140.9	182.9
462	-0.410956	-0.410966	0.000002	169.338428	66.766651	0.003312	0.000000	0.003312	32.9	90.0	124.6
463	-0.408618	-0.408628	0.000002	168.434655	67.085188	0.003970	0.000000	0.003970	40.5	114.9	157.0
464	-0.412655	-0.412665	0.000002	169.432618	66.733627	0.003829	0.000000	0.003829	51.7	147.9	201.3
465	-0.416193	-0.416203	0.000002	170.423589	66.388157	0.003906	0.000000	0.003906	53.4	123.1	178.0
466	-0.409510	-0.409520	0.000002	171.423589	66.043147	0.002946	0.000000	0.002946	61.8	146.6	210.1
467	-0.412832	-0.412842	0.000002	172.024334	65.837602	0.004566	0.000000	0.004566	77.5	202.2	281.4
468	-0.415630	-0.415640	0.000002	171.564723	65.994743	0.003933	0.000000	0.003933	59.6	248.4	309.8
469	-0.406799	-0.406809	0.000002	172.380549	65.716327	0.002807	0.000000	0.002807	108.7	116.7	227.6
470	-0.403383	-0.403393	0.000002	173.379028	65.378757	0.003869	0.000000	0.003869	37.7	167.0	206.3
471	-0.415612	-0.415622	0.000002	174.363463	65.049314	0.003888	0.000000	0.003888	85.6	204.0	292.4
472	-0.412377	-0.412387	0.000002	174.325412	65.061987	0.004266	0.000000	0.004266	71.3	197.9	271.2
473	-0.416498	-0.416508	0.000002	175.231971	64.761411	0.004033	0.000000	0.004033	40.5	186.0	228.2
474	-0.420880	-0.420890	0.000002	174.371501	65.046638	0.004049	0.000000	0.004049	48.7	215.7	275.9
475	-0.413203	-0.413213	0.000002	175.325761	64.730473	0.004035	0.000000	0.004035	80.5	156.7	240.8
476	-0.409961	-0.409971	0.000002	175.944209	64.527205	0.003946	0.000000	0.003946	34.1	175.1	211.6
477	-0.410932	-0.410942	0.000002	176.944208	64.201218	0.003988	0.000000	0.003988	73.9	110.0	185.9
478	-0.414077	-0.414087	0.000002	176.040488	64.495675	0.003687	0.000000	0.003687	53.1	175.0	229.6
479	-0.423048	-0.423058	0.000002	175.282274	64.744814	0.003807	0.000000	0.003807	100.4	146.9	248.9
480	-0.409680	-0.409690	0.000002	176.282137	64.416675	0.003261	0.000000	0.003261	47.8	133.0	184.0
481	-0.419856	-0.419866	0.000002	177.281083	64.092142	0.004263	0.000000	0.004263	57.9	111.9	172.4
482	-0.415249	-0.415259	0.000002	178.280866	63.770595	0.003348	0.000000	0.003348	47.2	223.9	272.7
483	-0.408589	-0.408599	0.000002	179.280862	63.452190	0.003486	0.000000	0.003486	64.5	136.3	202.4
484	-0.417390	-0.417400	0.000002	180.279654	63.137327	0.003808	0.000000	0.003808	65.8	192.9	260.8
485	-0.412005	-0.412015	0.000002	180.436668	63.088113	0.004354	0.000000	0.004354	69.6	200.2	272.1
486	-0.410000	-0.410010	0.000002	181.393869	62.789744	0.004458	0.000000	0.004458	29.8	201.8	234.2
487	-0.413520	-0.413530	0.000002	182.393727	62.481078	0.003601	0.000000	0.003601	49.4	142.5	193.9
488	-0.417824	-0.417834	0.000002	183.393727	62.175388	0.006339	0.000000	0.006339	45.9	100.1	147.6
489	-0.409135	-0.409145	0.000002	182.870002	62.335112	0.004695	0.000000	0.004695	59.4	127.4	188.4
490	-0.410550	-0.410560	0.000002	181.966228	62.612679	0.004422	0.000000	0.004422	66.8	184.5	253.4
491	-0.410118	-0.410128	0.000002	182.966228	62.305704	0.004296	0.000000	0.004296	58.3	169.0	229.0
492	-0.404867	-0.404877	0.000002	182.062455	62.583008	0.003997	0.000000	0.003997	28.1	122.5	152.6
493	-0.412694	-0.412704	0.000002	181.723199	62.687741	0.004723	0.000000	0.004723	57.1	141.3	200.0
494	-0.409365	-0.409375	0.000002	182.723199	62.380030	0.003687	0.000000	0.003687	65.4	121.7	188.6
495	-0.412796	-0.412806	0.000002	183.723199	62.075326	0.003933	0.000000	0.003933	89.4	108.3	200.1
496	-0.415905	-0.415916	0.000002	182.819425	62.350580	0.003532	0.000000	0.003532	79.0	114.5	195.0
497	-0.415364	-0.415374	0.000002	183.819364	62.046181	0.004883	0.000000	0.004883	76.3	124.0	201.8
498	-0.410195	-0.410206	0.000002	182.980431	62.301365	0.003316	0.000000	0.003316	83.1	119.8	205.6
499	-0.414548	-0.414558	0.000002	183.939484	62.009814	0.003857	0.000000	0.003857	87.1	131.8	220.6
500	-0.401986	-0.401996	0.000002	184.937543	61.709289	0.003928	0.000000	0.003928	43.5	179.4	227.3
501	-0.403737	-0.403747	0.000002	185.852311	61.436390	0.004374	0.000000	0.004374	51.6	150.6	203.7
502	-0.406413	-0.406423	0.000002	186.848243	61.142010	0.003729	0.000000	0.003729	52.0	140.5	195.1
503	-0.411433	-0.411443	0.000002	185.951268	61.407014	0.004643	0.000000	0.004643	51.2	167.3	220.1
504	-0.413620	-0.413630	0.000002	186.950735	61.111875	0.003816	0.000000	0.003816	26.5	137.2	165.2
505	-0.416554	-0.416564	0.000002	186.063502	61.373729	0.003926	0.000000	0.003926	46.0	112.4	160.1
506	-0.413373	-0.413383	0.000002	186.550353	61.229765	0.005037	0.000000	0.005037	68.9	151.9	222.3
507	-0.414263	-0.414274	0.000002	185.646587	61.497553	0.004002	0.000000	0.004002	64.1	171.9	237.7
508	-0.406479	-0.406489	0.000002	186.646587	61.201388	0.003450	0.000000	0.003450	69.6	168.7	241.8
509	-0.412102	-0.412112	0.000002	185.760105	61.463788	0.004414	0.000000	0.004414	64.1	107.5	173.4
510	-0.415129	-0.415139	0.000002	185.037037	61.679490	0.004599	0.000000	0.004599	45.4	138.3	187.2
511	-0.411413	-0.411423	0.000002	184.133263	61.951237	0.003537	0.000000	0.003537	40.5	153.7	196.5
512	-0.410100	-0.410110	0.000002	185.028545	61.682032	0.003969	0.000000	0.003969	79.7	98.0	179.5
513	-0.421698	-0.421708	0.000002	184.202616	61.930299	0.004360	0.000000	0.004360	75.0	133.2	209.8
514	-0.413239	-0.413249	0.000002	185.195213	61.632174	0.003887	0.000000	0.003887	51.1	169.4	222.4
515	-0.404686	-0.404697	0.000002	186.194003	61.335073	0.003827	0.000000	0.003826	60.9	155.9	218.5
516	-0.411509	-0.411519	0.000002	187.149930	61.053392	0.003826	0.000000	0.003826	55.4	186.4	243.4
517	-0.410078	-0.410088	0.000002	186.289991	61.306671	0.004518	0.000000	0.004518	61.7	160.9	224.4
518	-0.421449	-0.421459	0.000002	187.287031	61.013205	0.003462	0.000000	0.003462	35.9	188.3	226.7
519	-0.419926	-0.419936	0.000002	188.278050	60.724282	0.004801	0.000000	0.004801	39.3	137.9	178.8
520	-0.409132	-0.409142	0.000002	189.278050	60.435501	0.003876	0.000000	0.003875	52.6	127.2	181.4
521	-0.406118	-0.406128	0.000002	190.278049	60.149454	0.003767	0.000000	0.003767	63.7	110.8	176.9
522	-0.414228	-0.414238	0.000002	189.374326	60.407843	0.004043	0.000000	0.004043	61.9	149.0	212.9
523	-0.416584	-0.416595	0.000002	190.374326	60.122057	0.005291	0.000000	0.005291	48.1	135.9	185.7
524	-0.414535	-0.414545	0.000002	191.373883	59.839087	0.004415	0.000000	0.004415	80.1	131.0	212.6
525	-0.419410	-0.419421	0.000002	192.373883	59.558645	0.003965	0.000000	0.003965	101.1	140.0	242.9
526	-0.408688	-0.408699	0.000002	193.373883	59.280819	0.004044	0.000000	0.004044	80.9	143.8	226.4
527	-0.415007	-0.415017	0.000002	194.373883	59.005573	0.003760	0.000000	0.003760	54.1	140.1	196.1
528	-0.410425	-0.410435	0.000002	194.688982	58.919372	0.004461	0.000000	0.004461	58.4	144.8	204.8
529	-0.416791	-0.416801	0.000002	195.659195	58.655527	0.004596	0.000000	0.004596	46.2	130.5	180.1
530	-0.410427	-0.410438	0.000002	196.659195	58.386044	0.003689	0.000000	0.003689	78.1	116.5	197.0
531	-0.417534	-0.417545	0.000002	197.659193	58.119026	0.003895	0.000000	0.003895	82.8	88.7	173.1
532	-0.412559	-0.412569	0.000002	197.134656	58.258782	0.004256	0.000000	0.004256	86.4	138.6	226.5
533	-0.405316	-0.405327	0.000002	198.131215	57.993834	0.004032	0.000000	0.004032	68.8	204.1	282.7
534	-0.412317	-0.412327	0.000002	199.127263	57.731419	0.003948	0.000000	0.003948	63.1	198.2	263.6
535	-0.420174	-0.420184	0.000002	198.224202	57.969235	0.004817	0.000000	0.004816	53.0	185.8	242.0
536	-0.406103	-0.406113	0.000002	199.221142	57.706809	0.004788	0.000000	0.004788	101.4	155.1	258.2
537	-0.410418	-0.410429	0.000002	200.221142	57.445953	0.003702	0.000000	0.003702	99.4	129.1	230.5
538	-0.413078	-0.413088	0.000002	201.221142	57.187445	0.004366	0.000000	0.004366	43.7	135.5	181.2
539	-0.415488	-0.415498	0.000002	200.319155	57.420513	0.003639	0.000000	0.003639	55.0	153.8	211.6
540	-0.416876	-0.416886	0.000002	201.302960	57.166397	0.004045	0.000000	0.004045	82.4	150.3	235.4
541	-0.414082	-0.414092	0.000002	202.302960	56.910393	0.003289	0.000000	0.003289	66.5	147.6	215.8
542	-0.409295	-0.409305	0.000002	203.302013	56.656912	0.004625	0.000000	0.004625	96.5	147.8	246.3
543	-0.411777	-0.411787	0.000002	204.302013	56.405441	0.004405	0.000000	0.004405	68.1	123.9	193.7
544	-0.415314	-0.415324	0.000002	203.398239	56.632616	0.004041	0.000000	0.004041	104.3	141.1	247.0
545	-0.418619	-0.418630	0.000002	203.938052	56.496708	0.003684	0.000000	0.003684	98.9	101.5	202.3
546	-0.408239	-0.408249	0.000002	204.712624	56.302829	0.003558	0.000000	0.003558	88.2	174.0	264.0
547	-0.416195	-0.416206	0.000002	203.811554	56.528497	0.003731	0.000000	0.003731	62.2	174.4	238.3
548	-0.408004	-0.408015	0.000002	204.319652	56.401025	0.003504	0.000000	0.003504	95.6	156.3	268.2
549	-0.415909	-0.415919	0.000002	205.306960	56.154965	0.003854	0.000000	0.003854	67.6	125.6	195.0
550	-0.406160	-0.406170	0.000002	204.406914	56.379190	0.004153	0.000000	0.004153	75.2	118.7	195.5
551	-0.413523	-0.413534	0.000002	205.406891	56.130179	0.003598	0.000000	0.003598	83.6	173.3	264.4
552	-0.418015	-0.418025	0.000002	206.406891	55.883352	0.004199	0.000000	0.004199	61.8	181.6	246.1
553	-0.412472	-0.412482	0.000002	206.935838	55.753669	0.003334	0.000000	0.003334	26.3	169.5	197.8
554	-0.404910	-0.404920	0.000002	207.033711	55.729740	0.003308	0.000000	0.003308	49.0	148.4	199.1
555	-0.412310	-0.412320	0.000002	208.033711	55.486414	0.004912	0.000000	0.004912	77.5	164.2	243.2
556	-0.415553	-0.415563	0.000002	209.033707	55.245205	0.004736	0.000000	0.004736	54.3	110.9	166.7
557	-0.414571	-0.414581	0.000002	210.033707	55.006083	0.004709	0.000000	0.004709	76.0	107.7	185.4
558	-0.408620	-0.408630	0.000002	211.033707	54.769023	0.003713	0.000000	0.003713	67.0	164.1	232.6
559	-0.412232	-0.412243	0.000002	210.517013	54.891255	0.004430	0.000000	0.004430	90.8	148.9	241.6
560	-0.417981	-0.417991	0.000002	210.514538	54.891842	0.004853	0.000000	0.004853	58.7	185.8	246.0
561	-0.408862	-0.408872	0.000002	211.506610	54.657626	0.005168	0.000000	0.005168	71.3	159.9	233.0
562	-0.417998	-0.418008	0.000002	210.602837	54.870914	0.005074	0.000000	0.005073	77.4	171.9	250.9
563	-0.407713	-0.407724	0.000002	209.699063	55.085873	0.004003	0.000000	0.004003	48.5	133.8	184.2
564	-0.417184	-0.417195	0.000002	210.699063	54.848126	0.004225	0.000000	0.004225	88.3	123.1	213.1
565	-0.407805	-0.407815	0.000002	211.699061	54.612422	0.003935	0.000000	0.003935	63.3	121.2	186.1
566	-0.413391	-0.413401	0.000002	210.795288	54.825357	0.003693	0.000000	0.003693	59.6	174.1	235.5
567	-0.414428	-0.414439	0.000002	210.501248	54.894993	0.004641	0.000000	0.004641	83.7	172.6	260.4
568	-0.407383	-0.407393	0.000002	211.501246	54.658887	0.003997	0.000000	0.003997	71.1	117.4	190.2
569	-0.411494	-0.411505	0.000002	212.501182	54.424818	0.004598	0.000000	0.004598	97.9	141.5	241.0
570	-0.411181	-0.411192	0.000002	213.501182	54.192730	0.003559	0.000000	0.003559	85.1	118.1	206.1
571	-0.416591	-0.416601	0.000002	212.597410	54.402398	0.004509	0.000000	0.004509	95.2	143.2	240.0
572	-0.415512	-0.415523	0.000002	212.206627	54.493560	0.003786	0.000000	0.003786	72.5	141.1	215.8
573	-0.415217	-0.415227	0.000002	213.206583	54.260897	0.004155	0.000000	0.004155	88.3	169.8	274.7
574	-0.406966	-0.406976	0.000002	213.414351	54.212804	0.004328	0.000000	0.004328	83.9	132.3	218.8
575	-0.416250	-0.416260	0.000002	214.414351	53.982518	0.004854	0.000000	0.004854	58.6	163.0	223.8
576	-0.412719	-0.412729	0.000002	215.414351	53.754179	0.003299	0.000000	0.003299	89.3	165.9	256.9
577	-0.415092	-0.415103	0.000002	216.414351	53.527764	0.004553	0.000000	0.004553	64.7	123.4	190.0
578	-0.413431	-0.413442	0.000002	215.510577	53.732309	0.004112	0.000000	0.004112	83.9	192.1	285.4
579	-0.425454	-0.425464	0.000002	214.606803	53.938423	0.004715	0.000000	0.004715	62.9	195.4	262.2
580	-0.421135	-0.421146	0.000002	215.606803	53.710456	0.004371	0.000000	0.004371	79.0	157.5	238.0
581	-0.414031	-0.414041	0.000002	216.606803	53.484409	0.003923	0.000000	0.003923	50.7	118.1	171.2
582	-0.406613	-0.406624	0.000002	217.606802	53.260256	0.003906	0.000000	0.003906	63.2	146.0	210.9
583	-0.412174	-0.412184	0.000002	218.597470	53.040040	0.004730	0.000000	0.004730	58.0	136.2	198.7
584	-0.415294	-0.415304	0.000002	219.597378	52.819609	0.004204	0.000000	0.004204	62.2	162.7	226.5
585	-0.415307	-0.415318	0.000002	220.323053	52.660776	0.005572	0.000000	0.005572	62.4	142.2	206.2
586	-0.412511	-0.412521	0.000002	221.323053	52.443460	0.003962	0.000000	0.003962	69.0	228.5	300.3
587	-0.412642	-0.412652	0.000002	222.323053	52.227930	0.004883	0.000000	0.004883	36.9	196.6	235.1
588	-0.420742	-0.420753	0.000002	221.419279	52.422643	0.004105	0.000000	0.004105	79.3	144.8	225.8
589	-0.409783	-0.409793	0.000002	220.515509	52.618813	0.004610	0.000000	0.004610	80.9	172.6	256.1
590	-0.424861	-0.424872	0.000002	219.611752	52.816453	0.004592	0.000000	0.004592	46.3	163.7	211.6
591	-0.408780	-0.408790	0.000002	220.611752	52.597853	0.004151	0.000000	0.004151	50.7	159.2	211.5
592	-0.415688	-0.415698	0.000002	219.707981	52.795339	0.004838	0.000000	0.004838	49.4	180.2	231.2
593	-0.418461	-0.418472	0.000002	218.804207	52.994314	0.003392	0.000000	0.003392	105.6	145.8	253.0
594	-0.422241	-0.422252	0.000002	217.900435	53.194794	0.004133	0.000000	0.004133	69.2	136.3	210.1
595	-0.416443	-0.416453	0.000002	217.532951	53.276745	0.004212	0.000000	0.004211	60.4	159.1	221.3
596	-0.412256	-0.412267	0.000002	218.532951	53.054326	0.003917	0.000000	0.003918	48.8	138.4	189.1
597	-0.411455	-0.411466	0.000002	219.532951	52.833756	0.003776	0.000000	0.003776	66.6	171.6	240.3
598	-0.417920	-0.417931	0.000002	220.532951	52.615013	0.004193	0.000000	0.004193	54.8	146.7	203.0
599	-0.409323	-0.409334	0.000002	221.480890	52.409323	0.003673	0.000000	0.003673	84.6	156.5	243.6
600	-0.424155	-0.424165	0.000002	220.577267	52.605361	0.003903	0.000000	0.003903	102.8	116.3	220.9
601	-0.408034	-0.408044	0.000002	221.519450	52.400990	0.005433	0.000000	0.005433	62.7	142.6	207.1
602	-0.422027	-0.422038	0.000002	222.519173	52.185868	0.003980	0.000000	0.003980	93.1	187.4	283.3
603	-0.414735	-0.414745	0.000002	221.617030	52.379915	0.003957	0.000000	0.003957	56.0	134.6	192.9
604	-0.429107	-0.429117	0.000002	220.748525	52.568095	0.004373	0.000000	0.004373	53.5	143.0	198.4
605	-0.412536	-0.412546	0.000002	220.222226	52.682788	0.004654	0.000000	0.004654	54.4	128.6	184.6
606	-0.414298	-0.414308	0.000002	221.222226	52.465290	0.003838	0.000000	0.003838	64.4	195.4	267.5
607	-0.413865	-0.413875	0.000002	220.318452	52.661780	0.004046	0.000000	0.004046	55.4	209.7	266.7
608	-0.414944	-0.414954	0.000002	219.415142	52.859646	0.004210	0.000000	0.004210	42.1	136.6	181.7
609	-0.415068	-0.415078	0.000002	220.283454	52.669419	0.003458	0.000000	0.003458	51.0	190.9	243.8
610	-0.408422	-0.408433	0.000002	219.379680	52.867444	0.004955	0.000000	0.004955	90.7	154.4	246.7
611	-0.402638	-0.402648	0.000002	218.475906	53.066964	0.004480	0.000000	0.004480	60.6	90.2	152.2
612	-0.415680	-0.415691	0.000002	219.475906	52.846289	0.003809	0.000000	0.003809	71.0	155.1	228.0
613	-0.414545	-0.414556	0.000002	218.572132	53.045649	0.004658	0.000000	0.004658	93.1	165.4	260.1
614	-0.418494	-0.418504	0.000002	219.570178	52.825581	0.003809	0.000000	0.003809	64.4	196.2	263.6
615	-0.419178	-0.419188	0.000002	218.666404	53.024784	0.003876	0.000000	0.003876	41.8	97.0	140.9
616	-0.422863	-0.422874	0.000002	217.801099	53.216921	0.004399	0.000000	0.004399	80.5	108.9	191.3
617	-0.416879	-0.416890	0.000002	218.800975	52.995028	0.004266	0.000000	0.004266	38.1	150.0	190.5
618	-0.411099	-0.411110	0.000002	219.800975	52.774950	0.003956	0.000000	0.003956	48.9	137.6	188.2
619	-0.414650	-0.414661	0.000002	220.800540	52.556786	0.003760	0.000000	0.003760	107.5	109.1	218.5
620	-0.414041	-0.414052	0.000002	221.800540	52.340326	0.003347	0.000000	0.003347	94.4	137.0	233.1
621	-0.418027	-0.418037	0.000002	222.774217	52.131269	0.003830	0.000000	0.003830	101.1	156.6	259.3
622	-0.416976	-0.416987	0.000002	223.339040	52.010761	0.004034	0.000000	0.004034	108.0	126.8	241.0
623	-0.411834	-0.411845	0.000002	224.068001	51.856053	0.004887	0.000000	0.004887	59.6	165.1	226.2
624	-0.416070	-0.416081	0.000002	225.068001	51.645315	0.004686	0.000000	0.004686	68.6	162.0	232.1
625	-0.421062	-0.421072	0.000002	224.168187	51.834863	0.004651	0.000000	0.004651	55.0	133.3	190.1
626	-0.422768	-0.422778	0.000002	225.168187	51.624296	0.003030	0.000000	0.003030	78.7	165.6	245.9
627	-0.413609	-0.413619	0.000002	224.905102	51.679527	0.003106	0.000000	0.003105	68.9	117.1	187.8
628	-0.411407	-0.411418	0.000002	224.002117	51.869998	0.003818	0.000000	0.003818	65.7	151.4	218.6
629	-0.412192	-0.412202	0.000002	224.544931	51.755332	0.004360	0.000000	0.004360	73.2	136.1	210.9
630	-0.412264	-0.412275	0.000002	223.647346	51.945217	0.004379	0.000000	0.004379	59.5	154.6	216.0
631	-0.405505	-0.405516	0.000002	223.405877	51.996538	0.003613	0.000000	0.003613	65.3	134.7	201.9
632	-0.414505	-0.414516	0.000002	222.647541	52.158373	0.004629	0.000000	0.004629	62.5	150.3	217.5
633	-0.415593	-0.415604	0.000002	222.202758	52.253763	0.003455	0.000000	0.003455	55.4	133.3	190.4
634	-0.412026	-0.412036	0.000002	221.969118	52.304011	0.004699	0.000000	0.004699	57.6	160.9	220.7
635	-0.408929	-0.408940	0.000002	221.065346	52.499292	0.003687	0.000000	0.003687	47.4	146.6	195.5
636	-0.408095	-0.408106	0.000002	222.064391	52.283509	0.004556	0.000000	0.004556	53.2	121.3	182.5
637	-0.409443	-0.409454	0.000002	223.028132	52.077026	0.004556	0.000000	0.004556	107.2	128.3	240.5
638	-0.412377	-0.412388	0.000002	222.220185	52.250019	0.003304	0.000000	0.003304	83.5	147.2	232.9
639	-0.410739	-0.410750	0.000002	223.220184	52.036073	0.004004	0.000000	0.004004	91.8	133.5	227.5
640	-0.412897	-0.412908	0.000002	222.354302	52.221223	0.004472	0.000000	0.004472	95.0	134.1	230.7
641	-0.416982	-0.416992	0.000002	221.450564	52.415879	0.003814	0.000000	0.003815	45.1	141.0	187.7
642	-0.414131	-0.414142	0.000002	220.558018	52.609553	0.004742	0.000000	0.004742	76.6	149.3	227.6
643	-0.416184	-0.416194	0.000002	221.558018	52.392658	0.004833	0.000000	0.004833	80.2	144.9	226.6
644	-0.417070	-0.417081	0.000002	220.654249	52.588603	0.003234	0.000000	0.003234	97.6	171.5	272.0
645	-0.417981	-0.417992	0.000002	221.654249	52.371881	0.004285	0.000000	0.004285	76.2	147.9	230.2
646	-0.416285	-0.416296	0.000002	222.654249	52.156937	0.003276	0.000000	0.003276	64.6	132.1	198.2
647	-0.420103	-0.420114	0.000002	221.751456	52.350909	0.004910	0.000000	0.004910	55.3	123.0	179.8
648	-0.406809	-0.406819	0.000002	222.751456	52.136137	0.003532	0.000000	0.003532	95.5	103.3	201.0
649	-0.409330	-0.409341	0.000002	223.751453	51.923121	0.004115	0.000000	0.004115	42.5	198.6	242.9
650	-0.413810	-0.413821	0.000002	222.871092	52.110561	0.004310	0.000000	0.004310	41.8	180.5	224.7
651	-0.423993	-0.424003	0.000002	223.871091	51.897753	0.004068	0.000000	0.004068	53.2	115.1	177.2
652	-0.417893	-0.417904	0.000002	224.871091	51.686676	0.004165	0.000000	0.004165	70.4	100.0	171.9
653	-0.416266	-0.416277	0.000002	225.871090	51.477309	0.003294	0.000000	0.003294	87.4	139.9	228.8
654	-0.413547	-0.413557	0.000002	224.967330	51.666452	0.003030	0.000000	0.003030	94.1	157.5	253.4
655	-0.407280	-0.407291	0.000002	224.221104	51.823677	0.003661	0.000000	0.003661	48.5	154.3	204.5
656	-0.405803	-0.405813	0.000002	225.220375	51.613354	0.004274	0.000000	0.004275	48.9	186.8	237.8
657	-0.412300	-0.412311	0.000002	224.322089	51.802344	0.003873	0.000000	0.003873	51.8	117.7	171.3
658	-0.415495	-0.415506	0.000002	223.418316	51.993891	0.004171	0.000000	0.004171	48.4	111.1	161.4
659	-0.412945	-0.412955	0.000002	224.379015	51.790327	0.003838	0.000000	0.003838	75.3	133.7	210.8
660	-0.407808	-0.407819	0.000002	225.319668	51.592548	0.004259	0.000000	0.004259	94.3	148.0	243.9
661	-0.411389	-0.411400	0.000002	226.319666	51.383942	0.003733	0.000000	0.003732	73.5	107.1	182.4
662	-0.405187	-0.405198	0.000002	227.319663	51.177016	0.004701	0.000000	0.004701	99.8	105.7	207.9
663	-0.416985	-0.416995	0.000002	228.319661	50.971750	0.004533	0.000000	0.004533	68.9	167.7	243.4
664	-0.412692	-0.412703	0.000002	227.415888	51.157192	0.004286	0.000000	0.004286	41.5	222.1	266.0
665	-0.420429	-0.420440	0.000002	228.415888	50.952084	0.004180	0.000000	0.004180	88.1	126.9	217.1
666	-0.409692	-0.409703	0.000002	229.254257	50.781391	0.003804	0.000000	0.003804	44.0	175.4	221.0
667	-0.416735	-0.416745	0.000002	228.356990	50.964119	0.003583	0.000000	0.003583	61.2	192.1	255.3
668	-0.420209	-0.420220	0.000002	228.116725	51.013272	0.004252	0.000000	0.004252	72.1	145.0	219.0
669	-0.409992	-0.410002	0.000002	229.116725	50.809315	0.004358	0.000000	0.004358	54.7	127.8	184.1
670	-0.407320	-0.407331	0.000002	230.116724	50.606981	0.004058	0.000000	0.004058	80.4	135.8	217.9
671	-0.408957	-0.408967	0.000002	230.140073	50.602276	0.003650	0.000000	0.003650	53.5	137.5	192.9
672	-0.407431	-0.407441	0.000002	231.139849	50.401630	0.003967	0.000000	0.003967	77.9	140.5	221.3
673	-0.417623	-0.417634	0.000002	232.139743	50.202545	0.003721	0.000000	0.003721	64.9	203.1	270.3
674	-0.411007	-0.411018	0.000002	231.243504	50.380918	0.004042	0.000000	0.004042	34.2	151.0	187.8
675	-0.417501	-0.417511	0.000002	232.243504	50.181976	0.004936	0.000000	0.004936	89.5	169.6	260.6
676	-0.406952	-0.406963	0.000002	231.401331	50.349415	0.004246	0.000000	0.004246	66.8	192.7	263.2
677	-0.410935	-0.410946	0.000002	232.071965	50.215990	0.003586	0.000000	0.003586	73.1	129.3	204.5
678	-0.412892	-0.412903	0.000002	231.208299	50.387951	0.004267	0.000000	0.004267	64.1	127.1	193.0
679	-0.415452	-0.415463	0.000002	232.208299	50.188953	0.003916	0.000000	0.003916	84.2	171.4	259.1
680	-0.411824	-0.411834	0.000002	233.208299	49.991520	0.004470	0.000000	0.004470	52.0	193.0	246.9
681	-0.411138	-0.411148	0.000002	232.304525	50.169887	0.003744	0.000000	0.003744	57.9	183.5	243.4
682	-0.419275	-0.419286	0.000002	231.400751	50.349531	0.004071	0.000000	0.004071	64.6	121.3	187.8
683	-0.419347	-0.419357	0.000002	232.397617	50.151456	0.004308	0.000000	0.004308	113.8	150.6	267.0
684	-0.407509	-0.407520	0.000002	233.397617	49.954318	0.003807	0.000000	0.003807	76.8	123.4	201.9
685	-0.413793	-0.413804	0.000002	232.493843	50.132418	0.003401	0.000000	0.003401	75.5	119.8	197.2
686	-0.410617	-0.410628	0.000002	231.590071	50.311793	0.003682	0.000000	0.003682	50.2	209.4	261.4
687	-0.414985	-0.414996	0.000002	232.586750	50.114051	0.004120	0.000000	0.004120	57.5	135.9	195.2
688	-0.412399	-0.412410	0.000002	231.703191	50.289271	0.004609	0.000000	0.004609	65.6	92.2	160.5
689	-0.409233	-0.409243	0.000002	232.703191	50.091050	0.003550	0.000000	0.003550	69.4	151.1	223.0
690	-0.415550	-0.415561	0.000002	233.703191	49.894386	0.004026	0.000000	0.004026	40.9	164.9	209.7
691	-0.407052	-0.407063	0.000002	234.703191	49.699260	0.004366	0.000000	0.004366	47.4	142.3	191.3
692	-0.422975	-0.422986	0.000002	235.703191	49.505654	0.004744	0.000000	0.004744	63.7	123.7	189.1
693	-0.412769	-0.412780	0.000002	234.802946	49.679879	0.004198	0.000000	0.004198	53.7	100.9	156.3
694	-0.425786	-0.425797	0.000002	235.802946	49.486424	0.004804	0.000000	0.004804	71.7	168.0	241.6
695	-0.415352	-0.415363	0.000002	236.802946	49.294469	0.004900	0.000000	0.004899	86.6	200.2	288.5
696	-0.408976	-0.408987	0.000002	237.801447	49.104282	0.003945	0.000000	0.003945	30.6	133.8	166.9
697	-0.431074	-0.431085	0.000002	238.801447	48.915275	0.004032	0.000000	0.004032	70.8	127.7	200.8
698	-0.404840	-0.404850	0.000002	238.721117	48.930405	0.004257	0.000000	0.004257	85.5	156.7	244.0
699	-0.417368	-0.417379	0.000002	239.721077	48.742739	0.004278	0.000000	0.004278	155.8	184.7	342.4
700	-0.413458	-0.413469	0.000002	238.823293	48.911163	0.003953	0.000000	0.003953	32.1	192.9	226.5
701	-0.419439	-0.419450	0.000002	239.823293	48.723637	0.004053	0.000000	0.004053	48.6	106.5	159.3
702	-0.416789	-0.416800	0.000002	240.812555	48.539534	0.004132	0.000000	0.004132	89.7	282.9	374.1
703	-0.413167	-0.413178	0.000002	241.803034	48.356593	0.003734	0.000000	0.003734	63.5	330.7	407.5
704	-0.411343	-0.411354	0.000002	241.964600	48.326883	0.004558	0.000000	0.004558	109.2	241.1	357.0
705	-0.414805	-0.414816	0.000002	241.060882	48.493538	0.004282	0.000000	0.004282	171.5	283.9	457.1
706	-0.416792	-0.416803	0.000002	242.060882	48.309195	0.005834	0.000000	0.005834	67.8	191.0	261.2
707	-0.408834	-0.408845	0.000002	243.060882	48.126247	0.003616	0.000000	0.003616	138.8	206.3	346.8
708	-0.422341	-0.422351	0.000002	242.176610	48.287951	0.004135	0.000000	0.004135	94.6	218.7	315.2
709	-0.421796	-0.421807	0.000002	243.176608	48.105165	0.004008	0.000000	0.004008	153.8	273.6	429.0
710	-0.411976	-0.411987	0.000002	244.176607	47.923757	0.003809	0.000000	0.003809	27.0	202.0	230.9
711	-0.407127	-0.407138	0.000002	245.176592	47.743715	0.004163	0.000000	0.004163	43.7	128.3	174.8
712	-0.413062	-0.413073	0.000002	246.176592	47.565018	0.004387	0.000000	0.004387	70.4	133.2	205.5
713	-0.414838	-0.414849	0.000002	245.278427	47.725456	0.004892	0.000000	0.004892	133.2	162.4	297.2
714	-0.414357	-0.414368	0.000002	246.278418	47.546897	0.003971	0.000000	0.003971	96.1	173.1	271.2
715	-0.414588	-0.414599	0.000002	247.278418	47.369667	0.004754	0.000000	0.004754	133.8	210.0	345.5
716	-0.420834	-0.420845	0.000002	248.278390	47.193759	0.003455	0.000000	0.003455	70.9	157.0	229.6
717	-0.420656	-0.420667	0.000002	247.380473	47.351654	0.004227	0.000000	0.004227	125.9	163.6	291.5
718	-0.413799	-0.413810	0.000002	248.380473	47.175874	0.003889	0.000000	0.003889	68.2	127.1	197.2
719	-0.417375	-0.417386	0.000002	249.375399	47.002277	0.003771	0.000000	0.003771	84.7	139.2	225.8
720	-0.411619	-0.411630	0.000002	248.471849	47.159877	0.004723	0.000000	0.004723	46.4	174.3	222.3
721	-0.410223	-0.410234	0.000002	249.471849	46.985516	0.003647	0.000000	0.003647	98.8	188.1	288.7
722	-0.422122	-0.422133	0.000002	248.579342	47.141073	0.004437	0.000000	0.004437	51.6	238.6	296.0
723	-0.412678	-0.412689	0.000002	249.579333	46.966851	0.003934	0.000000	0.003934	26.3	186.1	215.7
724	-0.423173	-0.423184	0.000002	250.579333	46.793912	0.003888	0.000000	0.003888	54.6	157.4	241.5
725	-0.419258	-0.419269	0.000002	249.675711	46.950128	0.003976	0.000000	0.003976	63.1	97.7	194.8
726	-0.427046	-0.427057	0.000002	250.675711	46.777311	0.003534	0.000000	0.003534	105.3	110.6	220.3
727	-0.410598	-0.410609	0.000002	249.831085	46.923193	0.003363	0.000000	0.003363	151.6	174.1	327.7
728	-0.413441	-0.413452	0.000002	250.831050	46.750580	0.003356	0.000000	0.003356	99.5	207.9	309.2
729	-0.409685	-0.409696	0.000002	251.831048	46.579227	0.004472	0.000000	0.004472	62.6	109.0	174.0
730	-0.417056	-0.417067	0.000002	252.818992	46.411168	0.003658	0.000000	0.003658	86.9	104.1	192.9
731	-0.412836	-0.412847	0.000002	253.734142	46.256571	0.003627	0.000000	0.003627	73.0	146.5	222.2
732	-0.418803	-0.418814	0.000002	254.734126	46.088816	0.003750	0.000000	0.003750	42.2	162.3	206.5
733	-0.410904	-0.410915	0.000002	254.657275	46.101665	0.003813	0.000000	0.003813	64.7	130.5	198.0
734	-0.411730	-0.411741	0.000002	255.657265	45.935028	0.003951	0.000000	0.003951	53.7	119.3	174.8
735	-0.416723	-0.416734	0.000002	254.787938	46.079823	0.004593	0.000000	0.004593	51.2	145.0	198.2
736	-0.415727	-0.415738	0.000002	255.787938	45.913342	0.003786	0.000000	0.003786	66.6	133.8	202.2
737	-0.412126	-0.412137	0.000002	256.787938	45.748060	0.003894	0.000000	0.003894	59.6	124.1	185.5
738	-0.418100	-0.418111	0.000002	255.884169	45.897385	0.004301	0.000000	0.004301	39.6	143.1	184.7
739	-0.413422	-0.413433	0.000002	254.980463	46.047677	0.004046	0.000000	0.004046	61.2	137.4	200.5
740	-0.418185	-0.418196	0.000002	255.980463	45.881429	0.004181	0.000000	0.004181	103.1	157.4	262.3
741	-0.416419	-0.416430	0.000002	256.980463	45.716376	0.004317	0.000000	0.004317	46.9	150.0	198.9
742	-0.413689	-0.413700	0.000002	257.980463	45.552506	0.004272	0.000000	0.004272	41.0	180.6	223.8
743	-0.412736	-0.412747	0.000002	258.923457	45.399051	0.004531	0.000000	0.004532	58.9	173.7	234.2
744	-0.413640	-0.413651	0.000002	259.810755	45.255600	0.005068	0.000000	0.005068	61.0	137.3	200.0
745	-0.414052	-0.414063	0.000002	259.905410	45.240351	0.004208	0.000000	0.004208	62.0	162.7	226.4
746	-0.425467	-0.425478	0.000002	260.905386	45.079874	0.004519	0.000000	0.004519	81.4	126.8	210.0
747	-0.413138	-0.413149	0.000002	260.003732	45.224522	0.003608	0.000000	0.003608	84.5	119.5	213.0
748	-0.415374	-0.415385	0.000002	261.001029	45.064585	0.004509	0.000000	0.004509	88.7	140.9	242.6
749	-0.423530	-0.423541	0.000002	260.097255	45.209475	0.004576	0.000000	0.004576	50.1	101.5	153.2
750	-0.416539	-0.416550	0.000002	261.097255	45.049213	0.004329	0.000000	0.004329	84.9	127.1	215.1
751	-0.417145	-0.417156	0.000002	262.097255	44.890083	0.004072	0.000000	0.004072	63.7	151.4	217.0
752	-0.409726	-0.409737	0.000002	261.193555	45.033840	0.004638	0.000000	0.004638	79.2	121.2	205.4
753	-0.420732	-0.420743	0.000002	262.193555	44.874818	0.003881	0.000000	0.003881	28.9	168.3	199.6
754	-0.417098	-0.417109	0.000002	262.851231	44.770844	0.004885	0.000000	0.004885	58.3	164.4	224.8
755	-0.410405	-0.410416	0.000002	263.850975	44.613712	0.003845	0.000000	0.003845	53.3	91.8	148.5
756	-0.410439	-0.410450	0.000002	264.850975	44.457639	0.005056	0.000000	0.005056	79.2	130.1	211.0
757	-0.413628	-0.413639	0.000002	265.850975	44.302653	0.004209	0.000000	0.004209	45.1	146.9	193.8
758	-0.411706	-0.411717	0.000002	266.850968	44.148746	0.003948	0.000000	0.003948	48.0	122.2	172.2
759	-0.414364	-0.414376	0.000002	267.850924	43.995910	0.003736	0.000000	0.003736	25.8	176.7	206.3
760	-0.413830	-0.413841	0.000002	268.531596	43.892478	0.004098	0.000000	0.004098	28.3	181.9	212.3
761	-0.402004	-0.402015	0.000002	269.531596	43.741402	0.003801	0.000000	0.003801	75.4	91.2	168.4
762	-0.406468	-0.406479	0.000002	270.419808	43.608084	0.004380	0.000000	0.004380	72.5	106.1	180.4
763	-0.418300	-0.418311	0.000002	271.419808	43.458955	0.004715	0.000000	0.004715	97.3	119.8	219.2
764	-0.422682	-0.422693	0.000002	272.419731	43.310855	0.003994	0.000000	0.003994	67.7	95.6	165.0
765	-0.417156	-0.417167	0.000002	273.188337	43.197699	0.004505	0.000000	0.004505	37.7	132.7	172.1
766	-0.411892	-0.411903	0.000002	272.284563	43.330816	0.004365	0.000000	0.004365	74.8	151.7	228.1
767	-0.419246	-0.419257	0.000002	273.284563	43.183574	0.003636	0.000000	0.003636	41.3	133.0	175.9
768	-0.411700	-0.411711	0.000002	272.380789	43.316604	0.004931	0.000000	0.004931	28.5	125.4	155.8
769	-0.410885	-0.410896	0.000002	271.740720	43.411314	0.004357	0.000000	0.004357	65.8	122.4	191.1
770	-0.415867	-0.415878	0.000002	270.836946	43.545752	0.003550	0.000000	0.003549	53.2	128.4	183.2
771	-0.414398	-0.414409	0.000002	271.836946	43.397049	0.004578	0.000000	0.004578	69.3	92.7	165.6
772	-0.406473	-0.406484	0.000002	270.933172	43.531399	0.003858	0.000000	0.003857	73.1	124.3	199.1
773	-0.414809	-0.414820	0.000002	271.875909	43.391276	0.004148	0.000000	0.004148	62.2	96.3	161.1
774	-0.412815	-0.412826	0.000002	272.875909	43.243624	0.003547	0.000000	0.003546	71.7	104.6	177.9
775	-0.406736	-0.406747	0.000002	271.972140	43.377023	0.003761	0.000000	0.003761	65.7	155.5	222.8
776	-0.406744	-0.406755	0.000002	272.784476	43.257083	0.003840	0.000000	0.003840	23.8	88.4	116.0
777	-0.416157	-0.416168	0.000002	273.784476	43.110341	0.004181	0.000000	0.004181	45.7	71.1	118.6
778	-0.409447	-0.409458	0.000002	274.784420	42.964600	0.003184	0.000000	0.003184	44.1	77.5	123.3
779	-0.407132	-0.407143	0.000002	275.023860	42.929848	0.003548	0.000000	0.003548	54.8	96.3	152.8
780	-0.408401	-0.408412	0.000002	274.311625	43.033387	0.004786	0.000000	0.004786	48.0	82.4	132.2
781	-0.416205	-0.416216	0.000002	275.311624	42.888157	0.003721	0.000000	0.003721	50.7	109.1	161.6
782	-0.416225	-0.416236	0.000002	275.565829	42.851395	0.004445	0.000000	0.004445	19.9	99.2	121.2
783	-0.410799	-0.410810	0.000002	276.547680	42.709993	0.003446	0.000000	0.003446	57.2	178.7	237.9
784	-0.412116	-0.412127	0.000002	277.547676	42.566934	0.004144	0.000000	0.004144	73.9	196.3	271.9
785	-0.412281	-0.412292	0.000002	278.547675	42.424830	0.003843	0.000000	0.003843	53.9	216.0	272.7
786	-0.421790	-0.421801	0.000002	277.643911	42.553218	0.003543	0.000000	0.003543	52.0	103.2	157.1
787	-0.408984	-0.408995	0.000002	278.250640	42.466941	0.004153	0.000000	0.004153	53.3	97.2	157.0
788	-0.418289	-0.418301	0.000002	277.347006	42.595565	0.004722	0.000000	0.004722	66.3	165.5	233.3
789	-0.415118	-0.415130	0.000002	278.347006	42.453270	0.003436	0.000000	0.003436	45.7	170.3	218.1
790	-0.413190	-0.413201	0.000002	278.467291	42.436218	0.003793	0.000000	0.003793	65.6	158.6	225.9
791	-0.412399	-0.412410	0.000002	277.589018	42.561041	0.003688	0.000000	0.003688	72.0	136.3	210.0
792	-0.413130	-0.413141	0.000002	276.685255	42.690255	0.004658	0.000000	0.004658	61.3	116.3	179.7
793	-0.412771	-0.412782	0.000002	277.307811	42.601162	0.004283	0.000000	0.004284	41.6	129.2	172.9
794	-0.411151	-0.411162	0.000002	278.307811	42.458830	0.003361	0.000000	0.003361	60.7	152.1	214.3
795	-0.417116	-0.417127	0.000002	277.409591	42.586632	0.004749	0.000000	0.004749	47.0	128.9	191.5
796	-0.403826	-0.403837	0.000002	276.512458	42.715049	0.005114	0.000000	0.005114	48.6	168.2	218.4
797	-0.409571	-0.409582	0.000002	277.512458	42.571956	0.003201	0.000000	0.003201	28.8	159.9	190.7
798	-0.406727	-0.406738	0.000002	278.512458	42.429819	0.003944	0.000000	0.003944	84.5	123.6	209.7
799	-0.413564	-0.413575	0.000002	277.608960	42.558198	0.004346	0.000000	0.004346	52.2	124.8	178.6
800	-0.415197	-0.415208	0.000002	276.705186	42.687397	0.003877	0.000000	0.003877	72.5	165.4	239.6
801	-0.413144	-0.413155	0.000002	277.705186	42.544488	0.004184	0.000000	0.004184	78.3	139.5	219.7
802	-0.409712	-0.409724	0.000002	278.705186	42.402534	0.004300	0.000000	0.004300	51.6	119.4	172.9
803	-0.415165	-0.415176	0.000002	279.704730	42.261588	0.003482	0.000000	0.003482	63.4	119.9	185.3
804	-0.415206	-0.415217	0.000002	280.703330	42.121707	0.004363	0.000000	0.004363	41.5	174.0	217.2
805	-0.414540	-0.414551	0.000002	281.702931	41.982611	0.004504	0.000000	0.004504	50.9	151.4	203.8
806	-0.419172	-0.419183	0.000002	282.702931	41.844375	0.003838	0.000000	0.003838	43.0	115.8	160.6
807	-0.404028	-0.404039	0.000002	281.799157	41.969269	0.003717	0.000000	0.003717	69.0	147.9	218.7
808	-0.425531	-0.425542	0.000002	282.767837	41.835434	0.004436	0.000000	0.004436	46.4	84.5	132.7
809	-0.413959	-0.413970	0.000002	283.767837	41.698164	0.002877	0.000000	0.002877	91.6	105.1	198.5
810	-0.412212	-0.412223	0.000002	282.864063	41.822186	0.004380	0.000000	0.004380	66.2	140.1	208.1
811	-0.416287	-0.416298	0.000002	281.991341	41.942649	0.004383	0.000000	0.004383	57.0	145.5	206.2
812	-0.414445	-0.414456	0.000002	281.087599	42.068127	0.003834	0.000000	0.003834	24.7	121.5	148.1
813	-0.414154	-0.414165	0.000002	280.745838	42.115773	0.003206	0.000000	0.003206	53.8	129.9	185.6
814	-0.412875	-0.412886	0.000002	280.651220	42.128984	0.004487	0.000000	0.004487	49.3	107.6	158.7
815	-0.412459	-0.412470	0.000002	279.814929	42.246106	0.003937	0.000000	0.003937	55.5	91.8	150.2
816	-0.422394	-0.422405	0.000002	280.814874	42.106140	0.004682	0.000000	0.004682	58.0	111.3	170.9
817	-0.412010	-0.412021	0.000002	281.814653	41.967122	0.004068	0.000000	0.004068	66.6	104.4	172.6
818	-0.417054	-0.417065	0.000002	280.910879	42.092751	0.004107	0.000000	0.004107	22.8	123.8	148.2
819	-0.418061	-0.418072	0.000002	281.910867	41.953791	0.004285	0.000000	0.004285	46.3	119.7	171.5
820	-0.418462	-0.418474	0.000002	282.910867	41.815745	0.004245	0.000000	0.004245	55.0	123.2	179.7
821	-0.421526	-0.421537	0.000002	282.007093	41.940468	0.004334	0.000000	0.004334	51.3	108.2	161.1
822	-0.410527	-0.410538	0.000002	283.007088	41.802510	0.004142	0.000000	0.004142	66.0	118.4	186.8
823	-0.412577	-0.412588	0.000002	284.003434	41.665955	0.004724	0.000000	0.004724	47.6	141.5	190.9
824	-0.414839	-0.414850	0.000002	284.905716	41.543059	0.004122	0.000000	0.004122	52.3	138.3	199.0
825	-0.410697	-0.410709	0.000002	285.340803	41.484057	0.004217	0.000000	0.004217	30.0	86.1	117.7
826	-0.415588	-0.415599	0.000002	286.340801	41.349080	0.003958	0.000000	0.003958	69.9	114.0	185.9
827	-0.416913	-0.416924	0.000002	285.437028	41.471030	0.003535	0.000000	0.003535	67.6	81.4	150.8
828	-0.417295	-0.417306	0.000002	286.436910	41.336154	0.004764	0.000000	0.004764	121.9	177.5	301.1
829	-0.419705	-0.419716	0.000002	287.265548	41.225039	0.003557	0.000000	0.003557	132.6	113.2	249.3
830	-0.412590	-0.412602	0.000002	286.361774	41.346258	0.003481	0.000000	0.003481	48.2	118.4	168.3
831	-0.416277	-0.416288	0.000002	285.708815	41.434281	0.003547	0.000000	0.003547	57.9	117.8	177.4
832	-0.410443	-0.410454	0.000002	284.805220	41.556712	0.005161	0.000000	0.005161	75.0	132.7	209.1
833	-0.414952	-0.414963	0.000002	285.804417	41.421370	0.004386	0.000000	0.004386	49.6	127.9	179.3
834	-0.416777	-0.416788	0.000002	286.804417	41.286800	0.004273	0.000000	0.004273	79.2	212.3	293.1
835	-0.408811	-0.408822	0.000002	287.804417	41.153101	0.003570	0.000000	0.003570	103.1	135.4	240.0
836	-0.417518	-0.417529	0.000002	288.802597	41.020506	0.004450	0.000000	0.004450	66.7	106.7	175.2
837	-0.418850	-0.418862	0.000002	287.898823	41.140524	0.004097	0.000000	0.004097	78.4	135.9	216.3
838	-0.405220	-0.405231	0.000002	288.898823	41.007769	0.002989	0.000000	0.002989	30.0	145.5	177.8
839	-0.411604	-0.411615	0.000002	289.898356	40.875930	0.004004	0.000000	0.004004	48.6	117.9	168.2
840	-0.408188	-0.408199	0.000002	290.898353	40.744875	0.003580	0.000000	0.003580	36.3	98.6	136.5
841	-0.423316	-0.423328	0.000002	290.272656	40.826777	0.003590	0.000000	0.003590	67.5	107.5	176.8
842	-0.418245	-0.418256	0.000002	289.368882	40.945662	0.003475	0.000000	0.003475	45.9	131.4	179.2
843	-0.412794	-0.412805	0.000002	288.465135	41.065238	0.004088	0.000000	0.004088	49.1	109.9	160.7
844	-0.415718	-0.415730	0.000002	289.463433	40.933192	0.004234	0.000000	0.004234	69.5	92.7	163.9
845	-0.406096	-0.406107	0.000002	290.463400	40.801774	0.004110	0.000000	0.004110	66.3	79.2	148.5
846	-0.416537	-0.416548	0.000002	291.463400	40.671193	0.003922	0.000000	0.003922	93.6	141.9	237.0
847	-0.415681	-0.415692	0.000002	292.067073	40.592769	0.003983	0.000000	0.003983	34.8	176.5	213.2
848	-0.413629	-0.413641	0.000002	293.067055	40.463522	0.004185	0.000000	0.004185	67.9	147.4	217.8
849	-0.419143	-0.419154	0.000002	294.067055	40.335094	0.004262	0.000000	0.004262	63.8	124.6	190.6
850	-0.405089	-0.405100	0.000002	295.067054	40.207479	0.004496	0.000000	0.004496	99.2	140.2	241.0
851	-0.406673	-0.406685	0.000002	296.067053	40.080668	0.004158	0.000000	0.004158	45.0	94.5	142.4
852	-0.415917	-0.415929	0.000002	297.067053	39.954655	0.004062	0.000000	0.004062	54.0	153.5	209.0
853	-0.417916	-0.417927	0.000002	296.165915	40.068175	0.003779	0.000000	0.003779	55.6	118.8	176.6
854	-0.416893	-0.416904	0.000002	297.157767	39.943263	0.003846	0.000000	0.003845	36.0	116.8	155.1
855	-0.417061	-0.417072	0.000002	296.254250	40.057018	0.003600	0.000000	0.003600	30.0	117.6	149.7
856	-0.415646	-0.415657	0.000002	297.254250	39.931154	0.004194	0.000000	0.004194	60.5	144.1	206.5
857	-0.415397	-0.415409	0.000002	298.248204	39.806831	0.003659	0.000000	0.003659	52.9	152.6	207.2
858	-0.415039	-0.415050	0.000002	298.687347	39.752150	0.004055	0.000000	0.004055	46.1	140.9	189.4
859	-0.410362	-0.410373	0.000002	299.687346	39.628191	0.003733	0.000000	0.003734	32.2	92.2	126.0
860	-0.407698	-0.407709	0.000002	300.687346	39.505002	0.004417	0.000000	0.004417	58.6	98.1	158.1
861	-0.416508	-0.416519	0.000002	301.687338	39.382578	0.004491	0.000000	0.004491	61.0	111.5	174.1
862	-0.420266	-0.420278	0.000002	302.520879	39.281110	0.004047	0.000000	0.004047	60.7	113.8	176.1
863	-0.411420	-0.411431	0.000002	301.617105	39.391152	0.003946	0.000000	0.003946	49.7	143.7	195.4
864	-0.417039	-0.417051	0.000002	302.617105	39.269430	0.005407	0.000000	0.005407	54.4	151.9	209.8
865	-0.412960	-0.412971	0.000002	303.617008	39.148470	0.003615	0.000000	0.003615	44.6	150.3	196.8
866	-0.412571	-0.412582	0.000002	302.713246	39.257768	0.004826	0.000000	0.004826	23.9	113.0	140.4
867	-0.414215	-0.414226	0.000002	303.713246	39.136868	0.004027	0.000000	0.004027	64.8	161.6	227.9
868	-0.412249	-0.412261	0.000002	302.809472	39.246101	0.004556	0.000000	0.004556	55.4	133.6	190.8
869	-0.412618	-0.412630	0.000002	303.809472	39.125273	0.004455	0.000000	0.004455	55.7	114.3	171.9
870	-0.411275	-0.411287	0.000002	304.809469	39.005187	0.003812	0.000000	0.003812	53.2	141.4	196.1
871	-0.416143	-0.416154	0.000002	303.905695	39.113686	0.003424	0.000000	0.003424	50.5	136.2	188.7
872	-0.420533	-0.420544	0.000002	304.229639	39.074727	0.003877	0.000000	0.003876	74.9	109.9	186.4
873	-0.414685	-0.414696	0.000002	305.229639	38.954950	0.003618	0.000000	0.003618	52.4	68.3	122.4
874	-0.417949	-0.417960	0.000002	306.229550	38.835916	0.004162	0.000000	0.004162	68.0	105.2	174.9
875	-0.414134	-0.414145	0.000002	307.229550	38.717597	0.004429	0.000000	0.004429	53.1	108.4	165.2
876	-0.416095	-0.416107	0.000002	306.326036	38.824468	0.003731	0.000000	0.003731	66.0	109.2	177.0
877	-0.410803	-0.410814	0.000002	307.326036	38.706219	0.004010	0.000000	0.004010	71.8	114.4	188.3
878	-0.417452	-0.417463	0.000002	308.325999	38.588691	0.003884	0.000000	0.003884	38.2	123.0	162.8
879	-0.412917	-0.412929	0.000002	309.292131	38.475816	0.004409	0.000000	0.004409	45.1	117.2	164.0
880	-0.412994	-0.413005	0.000002	310.292131	38.359678	0.003507	0.000000	0.003507	65.5	122.5	189.6
881	-0.421897	-0.421908	0.000002	311.292131	38.244238	0.004061	0.000000	0.004061	54.2	91.2	147.0
882	-0.416108	-0.416119	0.000002	310.388398	38.348534	0.004128	0.000000	0.004128	48.3	98.8	156.3
883	-0.421551	-0.421563	0.000002	311.388398	38.233162	0.003855	0.000000	0.003854	49.8	107.8	159.2
884	-0.414934	-0.414945	0.000002	310.484629	38.337402	0.004152	0.000000	0.004152	34.6	93.2	129.6
885	-0.418196	-0.418208	0.000002	309.687298	38.429838	0.004620	0.000000	0.004620	65.0	107.8	174.4
886	-0.412101	-0.412112	0.000002	308.783524	38.535155	0.003793	0.000000	0.003793	41.2	80.2	123.1
887	-0.416033	-0.416044	0.000002	307.879751	38.641051	0.004250	0.000000	0.004250	40.9	83.9	126.4
888	-0.417840	-0.417852	0.000002	307.583038	38.675944	0.004607	0.000000	0.004607	54.9	104.5	161.3
889	-0.422939	-0.422950	0.000002	308.580495	38.558894	0.003711	0.000000	0.003711	33.4	101.8	137.3
890	-0.413442	-0.413453	0.000002	309.580495	38.442254	0.003575	0.000000	0.003575	62.9	100.9	166.1
891	-0.414310	-0.414321	0.000002	310.580483	38.326319	0.004433	0.000000	0.004433	56.6	116.2	174.5
892	-0.417243	-0.417254	0.000002	311.287543	38.244766	0.005113	0.000000	0.005113	65.0	122.9	189.6
893	-0.411258	-0.411269	0.000002	312.160133	38.144598	0.003593	0.000000	0.003593	41.5	94.4	138.1
894	-0.412117	-0.412128	0.000002	311.256359	38.248356	0.004628	0.000000	0.004628	55.1	104.0	160.7
895	-0.413430	-0.413441	0.000002	312.144642	38.146372	0.004401	0.000000	0.004401	57.7	91.4	151.7
896	-0.414011	-0.414022	0.000002	311.240892	38.250136	0.004397	0.000000	0.004397	53.3	120.1	175.5
897	-0.416212	-0.416223	0.000002	310.337118	38.354469	0.004817	0.000000	0.004817	59.2	110.5	171.5
898	-0.418638	-0.418649	0.000002	309.433344	38.459373	0.004273	0.000000	0.004273	54.7	116.1	172.5
899	-0.413201	-0.413212	0.000002	310.433230	38.343347	0.003467	0.000000	0.003467	50.1	121.3	173.1
900	-0.411673	-0.411684	0.000002	311.433229	38.228006	0.004563	0.000000	0.004563	58.6	116.0	176.9
901	-0.411577	-0.411588	0.000002	312.433120	38.113368	0.004785	0.000000	0.004785	52.4	130.6	184.8
902	-0.415755	-0.415766	0.000002	313.433116	37.999405	0.004238	0.000000	0.004238	66.3	114.5	183.1
903	-0.407719	-0.407730	0.000002	314.433116	37.886120	0.003413	0.000000	0.003413	52.0	119.3	172.9
904	-0.413550	-0.413562	0.000002	314.044117	37.930107	0.004342	0.000000	0.004342	62.7	78.8	143.2
905	-0.410777	-0.410788	0.000002	314.968670	37.825727	0.004152	0.000000	0.004152	79.8	107.2	188.7
906	-0.422814	-0.422825	0.000002	314.064896	37.927755	0.005156	0.000000	0.005156	53.9	106.6	164.5
907	-0.409558	-0.409569	0.000002	315.064896	37.814897	0.004023	0.000000	0.004023	38.3	114.0	157.0
908	-0.414926	-0.414937	0.000002	316.064896	37.702708	0.003183	0.000000	0.003183	57.7	100.3	159.9
909	-0.405334	-0.405345	0.000002	315.162625	37.803903	0.004026	0.000000	0.004026	42.6	115.5	159.8
910	-0.419370	-0.419381	0.000002	316.162624	37.691780	0.004422	0.000000	0.004422	64.5	126.3	192.5
911	-0.413095	-0.413106	0.000002	315.264687	37.792429	0.004981	0.000000	0.004981	60.6	132.1	194.6
912	-0.411310	-0.411321	0.000002	316.122166	37.696303	0.003943	0.000000	0.003943	39.1	116.0	156.9
913	-0.404676	-0.404688	0.000002	317.119523	37.585110	0.004224	0.000000	0.004224	39.1	108.0	148.7
914	-0.406586	-0.406597	0.000002	316.215750	37.685842	0.003914	0.000000	0.003914	41.0	134.7	182.2
915	-0.419649	-0.419660	0.000002	317.214811	37.574520	0.003229	0.000000	0.003229	38.9	106.1	146.7
916	-0.415754	-0.415765	0.000002	316.779500	37.622944	0.004542	0.000000	0.004542	53.1	110.0	168.9
917	-0.422315	-0.422326	0.000002	315.875893	37.723861	0.004355	0.000000	0.004355	62.3	100.4	164.6
918	-0.406630	-0.406641	0.000002	316.852111	37.614858	0.004047	0.000000	0.004047	46.9	151.4	200.6
919	-0.412994	-0.413005	0.000002	315.951338	37.715414	0.004146	0.000000	0.004146	28.3	144.7	175.6
920	-0.423816	-0.423828	0.000002	316.947548	37.604236	0.003583	0.000000	0.003583	98.6	145.4	246.1
921	-0.412837	-0.412848	0.000002	316.043774	37.705071	0.004167	0.000000	0.004167	28.8	124.9	156.0
922	-0.409879	-0.409890	0.000002	317.042971	37.593621	0.003679	0.000000	0.003679	50.9	104.6	157.3
923	-0.412525	-0.412536	0.000002	318.042796	37.482759	0.004026	0.000000	0.004026	43.4	108.0	153.1
924	-0.421021	-0.421032	0.000002	319.042794	37.372529	0.004414	0.000000	0.004413	55.9	106.7	164.1
925	-0.413323	-0.413334	0.000002	320.042794	37.262946	0.002882	0.000000	0.002882	77.5	98.0	177.2
926	-0.405774	-0.405785	0.000002	320.702975	37.190953	0.005015	0.000000	0.005015	52.6	116.2	170.3
927	-0.423895	-0.423906	0.000002	320.061609	37.260891	0.003920	0.000000	0.003920	63.7	111.6	176.9
928	-0.418422	-0.418433	0.000002	319.157835	37.359890	0.003603	0.000000	0.003603	77.0	129.1	207.8
929	-0.411370	-0.411381	0.000002	320.157812	37.250383	0.003393	0.000000	0.003393	35.8	75.3	112.9
930	-0.411127	-0.411138	0.000002	319.291127	37.345256	0.004498	0.000000	0.004498	67.5	102.7	172.2
931	-0.411185	-0.411196	0.000002	320.291119	37.235834	0.003650	0.000000	0.003650	54.5	112.9	169.2
932	-0.423540	-0.423551	0.000002	320.046531	37.262538	0.003668	0.000000	0.003668	70.5	82.5	154.5
933	-0.416906	-0.416918	0.000002	321.046411	37.153611	0.003949	0.000000	0.003949	78.3	76.2	156.2
934	-0.416638	-0.416649	0.000002	322.045777	37.045375	0.004401	0.000000	0.004401	56.7	107.3	165.8
935	-0.412114	-0.412125	0.000002	321.142003	37.143231	0.003799	0.000000	0.003799	51.5	114.1	167.1
936	-0.415012	-0.415024	0.000002	322.142003	37.034986	0.004463	0.000000	0.004463	29.3	135.0	165.9
937	-0.409837	-0.409848	0.000002	321.238229	37.132787	0.003838	0.000000	0.003838	33.6	112.9	148.1
938	-0.413869	-0.413880	0.000002	320.334455	37.231106	0.004033	0.000000	0.004033	45.5	117.9	165.1
939	-0.421830	-0.421841	0.000002	321.334455	37.122350	0.003430	0.000000	0.003430	59.4	156.3	217.3
940	-0.414795	-0.414806	0.000002	320.460991	37.217309	0.004922	0.000000	0.004922	49.8	155.7	208.0
941	-0.413999	-0.414010	0.000002	319.605927	37.310740	0.003672	0.000000	0.003672	38.0	119.9	159.4
942	-0.410630	-0.410641	0.000002	318.764732	37.403115	0.003197	0.000000	0.003196	37.8	143.5	182.8
943	-0.410851	-0.410862	0.000002	319.764728	37.293353	0.003566	0.000000	0.003566	56.4	134.5	193.2
944	-0.419603	-0.419615	0.000002	320.764700	37.184236	0.004826	0.000000	0.004826	33.5	122.6	157.7
945	-0.419940	-0.419952	0.000002	321.333814	37.122419	0.004191	0.000000	0.004190	60.5	102.2	164.3
946	-0.415206	-0.415217	0.000002	322.333696	37.014308	0.003804	0.000000	0.003804	50.9	115.8	168.5
947	-0.416055	-0.416066	0.000002	323.333696	36.906813	0.003869	0.000000	0.003869	32.1	100.0	137.6
948	-0.418411	-0.418422	0.000002	324.333696	36.799940	0.003331	0.000000	0.003331	51.7	118.7	172.4
949	-0.421756	-0.421767	0.000002	324.538703	36.778107	0.004262	0.000000	0.004262	91.6	133.0	226.3
950	-0.414345	-0.414356	0.000002	323.635717	36.874470	0.003671	0.000000	0.003671	54.3	151.6	218.5
951	-0.415686	-0.415697	0.000002	322.732046	36.971413	0.004079	0.000000	0.004079	20.6	125.0	151.6
952	-0.419381	-0.419393	0.000002	323.732045	36.864166	0.004927	0.000000	0.004927	49.3	163.1	225.4
953	-0.411320	-0.411332	0.000002	324.732045	36.757540	0.003734	0.000000	0.003734	37.7	127.8	167.0
954	-0.419302	-0.419313	0.000002	325.732045	36.651528	0.003636	0.000000	0.003636	30.2	101.6	133.7
955	-0.416942	-0.416953	0.000002	325.003508	36.728701	0.004707	0.000000	0.004707	44.2	108.1	153.8
956	-0.428054	-0.428065	0.000002	324.099807	36.824881	0.004146	0.000000	0.004146	61.4	108.6	171.4
957	-0.415786	-0.415797	0.000002	323.196461	36.921528	0.004143	0.000000	0.004143	55.2	75.7	132.6
958	-0.415365	-0.415376	0.000002	324.196398	36.814577	0.004793	0.000000	0.004793	70.4	94.1	171.4
959	-0.417453	-0.417465	0.000002	325.196398	36.708237	0.003649	0.000000	0.003649	75.3	72.9	149.6
960	-0.412849	-0.412860	0.000002	324.572614	36.774498	0.004230	0.000000	0.004230	63.4	134.3	199.4
961	-0.416014	-0.416025	0.000002	325.572614	36.668389	0.004055	0.000000	0.004055	52.4	119.4	179.1
962	-0.405850	-0.405862	0.000002	324.992819	36.729836	0.003312	0.000000	0.003312	66.7	104.0	177.8
963	-0.417137	-0.417149	0.000002	324.204576	36.813705	0.004260	0.000000	0.004260	54.0	106.8	162.3
964	-0.418393	-0.418405	0.000002	325.204576	36.707370	0.003728	0.000000	0.003728	55.8	163.1	220.6
965	-0.417689	-0.417701	0.000002	325.426345	36.683871	0.003398	0.000000	0.003398	26.1	145.1	173.3
966	-0.410503	-0.410514	0.000002	326.426345	36.578283	0.003348	0.000000	0.003348	33.9	142.7	178.4
967	-0.419250	-0.419261	0.000002	325.526599	36.673258	0.004474	0.000000	0.004474	35.9	102.0	139.3
968	-0.420563	-0.420574	0.000002	324.622829	36.769155	0.004173	0.000000	0.004173	78.4	129.6	209.8
969	-0.408092	-0.408104	0.000002	325.621884	36.663177	0.004049	0.000000	0.004049	59.1	91.6	153.4
970	-0.422089	-0.422100	0.000002	326.620587	36.557844	0.004601	0.000000	0.004601	51.0	82.2	135.1
971	-0.415865	-0.415877	0.000002	325.718051	36.653008	0.003901	0.000000	0.003901	81.3	90.8	174.2
972	-0.405951	-0.405962	0.000002	326.660913	36.553604	0.004175	0.000000	0.004175	49.6	99.4	151.4
973	-0.409833	-0.409844	0.000002	327.655427	36.449338	0.004529	0.000000	0.004529	61.7	96.5	159.8
974	-0.412636	-0.412647	0.000002	328.655427	36.345094	0.003918	0.000000	0.003918	75.0	126.5	204.1
975	-0.419170	-0.419181	0.000002	327.751735	36.439272	0.003696	0.000000	0.003696	38.2	95.7	135.5
976	-0.410937	-0.410949	0.000002	326.864239	36.532239	0.004014	0.000000	0.004014	49.8	99.5	150.7
977	-0.419639	-0.419651	0.000002	327.864239	36.427521	0.003817	0.000000	0.003817	81.1	170.7	255.0
978	-0.413258	-0.413270	0.000002	328.864234	36.323402	0.004864	0.000000	0.004864	50.2	122.5	174.9
979	-0.424365	-0.424377	0.000002	329.856603	36.220665	0.004465	0.000000	0.004465	57.1	110.3	169.0
980	-0.411497	-0.411509	0.000002	330.856603	36.117723	0.003569	0.000000	0.003569	47.1	102.7	151.2
981	-0.418516	-0.418527	0.000002	331.855218	36.015506	0.004013	0.000000	0.004013	49.0	88.1	139.9
982	-0.421611	-0.421622	0.000002	330.951445	36.107990	0.003839	0.000000	0.003839	40.6	138.0	180.4
983	-0.407721	-0.407732	0.000002	331.951445	36.005687	0.004266	0.000000	0.004266	55.2	115.6	172.6
984	-0.409554	-0.409565	0.000002	331.116859	36.091028	0.004758	0.000000	0.004758	37.6	81.9	121.2
985	-0.416057	-0.416069	0.000002	332.116820	35.988825	0.003756	0.000000	0.003756	74.9	96.1	172.4
986	-0.411609	-0.411620	0.000002	331.213058	36.081170	0.003613	0.000000	0.003613	43.5	95.9	141.0
987	-0.411452	-0.411463	0.000002	332.213058	35.979019	0.004464	0.000000	0.004464	63.9	86.6	152.2
988	-0.425018	-0.425030	0.000002	333.213055	35.877445	0.004162	0.000000	0.004162	41.0	109.3	152.1
989	-0.415681	-0.415692	0.000002	334.213055	35.776442	0.003012	0.000000	0.003012	49.6	127.5	179.5
990	-0.412942	-0.412953	0.000002	335.213033	35.676009	0.003951	0.000000	0.003951	39.5	108.1	149.8
991	-0.412054	-0.412065	0.000002	334.334144	35.764251	0.004235	0.000000	0.004235	73.9	95.4	171.2
992	-0.411058	-0.411070	0.000002	335.334141	35.663884	0.004218	0.000000	0.004218	78.5	92.2	172.4
993	-0.423530	-0.423542	0.000002	336.333443	35.564148	0.003749	0.000000	0.003750	80.4	91.4	173.8
994	-0.407576	-0.407587	0.000002	337.331269	35.465114	0.004326	0.000000	0.004326	59.4	95.0	156.6
995	-0.418271	-0.418282	0.000002	338.328636	35.366676	0.003637	0.000000	0.003637	39.1	99.4	140.2
996	-0.424318	-0.424329	0.000002	337.424862	35.455853	0.003968	0.000000	0.003968	66.3	123.8	192.0
997	-0.416541	-0.416552	0.000002	336.521088	35.545482	0.004483	0.000000	0.004483	52.2	100.9	155.0
998	-0.416805	-0.416816	0.000002	337.521088	35.446337	0.005301	0.000000	0.005301	38.0	115.3	154.9
999	-0.412433	-0.412444	0.000002	336.755518	35.522190	0.004897	0.000000	0.004897	77.8	154.6	234.2
