1:ItNr	2:Metric	3a:Time	3b:StepSize	4:||Gradient||	Time[ms]
0	-0.562072	0.000000	12.008328	0.029155	104.8
1	-0.564587	0.000000	12.008328	0.026797	14.7
2	-0.574967	0.000000	12.008328	0.027795	7.0
3	-0.568564	1.000000	11.462495	0.025535	12.4
4	-0.574432	2.000000	10.964125	0.020497	8.9
5	-0.571788	2.968911	10.520915	0.014475	10.6
6	-0.578068	2.914436	10.544881	0.015769	15.8
7	-0.576708	3.914436	10.121637	0.010334	11.4
8	-0.570703	3.859962	10.143816	0.019262	9.1
9	-0.588483	3.805488	10.166093	0.027076	13.6
10	-0.580905	4.805488	9.772142	0.017440	18.0
11	-0.579571	5.805488	9.407584	0.020760	11.2
12	-0.584614	6.804090	9.069705	0.025370	9.9
13	-0.585930	7.804090	8.754829	0.024963	10.1
14	-0.581830	8.804090	8.461083	0.017431	14.2
15	-0.586560	9.804090	8.186409	0.021531	13.1
16	-0.577532	10.804090	7.929008	0.026574	9.0
17	-0.574025	11.804090	7.687300	0.027602	7.7
18	-0.579948	12.804090	7.459893	0.021502	9.7
19	-0.584091	13.804090	7.245553	0.019664	11.5
20	-0.578719	14.804090	7.043187	0.023553	7.9
21	-0.575957	15.804090	6.851817	0.017308	12.0
22	-0.579087	16.804090	6.670571	0.011360	10.7
23	-0.581587	17.804090	6.498668	0.011106	12.2
24	-0.580466	18.804090	6.335401	0.015308	10.2
25	-0.577068	19.804090	6.180137	0.022836	11.0
26	-0.577130	20.804090	6.032302	0.028451	7.9
27	-0.584644	21.804090	5.891374	0.028715	9.5
28	-0.568347	22.804090	5.756880	0.026568	9.5
29	-0.583301	23.804090	5.628390	0.028466	10.9
30	-0.576836	24.804090	5.505510	0.022721	11.0
31	-0.582679	25.804090	5.387881	0.018704	13.1
32	-0.573502	26.804090	5.275174	0.015601	12.2
33	-0.584128	27.804090	5.167085	0.015012	12.6
34	-0.581756	28.804090	5.063337	0.014022	12.9
35	-0.573810	29.804090	4.963673	0.011531	12.4
36	-0.588196	30.804090	4.867857	0.007927	13.0
37	-0.584879	31.804090	4.775670	0.008230	9.0
38	-0.584470	32.804090	4.686909	0.012174	17.1
39	-0.581084	33.804090	4.601388	0.019002	12.6
40	-0.580251	34.804090	4.518932	0.020958	12.3
41	-0.583841	35.804090	4.439379	0.016342	10.7
42	-0.583099	36.804090	4.362579	0.014582	12.5
43	-0.587109	37.804090	4.288390	0.010556	9.9
44	-0.581011	38.804090	4.216683	0.011222	10.7
45	-0.582174	39.804090	4.147334	0.015409	9.1
46	-0.581470	40.804090	4.080230	0.014639	7.1
47	-0.579717	41.804090	4.015262	0.011183	6.8
48	-0.585873	42.804090	3.952331	0.015513	8.1
49	-0.585213	43.804090	3.891342	0.023473	8.9
50	-0.582784	44.804090	3.832207	0.023413	8.2
51	-0.590124	45.804090	3.774842	0.018244	7.3
52	-0.582066	46.804090	3.719169	0.008467	8.4
53	-0.584973	47.804090	3.665115	0.010231	12.0
54	-0.587259	47.749615	3.668019	0.009286	8.7
55	-0.587386	48.749615	3.615430	0.005411	12.8
56	-0.585969	48.695141	3.618256	0.011381	14.9
57	-0.581392	49.550065	3.574410	0.007826	14.4
58	-0.574225	50.550065	3.524454	0.008236	11.2
59	-0.583753	51.550065	3.475874	0.006555	12.3
60	-0.573108	52.523822	3.429839	0.013661	15.7
61	-0.583676	53.523821	3.383816	0.017048	8.8
62	-0.586776	54.523821	3.339011	0.013625	9.8
63	-0.579731	55.523821	3.295378	0.013078	13.5
64	-0.578185	56.523821	3.252870	0.010024	11.2
65	-0.577249	57.523821	3.211444	0.007345	10.5
66	-0.576271	58.515345	3.171399	0.005310	12.5
67	-0.578994	58.460871	3.173573	0.008073	11.8
68	-0.588956	58.406402	3.175750	0.005864	12.4
69	-0.580567	59.406401	3.136254	0.008137	13.2
70	-0.586503	59.351938	3.138380	0.012432	11.8
71	-0.586756	60.351938	3.099802	0.009067	12.4
72	-0.587495	61.351864	3.062164	0.009630	12.1
73	-0.583131	61.297403	3.064190	0.007703	12.7
74	-0.577514	61.242929	3.066220	0.008153	9.4
75	-0.586186	61.188455	3.068252	0.010804	9.1
76	-0.583476	62.187558	3.031401	0.013039	9.0
77	-0.584470	63.187558	2.995394	0.007721	8.6
78	-0.578322	64.187558	2.960231	0.010440	8.0
79	-0.584031	64.133084	2.962126	0.011383	9.1
80	-0.585940	64.078610	2.964022	0.006279	15.2
81	-0.583007	64.925922	2.934794	0.010134	18.6
82	-0.586003	65.153275	2.927049	0.007222	12.7
83	-0.588853	65.506965	2.915082	0.011660	13.9
84	-0.585067	65.452491	2.916919	0.007724	8.3
85	-0.577770	65.398017	2.918758	0.010419	8.1
86	-0.578861	65.343542	2.920599	0.009405	10.6
87	-0.579603	66.343542	2.887161	0.010694	11.6
88	-0.589633	66.289068	2.888963	0.005233	11.8
89	-0.587399	67.269055	2.856889	0.006900	12.9
90	-0.578474	68.268830	2.824893	0.007013	11.1
91	-0.583493	69.190768	2.796017	0.006850	9.2
92	-0.581747	69.136294	2.797706	0.007928	11.2
93	-0.585294	70.096464	2.768218	0.010086	10.7
94	-0.581086	71.096464	2.738160	0.009165	12.0
95	-0.580063	72.096463	2.708748	0.008746	11.4
96	-0.582128	72.483763	2.697526	0.012246	12.6
97	-0.585056	73.483763	2.668976	0.007637	10.1
98	-0.590274	74.483763	2.641024	0.007866	11.4
99	-0.586069	74.429312	2.642531	0.006591	12.7
100	-0.591476	75.429281	2.615128	0.007217	8.2
101	-0.588864	75.374812	2.616606	0.006959	14.8
102	-0.585360	75.583213	2.610960	0.006075	10.3
103	-0.588535	75.529797	2.612405	0.007739	9.6
104	-0.587726	75.707149	2.607614	0.008725	9.9
105	-0.583892	76.706716	2.580937	0.005988	13.6
106	-0.578561	77.706632	2.554792	0.005839	10.0
107	-0.577702	77.654873	2.556132	0.008473	10.1
108	-0.581271	78.654868	2.530482	0.010489	9.7
109	-0.591430	79.654868	2.505342	0.009649	10.3
110	-0.571533	80.654868	2.480697	0.006692	12.5
111	-0.575205	80.604269	2.481932	0.009993	10.0
112	-0.591173	80.552334	2.483201	0.013796	8.8
113	-0.584953	81.552334	2.458987	0.007404	9.6
114	-0.583582	82.552320	2.435241	0.007122	10.4
115	-0.584822	82.497845	2.436523	0.003775	10.9
116	-0.585918	83.172536	2.420742	0.009910	13.0
117	-0.580141	83.118201	2.422006	0.009064	13.6
118	-0.591131	84.118201	2.398965	0.006220	8.6
119	-0.583234	85.093592	2.376910	0.007625	7.3
120	-0.585375	85.039118	2.378131	0.006204	17.3
121	-0.586115	84.984643	2.379353	0.009773	20.6
122	-0.582582	85.983049	2.357148	0.007410	11.8
123	-0.592653	85.934607	2.358216	0.006505	17.5
124	-0.583441	85.880133	2.359418	0.007529	9.9
125	-0.584825	85.831388	2.360494	0.008378	11.4
126	-0.586505	85.781116	2.361606	0.012055	10.3
127	-0.590516	86.781116	2.339694	0.010427	11.4
128	-0.587919	87.781089	2.318187	0.005336	9.0
129	-0.589028	88.780822	2.297076	0.007798	8.7
130	-0.589944	88.726846	2.298206	0.005995	10.7
131	-0.584764	88.672372	2.299347	0.006531	9.1
132	-0.588801	89.672330	2.278572	0.007445	6.9
133	-0.585175	89.619329	2.279664	0.004245	11.3
134	-0.582034	89.713786	2.277719	0.005640	10.3
135	-0.588685	90.234727	2.267052	0.008550	7.9
136	-0.585328	91.234069	2.246866	0.007176	10.6
137	-0.585270	92.010238	2.231434	0.005275	12.7
138	-0.591777	92.028343	2.231077	0.009299	11.2
139	-0.588320	91.973880	2.232152	0.008791	12.7
140	-0.584017	92.973879	2.212567	0.007167	13.9
141	-0.580600	92.922301	2.213569	0.013263	7.6
142	-0.580406	93.922290	2.194308	0.013604	10.1
143	-0.583245	94.922290	2.175379	0.007191	11.9
144	-0.573551	95.922290	2.156773	0.010326	12.8
145	-0.591717	95.868155	2.157772	0.006532	12.4
146	-0.581175	96.868155	2.139466	0.008792	12.5
147	-0.577160	97.868155	2.121467	0.012124	10.3
148	-0.581414	98.868155	2.103769	0.008209	10.9
149	-0.580580	99.868155	2.086363	0.009809	10.7
150	-0.578720	100.863317	2.069326	0.007390	11.3
151	-0.589126	101.862113	2.052503	0.009249	10.5
152	-0.580456	101.807639	2.053414	0.008776	10.5
153	-0.579997	102.806659	2.036844	0.008434	14.6
154	-0.576226	103.806596	2.020525	0.006225	13.1
155	-0.585544	104.311033	2.012392	0.008336	13.4
156	-0.585476	105.311032	1.996460	0.006584	8.1
157	-0.585626	106.311030	1.980778	0.006710	10.3
158	-0.594794	107.278663	1.965837	0.007955	11.3
159	-0.589698	108.278662	1.950630	0.008515	9.7
160	-0.589261	109.278660	1.935658	0.008686	9.2
161	-0.594673	110.278659	1.920913	0.007188	8.6
162	-0.588335	110.224194	1.921710	0.015722	16.1
163	-0.582187	111.224194	1.907177	0.007732	13.7
164	-0.581128	112.224194	1.892861	0.009178	10.2
165	-0.581586	112.169720	1.893635	0.007920	14.2
166	-0.575370	112.115249	1.894410	0.007121	14.2
167	-0.578796	112.065326	1.895121	0.006261	10.1
168	-0.580575	113.028025	1.881509	0.007782	9.3
169	-0.581382	114.000911	1.867949	0.010131	8.4
170	-0.585390	115.000911	1.854215	0.009666	9.4
171	-0.584876	116.000911	1.840680	0.009391	8.1
172	-0.586435	116.382829	1.835563	0.007610	10.7
173	-0.578528	117.382829	1.822299	0.007114	9.5
174	-0.587746	118.122620	1.812609	0.009181	10.6
175	-0.585205	118.068146	1.813319	0.010289	15.0
176	-0.586647	119.063183	1.800437	0.004893	12.3
177	-0.594426	119.008732	1.801137	0.009883	12.2
178	-0.575851	119.102360	1.799933	0.009888	14.9
179	-0.583746	120.102360	1.787177	0.005544	14.5
180	-0.577175	121.100465	1.774624	0.005708	12.3
181	-0.579653	121.046251	1.775301	0.006947	13.9
182	-0.580966	120.991788	1.775982	0.013406	12.9
183	-0.580618	121.991786	1.763562	0.009949	9.1
184	-0.588005	122.991786	1.751314	0.004923	13.3
185	-0.581792	123.991624	1.739238	0.011307	13.8
186	-0.590999	124.991624	1.727324	0.012746	10.8
187	-0.588702	125.991624	1.715573	0.006426	10.0
188	-0.581941	126.991624	1.703981	0.009365	14.5
189	-0.582676	127.991497	1.692545	0.009879	11.0
190	-0.586758	128.991497	1.681261	0.008271	12.1
191	-0.582412	128.937023	1.681872	0.007120	11.5
192	-0.587025	128.882548	1.682483	0.009081	11.9
193	-0.585177	128.828077	1.683095	0.006616	12.7
194	-0.576282	129.826981	1.671948	0.004157	13.0
195	-0.582984	130.779248	1.661458	0.008157	9.9
196	-0.581403	130.724782	1.662055	0.010469	12.1
197	-0.588748	130.670314	1.662652	0.009507	9.8
198	-0.587253	131.670314	1.651761	0.008628	7.4
199	-0.571867	131.615840	1.652351	0.006557	12.8
200	-0.577106	131.561878	1.652935	0.009389	10.6
201	-0.578698	131.507404	1.653526	0.007751	8.0
202	-0.577822	132.507404	1.642754	0.006182	17.6
203	-0.582426	132.452930	1.643337	0.010506	20.3
204	-0.591052	133.452930	1.632697	0.006240	10.9
205	-0.582353	134.419961	1.622539	0.005977	9.0
206	-0.589418	135.393729	1.612436	0.006946	10.0
207	-0.585013	135.339856	1.612992	0.006403	8.7
208	-0.587785	135.285525	1.613552	0.007562	7.9
209	-0.584851	135.231051	1.614115	0.005418	11.4
210	-0.586687	135.201721	1.614418	0.008274	11.2
211	-0.580237	136.012239	1.606084	0.014116	11.3
212	-0.590295	135.957765	1.606642	0.010739	6.6
213	-0.588005	136.957765	1.596470	0.010220	7.6
214	-0.579699	137.957765	1.586427	0.009623	8.6
215	-0.585021	138.957764	1.576509	0.008562	9.0
216	-0.584992	139.957764	1.566715	0.006289	9.3
217	-0.584882	139.912711	1.567153	0.009870	10.3
218	-0.586364	139.858242	1.567684	0.008454	13.1
219	-0.585771	140.850929	1.558069	0.008008	15.1
220	-0.588504	140.796455	1.558593	0.008066	9.2
221	-0.592086	141.794183	1.549041	0.008395	9.8
222	-0.582928	142.794183	1.539584	0.007979	8.4
223	-0.589210	142.739709	1.540096	0.008937	8.4
224	-0.578193	142.687784	1.540585	0.008434	10.2
225	-0.575678	142.679431	1.540663	0.007564	11.4
226	-0.590087	142.624957	1.541176	0.010208	12.4
227	-0.589208	143.624957	1.531814	0.006729	9.7
228	-0.581821	143.581909	1.532215	0.005639	12.8
229	-0.579758	143.527464	1.532722	0.008052	11.9
230	-0.585881	144.526960	1.523467	0.007830	13.6
231	-0.581052	144.472486	1.523969	0.006225	14.4
232	-0.582591	144.424636	1.524409	0.009110	12.1
233	-0.589387	144.370162	1.524912	0.007928	11.3
234	-0.581762	144.315690	1.525414	0.013134	11.7
235	-0.576822	145.315690	1.516242	0.007931	8.0
236	-0.585865	146.315690	1.507180	0.009738	10.4
237	-0.586690	146.261216	1.507671	0.012929	10.3
238	-0.590835	147.261216	1.498711	0.009630	7.8
239	-0.580327	148.261216	1.489856	0.005963	10.8
240	-0.588457	149.251853	1.481187	0.005936	12.6
241	-0.579246	149.197393	1.481661	0.006334	10.7
242	-0.588822	150.197110	1.473009	0.006755	13.1
243	-0.578941	151.194296	1.464479	0.003684	12.4
244	-0.575382	151.145455	1.464894	0.009707	10.3
245	-0.586760	151.091123	1.465357	0.013662	13.8
246	-0.588166	152.091123	1.456891	0.009370	11.9
247	-0.582178	152.036648	1.457350	0.006893	10.2
248	-0.579713	153.036386	1.448978	0.010691	7.4
249	-0.586308	153.791609	1.442717	0.006215	10.1
250	-0.586851	153.737135	1.443167	0.009356	11.2
251	-0.581599	153.728745	1.443236	0.009507	9.3
252	-0.585738	154.728745	1.435024	0.009301	9.4
253	-0.585226	155.728742	1.426904	0.007799	9.5
254	-0.589371	156.728273	1.418879	0.003983	14.3
255	-0.590654	157.604334	1.411919	0.009182	9.4
256	-0.583219	158.506788	1.404821	0.006517	13.6
257	-0.586319	159.506783	1.397038	0.008484	10.8
258	-0.581862	159.459249	1.397406	0.008284	11.9
259	-0.587111	159.407287	1.397809	0.013197	12.0
260	-0.584859	160.407287	1.390103	0.007690	11.1
261	-0.586400	160.352813	1.390521	0.009856	12.2
262	-0.581221	160.298339	1.390939	0.009574	15.0
263	-0.584947	161.298339	1.383309	0.009716	6.7
264	-0.583007	162.298339	1.375762	0.005944	10.0
265	-0.585714	163.294933	1.368322	0.007225	12.9
266	-0.582959	164.294419	1.360942	0.010457	12.0
267	-0.575302	164.977286	1.355945	0.007593	14.8
268	-0.590545	164.922838	1.356342	0.009422	13.2
269	-0.582520	164.868364	1.356739	0.016635	11.7
270	-0.585047	165.868364	1.349479	0.008409	9.1
271	-0.579624	166.868364	1.342296	0.010063	17.6
272	-0.589988	167.868364	1.335189	0.008629	14.4
273	-0.592747	168.868364	1.328156	0.009564	11.0
274	-0.602567	168.813974	1.328537	0.011737	17.8
275	-0.587425	169.702578	1.322346	0.007711	13.5
276	-0.585253	170.702578	1.315449	0.010467	11.4
277	-0.579681	170.648520	1.315820	0.005937	9.8
278	-0.579781	170.594046	1.316194	0.010011	10.5
279	-0.582509	170.539577	1.316568	0.006910	10.7
280	-0.577102	170.518401	1.316714	0.008512	15.0
281	-0.584739	170.463927	1.317088	0.007791	13.2
282	-0.578505	170.409452	1.317463	0.011640	18.5
283	-0.582932	171.409452	1.310616	0.008810	13.0
284	-0.577323	172.409452	1.303839	0.005570	11.6
285	-0.587811	172.569858	1.302759	0.005193	13.9
286	-0.578987	173.340835	1.297591	0.006862	9.6
287	-0.580780	173.383318	1.297307	0.010632	9.3
288	-0.587275	173.339141	1.297602	0.007356	9.9
289	-0.594903	174.309897	1.291153	0.008437	12.4
290	-0.589824	174.448698	1.290236	0.005266	13.6
291	-0.589568	175.446607	1.283682	0.007932	13.4
292	-0.577422	175.396177	1.284011	0.004790	13.4
293	-0.587114	176.391364	1.277538	0.006014	9.0
294	-0.590260	176.345565	1.277834	0.011252	5.8
295	-0.575312	177.345565	1.271392	0.007426	6.4
296	-0.578011	177.291091	1.271741	0.008297	7.5
297	-0.576556	178.291090	1.265360	0.005559	9.7
298	-0.579474	178.236723	1.265705	0.007594	11.6
299	-0.573836	178.182793	1.266048	0.007367	9.6
300	-0.581423	179.153920	1.259905	0.009122	10.8
301	-0.581936	179.099685	1.260246	0.010214	10.6
302	-0.580675	180.099683	1.253980	0.005794	10.4
303	-0.591662	181.099654	1.247775	0.008496	9.9
304	-0.580812	181.088447	1.247844	0.013565	12.4
305	-0.584469	182.088447	1.241700	0.005773	10.4
306	-0.600856	182.049718	1.241937	0.011697	12.6
307	-0.578310	181.995464	1.242269	0.007153	9.4
308	-0.580248	182.995464	1.236179	0.007817	12.2
309	-0.574714	183.048722	1.235856	0.005279	14.3
310	-0.591148	182.994280	1.236186	0.010431	10.7
311	-0.581447	182.946699	1.236474	0.007111	11.9
312	-0.580473	183.946699	1.230441	0.006610	11.4
313	-0.586894	183.939428	1.230485	0.010929	9.7
314	-0.582908	183.924066	1.230577	0.007557	16.1
315	-0.582791	183.869592	1.230904	0.006777	8.8
316	-0.595465	183.891788	1.230771	0.008093	8.6
317	-0.586207	183.837871	1.231095	0.008548	10.4
318	-0.587649	184.837871	1.225114	0.006235	9.3
319	-0.593490	184.783397	1.225438	0.009586	14.3
320	-0.586057	185.783397	1.219512	0.008778	11.0
321	-0.583874	186.783396	1.213643	0.006564	22.3
322	-0.585884	186.728922	1.213961	0.004428	16.1
323	-0.588740	187.680841	1.208424	0.006293	14.7
324	-0.572987	187.661535	1.208536	0.011096	13.0
325	-0.587393	188.657132	1.202797	0.010989	14.5
326	-0.596514	189.657132	1.197087	0.011454	9.9
327	-0.589641	190.657132	1.191431	0.007980	12.2
328	-0.577291	190.602658	1.191738	0.007135	13.7
329	-0.587612	190.874595	1.190208	0.008225	11.0
330	-0.585565	191.874595	1.184617	0.007583	11.3
331	-0.577897	192.838213	1.179279	0.007828	14.7
332	-0.586879	193.766615	1.174181	0.007138	13.2
333	-0.593686	194.766615	1.168739	0.007844	11.8
334	-0.587652	194.738481	1.168892	0.007103	11.7
335	-0.585223	195.274437	1.165995	0.008215	11.7
336	-0.580294	196.274037	1.160631	0.007624	9.7
337	-0.589550	196.307027	1.160454	0.006782	13.3
338	-0.583883	197.307018	1.155139	0.006841	11.9
339	-0.588885	198.301657	1.149900	0.008535	11.6
340	-0.578090	198.247247	1.150185	0.007172	8.8
341	-0.577010	198.192791	1.150471	0.005896	11.7
342	-0.589280	199.033443	1.146075	0.007561	11.6
343	-0.582109	199.105735	1.145699	0.007903	11.2
344	-0.571716	200.105735	1.140517	0.006640	14.1
345	-0.585399	200.051263	1.140798	0.007957	9.1
346	-0.588642	199.996790	1.141079	0.006611	9.5
347	-0.587072	200.993450	1.135956	0.008572	13.2
348	-0.582910	200.964773	1.136103	0.011298	11.4
349	-0.584951	201.964772	1.131008	0.006165	14.1
350	-0.582094	201.910331	1.131284	0.008972	9.5
351	-0.586210	201.855857	1.131560	0.006102	13.9
352	-0.574417	201.807994	1.131804	0.005439	8.0
353	-0.577431	202.002929	1.130814	0.006174	15.8
354	-0.584908	202.968941	1.125937	0.010537	8.0
355	-0.584003	203.968410	1.120935	0.007628	10.4
356	-0.588058	204.968407	1.115974	0.008736	6.8
357	-0.588413	204.913932	1.116243	0.005099	10.9
358	-0.577672	204.859942	1.116510	0.008487	12.4
359	-0.584564	205.859789	1.111589	0.008584	13.8
360	-0.578879	206.859776	1.106711	0.009025	14.5
361	-0.595072	207.126517	1.105417	0.011449	18.3
362	-0.582631	208.126517	1.100592	0.006709	16.5
363	-0.584823	208.112768	1.100658	0.011713	11.9
364	-0.585089	209.112768	1.095875	0.007955	19.1
365	-0.588147	210.112768	1.091133	0.005404	13.4
366	-0.581779	210.058294	1.091391	0.007227	12.3
367	-0.581007	211.054949	1.086703	0.006987	11.3
368	-0.587591	211.000867	1.086957	0.009972	13.3
369	-0.579822	210.946542	1.087211	0.009843	11.5
370	-0.575726	210.892068	1.087467	0.006204	12.2
371	-0.587191	210.837594	1.087722	0.007310	11.9
372	-0.583326	211.154076	1.086239	0.010589	13.9
373	-0.588746	211.099602	1.086494	0.007066	10.0
374	-0.579053	211.045127	1.086749	0.008719	9.0
375	-0.580256	212.045127	1.082086	0.008083	10.6
376	-0.591803	213.042931	1.077473	0.006861	9.1
377	-0.577265	212.988457	1.077724	0.010445	9.1
378	-0.578616	213.988457	1.073137	0.008547	22.0
379	-0.587059	213.933985	1.073386	0.011016	14.7
380	-0.579259	214.933605	1.068838	0.010687	12.4
381	-0.595572	215.933598	1.064327	0.007312	11.5
382	-0.576169	216.933595	1.059854	0.006597	9.5
383	-0.595025	216.879123	1.060097	0.005247	10.9
384	-0.580201	217.185643	1.058733	0.006361	9.7
385	-0.579354	217.157565	1.058857	0.007440	9.7
386	-0.583363	217.113738	1.059052	0.010249	8.7
387	-0.594561	217.124083	1.059006	0.010683	12.7
388	-0.581634	218.123768	1.054579	0.005530	11.7
389	-0.593879	219.118364	1.050211	0.007055	9.6
390	-0.574551	219.064878	1.050445	0.006447	10.7
391	-0.584182	220.050427	1.046150	0.009124	8.9
392	-0.585274	220.915816	1.042408	0.012031	10.0
393	-0.579115	220.861342	1.042642	0.009532	8.4
394	-0.590095	221.861342	1.038349	0.007626	9.0
395	-0.593174	221.806880	1.038582	0.007869	14.5
396	-0.586189	222.040334	1.037584	0.009856	8.0
397	-0.584284	223.038014	1.033343	0.010960	11.0
398	-0.596063	222.983539	1.033573	0.011162	11.6
399	-0.589541	222.929065	1.033804	0.008630	11.5
400	-0.585029	223.929065	1.029583	0.008585	13.5
401	-0.584276	223.874591	1.029812	0.006055	12.0
402	-0.585019	223.820714	1.030039	0.008003	9.3
403	-0.589282	223.766240	1.030268	0.009021	11.1
404	-0.578245	223.711766	1.030498	0.008210	22.6
405	-0.583869	223.657291	1.030727	0.007182	20.2
406	-0.584670	223.604122	1.030951	0.008362	8.5
407	-0.580107	223.599486	1.030971	0.009617	10.0
408	-0.586872	224.596327	1.026786	0.005779	10.8
409	-0.577570	225.596161	1.022623	0.010148	11.2
410	-0.577747	225.541687	1.022849	0.007987	11.8
411	-0.593621	225.487213	1.023075	0.005792	9.8
412	-0.580032	226.362367	1.019455	0.004579	11.7
413	-0.604752	226.312588	1.019661	0.009219	11.8
414	-0.573583	226.259411	1.019880	0.007031	12.0
415	-0.586161	226.204937	1.020105	0.006676	8.2
416	-0.586366	227.179691	1.016098	0.006029	9.0
417	-0.583036	227.937295	1.013006	0.005065	9.8
418	-0.574639	227.885331	1.013217	0.008443	11.0
419	-0.579287	227.845352	1.013380	0.010988	12.8
420	-0.581282	228.845347	1.009324	0.008371	13.1
421	-0.581119	228.802272	1.009498	0.009368	7.5
422	-0.581981	229.802272	1.005473	0.007498	8.0
423	-0.590059	230.786044	1.001544	0.009877	7.5
424	-0.585152	230.731569	1.001761	0.004665	8.6
425	-0.586665	230.677450	1.001976	0.008483	11.2
426	-0.584997	231.085214	1.000356	0.005584	11.4
427	-0.579207	231.892531	0.997162	0.008184	13.0
428	-0.571450	231.839039	0.997373	0.007510	10.7
429	-0.577367	232.833425	0.993466	0.010277	11.1
430	-0.577717	232.783018	0.993663	0.007337	11.8
431	-0.597529	233.773877	0.989799	0.009887	9.3
432	-0.585877	233.819563	0.989621	0.007456	11.0
433	-0.587380	233.946693	0.989128	0.008714	13.3
434	-0.587876	234.943525	0.985275	0.007767	11.2
435	-0.590054	235.943511	0.981441	0.005165	14.3
436	-0.578180	235.889511	0.981647	0.005005	12.9
437	-0.586883	236.792093	0.978210	0.006427	10.9
438	-0.579638	237.779844	0.974477	0.008081	14.5
439	-0.578213	238.779842	0.970725	0.008863	11.7
440	-0.585180	238.725368	0.970929	0.006102	9.2
441	-0.583364	238.729457	0.970914	0.010409	14.4
442	-0.583131	238.679356	0.971101	0.007438	18.0
443	-0.581817	239.514771	0.967987	0.005926	11.9
444	-0.587958	239.460299	0.968189	0.006213	14.8
445	-0.587409	240.460297	0.964486	0.008576	12.3
446	-0.587279	240.514833	0.964285	0.009051	9.0
447	-0.592501	241.514786	0.960612	0.009722	8.9
448	-0.576283	242.508268	0.956990	0.007613	7.2
449	-0.584955	242.457391	0.957175	0.008661	14.3
450	-0.576448	243.238566	0.954345	0.007516	16.2
451	-0.587610	243.442322	0.953610	0.005488	13.8
452	-0.586514	243.387850	0.953807	0.008627	13.3
453	-0.580018	244.148887	0.951069	0.007510	12.1
454	-0.589968	244.094413	0.951264	0.007509	12.7
455	-0.575528	245.080363	0.947740	0.009662	13.5
456	-0.582797	245.591697	0.945922	0.006670	11.7
457	-0.578987	245.537224	0.946115	0.008608	11.5
458	-0.580553	246.536865	0.942580	0.005487	11.9
459	-0.589141	247.525972	0.939108	0.010595	11.5
460	-0.578048	248.525971	0.935624	0.005436	12.1
461	-0.592793	249.494322	0.932274	0.009520	13.1
462	-0.590531	249.440076	0.932461	0.007292	10.8
463	-0.586523	249.550558	0.932080	0.009519	12.9
464	-0.579698	249.496896	0.932265	0.007466	11.3
465	-0.587515	250.496810	0.928832	0.008499	13.1
466	-0.584181	250.442343	0.929018	0.010073	12.7
467	-0.578911	250.387868	0.929205	0.009537	10.4
468	-0.587746	251.387868	0.925793	0.009325	11.6
469	-0.592699	252.055953	0.923528	0.011640	14.0
470	-0.570125	253.055953	0.920158	0.006958	11.2
471	-0.583069	253.001479	0.920341	0.011356	14.6
472	-0.582672	254.001479	0.916995	0.009046	12.8
473	-0.593415	255.001479	0.913672	0.011324	7.6
474	-0.584214	255.980912	0.910441	0.009359	7.7
475	-0.585303	256.980912	0.907166	0.007132	7.9
476	-0.588607	257.980880	0.903915	0.009486	10.6
477	-0.581122	258.980880	0.900686	0.007081	9.2
478	-0.585917	258.940373	0.900816	0.010976	10.8
479	-0.589410	259.940373	0.897610	0.007228	23.1
480	-0.587147	260.940372	0.894426	0.007045	15.2
481	-0.588140	261.484555	0.892703	0.009659	15.1
482	-0.586383	262.484553	0.889554	0.008126	7.5
483	-0.576045	262.430079	0.889725	0.005985	10.2
484	-0.582667	263.430060	0.886597	0.006670	9.6
485	-0.585433	264.120794	0.884449	0.008302	10.2
486	-0.588315	264.066833	0.884617	0.010703	11.2
487	-0.576199	265.066833	0.881524	0.009033	10.1
488	-0.595077	265.012359	0.881692	0.010494	14.1
489	-0.586897	266.012359	0.878620	0.010822	8.5
490	-0.582907	267.012359	0.875570	0.007333	11.9
491	-0.585808	266.957885	0.875735	0.006708	11.8
492	-0.583885	266.968687	0.875702	0.008755	12.4
493	-0.585375	266.916391	0.875862	0.010709	18.0
494	-0.596626	267.915706	0.872832	0.007826	12.0
495	-0.578042	268.915676	0.869821	0.008820	11.9
496	-0.585810	269.915165	0.866833	0.005374	10.2
497	-0.590969	270.433006	0.865293	0.007347	8.1
498	-0.588408	270.445603	0.865255	0.006786	8.0
499	-0.584473	270.391136	0.865417	0.007168	8.3
500	-0.598209	270.422456	0.865324	0.007808	10.9
501	-0.585895	271.218943	0.862966	0.005160	8.3
502	-0.592878	272.216790	0.860029	0.010894	9.9
503	-0.584602	272.432451	0.859397	0.007447	10.7
504	-0.589831	272.395537	0.859505	0.007103	13.9
505	-0.577813	272.382313	0.859544	0.004798	10.6
506	-0.577469	272.444030	0.859363	0.008301	10.2
507	-0.583734	272.389751	0.859522	0.006922	8.3
508	-0.585438	272.891696	0.858054	0.011615	8.7
509	-0.575515	273.756167	0.855537	0.005477	8.6
510	-0.583912	273.701707	0.855695	0.009226	7.3
511	-0.585043	274.700991	0.852804	0.009683	8.7
512	-0.580385	275.700991	0.849929	0.005144	11.7
513	-0.583762	275.670436	0.850017	0.006219	10.9
514	-0.586243	275.619965	0.850162	0.008237	13.4
515	-0.585842	275.565526	0.850318	0.005810	11.3
516	-0.592643	276.374981	0.848003	0.009009	13.7
517	-0.570537	276.342645	0.848095	0.004241	11.0
518	-0.582968	276.308150	0.848194	0.011501	11.6
519	-0.581795	277.308007	0.845351	0.009572	16.4
520	-0.579893	278.308007	0.842526	0.004950	22.2
521	-0.580818	279.160529	0.840133	0.007179	10.2
522	-0.587653	280.003732	0.837780	0.006381	14.2
523	-0.583384	279.949258	0.837932	0.006613	12.1
524	-0.588520	279.998730	0.837794	0.006252	13.9
525	-0.584644	279.945701	0.837941	0.006617	11.3
526	-0.577735	280.945586	0.835167	0.006556	9.7
527	-0.578763	280.891113	0.835317	0.006702	13.3
528	-0.581605	281.891049	0.832560	0.006955	12.7
529	-0.579136	282.884854	0.829837	0.007624	8.9
530	-0.583658	283.880510	0.827127	0.005778	13.6
531	-0.593512	283.827677	0.827270	0.007242	11.6
532	-0.584349	283.773234	0.827418	0.006372	10.9
533	-0.589537	284.767434	0.824728	0.011763	11.9
534	-0.576830	284.955444	0.824221	0.006325	12.1
535	-0.584246	284.900970	0.824368	0.007499	8.7
536	-0.577991	285.900969	0.821682	0.005023	11.1
537	-0.571897	285.846495	0.821827	0.009179	10.5
538	-0.582792	285.792034	0.821973	0.007482	14.3
539	-0.593899	286.792034	0.819303	0.008072	9.9
540	-0.582568	287.778736	0.816685	0.008917	12.6
541	-0.580239	288.665510	0.814346	0.011587	10.8
542	-0.592425	288.611694	0.814488	0.013130	7.9
543	-0.591171	289.611694	0.811865	0.007348	8.9
544	-0.580708	290.611694	0.809260	0.010871	10.3
545	-0.591307	290.557220	0.809402	0.009273	10.4
546	-0.585667	291.557220	0.806812	0.007121	14.1
547	-0.583178	291.502745	0.806953	0.004728	10.6
548	-0.582773	292.246437	0.805037	0.006317	11.7
549	-0.578790	292.193755	0.805172	0.006110	12.2
550	-0.591951	292.148285	0.805289	0.008213	9.7
551	-0.586246	293.146060	0.802731	0.006319	12.9
552	-0.573673	293.091586	0.802871	0.006913	10.7
553	-0.591244	294.019618	0.800505	0.009392	11.4
554	-0.577499	293.965144	0.800644	0.007898	10.8
555	-0.577356	294.886667	0.798308	0.006880	12.1
556	-0.584004	294.832342	0.798445	0.009022	12.4
557	-0.584329	294.777868	0.798583	0.010377	12.5
558	-0.586730	294.723393	0.798721	0.005027	7.4
559	-0.574942	295.706609	0.796241	0.009963	15.1
560	-0.581676	296.706609	0.793735	0.010113	20.2
561	-0.578180	297.706609	0.791245	0.009504	14.2
562	-0.584720	298.706609	0.788770	0.009029	12.0
563	-0.582011	299.706608	0.786310	0.008480	12.2
564	-0.580273	299.653540	0.786440	0.010625	7.6
565	-0.586567	300.653503	0.783995	0.007002	9.1
566	-0.593790	300.609995	0.784102	0.005816	12.1
567	-0.575554	300.556477	0.784232	0.006010	14.1
568	-0.594904	300.502900	0.784363	0.003888	12.4
569	-0.581351	300.448494	0.784495	0.009442	13.2
570	-0.591048	301.049878	0.783031	0.006588	12.5
571	-0.579925	300.996430	0.783160	0.007597	13.7
572	-0.580197	300.941956	0.783293	0.008063	17.4
573	-0.589326	300.887482	0.783426	0.007633	12.9
574	-0.584920	301.885849	0.781003	0.007952	12.2
575	-0.589189	302.880629	0.778604	0.007981	8.7
576	-0.596556	303.877710	0.776215	0.005453	12.6
577	-0.588107	303.823235	0.776345	0.010173	10.1
578	-0.583438	304.823235	0.773962	0.006371	8.3
579	-0.585848	304.768761	0.774092	0.006086	14.0
580	-0.590841	305.622418	0.772069	0.007663	11.7
581	-0.588418	305.567944	0.772197	0.006072	7.6
582	-0.577187	305.513475	0.772326	0.009723	11.7
583	-0.583085	306.513475	0.769968	0.009388	11.1
584	-0.579366	307.341227	0.768027	0.008097	9.4
585	-0.585416	307.286753	0.768154	0.008067	8.2
586	-0.584314	307.232281	0.768282	0.005411	8.7
587	-0.587499	307.177812	0.768409	0.008144	10.7
588	-0.587606	307.123386	0.768537	0.005111	12.3
589	-0.589097	307.069017	0.768664	0.009008	12.0
590	-0.582805	307.824945	0.766897	0.007437	11.8
591	-0.594653	308.824938	0.764572	0.008048	9.8
592	-0.590385	309.516258	0.762973	0.008442	12.6
593	-0.582019	310.516254	0.760671	0.006585	12.0
594	-0.588550	311.507523	0.758404	0.011076	13.1
595	-0.586236	311.453048	0.758528	0.008373	12.7
596	-0.584122	311.921656	0.757460	0.009916	7.7
597	-0.582507	311.867182	0.757584	0.004753	9.6
598	-0.579033	311.812709	0.757708	0.007884	8.3
599	-0.589048	311.840117	0.757646	0.006668	20.3
600	-0.602760	311.785643	0.757770	0.010069	15.3
601	-0.588665	312.194817	0.756839	0.008375	9.3
602	-0.594182	313.194811	0.754575	0.006369	9.2
603	-0.590742	314.104258	0.752527	0.011055	6.3
604	-0.581565	314.049784	0.752649	0.005700	6.7
605	-0.588566	315.049784	0.750409	0.005535	8.3
606	-0.576866	315.052052	0.750404	0.005570	8.3
607	-0.585953	316.051743	0.748179	0.010020	9.3
608	-0.579466	316.002778	0.748287	0.011249	8.4
609	-0.581176	317.002432	0.746074	0.005377	8.5
610	-0.588940	318.002432	0.743873	0.008180	13.0
611	-0.578524	319.000591	0.741690	0.009645	8.9
612	-0.574067	318.946117	0.741808	0.008409	12.3
613	-0.580122	319.406667	0.740805	0.007224	12.1
614	-0.583732	320.389827	0.738671	0.008009	8.2
615	-0.585378	320.335448	0.738789	0.008463	6.5
616	-0.584814	321.335448	0.736631	0.007781	10.4
617	-0.581538	321.280974	0.736748	0.008517	9.6
618	-0.589042	321.227636	0.736863	0.012440	10.3
619	-0.581321	322.227636	0.734716	0.007104	11.6
620	-0.581604	322.173170	0.734833	0.008681	13.9
621	-0.588163	322.118710	0.734949	0.007049	12.4
622	-0.582997	322.746297	0.733608	0.005880	6.3
623	-0.589985	323.746171	0.731480	0.006204	10.4
624	-0.598903	324.484018	0.729918	0.006918	7.0
625	-0.587352	325.478958	0.727822	0.008582	11.0
626	-0.581788	326.478927	0.725727	0.007149	8.5
627	-0.582679	326.880441	0.724890	0.009496	14.2
628	-0.583172	327.880283	0.722812	0.007180	13.8
629	-0.579896	328.880283	0.720746	0.006799	13.1
630	-0.585976	328.825808	0.720858	0.011459	13.3
631	-0.592864	329.825235	0.718805	0.005451	8.5
632	-0.578499	330.825234	0.716762	0.006825	6.8
633	-0.594909	330.787766	0.716838	0.006561	7.9
634	-0.590033	331.786954	0.714808	0.007705	8.4
635	-0.590504	331.874382	0.714631	0.009251	12.1
636	-0.585282	332.874355	0.712611	0.008270	11.0
637	-0.583782	332.819902	0.712721	0.010985	11.7
638	-0.589314	333.819902	0.710712	0.004648	14.2
639	-0.584941	334.818876	0.708717	0.012177	13.6
640	-0.587341	334.764402	0.708826	0.009650	14.4
641	-0.588398	335.764402	0.706839	0.004874	10.7
642	-0.587133	335.709927	0.706947	0.006712	9.4
643	-0.582844	336.449700	0.705484	0.006214	9.1
644	-0.587391	337.025503	0.704349	0.005627	10.2
645	-0.580511	337.013801	0.704372	0.008506	13.3
646	-0.586065	336.961829	0.704474	0.014478	13.7
647	-0.587159	337.961829	0.702512	0.009841	10.0
648	-0.588325	337.907354	0.702618	0.005905	10.4
649	-0.574577	338.905896	0.700669	0.006451	16.8
650	-0.587119	338.851422	0.700775	0.007908	12.4
651	-0.587805	339.850692	0.698834	0.004587	9.6
652	-0.585825	340.794906	0.697011	0.012965	9.0
653	-0.579883	340.740432	0.697116	0.009855	8.9
654	-0.581457	341.740432	0.695194	0.007257	10.1
655	-0.587255	342.696216	0.693367	0.008136	12.5
656	-0.596879	342.641742	0.693471	0.006486	10.0
657	-0.580564	343.602318	0.691644	0.010694	14.7
658	-0.588498	343.547946	0.691747	0.008027	12.7
659	-0.585949	343.495770	0.691846	0.009507	13.6
660	-0.587158	343.441308	0.691949	0.005527	12.4
661	-0.596746	344.389397	0.690154	0.009446	12.6
662	-0.587275	345.259650	0.688514	0.007035	10.2
663	-0.573797	346.259650	0.686639	0.007734	12.4
664	-0.591443	346.205175	0.686741	0.006567	9.2
665	-0.584162	346.900861	0.685442	0.005956	9.2
666	-0.585185	346.846725	0.685543	0.006519	9.6
667	-0.580807	347.689402	0.683976	0.008495	13.7
668	-0.584494	348.674851	0.682153	0.011379	11.9
669	-0.581516	348.620377	0.682254	0.007702	11.4
670	-0.581505	349.620376	0.680413	0.009635	13.9
671	-0.591324	350.619406	0.678584	0.006112	9.7
672	-0.588645	351.619405	0.676763	0.008015	10.1
673	-0.580900	351.564931	0.676862	0.008502	6.0
674	-0.581858	351.607147	0.676785	0.006867	6.5
675	-0.586095	351.552809	0.676884	0.004547	13.0
676	-0.586892	351.538958	0.676909	0.006831	11.4
677	-0.587717	351.490170	0.676997	0.007074	8.7
678	-0.594314	351.435696	0.677096	0.008342	11.4
679	-0.583917	352.435652	0.675283	0.007283	9.8
680	-0.580993	352.779009	0.674663	0.008519	11.7
681	-0.582026	352.770959	0.674678	0.010946	12.6
682	-0.583823	352.716489	0.674776	0.008309	12.4
683	-0.585823	353.716489	0.672975	0.013656	14.2
684	-0.591874	353.662014	0.673073	0.005124	15.3
685	-0.587763	354.661875	0.671282	0.010245	16.3
686	-0.591682	354.612077	0.671371	0.006463	14.7
687	-0.584176	354.557603	0.671468	0.009048	12.1
688	-0.586651	354.969672	0.670732	0.008467	10.3
689	-0.584555	355.739385	0.669362	0.009956	6.9
690	-0.581793	356.729052	0.667608	0.005637	13.2
691	-0.589969	357.729052	0.665845	0.005986	9.3
692	-0.592389	357.768294	0.665776	0.005416	15.0
693	-0.594912	357.736163	0.665833	0.005228	11.8
694	-0.581820	358.726682	0.664096	0.009100	10.9
695	-0.578962	358.672699	0.664190	0.008016	9.7
696	-0.584355	358.625641	0.664273	0.006116	9.5
697	-0.592787	359.625065	0.662528	0.006603	10.1
698	-0.593565	359.575264	0.662615	0.006783	12.5
699	-0.581835	359.524757	0.662703	0.006693	9.8
700	-0.578948	359.472800	0.662793	0.011276	9.5
701	-0.587241	360.472618	0.661056	0.007690	7.6
702	-0.583363	361.446429	0.659373	0.006431	8.8
703	-0.575235	361.812035	0.658743	0.010612	7.8
704	-0.583734	361.882999	0.658621	0.008329	9.8
705	-0.583522	362.882697	0.656906	0.006328	9.3
706	-0.589754	362.839408	0.656980	0.005202	10.5
707	-0.586857	363.837553	0.655276	0.008535	10.3
708	-0.591312	363.783079	0.655369	0.010792	10.2
709	-0.587839	364.783079	0.653670	0.006139	9.9
710	-0.591306	364.728605	0.653762	0.008859	11.8
711	-0.583905	365.708057	0.652107	0.006222	8.6
712	-0.589987	365.653583	0.652198	0.009253	10.7
713	-0.590260	365.600387	0.652288	0.008465	10.5
714	-0.582367	365.894841	0.651792	0.012302	10.6
715	-0.584743	366.894841	0.650111	0.006912	13.9
716	-0.581234	367.892438	0.648444	0.006232	10.4
717	-0.585836	368.890742	0.646783	0.006474	8.6
718	-0.592359	369.145755	0.646361	0.006747	13.0
719	-0.575766	369.870545	0.645162	0.008415	12.2
720	-0.587173	369.913473	0.645091	0.010832	13.0
721	-0.587510	369.858999	0.645181	0.006251	11.5
722	-0.591095	370.858999	0.643535	0.006253	9.2
723	-0.580890	370.804854	0.643624	0.007755	9.9
724	-0.587389	370.753949	0.643707	0.009524	13.0
725	-0.581329	370.699474	0.643797	0.007511	11.9
726	-0.588622	371.699474	0.642157	0.010293	13.9
727	-0.580537	372.699474	0.640526	0.007410	12.8
728	-0.585203	373.486447	0.639249	0.009701	10.5
729	-0.589924	374.481975	0.637639	0.007559	23.5
730	-0.579839	374.678053	0.637323	0.008781	12.0
731	-0.584572	375.678053	0.635717	0.008208	11.1
732	-0.573403	376.052879	0.635117	0.007741	9.4
733	-0.585197	377.052879	0.633521	0.004565	12.7
734	-0.594269	377.003806	0.633599	0.011134	11.9
735	-0.585330	376.964473	0.633662	0.009718	9.4
736	-0.591788	377.964473	0.632074	0.011695	8.5
737	-0.586240	378.964473	0.630493	0.010542	12.6
738	-0.593121	379.964473	0.628921	0.007547	8.1
739	-0.583492	380.964467	0.627356	0.005922	14.6
740	-0.586074	381.064779	0.627200	0.006797	10.6
741	-0.581839	381.133949	0.627092	0.009115	13.0
742	-0.588140	381.079475	0.627177	0.007619	12.4
743	-0.584593	381.025005	0.627262	0.007372	11.4
744	-0.591547	380.970536	0.627347	0.006713	12.8
745	-0.579558	380.916063	0.627432	0.005579	14.3
746	-0.578370	381.915612	0.625875	0.007304	11.4
747	-0.593206	381.861138	0.625960	0.009801	10.7
748	-0.588206	382.860594	0.624411	0.007370	13.6
749	-0.589921	383.860185	0.622869	0.010104	10.7
750	-0.584069	384.860185	0.621334	0.007327	9.2
751	-0.583340	385.859978	0.619808	0.009185	9.5
752	-0.586551	386.499411	0.618835	0.007943	15.1
753	-0.591955	386.453550	0.618905	0.003631	12.3
754	-0.584052	387.448250	0.617397	0.004982	8.1
755	-0.586983	387.638700	0.617110	0.008483	13.5
756	-0.584859	387.588806	0.617185	0.009632	13.6
757	-0.570113	387.534331	0.617267	0.005302	10.5
758	-0.577725	388.534331	0.615760	0.010218	8.9
759	-0.586005	389.533212	0.614262	0.007151	8.3
760	-0.587541	390.533208	0.612769	0.008101	10.6
761	-0.576716	391.302253	0.611626	0.010595	13.6
762	-0.578290	391.247779	0.611707	0.008680	11.9
763	-0.577003	391.342953	0.611566	0.005898	13.1
764	-0.584645	392.342877	0.610086	0.013456	13.8
765	-0.587119	392.288402	0.610167	0.011327	11.0
766	-0.578518	393.288402	0.608694	0.009973	9.9
767	-0.591387	394.288402	0.607228	0.008672	7.9
768	-0.587477	395.288402	0.605770	0.008762	8.8
769	-0.593843	396.288402	0.604318	0.008019	12.8
770	-0.591818	396.233928	0.604397	0.008338	14.1
771	-0.578731	397.233926	0.602952	0.010833	14.5
772	-0.585221	397.179453	0.603030	0.011591	14.1
773	-0.579433	398.179453	0.601592	0.005778	9.4
774	-0.596240	398.127451	0.601666	0.012656	10.1
775	-0.581033	399.127450	0.600234	0.008441	10.2
776	-0.585627	399.072975	0.600312	0.010033	7.8
777	-0.584905	400.072975	0.598886	0.005068	15.0
778	-0.581687	400.018501	0.598964	0.007905	13.6
779	-0.588856	400.364159	0.598473	0.007593	14.0
780	-0.585523	401.357198	0.597065	0.006164	11.4
781	-0.592239	401.302729	0.597142	0.006608	9.9
782	-0.584141	402.259389	0.595793	0.010013	11.0
783	-0.577404	403.259371	0.594388	0.006492	8.5
784	-0.588989	403.245692	0.594408	0.009496	14.2
785	-0.578300	404.245220	0.593011	0.007972	12.0
786	-0.578876	404.190746	0.593086	0.013932	9.9
787	-0.593293	404.136272	0.593162	0.007457	9.6
788	-0.581043	405.136272	0.591771	0.011664	11.3
789	-0.586966	406.136272	0.590385	0.007646	9.2
790	-0.589423	406.081947	0.590460	0.008039	13.1
791	-0.591724	407.081947	0.589081	0.010170	9.5
792	-0.584680	408.081947	0.587708	0.009333	9.5
793	-0.583955	409.081946	0.586341	0.007093	10.8
794	-0.580395	410.069886	0.584998	0.005962	9.2
795	-0.585835	410.021012	0.585064	0.005694	10.6
796	-0.589785	410.964188	0.583787	0.007180	9.9
797	-0.586491	410.911660	0.583858	0.011399	8.8
798	-0.579893	411.911521	0.582509	0.010815	12.4
799	-0.582543	411.857046	0.582582	0.008587	6.9
800	-0.584925	412.857046	0.581240	0.007078	8.6
801	-0.575656	413.077146	0.580945	0.006606	9.9
802	-0.585547	414.061760	0.579630	0.005597	8.0
803	-0.581442	414.008292	0.579701	0.007239	8.2
804	-0.587891	413.964631	0.579760	0.007638	9.7
805	-0.589391	413.910160	0.579832	0.008083	9.2
806	-0.582200	414.910157	0.578502	0.008298	10.2
807	-0.592185	414.855699	0.578574	0.005029	9.3
808	-0.586219	415.469888	0.577760	0.005270	9.8
809	-0.572013	416.462311	0.576449	0.006993	8.5
810	-0.578104	416.407965	0.576521	0.007890	10.8
811	-0.587344	416.353491	0.576593	0.007410	9.7
812	-0.586185	416.325384	0.576630	0.007554	10.6
813	-0.581840	416.272741	0.576699	0.011925	9.5
814	-0.580211	416.647686	0.576205	0.005854	9.3
815	-0.583647	417.426406	0.575182	0.006343	8.6
816	-0.592161	417.372057	0.575253	0.004817	9.5
817	-0.592159	418.370821	0.573945	0.008704	16.8
818	-0.591637	418.466285	0.573821	0.004669	17.9
819	-0.586267	418.413113	0.573890	0.010064	28.3
820	-0.572911	419.393969	0.572612	0.006623	16.1
821	-0.588335	419.339494	0.572683	0.010725	17.1
822	-0.582718	420.279825	0.571463	0.004912	17.2
823	-0.589403	420.225351	0.571533	0.008991	11.0
824	-0.579794	420.170877	0.571604	0.007753	11.6
825	-0.582506	421.170876	0.570311	0.007137	10.1
826	-0.583361	421.141201	0.570349	0.007920	9.9
827	-0.583279	421.121471	0.570375	0.008497	9.0
828	-0.594947	421.359124	0.570068	0.007988	9.8
829	-0.586387	422.359124	0.568782	0.006530	11.2
830	-0.579466	422.975151	0.567993	0.006398	12.0
831	-0.586528	423.973285	0.566719	0.006836	10.0
832	-0.586854	423.918861	0.566788	0.006404	10.4
833	-0.581151	423.978143	0.566713	0.006827	9.7
834	-0.581224	423.923953	0.566782	0.006412	10.6
835	-0.583416	423.869480	0.566851	0.009144	13.4
836	-0.583444	424.663544	0.565841	0.007710	13.9
837	-0.583837	425.663544	0.564575	0.006302	10.6
838	-0.587635	425.609070	0.564643	0.009311	13.4
839	-0.588854	426.609031	0.563382	0.005685	13.5
840	-0.582855	426.554557	0.563451	0.006123	13.6
841	-0.592731	426.606538	0.563385	0.007401	9.1
842	-0.585980	426.552531	0.563453	0.007655	7.4
843	-0.580267	426.759552	0.563193	0.007992	9.1
844	-0.577148	427.758667	0.561939	0.003769	12.0
845	-0.585496	427.706257	0.562004	0.006570	12.9
846	-0.589036	428.701323	0.560761	0.005050	13.0
847	-0.591621	429.684759	0.559537	0.007742	8.7
848	-0.594239	429.630286	0.559605	0.005702	16.0
849	-0.584162	430.585837	0.558421	0.007503	13.7
850	-0.588155	430.531385	0.558488	0.007061	14.8
851	-0.591341	430.476911	0.558555	0.005620	15.4
852	-0.590915	430.658569	0.558331	0.006486	11.9
853	-0.594029	430.605375	0.558397	0.008886	13.3
854	-0.597147	430.550900	0.558464	0.006158	11.5
855	-0.581899	431.550900	0.557230	0.005973	15.2
856	-0.582005	431.496526	0.557297	0.006700	16.9
857	-0.579156	432.496471	0.556068	0.006654	11.4
858	-0.584208	433.478816	0.554866	0.011126	14.0
859	-0.590754	433.424342	0.554933	0.008768	9.5
860	-0.592244	433.369868	0.554999	0.005110	15.0
861	-0.581578	434.369841	0.553780	0.007474	10.2
862	-0.586514	435.351721	0.552589	0.006535	8.0
863	-0.594526	435.297257	0.552655	0.005270	12.9
864	-0.588835	436.217568	0.551542	0.006122	15.2
865	-0.594098	436.218105	0.551542	0.008022	12.5
866	-0.588292	436.164994	0.551606	0.006587	10.8
867	-0.584100	437.164994	0.550402	0.006946	11.0
868	-0.597535	437.160003	0.550408	0.005485	10.5
869	-0.594390	437.803819	0.549636	0.007523	8.8
870	-0.578826	437.749429	0.549701	0.006102	10.8
871	-0.592784	437.694999	0.549766	0.010481	15.4
872	-0.584060	438.694998	0.548570	0.004539	14.3
873	-0.583852	438.650400	0.548623	0.009010	12.0
874	-0.580489	438.644864	0.548630	0.006420	15.7
875	-0.582767	439.276128	0.547877	0.008456	14.6
876	-0.577315	439.222052	0.547942	0.007686	10.1
877	-0.579001	439.171044	0.548003	0.004074	8.2
878	-0.588110	439.118392	0.548065	0.010726	8.6
879	-0.589478	439.673093	0.547405	0.008467	9.5
880	-0.590200	439.618619	0.547470	0.010489	13.9
881	-0.579837	440.618474	0.546284	0.006418	12.3
882	-0.582563	441.616290	0.545106	0.007846	14.1
883	-0.591139	442.616238	0.543930	0.008882	13.8
884	-0.587727	442.561763	0.543994	0.005967	13.5
885	-0.583594	442.507381	0.544058	0.007405	10.9
886	-0.585158	442.498637	0.544068	0.011304	11.1
887	-0.586221	443.498615	0.542897	0.007789	16.6
888	-0.582309	444.054602	0.542248	0.007986	10.4
889	-0.583051	445.016926	0.541128	0.009740	11.3
890	-0.579456	444.962452	0.541191	0.008660	11.1
891	-0.579725	445.962452	0.540032	0.006628	7.7
892	-0.580420	446.962400	0.538879	0.010248	23.5
893	-0.592803	446.907926	0.538941	0.010235	15.9
894	-0.583298	447.907926	0.537792	0.008166	14.8
895	-0.583572	447.853454	0.537854	0.009203	9.7
896	-0.586568	447.798981	0.537917	0.006331	13.5
897	-0.584935	447.744507	0.537979	0.009026	11.0
898	-0.581537	448.744447	0.536834	0.009379	10.5
899	-0.580869	448.692450	0.536894	0.010881	12.5
900	-0.580465	448.637975	0.536956	0.006051	11.4
901	-0.578915	448.868743	0.536692	0.005933	10.4
902	-0.592360	448.814271	0.536754	0.008769	16.3
903	-0.575622	448.760500	0.536816	0.010424	15.4
904	-0.584498	448.732487	0.536848	0.006949	14.7
905	-0.580779	448.678013	0.536910	0.006005	12.4
906	-0.582774	448.623781	0.536972	0.006985	9.5
907	-0.589515	449.280277	0.536223	0.007763	6.7
908	-0.583552	450.280277	0.535085	0.008313	6.8
909	-0.583261	450.807494	0.534487	0.007618	9.8
910	-0.583539	450.753020	0.534549	0.005548	12.2
911	-0.589470	451.753015	0.533418	0.005867	9.5
912	-0.583408	452.750932	0.532294	0.011405	14.2
913	-0.577851	453.750932	0.531173	0.006046	14.1
914	-0.578370	453.696458	0.531234	0.010160	13.2
915	-0.578532	453.641984	0.531295	0.006185	13.8
916	-0.584068	453.587509	0.531356	0.007239	14.9
917	-0.579821	453.533036	0.531417	0.008159	7.5
918	-0.589099	453.478562	0.531478	0.009870	11.1
919	-0.592465	453.440201	0.531521	0.005650	10.7
920	-0.582908	454.090118	0.530794	0.008709	12.2
921	-0.581166	455.029371	0.529746	0.007597	9.6
922	-0.578130	454.974896	0.529807	0.009787	7.4
923	-0.592456	455.974896	0.528696	0.008642	7.1
924	-0.586073	455.920422	0.528757	0.006702	9.2
925	-0.581793	456.876527	0.527699	0.009388	7.8
926	-0.584265	457.876526	0.526597	0.007303	8.4
927	-0.574783	457.839597	0.526637	0.008978	11.1
928	-0.584009	457.785215	0.526697	0.003676	11.5
929	-0.584409	457.736385	0.526751	0.009007	10.4
930	-0.588115	458.606208	0.525796	0.005576	13.3
931	-0.585442	458.553494	0.525854	0.008300	14.2
932	-0.583115	458.532736	0.525876	0.007976	18.7
933	-0.589223	458.478262	0.525936	0.010627	13.7
934	-0.595304	459.478262	0.524841	0.007055	16.6
935	-0.588204	460.478262	0.523751	0.006529	15.0
936	-0.589386	460.431911	0.523802	0.010261	13.4
937	-0.579758	460.391746	0.523845	0.006901	11.5
938	-0.587810	460.337272	0.523905	0.008333	11.8
939	-0.590890	460.327946	0.523915	0.010061	16.6
940	-0.586456	460.273473	0.523974	0.006994	7.4
941	-0.577566	460.219119	0.524033	0.006566	14.8
942	-0.585396	460.165343	0.524092	0.007899	15.3
943	-0.592398	461.153082	0.523018	0.010995	10.2
944	-0.573266	462.153082	0.521936	0.005696	13.3
945	-0.583495	462.931082	0.521097	0.008785	14.9
946	-0.588695	462.876796	0.521155	0.005524	13.1
947	-0.583983	462.849874	0.521184	0.004600	13.6
948	-0.591076	463.756428	0.520209	0.006053	9.7
949	-0.585491	463.703974	0.520266	0.007654	14.5
950	-0.582439	464.703974	0.519195	0.007356	13.5
951	-0.593010	464.649500	0.519253	0.009443	16.3
952	-0.585528	464.595026	0.519311	0.011560	8.7
953	-0.582809	465.595026	0.518244	0.015007	11.5
954	-0.577114	466.595026	0.517181	0.009227	10.5
955	-0.588296	467.595026	0.516122	0.005635	10.8
956	-0.591427	467.542888	0.516178	0.006244	9.4
957	-0.579755	468.468730	0.515201	0.003971	12.6
958	-0.588244	469.465455	0.514154	0.008257	14.0
959	-0.580831	469.416061	0.514206	0.008507	10.9
960	-0.585775	470.416061	0.513160	0.006357	13.1
961	-0.583149	470.376189	0.513201	0.005341	13.1
962	-0.585736	470.333852	0.513245	0.008461	13.8
963	-0.584710	470.293324	0.513288	0.005242	11.7
964	-0.593930	470.243375	0.513340	0.008758	9.7
965	-0.590420	470.188901	0.513397	0.009252	17.7
966	-0.588857	470.825383	0.512733	0.006835	13.2
967	-0.590930	471.376317	0.512159	0.010309	12.4
968	-0.587210	472.376317	0.511121	0.006274	10.0
969	-0.579331	473.353527	0.510110	0.009870	8.3
970	-0.584973	474.345651	0.509089	0.008074	22.4
971	-0.585100	474.291280	0.509145	0.008115	14.1
972	-0.590735	475.291280	0.508119	0.011068	11.6
973	-0.585608	476.275933	0.507113	0.009300	17.9
974	-0.576551	476.456707	0.506928	0.008302	15.2
975	-0.589604	476.402234	0.506984	0.007129	13.4
976	-0.576356	476.347759	0.507039	0.007500	10.8
977	-0.582296	476.293552	0.507095	0.009262	11.8
978	-0.577866	477.293551	0.506077	0.005673	15.2
979	-0.589939	477.306183	0.506064	0.007389	8.1
980	-0.584610	477.253634	0.506117	0.004855	18.5
981	-0.584137	477.806540	0.505556	0.008468	11.9
982	-0.591064	477.753664	0.505610	0.008047	17.1
983	-0.584021	478.629340	0.504724	0.007597	13.3
984	-0.581605	479.438710	0.503908	0.013339	12.8
985	-0.575950	480.399950	0.502942	0.010681	13.3
986	-0.585902	480.345475	0.502996	0.008878	14.3
987	-0.580936	481.345475	0.501995	0.005519	12.8
988	-0.584882	482.340543	0.501003	0.007237	5.7
989	-0.583831	482.320502	0.501022	0.007568	17.4
990	-0.588767	482.267621	0.501075	0.008394	15.9
991	-0.584163	483.267237	0.500082	0.009651	17.0
992	-0.584586	483.212763	0.500136	0.008104	12.0
993	-0.587845	483.158290	0.500190	0.007426	12.3
994	-0.583692	484.158290	0.499200	0.008199	12.6
995	-0.578615	485.158290	0.498213	0.009307	13.5
996	-0.581273	485.103816	0.498267	0.010147	12.9
997	-0.586287	486.103816	0.497285	0.012085	15.6
998	-0.589069	486.049341	0.497338	0.009096	16.2
999	-0.576889	485.995148	0.497391	0.009434	15.9
1000	-0.582010	486.995148	0.496412	0.011318	14.4
1001	-0.587510	486.940674	0.496465	0.003993	12.4
1002	-0.581818	486.889491	0.496515	0.004757	13.2
1003	-0.586065	486.870114	0.496534	0.005867	16.5
1004	-0.585936	487.533788	0.495886	0.004587	21.6
1005	-0.579926	487.587358	0.495834	0.004256	9.1
1006	-0.589475	487.533868	0.495886	0.004338	11.8
1007	-0.592472	488.291225	0.495149	0.008450	13.0
1008	-0.590271	488.267715	0.495172	0.007564	16.6
1009	-0.584763	488.213241	0.495225	0.007664	14.6
1010	-0.585542	488.238408	0.495200	0.003703	16.0
1011	-0.584783	488.335764	0.495105	0.008214	14.2
1012	-0.587335	488.297549	0.495143	0.007568	14.8
1013	-0.586965	489.297273	0.494173	0.005444	11.5
1014	-0.590966	489.718739	0.493765	0.004288	11.2
1015	-0.581141	489.819248	0.493668	0.008417	8.5
1016	-0.599970	490.816399	0.492706	0.006334	8.5
1017	-0.590628	491.800398	0.491760	0.007722	12.1
1018	-0.586483	491.745970	0.491813	0.007802	9.7
1019	-0.590076	492.722567	0.490878	0.007903	12.2
1020	-0.579988	492.685352	0.490913	0.012782	12.9
1021	-0.584448	492.630878	0.490965	0.006463	11.4
1022	-0.586525	492.576404	0.491017	0.006686	14.3
1023	-0.585226	492.525510	0.491066	0.007410	16.5
1024	-0.590636	493.041636	0.490573	0.006329	12.3
1025	-0.586546	493.900538	0.489755	0.006948	15.2
1026	-0.578967	493.846064	0.489806	0.012451	13.0
1027	-0.591161	493.791590	0.489858	0.004270	10.8
1028	-0.588310	493.738033	0.489909	0.005738	17.5
1029	-0.582109	493.693448	0.489952	0.006367	10.1
1030	-0.583980	493.747687	0.489900	0.008186	10.2
1031	-0.589193	494.681049	0.489013	0.007747	9.3
1032	-0.588055	494.626574	0.489065	0.007645	18.4
1033	-0.578189	494.581858	0.489107	0.006763	13.0
1034	-0.590881	494.789948	0.488910	0.010267	14.6
1035	-0.587528	495.789948	0.487964	0.006284	14.2
1036	-0.588155	496.780478	0.487030	0.004271	19.0
1037	-0.585034	496.851076	0.486964	0.010617	8.6
1038	-0.587175	497.799566	0.486074	0.008661	12.0
1039	-0.584707	498.799566	0.485139	0.012986	9.6
1040	-0.593709	499.799566	0.484207	0.006333	16.2
1041	-0.575527	500.564201	0.483497	0.005106	11.0
1042	-0.591338	501.350851	0.482769	0.007392	6.6
1043	-0.586863	502.349934	0.481848	0.008543	9.2
1044	-0.591960	503.349827	0.480929	0.010769	16.1
1045	-0.585264	504.349827	0.480013	0.007534	12.1
1046	-0.580803	504.295352	0.480063	0.006339	11.9
1047	-0.594630	505.295351	0.479151	0.008098	12.5
1048	-0.588745	505.272610	0.479172	0.006355	10.3
1049	-0.572813	506.271145	0.478264	0.006505	14.7
1050	-0.585122	506.422231	0.478127	0.006382	13.5
1051	-0.595671	506.372517	0.478172	0.008222	14.3
1052	-0.581925	507.372516	0.477267	0.007476	9.9
1053	-0.587601	507.836142	0.476849	0.010306	8.4
1054	-0.589410	507.781668	0.476898	0.007137	10.1
1055	-0.586534	508.781667	0.475998	0.004981	13.4
1056	-0.590943	509.236211	0.475590	0.011459	8.7
1057	-0.587323	510.209382	0.474718	0.005464	13.9
1058	-0.584668	510.154908	0.474767	0.009430	11.6
1059	-0.584917	510.145915	0.474775	0.008153	15.9
1060	-0.586088	511.145913	0.473883	0.010746	17.2
1061	-0.598698	511.091972	0.473931	0.008382	12.5
1062	-0.584764	512.091866	0.473042	0.009036	14.2
1063	-0.584572	512.038727	0.473089	0.005920	16.6
1064	-0.590864	511.984252	0.473138	0.006770	13.4
1065	-0.578747	511.952243	0.473166	0.005009	12.6
1066	-0.583472	512.599882	0.472592	0.005083	12.4
1067	-0.590743	512.548037	0.472638	0.008968	13.4
1068	-0.586457	512.521500	0.472661	0.006164	15.6
1069	-0.586175	512.467025	0.472709	0.006063	11.5
1070	-0.585521	512.414118	0.472756	0.007817	13.7
1071	-0.582354	512.359659	0.472805	0.005386	16.5
1072	-0.574716	513.357037	0.471922	0.005990	15.4
1073	-0.585895	513.393301	0.471890	0.008876	15.2
1074	-0.582324	514.148510	0.471224	0.007041	13.9
1075	-0.586341	514.094081	0.471272	0.005932	10.2
1076	-0.585511	514.049221	0.471312	0.006942	11.4
1077	-0.580059	514.201376	0.471178	0.004602	9.2
1078	-0.582047	515.021966	0.470456	0.004855	13.1
1079	-0.585490	515.981434	0.469616	0.006448	10.0
1080	-0.582046	515.928147	0.469662	0.008343	13.5
1081	-0.585999	515.873673	0.469710	0.007721	10.9
1082	-0.588590	515.819198	0.469758	0.009089	9.2
1083	-0.580632	516.461652	0.469196	0.010641	20.3
1084	-0.587013	517.461652	0.468325	0.007017	8.8
1085	-0.585523	518.451951	0.467465	0.002626	8.7
1086	-0.587777	519.428708	0.466620	0.009322	13.0
1087	-0.581804	519.992285	0.466134	0.005188	10.1
1088	-0.593053	520.962822	0.465299	0.006208	16.9
1089	-0.576492	520.910309	0.465344	0.007642	7.2
1090	-0.583056	521.849105	0.464540	0.007522	5.7
1091	-0.586285	521.961280	0.464444	0.007453	9.6
1092	-0.580586	521.906807	0.464490	0.006371	9.8
1093	-0.591611	521.874215	0.464518	0.007616	9.3
1094	-0.588573	522.871809	0.463666	0.010465	14.7
1095	-0.589238	523.871809	0.462815	0.005710	13.6
1096	-0.584820	523.817752	0.462861	0.007468	13.9
1097	-0.593794	524.817751	0.462013	0.005126	16.3
1098	-0.582179	525.185468	0.461702	0.008062	8.5
1099	-0.594357	525.133055	0.461746	0.005113	10.3
1100	-0.583629	526.133047	0.460902	0.008277	11.6
1101	-0.587607	526.090028	0.460939	0.005115	7.8
1102	-0.580940	526.035554	0.460984	0.004542	10.3
1103	-0.586841	527.028216	0.460149	0.005166	10.0
1104	-0.584478	527.407494	0.459831	0.006480	9.7
1105	-0.577987	527.366596	0.459866	0.007127	14.8
1106	-0.595682	527.315259	0.459909	0.006576	13.2
1107	-0.590581	527.302679	0.459919	0.007146	11.0
1108	-0.583447	527.370994	0.459862	0.004713	13.3
1109	-0.574889	527.704838	0.459582	0.008707	12.2
1110	-0.585814	528.683888	0.458763	0.011479	12.6
1111	-0.594150	528.629414	0.458809	0.009460	10.8
1112	-0.578395	529.629414	0.457976	0.011015	17.5
1113	-0.582625	529.574939	0.458021	0.006774	13.7
1114	-0.589678	530.137992	0.457553	0.007309	14.2
1115	-0.587134	531.103913	0.456753	0.006587	14.9
1116	-0.590055	531.049456	0.456798	0.007609	8.0
1117	-0.590715	530.995462	0.456842	0.006661	6.5
1118	-0.587825	531.006800	0.456833	0.005870	9.9
1119	-0.588993	530.967575	0.456865	0.004603	9.4
1120	-0.594383	531.940117	0.456062	0.005900	7.6
1121	-0.573968	531.885688	0.456107	0.004543	7.0
1122	-0.580393	532.743268	0.455400	0.008829	14.3
1123	-0.586790	533.601346	0.454696	0.011715	9.4
1124	-0.578382	534.601345	0.453877	0.006912	18.7
1125	-0.585673	535.600826	0.453062	0.008814	17.0
1126	-0.590815	535.546527	0.453107	0.005493	17.5
1127	-0.593548	535.492052	0.453151	0.005717	10.4
1128	-0.586858	536.449581	0.452373	0.009773	15.3
1129	-0.593723	536.400258	0.452413	0.010443	10.2
1130	-0.574458	537.400258	0.451602	0.006614	12.9
1131	-0.582971	537.345787	0.451646	0.004531	10.2
1132	-0.590532	538.345057	0.450840	0.007727	16.8
1133	-0.596356	538.290585	0.450883	0.008989	13.6
1134	-0.586911	539.288591	0.450080	0.008042	11.9
1135	-0.584448	540.288458	0.449279	0.012273	10.6
1136	-0.578299	541.284852	0.448482	0.007466	14.4
1137	-0.593188	542.211301	0.447745	0.006997	14.1
1138	-0.592195	542.592439	0.447442	0.008037	9.2
1139	-0.583006	543.590893	0.446651	0.005598	13.8
1140	-0.577026	543.731162	0.446540	0.006317	12.5
1141	-0.589892	543.676688	0.446583	0.010414	14.9
1142	-0.587607	544.676687	0.445793	0.012116	16.1
1143	-0.589966	545.676687	0.445007	0.006572	8.8
1144	-0.581166	545.622450	0.445049	0.006092	7.3
1145	-0.581314	545.579118	0.445083	0.008392	8.7
1146	-0.590114	546.286612	0.444528	0.007825	11.2
1147	-0.583287	546.232138	0.444571	0.016908	14.6
1148	-0.577343	546.177664	0.444614	0.006225	14.0
1149	-0.577393	546.123190	0.444656	0.007125	13.3
1150	-0.589225	547.103817	0.443889	0.009920	8.4
1151	-0.584597	547.049343	0.443931	0.010612	13.4
1152	-0.584748	547.051038	0.443930	0.006737	13.6
1153	-0.589974	547.334867	0.443708	0.006493	8.6
1154	-0.589698	547.280474	0.443751	0.005795	10.1
1155	-0.585150	547.450049	0.443618	0.003347	11.1
1156	-0.587259	547.395762	0.443661	0.007261	9.9
1157	-0.591874	548.102648	0.443110	0.006450	9.0
1158	-0.581180	548.365933	0.442905	0.007881	9.9
1159	-0.581616	548.311458	0.442947	0.006541	10.9
1160	-0.587831	549.012783	0.442402	0.003567	21.0
1161	-0.586046	548.979546	0.442428	0.006559	25.1
1162	-0.577566	549.044610	0.442377	0.005711	9.3
1163	-0.583226	550.044586	0.441603	0.004501	19.7
1164	-0.585219	550.111641	0.441551	0.007105	11.2
1165	-0.582241	551.079226	0.440804	0.006984	10.2
1166	-0.580887	552.009360	0.440089	0.007543	7.6
1167	-0.590624	552.067375	0.440044	0.004831	7.2
1168	-0.587104	553.054794	0.439287	0.010582	6.6
1169	-0.584410	553.004903	0.439325	0.008355	14.4
1170	-0.580715	553.050750	0.439290	0.008127	13.6
1171	-0.580133	552.996282	0.439332	0.005466	14.1
1172	-0.583916	552.941885	0.439374	0.009231	13.2
1173	-0.587187	552.887411	0.439415	0.009234	9.8
1174	-0.591838	552.833058	0.439457	0.006141	9.9
1175	-0.575151	552.781355	0.439496	0.006399	10.3
1176	-0.588457	553.736816	0.438766	0.010037	13.5
1177	-0.581140	553.682501	0.438807	0.007959	10.3
1178	-0.583425	554.682248	0.438045	0.009663	11.3
1179	-0.595438	555.648697	0.437311	0.009915	13.4
1180	-0.589161	556.648689	0.436554	0.005235	13.2
1181	-0.590100	556.636905	0.436563	0.008221	11.5
1182	-0.588999	557.467347	0.435936	0.005990	13.8
1183	-0.581727	557.412942	0.435977	0.005228	12.6
1184	-0.579071	557.477381	0.435929	0.008484	13.9
1185	-0.580384	558.476725	0.435177	0.007716	12.8
1186	-0.582119	558.422252	0.435218	0.005232	11.3
1187	-0.579151	559.422251	0.434468	0.006838	13.3
1188	-0.585732	559.368162	0.434508	0.006610	9.8
1189	-0.593930	559.314654	0.434549	0.007330	15.2
1190	-0.591359	560.312935	0.433802	0.010647	11.9
1191	-0.579094	560.260221	0.433842	0.006571	12.1
1192	-0.579731	560.210845	0.433878	0.006746	11.8
1193	-0.579097	560.156391	0.433919	0.012632	13.4
1194	-0.586033	560.101942	0.433960	0.009494	11.8
1195	-0.578338	561.101942	0.433214	0.011673	14.9
1196	-0.585618	562.101941	0.432471	0.006141	13.1
1197	-0.586721	562.047467	0.432512	0.008209	9.9
1198	-0.594630	562.641943	0.432071	0.007062	7.2
1199	-0.592170	563.641942	0.431332	0.011710	9.8
1200	-0.585613	563.587468	0.431372	0.008796	8.6
1201	-0.584705	563.538856	0.431408	0.007525	20.0
1202	-0.580991	563.484383	0.431448	0.008473	14.1
1203	-0.583934	563.429909	0.431489	0.007597	11.5
1204	-0.587374	564.429909	0.430752	0.006761	12.2
1205	-0.585717	565.429909	0.430017	0.008911	12.3
1206	-0.592623	566.429909	0.429285	0.011042	10.5
1207	-0.576927	567.429872	0.428556	0.006188	10.1
1208	-0.593267	567.381958	0.428590	0.010904	11.2
1209	-0.588198	567.375793	0.428595	0.009794	12.0
1210	-0.585218	568.375793	0.427868	0.005736	9.7
1211	-0.591625	568.321321	0.427907	0.008332	8.8
1212	-0.584475	568.266851	0.427947	0.008357	13.4
1213	-0.580029	568.212377	0.427986	0.005727	12.7
1214	-0.585791	568.157906	0.428026	0.006754	12.2
1215	-0.587414	569.004453	0.427412	0.007335	18.2
1216	-0.585108	569.955100	0.426724	0.008257	15.9
1217	-0.592692	570.955019	0.426003	0.006426	10.0
1218	-0.588223	571.280461	0.425769	0.009776	13.8
1219	-0.587561	571.225987	0.425809	0.007863	12.0
1220	-0.582144	571.171513	0.425848	0.010103	13.3
1221	-0.584517	572.171437	0.425130	0.004850	11.9
1222	-0.584671	572.117005	0.425169	0.006575	14.4
1223	-0.589402	572.990525	0.424544	0.008666	9.8
1224	-0.587427	573.990522	0.423830	0.008675	8.8
1225	-0.583933	574.877137	0.423199	0.010032	11.8
1226	-0.578635	575.877136	0.422490	0.008115	12.2
1227	-0.596615	575.841449	0.422516	0.010583	14.9
1228	-0.592964	575.788600	0.422553	0.012378	15.4
1229	-0.582219	576.788600	0.421846	0.005089	10.6
1230	-0.576671	577.788551	0.421142	0.007202	16.8
1231	-0.580204	577.843342	0.421103	0.007765	12.0
1232	-0.577726	577.788868	0.421142	0.007378	17.1
1233	-0.573726	577.734393	0.421180	0.006551	14.2
1234	-0.578157	578.024888	0.420976	0.005400	17.7
1235	-0.579910	577.973228	0.421012	0.008843	17.0
1236	-0.592769	578.196565	0.420855	0.008979	17.3
1237	-0.592836	578.142091	0.420893	0.008526	11.9
1238	-0.586740	578.109055	0.420916	0.008935	17.5
1239	-0.586047	579.109055	0.420215	0.007995	19.1
1240	-0.585778	579.068595	0.420243	0.007310	17.8
1241	-0.583513	580.068595	0.419544	0.007787	13.9
1242	-0.572526	581.041104	0.418867	0.007551	13.9
1243	-0.591775	580.986630	0.418904	0.007065	12.5
1244	-0.577537	581.021547	0.418880	0.007394	8.7
1245	-0.584959	580.967315	0.418918	0.006387	9.2
1246	-0.590648	580.912857	0.418956	0.009708	13.5
1247	-0.582691	580.858390	0.418994	0.008299	16.4
1248	-0.585584	581.497588	0.418549	0.006910	12.5
1249	-0.592505	581.444778	0.418586	0.009516	13.5
1250	-0.591792	582.395004	0.417927	0.005044	9.5
1251	-0.584326	582.340605	0.417964	0.006631	7.6
1252	-0.577617	582.289061	0.418000	0.007338	10.3
1253	-0.578746	582.797106	0.417648	0.007572	10.3
1254	-0.575507	583.783683	0.416967	0.007672	9.2
1255	-0.586176	584.751638	0.416301	0.006224	12.1
1256	-0.587064	585.750941	0.415615	0.006719	11.3
1257	-0.590006	585.696468	0.415652	0.010026	12.1
1258	-0.586520	586.688937	0.414974	0.007688	13.8
1259	-0.587297	587.688937	0.414292	0.004760	9.1
1260	-0.583597	588.684492	0.413615	0.005954	9.0
1261	-0.586453	588.631063	0.413652	0.007798	13.2
1262	-0.588137	588.576589	0.413689	0.008908	11.6
1263	-0.582547	589.569421	0.413016	0.006700	14.3
1264	-0.586551	590.569419	0.412341	0.005179	13.6
1265	-0.589111	590.514949	0.412377	0.008565	15.5
1266	-0.580180	591.436271	0.411757	0.006997	12.9
1267	-0.576295	591.381797	0.411794	0.008514	14.0
1268	-0.588923	591.327322	0.411830	0.007310	14.2
1269	-0.593387	591.306435	0.411844	0.005211	12.8
1270	-0.572757	592.301829	0.411176	0.004961	13.3
1271	-0.573375	592.277723	0.411192	0.005038	15.8
1272	-0.590419	593.273933	0.410525	0.008677	14.5
1273	-0.579012	593.613050	0.410299	0.008163	16.1
1274	-0.591212	593.624181	0.410291	0.008984	14.3
1275	-0.592953	593.570742	0.410327	0.009918	13.6
1276	-0.588491	593.516268	0.410363	0.006902	13.0
1277	-0.587002	594.516158	0.409697	0.009290	18.8
1278	-0.580956	594.461693	0.409733	0.006488	35.9
1279	-0.592700	595.461572	0.409068	0.006081	22.5
1280	-0.579083	596.460499	0.408407	0.006062	19.8
1281	-0.578770	596.761740	0.408207	0.010531	14.4
1282	-0.586171	597.761731	0.407548	0.008480	16.7
1283	-0.589817	597.707260	0.407584	0.007593	9.3
1284	-0.581672	598.706628	0.406926	0.006202	14.8
1285	-0.586271	598.866248	0.406821	0.006252	12.7
1286	-0.588450	598.811774	0.406857	0.006920	10.8
1287	-0.593810	598.757300	0.406893	0.007929	13.0
1288	-0.591750	599.602426	0.406339	0.007131	10.7
1289	-0.587516	599.548209	0.406374	0.002533	9.6
1290	-0.584207	600.464088	0.405775	0.010183	10.9
1291	-0.583747	600.409899	0.405811	0.007803	7.0
1292	-0.587653	600.355424	0.405846	0.005149	12.4
1293	-0.588986	600.300953	0.405882	0.014471	8.5
1294	-0.584126	601.300953	0.405230	0.008880	10.0
1295	-0.581414	601.942404	0.404813	0.005335	13.6
1296	-0.581672	601.887998	0.404848	0.008064	11.4
1297	-0.604209	602.154658	0.404675	0.008324	13.1
1298	-0.585498	603.154652	0.404026	0.007780	13.3
1299	-0.588521	603.103027	0.404060	0.002700	13.4
1300	-0.584144	603.067110	0.404083	0.006268	14.1
1301	-0.593772	603.021359	0.404113	0.008480	15.6
1302	-0.587072	603.141271	0.404035	0.005204	10.2
1303	-0.584505	603.088485	0.404069	0.006616	18.5
1304	-0.583069	603.196002	0.404000	0.008829	18.5
1305	-0.589287	603.141528	0.404035	0.013171	27.0
1306	-0.586219	604.141528	0.403388	0.008194	22.9
1307	-0.586197	605.136346	0.402748	0.005710	21.8
1308	-0.584716	605.272625	0.402660	0.011320	13.7
1309	-0.580873	606.272625	0.402018	0.010207	17.3
1310	-0.576165	606.220424	0.402051	0.004949	9.7
1311	-0.588340	607.220374	0.401412	0.008888	14.5
1312	-0.583277	607.167346	0.401445	0.009817	9.0
1313	-0.580237	607.112886	0.401480	0.007444	9.5
1314	-0.589321	608.112859	0.400842	0.003763	7.8
1315	-0.580688	608.059147	0.400876	0.006557	11.2
1316	-0.588676	608.981735	0.400289	0.008812	6.4
1317	-0.586813	608.927261	0.400324	0.006035	9.1
1318	-0.577975	608.872787	0.400358	0.009025	15.4
1319	-0.588499	609.872787	0.399724	0.010281	11.4
1320	-0.598719	609.820573	0.399757	0.007915	7.7
1321	-0.585388	610.819350	0.399125	0.009730	8.9
1322	-0.581900	611.819346	0.398494	0.008769	12.1
1323	-0.586443	611.764872	0.398529	0.006471	14.8
1324	-0.584292	612.764761	0.397900	0.008202	11.4
1325	-0.576566	613.737716	0.397290	0.006704	9.8
1326	-0.589316	614.406213	0.396872	0.006666	9.4
1327	-0.581720	614.450554	0.396844	0.010102	9.6
1328	-0.585509	614.398659	0.396877	0.010844	8.9
1329	-0.588122	615.398659	0.396253	0.008422	10.8
1330	-0.582635	616.398659	0.395631	0.005451	11.6
1331	-0.584486	616.344229	0.395665	0.007529	12.6
1332	-0.586326	616.702112	0.395443	0.005032	13.2
1333	-0.587248	616.674425	0.395460	0.005412	10.4
1334	-0.596749	616.722131	0.395431	0.011338	15.2
1335	-0.583078	617.383484	0.395021	0.005725	9.6
1336	-0.594268	617.329009	0.395055	0.006798	15.3
1337	-0.589175	618.324190	0.394440	0.008505	9.2
1338	-0.576074	618.269725	0.394473	0.008184	9.3
1339	-0.588036	619.269725	0.393857	0.006803	25.5
1340	-0.586398	620.269719	0.393243	0.007563	14.8
1341	-0.578086	620.236906	0.393263	0.011234	13.0
1342	-0.586766	621.236906	0.392651	0.007770	15.2
1343	-0.586391	622.236906	0.392040	0.008198	13.3
1344	-0.581109	622.182432	0.392074	0.006535	14.9
1345	-0.581025	622.127958	0.392107	0.006390	14.7
1346	-0.578317	622.619647	0.391807	0.006711	11.6
1347	-0.586733	622.779421	0.391710	0.006707	12.3
1348	-0.588385	622.725462	0.391743	0.006792	8.7
1349	-0.578724	622.671366	0.391776	0.005830	7.5
1350	-0.583351	623.671316	0.391168	0.005866	13.7
1351	-0.580782	624.595026	0.390608	0.007024	11.9
1352	-0.592147	624.541899	0.390641	0.008282	13.0
1353	-0.581819	624.487425	0.390674	0.008188	17.6
1354	-0.582175	624.432950	0.390707	0.004779	15.0
1355	-0.583478	624.378555	0.390739	0.006169	12.3
1356	-0.585314	624.604690	0.390603	0.009056	13.9
1357	-0.585702	625.604690	0.389999	0.011019	11.9
1358	-0.581598	625.550215	0.390031	0.008400	14.1
1359	-0.590904	625.495741	0.390064	0.006406	12.3
1360	-0.589888	625.448516	0.390093	0.005546	12.8
1361	-0.584492	626.448480	0.389490	0.006509	10.9
1362	-0.584511	626.394006	0.389523	0.006183	11.9
1363	-0.589629	626.339576	0.389556	0.012581	11.2
1364	-0.584240	626.285102	0.389589	0.013277	12.9
1365	-0.584521	627.285102	0.388988	0.007468	12.9
1366	-0.591251	627.230627	0.389020	0.006614	11.0
1367	-0.581045	628.230627	0.388421	0.008029	9.0
1368	-0.583624	628.789675	0.388087	0.007563	13.0
1369	-0.586788	629.703701	0.387542	0.007204	11.1
1370	-0.586469	629.649228	0.387574	0.007839	14.6
1371	-0.590252	629.595540	0.387606	0.011441	13.0
1372	-0.579929	630.595540	0.387011	0.004433	12.5
1373	-0.587156	630.564541	0.387030	0.010588	16.1
1374	-0.580404	631.564541	0.386437	0.006159	15.1
1375	-0.584638	631.510686	0.386469	0.005337	6.9
1376	-0.596507	631.457759	0.386500	0.007592	6.4
1377	-0.588527	631.415489	0.386525	0.009053	13.2
1378	-0.579601	632.415489	0.385933	0.008322	15.5
1379	-0.589476	632.361015	0.385966	0.012039	7.8
1380	-0.586707	632.308708	0.385997	0.005280	14.1
1381	-0.580120	633.258727	0.385436	0.011333	20.0
1382	-0.579076	634.258511	0.384848	0.011225	14.3
1383	-0.585541	635.258511	0.384262	0.007133	11.7
1384	-0.581589	636.258511	0.383677	0.008548	10.0
1385	-0.586739	637.258416	0.383094	0.006800	9.2
1386	-0.589167	638.208556	0.382542	0.002878	10.5
1387	-0.586664	638.154143	0.382573	0.006714	9.1
1388	-0.594062	638.572736	0.382331	0.006002	16.6
1389	-0.597949	639.572728	0.381752	0.007002	11.1
1390	-0.585053	639.554504	0.381762	0.007871	10.6
1391	-0.591214	639.506142	0.381790	0.007296	13.4
1392	-0.578588	639.451668	0.381822	0.009876	17.2
1393	-0.577907	640.443588	0.381249	0.009543	8.2
1394	-0.584464	640.391173	0.381279	0.008578	17.6
1395	-0.598200	641.370686	0.380716	0.006441	11.0
1396	-0.586978	641.316212	0.380747	0.005358	11.9
1397	-0.583409	641.334632	0.380736	0.006210	10.8
1398	-0.591027	641.377641	0.380712	0.008609	8.7
1399	-0.582193	642.377478	0.380138	0.008363	13.8
1400	-0.584264	642.324463	0.380168	0.009123	14.9
1401	-0.590218	643.324214	0.379596	0.005519	12.4
1402	-0.582421	643.270180	0.379627	0.006200	8.4
1403	-0.586506	644.216599	0.379087	0.008639	11.8
1404	-0.581297	645.193267	0.378531	0.007733	12.4
1405	-0.577716	645.139261	0.378562	0.007147	15.9
1406	-0.589455	645.084960	0.378593	0.005657	8.7
1407	-0.582788	646.081858	0.378027	0.007494	13.8
1408	-0.584791	646.976734	0.377520	0.008372	15.0
1409	-0.586009	646.922448	0.377551	0.006200	12.7
1410	-0.588606	647.922446	0.376987	0.005529	12.7
1411	-0.594661	648.769944	0.376510	0.004906	12.5
1412	-0.583485	649.102830	0.376323	0.006741	13.0
1413	-0.584593	649.971992	0.375835	0.008884	13.3
1414	-0.582336	649.983479	0.375829	0.009621	8.4
1415	-0.586763	649.929005	0.375859	0.005975	9.6
1416	-0.583095	649.874531	0.375890	0.007088	17.0
1417	-0.586318	650.874443	0.375330	0.008636	11.6
1418	-0.590171	651.874434	0.374773	0.006707	13.9
1419	-0.579126	651.819960	0.374803	0.007533	9.0
1420	-0.577434	651.765490	0.374833	0.009333	9.0
1421	-0.580974	652.765490	0.374277	0.005667	9.4
1422	-0.580489	652.711016	0.374307	0.009947	12.6
1423	-0.590475	653.702457	0.373757	0.006689	5.7
1424	-0.583282	654.702290	0.373204	0.005817	6.6
1425	-0.591361	655.702270	0.372653	0.007572	9.5
1426	-0.585082	655.647797	0.372683	0.007322	10.4
1427	-0.580325	655.611682	0.372703	0.006094	10.5
1428	-0.593489	655.557208	0.372733	0.006185	17.9
1429	-0.593585	656.230881	0.372362	0.007394	13.9
1430	-0.585728	656.178166	0.372391	0.006442	13.0
1431	-0.586543	656.186848	0.372386	0.007972	12.7
1432	-0.582082	657.182872	0.371839	0.010728	13.7
1433	-0.569934	657.128398	0.371869	0.006877	9.2
1434	-0.579549	657.073997	0.371899	0.008044	14.6
1435	-0.579526	657.019523	0.371929	0.006814	11.7
1436	-0.581491	658.019522	0.371381	0.007996	10.5
1437	-0.595525	658.481983	0.371128	0.006738	9.2
1438	-0.591634	659.466633	0.370591	0.007356	10.1
1439	-0.587329	659.412160	0.370621	0.005656	7.9
1440	-0.582539	660.399312	0.370084	0.007762	8.7
1441	-0.591252	660.344840	0.370113	0.006357	14.1
1442	-0.581696	660.331761	0.370121	0.005835	10.6
1443	-0.586168	661.327552	0.369580	0.008655	11.1
1444	-0.581370	661.273078	0.369610	0.010090	8.4
1445	-0.589609	662.273078	0.369069	0.004361	10.2
1446	-0.589904	662.804546	0.368782	0.006431	11.5
1447	-0.581678	662.769198	0.368801	0.007138	8.8
1448	-0.586174	663.758983	0.368268	0.007195	8.5
1449	-0.585585	664.738196	0.367742	0.007394	10.1
1450	-0.598284	665.738191	0.367207	0.008736	10.4
1451	-0.581048	665.684349	0.367236	0.006310	8.9
1452	-0.586281	666.684348	0.366702	0.007536	11.6
1453	-0.583217	667.677364	0.366173	0.005671	11.6
1454	-0.588374	668.677334	0.365642	0.009858	11.9
1455	-0.586074	668.946125	0.365499	0.007698	13.7
1456	-0.584507	669.882269	0.365004	0.007448	11.7
1457	-0.586864	670.881927	0.364477	0.009971	10.1
1458	-0.580851	671.880593	0.363951	0.008257	12.6
1459	-0.588033	671.826119	0.363980	0.004854	13.5
1460	-0.582378	671.774541	0.364007	0.006887	14.3
1461	-0.587527	672.773934	0.363483	0.009203	8.9
1462	-0.581481	672.719460	0.363511	0.007233	11.0
1463	-0.584797	672.664988	0.363540	0.006665	18.8
1464	-0.584705	672.623998	0.363561	0.007959	11.5
1465	-0.588123	673.623994	0.363038	0.008751	16.2
1466	-0.582736	673.569519	0.363066	0.008625	10.5
1467	-0.583678	674.523086	0.362569	0.007349	8.4
1468	-0.578789	674.468642	0.362597	0.006397	8.7
1469	-0.582391	675.465001	0.362078	0.006588	9.0
1470	-0.579744	675.435635	0.362094	0.006993	12.3
1471	-0.585014	675.381164	0.362122	0.007489	10.8
1472	-0.585833	676.381164	0.361603	0.005608	10.5
1473	-0.591577	676.497780	0.361542	0.006535	9.1
1474	-0.590315	676.460667	0.361561	0.007272	12.8
1475	-0.585480	676.846077	0.361362	0.007287	11.0
1476	-0.582359	677.846052	0.360845	0.007607	12.3
1477	-0.588347	678.846048	0.360329	0.004286	12.8
1478	-0.581926	679.760803	0.359859	0.006718	12.5
1479	-0.575022	680.708051	0.359373	0.011255	12.5
1480	-0.587116	680.653577	0.359401	0.006208	12.6
1481	-0.591077	681.642311	0.358895	0.006863	12.3
1482	-0.592083	681.613146	0.358910	0.010235	13.2
1483	-0.588070	682.612699	0.358400	0.006316	13.8
1484	-0.584003	682.558226	0.358428	0.006560	11.5
1485	-0.586960	683.478164	0.357960	0.010015	12.7
1486	-0.590764	683.423690	0.357988	0.005748	9.6
1487	-0.578080	683.569100	0.357914	0.010702	14.7
1488	-0.579667	684.568744	0.357407	0.010442	12.5
1489	-0.583092	684.514279	0.357434	0.008682	10.7
1490	-0.583926	685.514279	0.356928	0.007356	11.8
1491	-0.588880	685.459829	0.356956	0.009190	9.4
1492	-0.578655	686.459829	0.356451	0.007101	12.0
1493	-0.579229	686.405354	0.356479	0.004653	11.7
1494	-0.588636	687.399889	0.355978	0.006452	12.5
1495	-0.591296	687.346009	0.356005	0.004935	10.7
1496	-0.586896	687.291539	0.356033	0.006083	13.0
1497	-0.591339	687.540227	0.355908	0.007456	12.7
1498	-0.595641	688.539798	0.355406	0.007607	11.3
1499	-0.584222	688.485324	0.355434	0.006241	13.6
1500	-0.594172	688.430944	0.355461	0.006612	7.0
1501	-0.582096	689.430322	0.354961	0.007292	7.7
1502	-0.588002	689.376175	0.354988	0.006904	8.1
1503	-0.576531	689.356183	0.354998	0.012220	12.2
1504	-0.581507	689.301709	0.355025	0.007600	8.0
1505	-0.589371	690.301709	0.354526	0.007112	15.5
1506	-0.582653	690.247235	0.354553	0.010089	12.0
1507	-0.587260	690.192761	0.354580	0.008307	6.7
1508	-0.585496	691.192759	0.354082	0.007385	9.5
1509	-0.589247	692.190846	0.353587	0.006009	8.8
1510	-0.575334	692.136383	0.353614	0.009023	12.9
1511	-0.585979	692.081927	0.353641	0.006080	10.3
1512	-0.593268	692.027502	0.353668	0.006982	8.4
1513	-0.587533	692.721213	0.353324	0.005112	15.2
1514	-0.570337	693.375774	0.353000	0.007910	8.5
1515	-0.582428	694.375254	0.352507	0.006328	7.6
1516	-0.581564	695.368000	0.352019	0.010303	9.5
1517	-0.579147	695.317438	0.352043	0.010291	9.2
1518	-0.583606	695.262963	0.352070	0.005021	9.7
1519	-0.579282	695.924772	0.351745	0.011404	15.3
1520	-0.591790	696.923852	0.351256	0.005279	13.7
1521	-0.584913	696.869382	0.351282	0.007774	11.2
1522	-0.590666	696.814917	0.351309	0.006115	10.2
1523	-0.579191	697.813121	0.350821	0.005229	10.7
1524	-0.583585	698.811566	0.350335	0.008654	14.7
1525	-0.588392	698.764786	0.350357	0.004255	13.5
1526	-0.581260	698.710456	0.350384	0.007694	11.3
1527	-0.583039	698.689545	0.350394	0.007019	10.2
1528	-0.591141	698.639705	0.350418	0.005020	9.5
1529	-0.583678	698.585236	0.350445	0.009659	12.7
1530	-0.585716	698.530785	0.350471	0.006281	13.5
1531	-0.601144	699.530200	0.349985	0.006837	14.5
1532	-0.591089	700.528768	0.349501	0.008266	7.5
1533	-0.580298	701.528478	0.349017	0.008979	10.2
1534	-0.592720	702.524753	0.348537	0.007707	8.7
1535	-0.588521	703.524753	0.348056	0.005702	10.2
1536	-0.587633	704.524501	0.347576	0.008502	12.0
1537	-0.588007	705.524445	0.347098	0.007541	13.4
1538	-0.585277	706.524430	0.346621	0.009375	11.4
1539	-0.586038	706.470278	0.346646	0.006888	11.8
1540	-0.586714	707.213371	0.346293	0.007318	9.8
1541	-0.586136	708.210423	0.345819	0.007231	14.4
1542	-0.588819	709.164103	0.345367	0.010444	13.4
1543	-0.576687	709.109705	0.345393	0.008951	15.7
1544	-0.591219	709.055231	0.345419	0.004944	16.0
1545	-0.579676	710.053831	0.344947	0.004766	12.8
1546	-0.585340	711.025006	0.344489	0.005447	8.7
1547	-0.587873	711.550323	0.344242	0.011254	13.9
1548	-0.589347	711.496283	0.344268	0.008583	10.4
1549	-0.586233	711.441809	0.344293	0.010099	13.5
1550	-0.590897	711.388017	0.344319	0.006403	13.9
1551	-0.570184	712.387348	0.343850	0.007408	11.6
1552	-0.584584	713.387345	0.343381	0.003704	9.8
1553	-0.578335	713.336007	0.343405	0.008696	12.3
1554	-0.585544	713.413757	0.343369	0.005846	12.5
1555	-0.584299	713.359283	0.343394	0.009264	8.9
1556	-0.579118	714.191595	0.343006	0.011666	14.7
1557	-0.584014	715.191595	0.342540	0.007163	14.1
1558	-0.582696	715.137125	0.342565	0.005927	12.6
1559	-0.585738	715.082657	0.342590	0.008376	9.5
1560	-0.580995	716.081550	0.342126	0.008322	9.4
1561	-0.580904	717.081550	0.341663	0.003813	10.2
1562	-0.586099	717.157605	0.341627	0.009042	13.0
1563	-0.587934	718.115916	0.341184	0.007131	10.1
1564	-0.583043	718.061441	0.341210	0.006030	13.5
1565	-0.587342	719.037786	0.340759	0.012195	13.4
1566	-0.586089	720.036760	0.340300	0.007263	12.3
1567	-0.581261	719.982287	0.340325	0.005428	11.2
1568	-0.587319	719.928514	0.340350	0.011555	13.3
1569	-0.578592	720.928514	0.339891	0.004727	13.7
1570	-0.581425	720.874041	0.339916	0.007767	12.2
1571	-0.583131	720.822519	0.339940	0.006974	11.3
1572	-0.585194	721.821675	0.339482	0.006294	7.7
1573	-0.582763	722.821675	0.339026	0.008468	8.3
1574	-0.584794	723.790639	0.338585	0.006638	10.3
1575	-0.578726	723.769224	0.338595	0.005726	8.9
1576	-0.581841	723.757045	0.338600	0.008681	9.1
1577	-0.585327	724.638407	0.338200	0.006823	14.5
1578	-0.583164	724.584156	0.338225	0.005982	16.7
1579	-0.581618	724.533128	0.338248	0.007311	10.3
1580	-0.586099	724.484154	0.338270	0.008473	12.9
1581	-0.602109	724.429680	0.338295	0.006665	11.0
1582	-0.581053	725.429678	0.337841	0.007001	11.4
1583	-0.587635	725.382198	0.337863	0.008381	15.0
1584	-0.587119	725.327724	0.337888	0.008407	9.7
1585	-0.585090	725.273256	0.337912	0.004868	13.1
1586	-0.596266	726.266123	0.337463	0.007197	12.7
1587	-0.582212	726.226943	0.337481	0.007300	10.8
1588	-0.588590	727.192425	0.337045	0.008032	12.0
1589	-0.591104	728.184787	0.336599	0.005675	8.9
1590	-0.589510	728.142950	0.336618	0.008126	12.5
1591	-0.580039	728.239192	0.336575	0.006155	12.1
1592	-0.588424	728.184732	0.336599	0.008128	13.5
1593	-0.577494	729.111308	0.336183	0.008594	10.0
1594	-0.586536	730.109480	0.335737	0.008824	11.1
1595	-0.585300	730.391578	0.335610	0.008812	12.2
1596	-0.577286	730.337104	0.335635	0.009125	10.8
1597	-0.579591	731.337104	0.335189	0.008035	13.6
1598	-0.583806	731.282629	0.335213	0.003920	19.5
1599	-0.582577	731.234754	0.335234	0.007012	11.4
1600	-0.580829	731.180715	0.335258	0.006046	12.7
1601	-0.584103	732.133721	0.334834	0.006127	8.3
1602	-0.577427	732.102556	0.334848	0.011037	12.6
1603	-0.577802	733.101016	0.334405	0.009214	12.6
1604	-0.582822	734.101015	0.333962	0.008696	10.3
1605	-0.594623	734.047927	0.333985	0.006220	11.0
1606	-0.586253	734.472137	0.333798	0.007119	12.9
1607	-0.585441	735.471401	0.333357	0.007991	13.1
1608	-0.588548	736.467034	0.332919	0.011882	12.1
1609	-0.586579	737.467034	0.332480	0.008731	13.1
1610	-0.590661	737.415303	0.332502	0.006664	14.5
1611	-0.580639	738.156295	0.332178	0.004866	12.5
1612	-0.590643	738.102207	0.332201	0.008654	14.5
1613	-0.589428	738.894816	0.331855	0.011559	23.8
1614	-0.580604	739.894816	0.331419	0.009398	16.1
1615	-0.591822	739.840589	0.331442	0.010583	14.8
1616	-0.585603	740.840589	0.331007	0.010068	16.1
1617	-0.590310	740.786117	0.331031	0.007554	9.7
1618	-0.579724	741.786072	0.330597	0.009494	13.8
1619	-0.581424	742.786072	0.330164	0.008124	10.0
1620	-0.578856	743.786072	0.329733	0.006218	8.2
1621	-0.580699	743.749509	0.329748	0.005197	6.1
1622	-0.574584	744.235428	0.329539	0.008790	7.7
1623	-0.590934	745.186746	0.329130	0.007344	11.9
1624	-0.593624	746.183386	0.328702	0.009569	11.1
1625	-0.580487	747.182068	0.328275	0.011159	9.5
1626	-0.583198	747.127604	0.328298	0.006730	8.7
1627	-0.588700	747.073130	0.328321	0.009243	10.4
1628	-0.587062	747.327987	0.328213	0.006721	8.6
1629	-0.580219	747.273513	0.328236	0.012734	9.0
1630	-0.591826	747.219039	0.328259	0.003366	8.8
1631	-0.582984	747.857904	0.327986	0.006318	9.1
1632	-0.581611	748.020305	0.327917	0.009031	8.3
1633	-0.586034	747.966302	0.327940	0.007391	10.8
1634	-0.585288	747.911828	0.327963	0.007113	10.3
1635	-0.590591	748.223777	0.327830	0.007564	8.8
1636	-0.583135	749.132667	0.327443	0.008310	7.5
1637	-0.597465	749.100747	0.327457	0.010644	11.1
1638	-0.587533	749.046273	0.327480	0.007612	10.2
1639	-0.578119	750.046273	0.327055	0.011056	11.8
1640	-0.580506	749.991798	0.327079	0.009989	8.8
1641	-0.592167	749.937490	0.327102	0.006271	14.7
1642	-0.588032	749.883150	0.327125	0.006591	13.2
1643	-0.583870	750.880585	0.326702	0.011700	10.7
1644	-0.582234	751.880366	0.326279	0.006969	11.4
1645	-0.587139	752.880366	0.325858	0.007409	13.6
1646	-0.586426	752.825894	0.325881	0.007063	8.0
1647	-0.584455	752.774917	0.325902	0.005064	6.1
1648	-0.578988	752.720464	0.325925	0.005713	6.2
1649	-0.588439	752.666224	0.325948	0.005477	8.7
1650	-0.584913	752.955573	0.325826	0.008396	10.2
1651	-0.586139	753.945643	0.325410	0.009429	11.4
1652	-0.587709	753.891169	0.325433	0.005635	20.1
1653	-0.582704	753.836695	0.325456	0.004719	21.2
1654	-0.581439	754.561756	0.325151	0.006285	9.3
1655	-0.586358	754.716469	0.325086	0.006939	10.6
1656	-0.591846	754.716611	0.325086	0.005886	11.3
1657	-0.575858	755.714527	0.324669	0.005098	12.0
1658	-0.585188	755.661804	0.324691	0.006825	13.1
1659	-0.579287	755.844520	0.324614	0.006019	8.3
1660	-0.590230	755.791090	0.324637	0.007404	10.4
1661	-0.587385	755.736616	0.324659	0.007042	9.6
1662	-0.582452	755.682413	0.324682	0.004641	10.7
1663	-0.582106	755.934577	0.324577	0.005990	6.5
1664	-0.583599	756.083403	0.324515	0.009550	9.2
1665	-0.587050	757.083386	0.324098	0.004016	11.3
1666	-0.588241	757.029885	0.324120	0.008418	7.0
1667	-0.577177	757.889363	0.323762	0.006369	8.0
1668	-0.582003	758.889349	0.323347	0.007214	11.9
1669	-0.590648	758.834876	0.323370	0.008103	15.8
1670	-0.585392	759.834876	0.322955	0.007462	11.4
1671	-0.579771	759.896329	0.322930	0.006055	12.4
1672	-0.583285	759.841854	0.322953	0.004163	12.2
1673	-0.580445	759.787390	0.322975	0.006301	10.9
1674	-0.583572	759.789568	0.322974	0.005058	12.5
1675	-0.578941	759.737740	0.322996	0.005419	12.6
1676	-0.589339	759.683278	0.323018	0.003917	10.0
1677	-0.580859	759.646891	0.323033	0.006232	11.4
1678	-0.592436	759.594884	0.323055	0.007791	12.3
1679	-0.585650	759.540410	0.323077	0.009040	9.6
1680	-0.585521	760.465471	0.322695	0.006825	14.0
1681	-0.588436	760.410997	0.322717	0.008363	13.1
1682	-0.588437	760.356527	0.322740	0.006463	13.1
1683	-0.591653	761.326640	0.322340	0.004599	19.1
1684	-0.585467	761.308252	0.322347	0.008611	12.7
1685	-0.583955	761.253930	0.322370	0.005361	14.8
1686	-0.588124	762.253698	0.321958	0.005994	14.5
1687	-0.579684	763.253681	0.321548	0.004626	11.8
1688	-0.588414	763.249816	0.321549	0.006345	25.1
1689	-0.594951	763.373461	0.321498	0.009314	14.1
1690	-0.572643	763.340058	0.321512	0.005587	8.8
1691	-0.582960	764.288322	0.321124	0.005413	11.4
1692	-0.588534	765.264067	0.320725	0.005341	10.2
1693	-0.579072	765.227652	0.320740	0.008085	11.4
1694	-0.585416	766.220506	0.320336	0.001865	13.5
1695	-0.573911	766.171576	0.320356	0.007277	7.6
1696	-0.579358	766.836634	0.320085	0.011711	10.3
1697	-0.586361	766.782159	0.320107	0.007457	10.7
1698	-0.588107	767.782159	0.319702	0.008098	10.7
1699	-0.581818	767.727694	0.319724	0.009148	9.4
1700	-0.580320	768.727694	0.319319	0.005579	12.2
1701	-0.585964	768.675894	0.319340	0.007298	13.9
1702	-0.582546	769.383429	0.319054	0.007541	11.9
1703	-0.582719	770.383429	0.318651	0.005261	13.8
1704	-0.591771	770.329600	0.318672	0.005296	12.4
1705	-0.587499	770.279928	0.318692	0.006748	15.3
1706	-0.582572	770.979265	0.318411	0.004934	10.7
1707	-0.587007	771.978975	0.318010	0.006517	6.6
1708	-0.591960	772.201165	0.317920	0.009748	14.3
1709	-0.585426	772.146691	0.317942	0.007824	9.1
1710	-0.581712	773.146691	0.317542	0.008787	13.4
1711	-0.585341	773.092217	0.317564	0.008872	12.4
1712	-0.586542	774.092213	0.317164	0.007851	12.0
1713	-0.599073	774.038340	0.317186	0.005656	11.4
1714	-0.578166	774.470953	0.317013	0.006603	7.3
1715	-0.588160	775.420127	0.316635	0.009753	12.7
1716	-0.578863	776.419671	0.316239	0.009153	9.6
1717	-0.582394	776.365309	0.316260	0.007641	9.6
1718	-0.582303	776.353542	0.316265	0.008793	7.5
1719	-0.581594	776.299079	0.316286	0.008165	8.0
1720	-0.585263	777.299078	0.315890	0.006604	7.7
1721	-0.585462	778.299055	0.315495	0.011871	10.4
1722	-0.586796	778.244581	0.315517	0.008399	9.9
1723	-0.592404	778.190107	0.315538	0.009807	10.6
1724	-0.586733	779.190107	0.315144	0.008540	10.9
1725	-0.589371	780.190107	0.314750	0.008242	11.8
1726	-0.589173	780.159090	0.314763	0.008267	14.1
1727	-0.593991	780.164518	0.314760	0.005023	18.0
1728	-0.592667	781.137636	0.314379	0.010160	23.7
1729	-0.578517	781.083435	0.314400	0.008029	23.0
1730	-0.579550	782.083435	0.314008	0.009328	20.1
1731	-0.588014	783.057008	0.313628	0.006290	8.3
1732	-0.583620	784.039478	0.313245	0.008185	12.3
1733	-0.587824	783.985652	0.313266	0.007202	11.4
1734	-0.582650	783.942841	0.313283	0.007021	17.0
1735	-0.579461	784.941784	0.312895	0.006899	15.2
1736	-0.587182	785.934862	0.312510	0.005372	13.0
1737	-0.586806	785.880407	0.312531	0.008413	14.8
1738	-0.585635	785.825946	0.312552	0.008437	14.1
1739	-0.584950	785.771472	0.312573	0.010503	12.3
1740	-0.584546	786.771472	0.312186	0.008832	9.6
1741	-0.574792	787.771472	0.311800	0.004923	15.4
1742	-0.586159	787.727830	0.311817	0.005978	13.2
1743	-0.586095	788.727357	0.311432	0.006495	8.2
1744	-0.575867	789.727309	0.311048	0.008486	20.6
1745	-0.587074	789.672835	0.311069	0.006196	13.3
1746	-0.587531	790.672811	0.310685	0.005498	15.1
1747	-0.587419	791.668224	0.310305	0.005730	15.4
1748	-0.580793	791.614691	0.310325	0.005170	16.7
1749	-0.580082	792.014902	0.310173	0.007425	11.6
1750	-0.590455	791.972348	0.310189	0.007984	12.4
1751	-0.584276	792.935449	0.309822	0.010348	12.2
1752	-0.588422	793.935449	0.309442	0.010446	13.8
1753	-0.576726	793.880974	0.309462	0.005205	12.1
1754	-0.589487	794.870651	0.309087	0.008633	12.9
1755	-0.574581	794.816177	0.309107	0.005678	15.0
1756	-0.583334	795.816177	0.308729	0.011722	12.4
1757	-0.578198	795.761703	0.308750	0.007993	9.4
1758	-0.589397	796.761696	0.308372	0.008896	16.0
1759	-0.587526	797.761696	0.307995	0.009016	13.2
1760	-0.576994	797.707252	0.308016	0.005857	11.4
1761	-0.584448	797.652778	0.308036	0.008454	8.8
1762	-0.577381	797.604227	0.308055	0.005987	12.4
1763	-0.574518	798.604227	0.307679	0.006998	16.9
1764	-0.585469	798.549917	0.307699	0.004936	20.7
1765	-0.584321	798.495445	0.307720	0.008731	13.4
1766	-0.583305	799.480423	0.307350	0.008759	16.9
1767	-0.589816	799.425955	0.307371	0.007479	9.0
1768	-0.586361	799.371481	0.307391	0.008613	15.4
1769	-0.595553	800.188258	0.307085	0.007482	11.2
1770	-0.586697	800.133784	0.307106	0.007229	11.6
1771	-0.593683	800.079620	0.307126	0.006507	8.5
1772	-0.575315	800.040931	0.307140	0.006605	11.5
1773	-0.588036	800.009390	0.307152	0.005346	16.0
1774	-0.576577	800.252825	0.307061	0.008712	15.0
1775	-0.583761	800.198994	0.307081	0.007413	9.7
1776	-0.579677	800.144523	0.307102	0.005358	12.3
1777	-0.584384	800.093436	0.307121	0.008650	11.3
1778	-0.588568	800.341626	0.307028	0.006583	12.9
1779	-0.575845	801.280229	0.306678	0.007940	13.0
1780	-0.594941	801.225823	0.306698	0.003807	12.4
1781	-0.584860	801.172146	0.306718	0.011497	13.9
1782	-0.591112	802.172060	0.306345	0.009046	14.1
1783	-0.579629	803.172060	0.305974	0.005826	18.0
1784	-0.583866	804.153746	0.305610	0.006740	10.6
1785	-0.587451	804.114875	0.305624	0.006121	7.3
1786	-0.590732	804.060401	0.305644	0.006708	12.6
1787	-0.588694	804.088876	0.305634	0.008313	13.1
1788	-0.579976	804.037801	0.305653	0.007852	13.6
1789	-0.583718	803.983326	0.305673	0.009249	11.2
1790	-0.578650	804.983318	0.305303	0.007882	14.3
1791	-0.589664	805.367184	0.305161	0.007788	9.6
1792	-0.579401	805.312710	0.305181	0.004953	11.4
1793	-0.584848	805.259297	0.305201	0.007071	12.2
1794	-0.597307	806.010813	0.304923	0.015669	12.1
1795	-0.585417	807.010813	0.304555	0.012187	11.8
1796	-0.571672	808.010813	0.304188	0.010747	11.6
1797	-0.583188	809.010813	0.303821	0.008541	9.4
1798	-0.584525	808.957051	0.303841	0.007129	8.5
1799	-0.591311	808.902861	0.303861	0.007306	14.7
1800	-0.585952	809.902860	0.303495	0.005339	12.1
1801	-0.581693	810.241026	0.303372	0.007577	10.1
1802	-0.586474	810.948420	0.303114	0.007627	11.4
1803	-0.579163	810.903291	0.303130	0.009314	12.9
1804	-0.585672	811.852215	0.302785	0.004800	15.0
1805	-0.592712	812.852211	0.302422	0.007222	9.4
1806	-0.582446	812.801496	0.302440	0.009539	13.0
1807	-0.572813	812.750242	0.302459	0.007436	11.4
1808	-0.583335	812.695876	0.302478	0.007117	12.5
1809	-0.587841	813.595358	0.302152	0.006818	15.5
1810	-0.593693	813.540884	0.302172	0.008150	9.0
1811	-0.585730	814.444610	0.301845	0.005539	11.9
1812	-0.585964	814.390136	0.301865	0.010237	8.5
1813	-0.595387	814.335661	0.301884	0.007550	16.9
1814	-0.587982	815.335661	0.301524	0.009143	12.7
1815	-0.572174	816.323696	0.301168	0.005797	6.5
1816	-0.584105	816.269224	0.301187	0.006949	6.3
1817	-0.594347	817.261205	0.300831	0.005506	16.4
1818	-0.577220	817.207701	0.300850	0.006479	7.1
1819	-0.585613	817.153235	0.300870	0.011157	13.5
1820	-0.592207	817.098761	0.300889	0.008776	9.7
1821	-0.583956	818.098761	0.300531	0.008024	18.8
1822	-0.592262	819.098761	0.300173	0.010271	13.3
1823	-0.587304	819.044287	0.300192	0.006191	15.6
1824	-0.584058	820.044287	0.299835	0.005592	14.6
1825	-0.573500	821.036625	0.299482	0.008007	9.1
1826	-0.590215	821.660321	0.299260	0.005009	10.1
1827	-0.589488	822.150347	0.299086	0.005844	15.9
1828	-0.587368	822.098342	0.299105	0.005075	14.2
1829	-0.591235	822.043925	0.299124	0.006986	11.4
1830	-0.586789	822.957685	0.298800	0.007936	16.3
1831	-0.586502	822.904027	0.298819	0.004648	11.9
1832	-0.583051	823.903750	0.298466	0.006677	13.6
1833	-0.594523	823.888258	0.298471	0.004958	16.1
1834	-0.582803	823.980394	0.298439	0.005120	15.4
1835	-0.584111	823.925930	0.298458	0.007050	12.9
1836	-0.579683	824.912939	0.298110	0.006382	15.2
1837	-0.590026	825.717240	0.297827	0.008415	10.4
1838	-0.578683	826.551549	0.297533	0.005642	11.4
1839	-0.593074	826.497075	0.297553	0.006444	12.9
1840	-0.577621	826.442601	0.297572	0.005060	10.5
1841	-0.581962	827.096616	0.297342	0.006718	13.4
1842	-0.589687	827.042142	0.297361	0.006660	9.9
1843	-0.590648	828.042141	0.297011	0.007094	13.7
1844	-0.588248	828.978993	0.296684	0.007564	13.1
1845	-0.591486	828.924580	0.296703	0.009502	14.4
1846	-0.576679	828.870147	0.296722	0.007551	11.5
1847	-0.579491	828.852055	0.296728	0.007817	12.4
1848	-0.583958	828.797582	0.296747	0.008898	16.4
1849	-0.587146	829.797563	0.296398	0.006395	9.6
1850	-0.589579	829.938256	0.296349	0.007153	10.5
1851	-0.587334	829.957971	0.296342	0.004371	12.7
1852	-0.581730	830.934527	0.296003	0.007191	13.5
1853	-0.584497	831.746620	0.295721	0.005722	11.4
1854	-0.592614	831.734774	0.295725	0.007649	11.9
1855	-0.580213	831.680316	0.295744	0.006740	10.4
1856	-0.590990	831.875938	0.295676	0.008067	16.0
1857	-0.584365	832.875863	0.295330	0.012270	13.3
1858	-0.590092	833.875863	0.294984	0.007080	16.3
1859	-0.586812	833.821389	0.295003	0.006247	10.2
1860	-0.592726	834.821385	0.294658	0.007508	10.6
1861	-0.587070	834.766911	0.294677	0.007165	16.0
1862	-0.595700	835.766911	0.294333	0.007400	10.4
1863	-0.580584	836.685308	0.294018	0.005098	10.6
1864	-0.583286	836.634506	0.294035	0.006914	14.8
1865	-0.582756	836.580544	0.294054	0.009121	12.4
1866	-0.594026	836.526070	0.294073	0.010236	13.7
1867	-0.592577	836.471596	0.294091	0.009547	11.2
1868	-0.598331	837.471596	0.293749	0.010284	10.5
1869	-0.583501	838.471596	0.293407	0.007914	9.4
1870	-0.593670	838.497164	0.293398	0.009551	9.6
1871	-0.584741	839.497163	0.293057	0.004862	10.8
1872	-0.585082	840.497163	0.292717	0.007914	10.8
1873	-0.581534	840.442689	0.292736	0.005861	19.6
1874	-0.585020	841.442689	0.292396	0.006493	12.9
1875	-0.582186	841.388218	0.292415	0.009798	15.5
1876	-0.587455	842.388218	0.292076	0.008570	12.7
1877	-0.587678	843.388218	0.291738	0.006685	13.9
1878	-0.586331	844.388218	0.291401	0.008184	12.4
1879	-0.578205	844.333744	0.291419	0.008493	12.3
1880	-0.582835	844.279270	0.291438	0.006757	13.1
1881	-0.582382	844.416315	0.291391	0.010028	10.5
1882	-0.584943	845.416315	0.291055	0.008821	11.6
1883	-0.589647	846.416309	0.290720	0.005588	12.3
1884	-0.572821	847.416274	0.290385	0.009611	15.3
1885	-0.586212	847.398690	0.290391	0.007016	10.2
1886	-0.578795	848.398685	0.290057	0.007822	9.8
1887	-0.582604	848.344211	0.290075	0.006177	13.5
1888	-0.582617	849.283442	0.289762	0.006099	7.8
1889	-0.596036	849.862757	0.289569	0.008252	12.4
1890	-0.582553	849.808303	0.289587	0.007740	9.1
1891	-0.583500	849.753829	0.289605	0.005124	7.6
1892	-0.583793	849.699367	0.289623	0.010084	14.3
1893	-0.584024	850.697464	0.289292	0.007409	12.5
1894	-0.585388	851.619980	0.288986	0.005573	12.9
1895	-0.592377	851.568385	0.289003	0.007366	13.6
1896	-0.587979	851.514194	0.289021	0.011185	14.5
1897	-0.586421	851.580406	0.288999	0.010415	13.7
1898	-0.588828	852.580406	0.288668	0.011362	11.6
1899	-0.595606	852.525988	0.288686	0.007513	11.0
1900	-0.578888	853.525987	0.288356	0.008183	7.2
1901	-0.590801	854.412410	0.288064	0.006917	10.1
1902	-0.588652	855.411593	0.287736	0.007350	11.0
1903	-0.579696	856.411434	0.287408	0.004860	13.5
1904	-0.585584	856.368166	0.287422	0.007655	11.4
1905	-0.584000	857.366685	0.287095	0.009558	13.6
1906	-0.596002	857.312227	0.287113	0.005341	14.4
1907	-0.582618	858.168653	0.286833	0.007490	11.5
1908	-0.581425	858.633173	0.286682	0.005910	8.3
1909	-0.584598	859.606081	0.286365	0.006296	8.8
1910	-0.581703	860.547787	0.286059	0.007466	9.0
1911	-0.576225	860.495494	0.286076	0.004572	11.3
1912	-0.590725	860.441020	0.286094	0.006103	24.9
1913	-0.590897	860.444743	0.286093	0.007329	14.0
1914	-0.588365	860.466402	0.286086	0.007356	13.8
1915	-0.594897	860.458819	0.286088	0.005273	10.5
1916	-0.586841	860.802910	0.285976	0.006748	9.8
1917	-0.583871	860.782724	0.285983	0.010772	11.9
1918	-0.572939	860.728253	0.286001	0.013388	8.0
1919	-0.584688	861.728253	0.285677	0.007166	12.4
1920	-0.573268	862.728236	0.285353	0.008540	10.2
1921	-0.586965	862.673779	0.285371	0.004185	7.7
1922	-0.588814	863.142885	0.285220	0.006598	9.5
1923	-0.587095	863.088631	0.285237	0.010894	8.9
1924	-0.579727	864.088631	0.284915	0.004285	8.4
1925	-0.585751	864.034299	0.284932	0.006327	10.1
1926	-0.590070	863.980038	0.284950	0.009173	8.6
1927	-0.581339	864.159385	0.284892	0.006231	8.9
1928	-0.586934	864.104912	0.284910	0.004733	11.3
1929	-0.584969	864.050564	0.284927	0.007818	9.5
1930	-0.583564	863.997259	0.284944	0.007209	15.5
1931	-0.594978	863.942953	0.284962	0.006722	14.0
1932	-0.592822	864.922202	0.284647	0.011139	9.1
1933	-0.584342	865.921789	0.284326	0.005859	7.8
1934	-0.581572	865.876912	0.284340	0.010521	9.2
1935	-0.578840	865.822538	0.284358	0.007354	10.3
1936	-0.583493	865.768064	0.284375	0.007057	9.8
1937	-0.580168	865.848325	0.284350	0.011201	15.4
1938	-0.583163	866.848325	0.284029	0.004530	13.1
1939	-0.582642	866.793854	0.284047	0.006283	11.7
1940	-0.588450	866.744307	0.284063	0.007488	11.6
1941	-0.582480	867.732094	0.283747	0.004435	10.3
1942	-0.591405	868.652012	0.283453	0.005844	8.4
1943	-0.587045	868.665094	0.283449	0.007677	14.5
1944	-0.588659	868.631374	0.283460	0.007253	13.9
1945	-0.580193	868.577043	0.283477	0.006488	23.7
1946	-0.587636	869.573414	0.283160	0.009235	13.0
1947	-0.581116	870.568414	0.282844	0.009434	17.7
1948	-0.579401	871.568414	0.282527	0.007948	11.1
1949	-0.583430	871.521563	0.282542	0.004771	13.8
1950	-0.580253	871.481789	0.282555	0.006850	18.3
1951	-0.590082	871.435574	0.282569	0.009758	14.6
1952	-0.584124	872.435574	0.282253	0.007656	15.5
1953	-0.585858	872.389348	0.282268	0.005471	18.8
1954	-0.574844	872.334923	0.282285	0.006534	9.6
1955	-0.578711	872.280770	0.282302	0.007975	10.9
1956	-0.587290	872.989094	0.282078	0.008303	13.1
1957	-0.589134	873.962303	0.281772	0.008509	16.4
1958	-0.591892	874.962301	0.281457	0.008777	12.2
1959	-0.585353	874.907827	0.281474	0.008751	12.5
1960	-0.584269	874.853353	0.281491	0.005958	10.3
1961	-0.574356	874.798878	0.281508	0.004989	16.4
1962	-0.592241	874.747348	0.281525	0.005993	12.4
1963	-0.580832	874.693127	0.281542	0.005177	14.5
1964	-0.593856	874.662406	0.281551	0.006338	8.5
1965	-0.578688	874.746040	0.281525	0.005566	9.3
1966	-0.585377	874.694367	0.281541	0.009860	11.1
1967	-0.585662	874.639960	0.281558	0.006645	7.5
1968	-0.576695	874.585495	0.281575	0.003361	7.5
1969	-0.582487	874.555172	0.281585	0.007611	8.8
1970	-0.586582	875.507760	0.281286	0.008956	9.0
1971	-0.590010	875.453290	0.281303	0.004423	8.7
1972	-0.580796	876.452768	0.280990	0.011335	15.9
1973	-0.588339	876.398293	0.281007	0.008261	14.8
1974	-0.589190	876.343819	0.281024	0.007278	12.0
1975	-0.592940	877.343819	0.280711	0.009827	7.5
1976	-0.581309	877.289344	0.280728	0.008621	7.8
1977	-0.584835	877.234870	0.280745	0.005576	14.1
1978	-0.584797	878.234218	0.280433	0.005476	11.1
1979	-0.581021	878.180564	0.280450	0.005918	14.9
1980	-0.582220	879.176089	0.280140	0.006662	13.4
1981	-0.581273	880.176078	0.279829	0.008417	26.8
1982	-0.582152	880.256961	0.279804	0.006393	18.8
1983	-0.575473	881.026679	0.279565	0.003933	13.4
1984	-0.583890	880.972249	0.279582	0.007700	9.9
1985	-0.587071	881.208423	0.279508	0.010428	9.2
1986	-0.581232	881.153949	0.279525	0.005473	17.0
1987	-0.585986	882.153570	0.279216	0.006997	12.6
1988	-0.579068	882.099136	0.279233	0.006608	15.9
1989	-0.581985	883.085028	0.278928	0.006916	13.4
1990	-0.587116	883.032442	0.278945	0.005947	8.8
1991	-0.586613	882.977994	0.278961	0.008883	11.6
1992	-0.581621	883.977989	0.278653	0.005747	14.2
1993	-0.583602	883.927666	0.278669	0.010389	11.7
1994	-0.588690	884.925075	0.278362	0.005925	13.4
1995	-0.587641	885.924938	0.278055	0.010381	9.2
1996	-0.586304	885.870535	0.278072	0.007645	8.9
1997	-0.576665	885.820242	0.278087	0.007957	11.4
1998	-0.592467	886.660825	0.277829	0.004020	7.8
1999	-0.586209	886.669256	0.277827	0.008131	7.2
