1:ItNr	2:Metric	2:Metric0	2:Metric1	3a:Time	3b:StepSize	4:||Gradient0||	4:||Gradient1||	4:||Gradient||	Time0[ms]	Time1[ms]	Time[ms]
0	-0.365508	-0.365509	0.000000	0.000000	1789.003584	0.001642	0.000000	0.001642	53.8	127.6	1216.6
1	-0.371947	-0.371948	0.000000	0.000000	1789.003584	0.001059	0.000000	0.001059	74.9	147.4	223.5
2	-0.375384	-0.375385	0.000000	0.000000	1789.003584	0.001316	0.000000	0.001316	40.6	122.3	164.1
3	-0.369442	-0.369442	0.000000	0.000000	1789.003584	0.001574	0.000000	0.001574	58.2	151.9	211.8
4	-0.381014	-0.381014	0.000000	0.000000	1789.003584	0.001731	0.000000	0.001731	78.1	136.4	215.7
5	-0.388030	-0.388031	0.000000	1.000000	1707.685240	0.001405	0.000000	0.001405	67.4	121.0	189.7
6	-0.381027	-0.381028	0.000000	0.485548	1748.574192	0.001502	0.000000	0.001502	56.7	126.1	184.1
7	-0.379381	-0.379382	0.000000	1.448853	1673.540939	0.001838	0.000000	0.001838	87.1	152.0	240.3
8	-0.382467	-0.382467	0.000000	2.448847	1602.171566	0.001475	0.000000	0.001475	77.5	127.8	206.5
9	-0.379702	-0.379703	0.000000	3.448838	1536.640550	0.001576	0.000000	0.001576	73.3	104.8	179.3
10	-0.377516	-0.377517	0.000000	4.448838	1476.258988	0.001250	0.000000	0.001250	67.6	128.6	197.4
11	-0.389396	-0.389397	0.000000	5.448838	1420.443341	0.001311	0.000000	0.001311	51.4	139.2	192.1
12	-0.386993	-0.386994	0.000000	6.448837	1368.694590	0.001823	0.000000	0.001823	37.4	140.3	178.8
13	-0.387773	-0.387774	0.000000	7.448837	1320.583851	0.001440	0.000000	0.001440	40.9	149.0	191.1
14	-0.374119	-0.374119	0.000000	8.448837	1275.740524	0.001457	0.000000	0.001457	45.2	160.0	206.4
15	-0.381157	-0.381158	0.000000	9.448837	1233.842683	0.001617	0.000000	0.001617	29.8	143.0	174.1
16	-0.379934	-0.379934	0.000000	10.448837	1194.609351	0.001497	0.000000	0.001497	76.9	144.2	222.6
17	-0.383595	-0.383596	0.000000	11.448837	1157.794185	0.001599	0.000000	0.001599	79.0	150.0	230.4
18	-0.386304	-0.386305	0.000000	10.934354	1176.447001	0.002701	0.000000	0.002701	71.0	132.0	204.3
19	-0.383698	-0.383699	0.000000	11.934354	1140.726033	0.001704	0.000000	0.001704	109.3	128.8	239.4
20	-0.391951	-0.391952	0.000000	12.934354	1107.110364	0.001349	0.000000	0.001349	68.2	140.0	209.4
21	-0.386185	-0.386185	0.000000	13.934345	1075.419496	0.001082	0.000000	0.001082	82.0	88.3	171.6
22	-0.385640	-0.385641	0.000000	14.934345	1045.492152	0.001249	0.000000	0.001249	66.4	176.1	243.8
23	-0.387115	-0.387116	0.000000	15.934345	1017.185378	0.001028	0.000000	0.001028	69.1	179.5	250.0
24	-0.383174	-0.383175	0.000000	16.933656	990.388980	0.001460	0.000000	0.001460	14.4	108.1	123.7
25	-0.394185	-0.394185	0.000000	16.458174	1002.960677	0.002242	0.000000	0.002242	51.4	97.1	150.0
26	-0.382073	-0.382074	0.000000	17.458174	976.881418	0.002437	0.000000	0.002437	44.1	97.0	142.3
27	-0.388052	-0.388052	0.000000	18.458174	952.124027	0.001137	0.000000	0.001137	57.7	126.8	185.8
28	-0.389163	-0.389164	0.000000	19.458174	928.590488	0.001084	0.000000	0.001084	63.3	108.6	173.2
29	-0.386959	-0.386960	0.000000	18.943692	940.550903	0.000795	0.000000	0.000795	57.1	119.8	178.1
30	-0.375415	-0.375416	0.000000	18.429263	952.822163	0.001167	0.000000	0.001167	39.6	121.8	163.0
31	-0.386058	-0.386059	0.000000	19.429259	929.254601	0.001150	0.000000	0.001150	53.3	151.6	206.1
32	-0.385075	-0.385076	0.000000	20.428024	906.851723	0.001198	0.000000	0.001198	85.4	151.1	237.7
33	-0.380488	-0.380489	0.000000	21.428024	885.477838	0.001478	0.000000	0.001478	88.9	242.1	332.3
34	-0.388576	-0.388577	0.000000	22.428024	865.088289	0.000977	0.000000	0.000977	51.4	143.4	197.0
35	-0.392175	-0.392176	0.000000	22.764615	858.434950	0.001224	0.000000	0.001224	60.1	120.0	189.0
36	-0.386919	-0.386920	0.000000	23.745967	839.608069	0.001940	0.000000	0.001939	68.8	172.2	242.5
37	-0.387245	-0.387246	0.000000	24.745967	821.254362	0.001681	0.000000	0.001681	90.6	196.1	288.0
38	-0.386805	-0.386806	0.000000	25.745967	803.685908	0.001395	0.000000	0.001395	77.5	224.7	303.5
39	-0.381040	-0.381041	0.000000	26.745967	786.853368	0.001546	0.000000	0.001546	56.5	136.7	194.3
40	-0.383977	-0.383978	0.000000	27.745967	770.711451	0.000997	0.000000	0.000997	21.7	98.2	121.1
41	-0.384647	-0.384648	0.000000	28.740427	755.302628	0.001420	0.000000	0.001420	70.2	168.1	239.7
42	-0.382188	-0.382188	0.000000	29.736074	740.480534	0.000922	0.000000	0.000922	75.4	111.9	188.6
43	-0.389622	-0.389623	0.000000	29.428667	744.994422	0.001022	0.000000	0.001022	44.1	155.6	201.0
44	-0.386872	-0.386873	0.000000	28.914184	752.673331	0.001316	0.000000	0.001316	58.2	85.0	144.5
45	-0.384712	-0.384713	0.000000	29.914181	737.890205	0.001946	0.000000	0.001946	52.0	129.3	182.5
46	-0.383658	-0.383659	0.000000	30.914181	723.676551	0.000841	0.000000	0.000841	43.8	126.4	171.3
47	-0.390893	-0.390893	0.000000	31.914181	710.000131	0.000932	0.000000	0.000932	62.6	112.1	175.9
48	-0.390644	-0.390645	0.000000	31.682282	713.125438	0.000665	0.000000	0.000665	80.0	119.8	200.9
49	-0.384800	-0.384801	0.000000	31.318907	718.078361	0.001087	0.000000	0.001087	49.4	154.9	205.5
50	-0.380006	-0.380006	0.000000	30.810850	725.119843	0.000933	0.000000	0.000933	48.4	145.6	196.1
51	-0.383668	-0.383669	0.000000	30.296938	732.384367	0.001516	0.000000	0.001516	63.2	159.6	224.0
52	-0.383270	-0.383271	0.000000	31.296938	718.380021	0.001440	0.000000	0.001440	73.2	122.3	197.9
53	-0.382421	-0.382422	0.000000	32.296938	704.901198	0.001072	0.000000	0.001072	91.9	150.4	244.8
54	-0.392263	-0.392263	0.000000	31.782455	711.772035	0.000916	0.000000	0.000916	84.1	120.4	205.8
55	-0.386834	-0.386835	0.000000	32.782455	698.537755	0.001274	0.000000	0.001274	79.0	95.5	176.0
56	-0.390659	-0.390659	0.000000	33.779143	685.828100	0.001596	0.000000	0.001596	74.4	143.5	219.2
57	-0.388925	-0.388926	0.000000	34.779143	673.532678	0.000700	0.000000	0.000700	93.1	109.3	203.5
58	-0.389274	-0.389275	0.000000	35.777901	661.684824	0.001199	0.000000	0.001199	78.4	156.0	235.5
59	-0.386267	-0.386267	0.000000	36.029188	658.769252	0.001215	0.000000	0.001215	44.9	203.4	249.5
60	-0.387805	-0.387806	0.000000	37.029186	647.416895	0.001169	0.000000	0.001169	50.9	157.3	213.4
61	-0.385349	-0.385350	0.000000	38.029135	636.449696	0.001037	0.000000	0.001037	66.7	164.1	232.0
62	-0.383274	-0.383275	0.000000	37.514652	642.045605	0.001115	0.000000	0.001115	31.4	157.6	190.3
63	-0.390217	-0.390218	0.000000	38.514652	631.257580	0.001259	0.000000	0.001259	48.2	121.9	171.7
64	-0.390693	-0.390694	0.000000	38.000222	636.761589	0.001505	0.000000	0.001505	69.0	119.0	189.2
65	-0.391336	-0.391337	0.000000	39.000222	626.148935	0.001404	0.000000	0.001404	73.7	148.9	224.1
66	-0.386101	-0.386102	0.000000	40.000222	615.884236	0.000910	0.000000	0.000910	42.4	163.3	206.9
67	-0.385775	-0.385776	0.000000	41.000211	605.950765	0.001122	0.000000	0.001122	55.9	154.1	211.1
68	-0.388193	-0.388194	0.000000	41.962945	596.685487	0.000847	0.000000	0.000847	67.2	112.2	180.6
69	-0.390869	-0.390870	0.000000	42.962944	587.356878	0.001195	0.000000	0.001195	83.9	140.0	225.1
70	-0.385997	-0.385998	0.000000	43.962944	578.315465	0.001490	0.000000	0.001490	58.3	155.8	215.3
71	-0.389034	-0.389035	0.000000	44.962389	569.552977	0.001046	0.000000	0.001046	48.5	175.3	225.0
72	-0.386263	-0.386264	0.000000	45.962389	561.047412	0.000916	0.000000	0.000916	71.8	127.4	200.4
73	-0.383095	-0.383096	0.000000	46.595467	555.792823	0.000922	0.000000	0.000922	86.7	160.0	248.1
74	-0.385963	-0.385964	0.000000	47.595463	547.690377	0.001108	0.000000	0.001108	55.5	138.9	196.0
75	-0.386795	-0.386796	0.000000	47.142417	551.331712	0.001338	0.000000	0.001338	75.7	138.3	215.6
76	-0.389135	-0.389136	0.000000	47.035325	552.199538	0.001754	0.000000	0.001754	62.6	156.2	220.0
77	-0.382741	-0.382742	0.000000	46.520927	556.406392	0.001909	0.000000	0.001909	52.4	183.6	237.5
78	-0.396152	-0.396153	0.000000	47.520927	548.286152	0.001171	0.000000	0.001171	31.8	176.5	209.5
79	-0.397078	-0.397079	0.000000	48.520927	540.399517	0.001595	0.000000	0.001595	33.8	151.6	186.4
80	-0.387644	-0.387645	0.000000	49.520927	532.736550	0.001832	0.000000	0.001832	48.8	110.6	160.5
81	-0.386772	-0.386774	0.000000	50.520927	525.287870	0.001361	0.000000	0.001361	55.1	136.0	192.4
82	-0.382849	-0.382850	0.000000	51.520927	518.044610	0.001469	0.000000	0.001469	74.6	139.7	215.5
83	-0.384625	-0.384626	0.000000	52.520927	510.998391	0.001140	0.000000	0.001140	55.2	183.3	239.6
84	-0.386857	-0.386858	0.000000	53.520927	504.141278	0.001168	0.000000	0.001169	45.2	105.0	151.3
85	-0.387458	-0.387459	0.000000	54.520920	497.465803	0.001291	0.000000	0.001291	74.7	116.0	191.9
86	-0.379334	-0.379335	0.000000	54.006437	500.878014	0.001746	0.000000	0.001746	50.3	111.8	163.6
87	-0.391815	-0.391816	0.000000	55.006437	494.288072	0.000988	0.000000	0.000988	43.1	141.0	185.9
88	-0.390464	-0.390465	0.000000	56.006437	487.869283	0.000701	0.000000	0.000701	41.9	145.8	189.2
89	-0.399599	-0.399600	0.000000	56.983424	481.757188	0.001293	0.000000	0.001293	66.1	123.9	191.2
90	-0.391707	-0.391708	0.000000	57.977259	475.694847	0.000907	0.000000	0.000907	57.4	152.4	210.9
91	-0.387720	-0.387721	0.000000	58.737735	471.158047	0.001367	0.000000	0.001367	39.8	119.9	161.5
92	-0.392734	-0.392735	0.000000	58.224133	474.212512	0.000940	0.000000	0.000940	61.6	108.3	172.8
93	-0.390851	-0.390852	0.000000	59.220673	468.321619	0.001309	0.000000	0.001309	19.3	179.7	200.3
94	-0.393698	-0.393700	0.000000	60.220670	462.555595	0.001413	0.000000	0.001413	28.3	159.8	189.3
95	-0.390198	-0.390199	0.000000	61.220669	456.929815	0.001075	0.000000	0.001074	22.0	116.0	139.2
96	-0.378743	-0.378744	0.000000	62.220643	451.439377	0.001246	0.000000	0.001246	81.5	105.7	188.7
97	-0.391241	-0.391243	0.000000	61.706160	454.247608	0.001402	0.000000	0.001402	39.9	159.8	201.2
98	-0.390819	-0.390821	0.000000	62.706160	448.820915	0.001368	0.000000	0.001368	45.5	131.3	180.8
99	-0.390992	-0.390993	0.000000	63.706160	443.522353	0.001255	0.000000	0.001255	82.4	184.1	267.7
100	-0.392810	-0.392811	0.000000	64.706160	438.347435	0.000819	0.000000	0.000819	72.1	128.0	201.3
101	-0.386631	-0.386632	0.000000	64.199699	440.953145	0.001052	0.000000	0.001052	64.1	96.4	162.1
102	-0.389191	-0.389192	0.000000	65.199616	435.838081	0.001307	0.000000	0.001307	94.1	161.6	256.8
103	-0.384203	-0.384204	0.000000	64.685491	438.453169	0.001657	0.000000	0.001657	40.0	127.0	168.2
104	-0.379253	-0.379255	0.000000	65.685491	433.395193	0.001439	0.000000	0.001439	57.0	144.0	202.2
105	-0.389893	-0.389894	0.000000	66.685491	428.452583	0.001059	0.000000	0.001059	75.0	156.5	234.2
106	-0.387001	-0.387003	0.000000	67.685489	423.621449	0.000951	0.000000	0.000951	39.0	174.7	214.9
107	-0.390326	-0.390327	0.000000	68.407471	420.200628	0.001745	0.000000	0.001745	45.6	125.4	172.3
108	-0.388352	-0.388353	0.000000	69.407471	415.552775	0.001764	0.000000	0.001764	64.2	155.7	221.1
109	-0.397879	-0.397880	0.000000	70.407471	411.006617	0.001046	0.000000	0.001046	57.6	139.2	198.1
110	-0.395092	-0.395093	0.000000	69.892991	413.333030	0.000919	0.000000	0.000919	69.5	157.4	228.1
111	-0.385999	-0.386001	0.000000	69.604690	414.648240	0.000826	0.000000	0.000826	57.7	153.0	212.1
112	-0.398301	-0.398302	0.000000	69.107137	416.937842	0.001112	0.000000	0.001112	73.6	97.6	172.4
113	-0.393044	-0.393045	0.000000	69.754491	413.963815	0.001090	0.000000	0.001090	64.4	135.9	201.4
114	-0.388974	-0.388975	0.000000	70.712454	409.639845	0.000789	0.000000	0.000789	61.3	187.9	250.8
115	-0.396199	-0.396201	0.000000	70.220340	411.849762	0.000986	0.000000	0.000986	35.7	158.7	195.6
116	-0.382863	-0.382864	0.000000	71.219715	407.386590	0.001479	0.000000	0.001479	62.0	124.2	187.3
117	-0.396809	-0.396810	0.000000	72.192921	403.132284	0.001239	0.000000	0.001239	83.4	156.0	240.6
118	-0.384385	-0.384386	0.000000	73.192921	398.852426	0.001021	0.000000	0.001021	49.2	116.2	166.6
119	-0.387340	-0.387341	0.000000	72.703996	400.933543	0.001355	0.000000	0.001355	58.9	159.4	219.5
120	-0.391667	-0.391668	0.000000	72.989404	399.716070	0.001601	0.000000	0.001601	61.3	104.6	167.3
121	-0.388943	-0.388944	0.000000	73.989404	395.508063	0.001644	0.000000	0.001644	65.1	102.9	169.2
122	-0.386183	-0.386184	0.000000	74.989404	391.387732	0.001694	0.000000	0.001694	65.7	146.6	213.7
123	-0.397133	-0.397134	0.000000	75.989404	387.352366	0.001087	0.000000	0.001087	68.0	142.7	212.2
124	-0.392126	-0.392127	0.000000	76.989404	383.399364	0.001427	0.000000	0.001427	60.0	133.7	194.9
125	-0.392117	-0.392119	0.000000	77.989402	379.526237	0.001299	0.000000	0.001299	62.4	160.1	223.8
126	-0.387977	-0.387978	0.000000	78.968948	375.807450	0.001225	0.000000	0.001225	78.9	149.0	229.0
127	-0.391735	-0.391736	0.000000	79.968947	372.085442	0.000592	0.000000	0.000592	63.5	170.2	234.7
128	-0.383201	-0.383203	0.000000	79.455054	373.988902	0.001309	0.000000	0.001309	41.2	138.1	180.5
129	-0.385988	-0.385989	0.000000	78.941127	375.912063	0.001404	0.000000	0.001404	71.5	164.0	236.8
130	-0.388231	-0.388232	0.000000	79.941127	372.187990	0.001020	0.000000	0.001020	31.4	112.7	145.6
131	-0.388521	-0.388523	0.000000	79.426644	374.094700	0.001011	0.000000	0.001011	71.7	105.2	178.1
132	-0.383380	-0.383382	0.000000	79.166762	375.065286	0.001174	0.000000	0.001174	44.9	176.0	222.1
133	-0.391043	-0.391044	0.000000	80.166762	371.357890	0.001272	0.000000	0.001272	60.8	179.2	241.4
134	-0.402109	-0.402110	0.000000	81.166762	367.723069	0.001046	0.000000	0.001046	65.8	155.4	222.3
135	-0.398060	-0.398061	0.000000	81.559814	366.313802	0.001567	0.000000	0.001567	50.3	104.0	155.5
136	-0.388626	-0.388628	0.000000	82.559814	362.776582	0.001379	0.000000	0.001379	68.4	117.8	187.5
137	-0.385540	-0.385541	0.000000	83.559814	359.307022	0.001043	0.000000	0.001043	57.3	167.8	226.4
138	-0.392733	-0.392734	0.000000	84.559814	355.903198	0.001247	0.000000	0.001247	86.9	159.9	248.4
139	-0.392493	-0.392494	0.000000	84.045363	357.646202	0.001454	0.000000	0.001454	58.5	169.3	228.9
140	-0.395153	-0.395154	0.000000	85.045363	354.273625	0.001434	0.000000	0.001434	57.9	177.7	237.2
141	-0.394227	-0.394229	0.000000	84.530880	356.000776	0.001645	0.000000	0.001645	44.7	190.1	236.1
142	-0.393204	-0.393206	0.000000	85.530880	352.659016	0.001265	0.000000	0.001265	24.9	192.1	218.2
143	-0.388166	-0.388167	0.000000	86.530878	349.379415	0.000934	0.000000	0.000934	61.7	127.2	190.1
144	-0.391310	-0.391311	0.000000	87.529436	346.164844	0.001252	0.000000	0.001252	65.2	163.5	229.9
145	-0.386385	-0.386386	0.000000	87.015422	347.812142	0.000986	0.000000	0.000986	71.7	151.8	224.8
146	-0.397988	-0.397990	0.000000	88.015092	344.622698	0.001328	0.000000	0.001328	49.4	146.8	197.7
147	-0.401914	-0.401915	0.000000	88.642986	342.649144	0.001723	0.000000	0.001723	67.1	173.4	241.9
148	-0.395526	-0.395527	0.000000	89.642986	339.552254	0.001834	0.000000	0.001834	77.1	116.6	195.9
149	-0.387773	-0.387774	0.000000	90.642986	336.510843	0.000993	0.000000	0.000993	50.2	123.0	174.5
150	-0.382099	-0.382101	0.000000	91.642986	333.523432	0.001424	0.000000	0.001424	61.9	86.1	151.1
151	-0.384339	-0.384340	0.000000	91.230848	334.748208	0.001156	0.000000	0.001156	112.4	98.1	211.6
152	-0.389849	-0.389850	0.000000	92.230848	331.791874	0.001085	0.000000	0.001085	76.9	168.0	246.4
153	-0.388832	-0.388833	0.000000	91.757376	333.185081	0.001159	0.000000	0.001159	59.4	123.9	184.6
154	-0.393179	-0.393180	0.000000	91.242892	334.712288	0.000672	0.000000	0.000671	60.3	96.7	158.2
155	-0.394538	-0.394539	0.000000	90.729146	336.251341	0.000800	0.000000	0.000800	71.4	116.5	189.2
156	-0.381704	-0.381705	0.000000	90.214927	337.806050	0.001628	0.000000	0.001628	22.4	152.3	175.9
157	-0.388282	-0.388283	0.000000	91.214900	334.795781	0.000817	0.000000	0.000817	34.5	160.4	196.4
158	-0.392954	-0.392956	0.000000	92.205938	331.864883	0.000769	0.000000	0.000769	53.6	116.3	171.0
159	-0.389757	-0.389758	0.000000	92.680828	330.478551	0.001330	0.000000	0.001330	65.8	148.1	215.4
160	-0.396681	-0.396682	0.000000	93.680807	327.596885	0.000937	0.000000	0.000937	96.6	161.2	259.2
161	-0.394197	-0.394198	0.000000	94.648749	324.855007	0.000976	0.000000	0.000976	61.9	140.7	204.5
162	-0.393443	-0.393444	0.000000	95.648196	322.071637	0.001500	0.000000	0.001500	49.2	139.7	190.1
163	-0.382916	-0.382918	0.000000	96.647387	319.336250	0.001556	0.000000	0.001556	45.7	120.0	166.9
164	-0.397183	-0.397184	0.000000	97.647387	316.644777	0.001246	0.000000	0.001246	48.0	164.0	213.2
165	-0.389179	-0.389180	0.000000	98.647387	313.998294	0.001334	0.000000	0.001334	107.6	120.2	229.0
166	-0.388514	-0.388515	0.000000	99.499615	311.777554	0.001049	0.000000	0.001049	79.4	116.7	197.3
167	-0.384370	-0.384371	0.000000	100.496723	309.218836	0.001019	0.000000	0.001019	64.5	164.2	229.8
168	-0.390303	-0.390304	0.000000	100.108677	310.209608	0.001819	0.000000	0.001819	48.7	193.7	243.6
169	-0.394404	-0.394405	0.000000	101.108677	307.669170	0.001390	0.000000	0.001390	47.7	165.7	214.9
170	-0.394957	-0.394958	0.000000	102.108677	305.170002	0.001026	0.000000	0.001026	38.8	150.1	190.3
171	-0.386820	-0.386821	0.000000	101.594194	306.450690	0.000988	0.000000	0.000988	82.8	157.4	241.3
172	-0.384138	-0.384139	0.000000	102.592360	303.975709	0.001055	0.000000	0.001055	70.3	178.0	249.4
173	-0.397495	-0.397496	0.000000	102.077877	305.246371	0.001316	0.000000	0.001316	46.2	182.0	230.1
174	-0.390125	-0.390127	0.000000	103.077873	302.786260	0.001163	0.000000	0.001163	57.5	171.3	229.9
175	-0.390368	-0.390369	0.000000	104.053199	300.424744	0.000801	0.000000	0.000801	63.6	165.6	230.5
176	-0.390488	-0.390490	0.000000	105.018033	298.124596	0.001175	0.000000	0.001175	84.8	141.4	227.5
177	-0.389073	-0.389074	0.000000	104.527878	299.288699	0.000960	0.000000	0.000960	41.1	145.7	188.1
178	-0.389571	-0.389573	0.000000	105.522874	296.935045	0.001151	0.000000	0.001151	61.0	162.8	224.9
179	-0.401096	-0.401098	0.000000	106.522683	294.607002	0.000956	0.000000	0.000956	62.0	169.4	232.4
180	-0.393299	-0.393301	0.000000	106.009433	295.797521	0.001291	0.000000	0.001291	97.7	139.6	238.5
181	-0.387843	-0.387844	0.000000	105.499413	296.990115	0.001443	0.000000	0.001443	71.0	105.2	177.4
182	-0.388353	-0.388355	0.000000	106.499413	294.660770	0.001445	0.000000	0.001445	58.0	147.5	207.2
183	-0.393269	-0.393270	0.000000	107.499413	292.367680	0.000783	0.000000	0.000783	73.7	102.7	177.8
184	-0.397096	-0.397097	0.000000	108.499413	290.110004	0.001154	0.000000	0.001154	50.3	128.0	179.4
185	-0.385219	-0.385220	0.000000	108.418093	290.292296	0.001347	0.000000	0.001347	38.4	115.4	155.0
186	-0.389474	-0.389475	0.000000	109.418093	288.066437	0.001031	0.000000	0.001031	69.2	203.3	273.8
187	-0.382530	-0.382532	0.000000	110.418093	285.874452	0.001006	0.000000	0.001006	73.8	191.9	266.9
188	-0.392268	-0.392269	0.000000	110.887127	284.857789	0.001045	0.000000	0.001045	76.5	151.8	230.5
189	-0.393163	-0.393164	0.000000	110.372644	285.973352	0.001228	0.000000	0.001228	51.2	160.8	213.1
190	-0.391024	-0.391025	0.000000	109.858233	287.097527	0.001499	0.000000	0.001499	59.3	182.3	246.5
191	-0.388566	-0.388567	0.000000	110.858233	284.920208	0.001479	0.000000	0.001479	67.4	135.8	204.5
192	-0.389352	-0.389353	0.000000	111.858233	282.775665	0.001076	0.000000	0.001076	72.8	147.5	221.6
193	-0.390595	-0.390597	0.000000	112.858233	280.663164	0.001046	0.000000	0.001046	70.2	116.1	187.5
194	-0.396505	-0.396506	0.000000	113.842298	278.614914	0.000992	0.000000	0.000992	67.1	111.4	179.6
195	-0.394858	-0.394859	0.000000	114.781127	276.688492	0.001094	0.000000	0.001094	72.0	117.4	190.5
196	-0.394303	-0.394305	0.000000	115.781127	274.665636	0.000817	0.000000	0.000817	77.7	141.4	220.3
197	-0.389619	-0.389620	0.000000	116.780980	272.672434	0.001190	0.000000	0.001190	87.8	170.2	259.1
198	-0.395662	-0.395664	0.000000	116.991236	272.256966	0.001412	0.000000	0.001412	36.1	148.1	185.4
199	-0.391516	-0.391518	0.000000	117.991236	270.298159	0.001270	0.000000	0.001270	44.5	143.6	198.3
200	-0.391414	-0.391416	0.000000	118.991236	268.367337	0.000727	0.000000	0.000727	101.1	225.1	327.4
201	-0.391036	-0.391038	0.000000	119.988932	266.468259	0.001194	0.000000	0.001194	110.9	129.3	253.1
202	-0.387373	-0.387374	0.000000	120.786822	264.968738	0.000992	0.000000	0.000992	49.5	92.2	143.1
203	-0.389522	-0.389524	0.000000	121.715928	263.243744	0.001538	0.000000	0.001538	53.6	120.0	174.7
204	-0.391933	-0.391934	0.000000	122.715928	261.412049	0.000914	0.000000	0.000914	101.5	136.9	239.6
205	-0.387554	-0.387556	0.000000	123.483846	260.022669	0.001356	0.000000	0.001356	68.7	150.5	220.4
206	-0.392836	-0.392837	0.000000	124.482232	258.238238	0.002116	0.000000	0.002116	58.1	183.4	242.7
207	-0.395324	-0.395326	0.000000	125.482232	256.475306	0.001292	0.000000	0.001292	69.5	160.4	231.3
208	-0.389808	-0.389809	0.000000	126.482232	254.736281	0.001518	0.000000	0.001518	92.9	84.2	178.3
209	-0.389512	-0.389513	0.000000	127.482232	253.020680	0.001356	0.000000	0.001356	89.4	109.6	200.3
210	-0.382763	-0.382764	0.000000	128.327228	251.588914	0.001805	0.000000	0.001805	34.2	154.5	189.8
211	-0.389583	-0.389584	0.000000	129.327228	249.915306	0.001071	0.000000	0.001071	55.3	175.1	231.5
212	-0.388348	-0.388350	0.000000	130.327228	248.263816	0.000964	0.000000	0.000964	33.8	137.1	172.1
213	-0.396312	-0.396313	0.000000	131.327200	246.634056	0.001221	0.000000	0.001221	51.1	119.6	171.8
214	-0.392403	-0.392404	0.000000	130.813001	247.469420	0.001233	0.000000	0.001233	93.1	107.8	202.1
215	-0.386650	-0.386652	0.000000	130.298518	248.310927	0.001204	0.000000	0.001204	50.8	111.7	163.7
216	-0.384756	-0.384757	0.000000	131.298518	246.680505	0.001428	0.000000	0.001428	81.2	144.0	226.5
217	-0.391131	-0.391133	0.000000	130.784035	247.516647	0.001199	0.000000	0.001199	38.5	140.7	180.3
218	-0.391603	-0.391605	0.000000	130.422927	248.106914	0.000920	0.000000	0.000920	60.4	182.3	243.8
219	-0.393465	-0.393467	0.000000	131.373344	246.559368	0.001092	0.000000	0.001092	60.8	151.9	213.8
220	-0.385128	-0.385130	0.000000	132.373343	244.951793	0.000845	0.000000	0.000845	42.5	185.5	229.2
221	-0.388707	-0.388709	0.000000	133.372580	243.366246	0.001396	0.000000	0.001396	50.1	153.5	204.8
222	-0.390225	-0.390226	0.000000	134.372580	241.799906	0.001218	0.000000	0.001218	49.4	96.1	146.7
223	-0.384318	-0.384320	0.000000	135.372580	240.253600	0.000846	0.000000	0.000846	87.5	99.4	188.7
224	-0.395995	-0.395996	0.000000	134.858328	241.046312	0.001453	0.000000	0.001453	75.0	107.4	184.0
225	-0.385157	-0.385158	0.000000	135.858327	239.509601	0.001185	0.000000	0.001185	74.3	163.7	241.4
226	-0.392251	-0.392253	0.000000	136.858327	237.992357	0.001477	0.000000	0.001477	83.2	151.5	236.3
227	-0.390527	-0.390528	0.000000	137.858312	236.494237	0.001375	0.000000	0.001375	48.6	140.1	190.1
228	-0.383930	-0.383932	0.000000	137.343831	237.262639	0.001538	0.000000	0.001538	49.1	139.9	190.2
229	-0.391083	-0.391085	0.000000	138.343831	235.773641	0.001336	0.000000	0.001336	74.0	139.8	215.0
230	-0.393929	-0.393930	0.000000	139.343831	234.303216	0.001505	0.000000	0.001505	30.6	155.8	187.7
231	-0.386380	-0.386381	0.000000	140.343831	232.851018	0.001102	0.000000	0.001102	42.6	134.9	178.7
232	-0.390973	-0.390975	0.000000	141.343830	231.416711	0.001030	0.000000	0.001030	66.9	104.4	172.5
233	-0.389979	-0.389980	0.000000	142.343736	230.000098	0.001122	0.000000	0.001122	80.8	98.2	180.4
234	-0.390841	-0.390842	0.000000	141.829265	230.726800	0.000956	0.000000	0.000956	70.5	121.0	192.8
235	-0.395780	-0.395781	0.000000	142.829265	229.318463	0.000899	0.000000	0.000899	82.9	159.7	243.8
236	-0.392613	-0.392614	0.000000	142.986999	229.097889	0.001140	0.000000	0.001140	94.5	104.1	199.7
237	-0.392801	-0.392803	0.000000	143.986841	227.709526	0.000998	0.000000	0.000998	41.0	155.7	197.8
238	-0.391122	-0.391124	0.000000	143.476988	228.415390	0.001159	0.000000	0.001159	75.2	172.9	249.4
239	-0.396456	-0.396457	0.000000	142.962505	229.132114	0.000987	0.000000	0.000987	58.0	155.2	214.8
240	-0.393556	-0.393558	0.000000	142.449507	229.851260	0.001036	0.000000	0.001036	38.4	201.5	241.0
241	-0.384834	-0.384836	0.000000	141.935042	230.577013	0.000840	0.000000	0.000840	95.6	129.7	226.6
242	-0.383944	-0.383945	0.000000	142.199417	230.203490	0.001357	0.000000	0.001357	73.5	144.0	219.3
243	-0.391508	-0.391510	0.000000	141.791057	230.780953	0.001860	0.000000	0.001860	58.2	143.9	203.5
244	-0.396562	-0.396563	0.000000	142.791057	229.371957	0.001194	0.000000	0.001194	93.8	98.9	194.4
245	-0.385376	-0.385378	0.000000	143.791057	227.980061	0.001029	0.000000	0.001029	48.3	113.9	163.4
246	-0.386408	-0.386409	0.000000	144.787213	226.610210	0.001557	0.000000	0.001557	68.2	168.3	237.9
247	-0.389781	-0.389782	0.000000	145.787213	225.251532	0.001433	0.000000	0.001433	68.2	133.2	202.7
248	-0.389752	-0.389754	0.000000	146.787213	223.909048	0.001229	0.000000	0.001229	31.4	143.5	176.1
249	-0.392378	-0.392379	0.000000	147.783367	222.587544	0.001064	0.000000	0.001064	85.2	156.0	242.3
250	-0.390394	-0.390395	0.000000	148.783367	221.276535	0.000837	0.000000	0.000837	47.6	116.5	165.3
251	-0.381817	-0.381818	0.000000	149.783365	219.980882	0.001047	0.000000	0.001047	42.6	124.9	168.8
252	-0.390174	-0.390176	0.000000	149.269909	220.644243	0.000902	0.000000	0.000902	59.9	199.9	260.9
253	-0.386546	-0.386547	0.000000	148.765821	221.299406	0.000905	0.000000	0.000905	52.6	98.2	152.9
254	-0.388897	-0.388898	0.000000	148.252017	221.971212	0.000884	0.000000	0.000884	76.4	103.8	181.4
255	-0.393886	-0.393887	0.000000	149.196870	220.738932	0.000979	0.000000	0.000979	99.2	132.1	232.5
256	-0.385732	-0.385733	0.000000	150.196288	219.450291	0.000765	0.000000	0.000765	72.8	113.3	187.3
257	-0.387994	-0.387995	0.000000	150.866346	218.594717	0.001283	0.000000	0.001283	67.1	141.7	210.1
258	-0.397896	-0.397898	0.000000	150.351973	219.250906	0.000809	0.000000	0.000809	86.5	161.2	249.4
259	-0.384210	-0.384211	0.000000	150.284662	219.337066	0.001190	0.000000	0.001190	37.6	139.9	178.7
260	-0.390811	-0.390812	0.000000	150.989218	218.438549	0.001431	0.000000	0.001431	60.4	113.4	174.9
261	-0.386395	-0.386397	0.000000	151.989218	217.175820	0.001065	0.000000	0.001065	76.5	85.9	163.8
262	-0.394899	-0.394900	0.000000	151.551094	217.727251	0.000923	0.000000	0.000923	72.4	132.1	205.6
263	-0.398450	-0.398451	0.000000	151.464251	217.836886	0.001003	0.000000	0.001003	44.1	182.9	228.7
264	-0.393296	-0.393298	0.000000	150.949770	218.488663	0.000988	0.000000	0.000988	53.3	141.2	196.1
265	-0.394191	-0.394193	0.000000	150.861638	218.600706	0.000881	0.000000	0.000881	65.8	131.8	198.9
266	-0.384340	-0.384342	0.000000	150.347187	219.257030	0.000914	0.000000	0.000914	70.7	114.7	186.6
267	-0.391477	-0.391479	0.000000	151.347186	217.984849	0.001407	0.000000	0.001407	70.1	107.0	179.4
268	-0.392788	-0.392790	0.000000	152.189752	216.924355	0.001081	0.000000	0.001081	66.1	124.3	191.9
269	-0.393596	-0.393598	0.000000	153.189752	215.679021	0.001107	0.000000	0.001107	53.2	136.1	190.5
270	-0.388088	-0.388089	0.000000	152.675286	216.317913	0.001050	0.000000	0.001050	75.8	126.1	203.3
271	-0.389691	-0.389692	0.000000	153.564838	215.215594	0.001320	0.000000	0.001320	52.8	126.0	179.9
272	-0.385157	-0.385158	0.000000	154.564837	213.989749	0.000777	0.000000	0.000777	47.1	111.9	160.3
273	-0.384087	-0.384089	0.000000	155.564837	212.777787	0.001586	0.000000	0.001586	50.3	195.6	247.0
274	-0.393830	-0.393832	0.000000	155.471873	212.889876	0.001233	0.000000	0.001233	45.1	106.5	153.9
275	-0.394664	-0.394665	0.000000	156.471873	211.690306	0.001188	0.000000	0.001188	58.7	127.8	187.6
276	-0.392232	-0.392233	0.000000	156.976368	211.090246	0.001196	0.000000	0.001196	53.1	185.0	239.3
277	-0.384133	-0.384135	0.000000	157.976368	209.910815	0.001563	0.000000	0.001563	35.2	122.1	158.5
278	-0.386118	-0.386119	0.000000	157.461884	210.515962	0.000979	0.000000	0.000979	47.0	116.3	164.3
279	-0.393088	-0.393090	0.000000	158.461884	209.342922	0.000883	0.000000	0.000883	76.7	128.2	206.5
280	-0.388284	-0.388285	0.000000	157.952899	209.938344	0.001039	0.000000	0.001039	47.6	132.5	181.4
281	-0.393206	-0.393208	0.000000	158.952896	208.771718	0.001525	0.000000	0.001525	82.6	148.9	232.8
282	-0.392261	-0.392262	0.000000	159.952895	207.617984	0.000811	0.000000	0.000811	45.0	189.3	235.4
283	-0.385343	-0.385345	0.000000	159.438422	208.209952	0.001212	0.000000	0.001212	32.4	109.5	143.0
284	-0.395064	-0.395065	0.000000	160.342253	207.172209	0.001327	0.000000	0.001327	56.2	140.2	197.6
285	-0.394098	-0.394099	0.000000	161.340795	206.037685	0.001214	0.000000	0.001214	53.6	108.6	163.4
286	-0.397149	-0.397151	0.000000	160.826315	206.620671	0.001821	0.000000	0.001821	63.7	181.6	247.6
287	-0.382988	-0.382990	0.000000	161.826315	205.490524	0.001389	0.000000	0.001389	57.6	170.9	229.8
288	-0.390371	-0.390372	0.000000	162.826315	204.372672	0.001063	0.000000	0.001063	64.3	171.4	236.8
289	-0.394604	-0.394605	0.000000	163.826315	203.266917	0.001027	0.000000	0.001027	65.9	110.2	177.2
290	-0.394019	-0.394020	0.000000	163.857894	203.232194	0.001150	0.000000	0.001150	56.9	106.3	164.5
291	-0.391446	-0.391448	0.000000	163.345658	203.796908	0.001046	0.000000	0.001046	67.8	151.2	220.2
292	-0.389318	-0.389320	0.000000	162.831175	204.367269	0.001263	0.000000	0.001263	92.5	142.8	236.6
293	-0.393329	-0.393331	0.000000	162.316768	204.940746	0.000795	0.000000	0.000795	46.0	152.1	199.3
294	-0.391530	-0.391532	0.000000	163.316148	203.829538	0.000870	0.000000	0.000869	67.2	139.9	208.4
295	-0.397343	-0.397345	0.000000	164.313871	202.732127	0.001011	0.000000	0.001011	60.9	134.8	196.8
296	-0.387865	-0.387867	0.000000	163.831929	203.260743	0.001209	0.000000	0.001209	63.9	152.4	217.5
297	-0.387973	-0.387974	0.000000	164.781761	202.221547	0.001155	0.000000	0.001155	57.4	131.0	189.9
298	-0.388512	-0.388514	0.000000	165.781493	201.139174	0.001093	0.000000	0.001093	61.7	166.3	229.5
299	-0.384030	-0.384032	0.000000	166.781489	200.068045	0.000925	0.000000	0.000925	51.2	166.5	219.0
300	-0.383865	-0.383867	0.000000	166.267006	200.617696	0.001005	0.000000	0.001005	48.9	149.4	199.4
301	-0.385787	-0.385788	0.000000	167.262053	199.557344	0.001109	0.000000	0.001109	61.4	187.4	249.9
302	-0.394896	-0.394898	0.000000	166.747728	200.104020	0.001003	0.000000	0.001003	23.6	170.4	197.0
303	-0.384847	-0.384849	0.000000	167.747676	199.043909	0.001184	0.000000	0.001184	40.8	121.8	163.8
304	-0.393154	-0.393156	0.000000	167.233195	199.587938	0.001027	0.000000	0.001027	61.5	168.3	231.2
305	-0.390230	-0.390232	0.000000	166.718712	200.134951	0.001088	0.000000	0.001088	35.6	98.0	135.3
306	-0.380436	-0.380437	0.000000	167.718712	199.074458	0.000952	0.000000	0.000952	64.6	109.0	174.8
307	-0.386060	-0.386061	0.000000	168.688151	198.057048	0.000843	0.000000	0.000843	90.8	158.2	251.3
308	-0.401417	-0.401418	0.000000	169.643018	197.065047	0.000915	0.000000	0.000915	68.2	169.1	238.6
309	-0.395604	-0.395606	0.000000	170.636266	196.043661	0.000865	0.000000	0.000865	60.1	144.5	205.9
310	-0.391274	-0.391276	0.000000	170.121786	196.571391	0.001607	0.000000	0.001607	28.8	125.9	156.2
311	-0.387626	-0.387628	0.000000	171.121786	195.548231	0.001022	0.000000	0.001022	72.6	151.3	225.5
312	-0.387656	-0.387657	0.000000	170.659516	196.019880	0.001194	0.000000	0.001194	32.0	150.7	183.8
313	-0.392405	-0.392407	0.000000	171.088743	195.581868	0.001419	0.000000	0.001419	87.1	141.1	229.5
314	-0.389053	-0.389054	0.000000	172.088204	194.569500	0.000970	0.000000	0.000970	75.1	107.6	184.1
315	-0.389293	-0.389294	0.000000	171.803081	194.857236	0.000777	0.000000	0.000777	102.6	151.6	255.4
316	-0.389383	-0.389384	0.000000	171.676809	194.984936	0.000769	0.000000	0.000769	38.4	155.0	194.8
317	-0.387680	-0.387682	0.000000	171.240792	195.427177	0.001271	0.000000	0.001271	59.4	143.6	204.3
318	-0.392794	-0.392796	0.000000	170.726311	195.951589	0.000766	0.000000	0.000766	69.0	162.6	232.8
319	-0.381579	-0.381581	0.000000	171.726311	194.934854	0.001040	0.000000	0.001040	91.7	165.3	258.0
320	-0.395496	-0.395497	0.000000	172.726303	193.928623	0.001110	0.000000	0.001110	82.1	136.6	220.2
321	-0.381335	-0.381337	0.000000	173.711523	192.947365	0.000935	0.000000	0.000935	49.1	162.7	213.1
322	-0.390748	-0.390750	0.000000	173.197040	193.458537	0.000687	0.000000	0.000687	66.4	150.6	218.2
323	-0.389273	-0.389275	0.000000	174.033992	192.628346	0.001049	0.000000	0.001049	44.3	169.7	215.1
324	-0.385914	-0.385915	0.000000	175.031144	191.648503	0.000868	0.000000	0.000868	38.7	188.9	229.1
325	-0.404805	-0.404807	0.000000	174.518029	192.151462	0.000913	0.000000	0.000913	95.4	129.5	226.0
326	-0.398041	-0.398043	0.000000	174.003606	192.658362	0.001702	0.000000	0.001702	62.4	115.6	179.1
327	-0.388466	-0.388467	0.000000	174.824292	191.850944	0.001070	0.000000	0.001070	47.2	120.1	168.5
328	-0.393900	-0.393902	0.000000	175.824284	190.876219	0.001706	0.000000	0.001706	64.5	114.2	179.9
329	-0.386516	-0.386518	0.000000	175.309801	191.376462	0.001043	0.000000	0.001043	54.8	207.9	264.7
330	-0.397152	-0.397153	0.000000	176.309801	190.406534	0.000848	0.000000	0.000848	47.8	139.0	188.0
331	-0.386347	-0.386348	0.000000	177.282030	189.472920	0.001138	0.000000	0.001138	42.7	111.8	156.8
332	-0.394341	-0.394343	0.000000	178.281116	188.523007	0.001409	0.000000	0.001409	47.8	126.6	175.6
333	-0.388133	-0.388135	0.000000	179.281116	187.581715	0.001008	0.000000	0.001008	70.1	167.7	239.3
334	-0.388108	-0.388110	0.000000	178.998922	187.846389	0.001099	0.000000	0.001099	49.4	178.0	228.6
335	-0.383909	-0.383910	0.000000	178.484623	188.330683	0.001347	0.000000	0.001347	44.2	146.9	192.7
336	-0.394989	-0.394991	0.000000	178.310463	188.495248	0.000971	0.000000	0.000971	57.2	98.0	156.3
337	-0.391354	-0.391356	0.000000	179.310463	187.554233	0.000924	0.000000	0.000924	79.2	132.4	214.6
338	-0.390734	-0.390736	0.000000	180.296017	186.635959	0.000861	0.000000	0.000861	84.3	118.9	205.4
339	-0.389635	-0.389636	0.000000	181.239259	185.765491	0.000950	0.000000	0.000950	88.7	99.5	189.5
340	-0.390736	-0.390737	0.000000	180.724816	186.239234	0.001076	0.000000	0.001076	55.7	135.1	192.4
341	-0.384763	-0.384764	0.000000	181.573441	185.459037	0.000839	0.000000	0.000839	62.0	135.4	198.9
342	-0.400518	-0.400520	0.000000	182.572707	184.548684	0.001202	0.000000	0.001202	68.5	116.0	185.8
343	-0.393739	-0.393741	0.000000	183.486849	183.723674	0.000785	0.000000	0.000785	91.7	155.2	248.1
344	-0.398307	-0.398309	0.000000	184.262602	183.029324	0.001604	0.000000	0.001604	66.7	129.9	198.4
345	-0.389347	-0.389348	0.000000	185.177249	182.217366	0.001289	0.000000	0.001289	82.0	128.1	211.4
346	-0.391993	-0.391995	0.000000	186.177249	181.337842	0.001014	0.000000	0.001014	75.5	120.5	197.1
347	-0.387784	-0.387785	0.000000	185.662801	181.789249	0.001126	0.000000	0.001126	66.4	211.2	279.1
348	-0.391711	-0.391712	0.000000	185.160046	182.232571	0.001060	0.000000	0.001060	63.6	158.4	223.4
349	-0.387489	-0.387491	0.000000	186.132583	181.376946	0.001199	0.000000	0.001199	56.1	173.6	231.1
350	-0.388381	-0.388383	0.000000	187.096688	180.536632	0.001333	0.000000	0.001333	44.9	108.7	154.7
351	-0.399261	-0.399262	0.000000	187.969512	179.782567	0.001516	0.000000	0.001516	83.4	121.1	205.7
352	-0.386908	-0.386910	0.000000	188.969512	178.926335	0.000955	0.000000	0.000955	45.3	169.0	216.5
353	-0.386107	-0.386109	0.000000	188.455029	179.365831	0.000919	0.000000	0.000919	57.7	123.3	183.0
354	-0.387566	-0.387568	0.000000	188.033777	179.727295	0.000782	0.000000	0.000782	41.7	153.4	196.5
355	-0.388804	-0.388805	0.000000	188.990383	178.908551	0.000928	0.000000	0.000928	64.8	179.3	245.3
356	-0.390282	-0.390283	0.000000	188.709739	179.147976	0.001012	0.000000	0.001012	28.2	112.1	141.6
357	-0.390765	-0.390767	0.000000	188.359660	179.447537	0.000947	0.000000	0.000947	83.1	103.3	188.7
358	-0.396142	-0.396144	0.000000	187.845176	179.889600	0.001040	0.000000	0.001040	27.8	158.6	187.5
359	-0.384295	-0.384297	0.000000	187.882576	179.857392	0.001017	0.000000	0.001017	49.7	176.7	227.7
360	-0.391591	-0.391592	0.000000	187.368965	180.300724	0.001664	0.000000	0.001664	36.7	200.5	238.4
361	-0.384450	-0.384452	0.000000	188.006447	179.750797	0.000561	0.000000	0.000561	43.3	172.8	217.4
362	-0.386375	-0.386377	0.000000	187.491973	180.194349	0.001362	0.000000	0.001362	70.1	107.6	181.5
363	-0.399024	-0.399025	0.000000	187.454063	180.227119	0.000981	0.000000	0.000981	68.0	150.9	220.1
364	-0.386894	-0.386896	0.000000	186.939643	180.672982	0.001115	0.000000	0.001115	74.6	150.8	226.7
365	-0.393869	-0.393871	0.000000	187.939643	179.808268	0.001153	0.000000	0.001153	48.0	170.1	219.5
366	-0.391833	-0.391835	0.000000	187.425160	180.252112	0.001018	0.000000	0.001018	48.6	182.5	232.4
367	-0.394399	-0.394400	0.000000	186.915598	180.693876	0.000700	0.000000	0.000700	25.7	165.3	192.3
368	-0.389217	-0.389218	0.000000	186.401828	181.141485	0.001341	0.000000	0.001341	58.8	135.5	195.4
369	-0.388286	-0.388287	0.000000	187.401828	180.272292	0.001146	0.000000	0.001146	65.6	100.2	167.0
370	-0.397747	-0.397749	0.000000	186.887345	180.718433	0.001074	0.000000	0.001074	89.4	100.6	191.1
371	-0.384086	-0.384088	0.000000	187.887345	179.853285	0.000990	0.000000	0.000990	87.9	167.8	257.0
372	-0.387273	-0.387275	0.000000	187.372865	180.297349	0.001030	0.000000	0.001030	83.7	147.8	232.7
373	-0.388413	-0.388415	0.000000	188.372865	179.436219	0.000965	0.000000	0.000965	57.1	159.1	217.5
374	-0.389303	-0.389304	0.000000	189.372519	178.583569	0.001147	0.000000	0.001147	58.8	132.3	194.5
375	-0.387109	-0.387111	0.000000	190.372519	177.738693	0.001175	0.000000	0.001175	96.4	183.0	280.8
376	-0.395672	-0.395674	0.000000	189.858036	178.172366	0.000828	0.000000	0.000828	32.1	104.0	137.3
377	-0.385432	-0.385433	0.000000	189.343553	178.608162	0.001725	0.000000	0.001725	61.7	139.0	201.8
378	-0.387028	-0.387030	0.000000	190.343493	177.763104	0.000826	0.000000	0.000826	86.4	127.0	214.7
379	-0.395214	-0.395216	0.000000	189.829076	178.196841	0.000778	0.000000	0.000778	73.6	137.7	212.5
380	-0.390896	-0.390898	0.000000	189.355332	178.598160	0.000893	0.000000	0.000893	33.6	115.1	150.2
381	-0.393954	-0.393955	0.000000	189.534350	178.446297	0.001272	0.000000	0.001272	59.8	129.3	194.3
382	-0.390191	-0.390193	0.000000	190.534286	177.602771	0.000925	0.000000	0.000925	45.7	132.4	179.3
383	-0.393201	-0.393203	0.000000	191.247443	177.006021	0.001272	0.000000	0.001272	49.4	171.9	223.1
384	-0.392426	-0.392428	0.000000	192.247380	176.176023	0.001043	0.000000	0.001043	42.8	141.1	185.0
385	-0.390749	-0.390751	0.000000	192.900036	175.638471	0.000952	0.000000	0.000952	91.0	155.6	247.8
386	-0.392174	-0.392175	0.000000	192.385553	176.061944	0.001354	0.000000	0.001354	68.6	131.9	201.7
387	-0.392139	-0.392141	0.000000	191.894001	176.468454	0.001914	0.000000	0.001914	77.1	123.1	201.3
388	-0.395101	-0.395103	0.000000	192.894001	175.643427	0.001892	0.000000	0.001892	78.6	84.7	164.8
389	-0.391394	-0.391395	0.000000	193.894001	174.826077	0.001147	0.000000	0.001147	58.6	131.3	191.2
390	-0.391764	-0.391766	0.000000	194.886880	174.022040	0.001291	0.000000	0.001291	71.1	164.0	236.2
391	-0.386280	-0.386281	0.000000	195.885246	173.220982	0.001406	0.000000	0.001406	49.2	168.4	219.9
392	-0.391659	-0.391660	0.000000	196.885246	172.425971	0.001038	0.000000	0.001038	59.7	177.0	238.6
393	-0.394672	-0.394673	0.000000	197.885246	171.638226	0.001154	0.000000	0.001154	36.9	135.5	173.6
394	-0.389558	-0.389560	0.000000	197.370781	172.042592	0.000748	0.000000	0.000748	55.5	95.8	154.4
395	-0.391695	-0.391697	0.000000	196.869764	172.438224	0.001261	0.000000	0.001261	73.6	124.4	199.3
396	-0.389625	-0.389627	0.000000	197.833844	171.678542	0.000755	0.000000	0.000755	97.4	135.7	234.3
397	-0.388323	-0.388325	0.000000	198.833844	170.897595	0.001107	0.000000	0.001107	79.8	129.7	210.8
398	-0.388322	-0.388323	0.000000	198.329414	171.290638	0.001474	0.000000	0.001474	65.8	180.2	247.3
399	-0.393047	-0.393049	0.000000	198.563143	171.108296	0.001472	0.000000	0.001472	43.9	167.4	212.5
400	-0.386437	-0.386438	0.000000	199.563143	170.332517	0.000929	0.000000	0.000929	40.0	176.7	218.3
401	-0.393444	-0.393446	0.000000	200.400372	169.688402	0.000975	0.000000	0.000975	36.8	167.5	205.5
402	-0.391382	-0.391383	0.000000	201.398686	168.926696	0.001304	0.000000	0.001304	77.8	171.5	250.5
403	-0.396311	-0.396313	0.000000	202.214457	168.309328	0.001288	0.000000	0.001288	49.0	157.8	208.2
404	-0.393311	-0.393312	0.000000	203.214457	167.558666	0.001056	0.000000	0.001056	67.5	155.0	223.6
405	-0.391369	-0.391371	0.000000	204.214457	166.814670	0.001366	0.000000	0.001366	67.4	113.2	181.8
406	-0.391294	-0.391296	0.000000	205.214457	166.077252	0.000988	0.000000	0.000988	69.4	121.6	192.5
407	-0.398049	-0.398050	0.000000	206.214457	165.346324	0.000978	0.000000	0.000978	66.3	160.4	227.9
408	-0.397935	-0.397937	0.000000	205.877245	165.592082	0.001092	0.000000	0.001092	96.4	246.5	344.3
409	-0.385920	-0.385922	0.000000	205.709855	165.714346	0.000985	0.000000	0.000985	79.5	159.8	242.6
410	-0.398569	-0.398571	0.000000	206.413176	165.201840	0.000877	0.000000	0.000877	78.4	157.5	237.2
411	-0.390398	-0.390399	0.000000	205.903373	165.573014	0.000991	0.000000	0.000991	35.2	114.9	151.4
412	-0.388188	-0.388190	0.000000	205.435283	165.915289	0.000937	0.000000	0.000937	50.3	127.6	179.1
413	-0.395700	-0.395702	0.000000	206.290980	165.290656	0.001390	0.000000	0.001390	61.6	143.8	206.7
414	-0.392735	-0.392737	0.000000	205.777740	165.664740	0.000843	0.000000	0.000843	53.6	130.2	185.0
415	-0.385214	-0.385215	0.000000	206.777732	164.937437	0.001214	0.000000	0.001214	73.7	159.6	234.5
416	-0.385449	-0.385450	0.000000	207.502095	164.414577	0.000731	0.000000	0.000731	38.6	168.8	208.7
417	-0.390778	-0.390780	0.000000	208.496684	163.702040	0.001208	0.000000	0.001208	35.6	132.0	168.9
418	-0.390315	-0.390317	0.000000	208.356316	163.802227	0.000888	0.000000	0.000888	49.3	159.3	209.8
419	-0.392737	-0.392739	0.000000	207.842758	164.169824	0.001246	0.000000	0.001246	49.0	124.0	174.6
420	-0.392123	-0.392124	0.000000	208.400324	163.770803	0.000737	0.000000	0.000737	60.1	149.5	210.8
421	-0.389570	-0.389572	0.000000	208.661198	163.584775	0.001069	0.000000	0.001069	91.1	119.9	212.5
422	-0.389749	-0.389751	0.000000	208.146984	163.951865	0.001210	0.000000	0.001210	88.4	117.7	207.4
423	-0.395792	-0.395794	0.000000	209.146983	163.239486	0.001496	0.000000	0.001496	59.5	134.6	195.4
424	-0.388239	-0.388241	0.000000	208.632989	163.604870	0.001214	0.000000	0.001214	80.9	113.4	195.6
425	-0.391822	-0.391824	0.000000	209.632830	162.895609	0.001388	0.000000	0.001388	67.2	115.1	184.0
426	-0.393815	-0.393816	0.000000	210.632830	162.192360	0.001028	0.000000	0.001028	72.3	122.3	196.2
427	-0.397639	-0.397641	0.000000	211.601897	161.516633	0.000744	0.000000	0.000744	100.1	124.1	225.8
428	-0.392067	-0.392069	0.000000	212.501442	160.894404	0.000792	0.000000	0.000792	101.4	127.7	230.2
429	-0.387802	-0.387804	0.000000	212.081572	161.184236	0.001416	0.000000	0.001416	108.8	166.1	276.0
430	-0.388620	-0.388622	0.000000	213.079816	160.496859	0.001274	0.000000	0.001274	81.3	97.1	179.6
431	-0.392813	-0.392815	0.000000	213.020144	160.537784	0.001442	0.000000	0.001442	67.0	115.6	183.8
432	-0.390952	-0.390954	0.000000	214.020142	159.854704	0.001274	0.000000	0.001274	68.8	134.3	204.3
433	-0.384977	-0.384979	0.000000	215.020142	159.177411	0.000888	0.000000	0.000888	68.3	152.2	221.6
434	-0.386098	-0.386099	0.000000	214.506232	159.524761	0.001524	0.000000	0.001524	82.5	179.0	263.5
435	-0.397867	-0.397868	0.000000	215.506232	158.850255	0.001120	0.000000	0.001120	47.7	115.6	164.5
436	-0.390730	-0.390732	0.000000	215.232199	159.034524	0.001309	0.000000	0.001309	66.7	124.5	192.3
437	-0.386377	-0.386379	0.000000	214.718102	159.381376	0.000771	0.000000	0.000771	79.1	124.1	204.9
438	-0.390534	-0.390536	0.000000	214.896521	159.260828	0.001085	0.000000	0.001085	56.3	92.5	150.0
439	-0.391912	-0.391913	0.000000	214.393799	159.600955	0.001926	0.000000	0.001926	39.8	160.7	201.6
440	-0.392274	-0.392276	0.000000	215.393799	158.925807	0.001127	0.000000	0.001127	39.3	152.1	193.0
441	-0.394709	-0.394711	0.000000	216.393799	158.256346	0.000632	0.000000	0.000632	80.3	108.3	190.4
442	-0.385852	-0.385854	0.000000	215.881065	158.598895	0.001441	0.000000	0.001441	75.0	124.5	201.1
443	-0.392252	-0.392254	0.000000	216.881065	157.932180	0.001109	0.000000	0.001109	72.1	104.7	178.1
444	-0.387006	-0.387008	0.000000	217.881065	157.271047	0.001455	0.000000	0.001455	55.5	127.6	184.3
445	-0.392542	-0.392543	0.000000	217.366582	157.610496	0.001024	0.000000	0.001023	103.2	148.0	252.8
446	-0.382138	-0.382140	0.000000	216.920590	157.905943	0.001261	0.000000	0.001261	54.5	139.1	194.8
447	-0.390336	-0.390338	0.000000	217.899896	157.258650	0.001107	0.000000	0.001107	48.8	144.8	194.8
448	-0.393684	-0.393686	0.000000	217.385610	157.597916	0.000949	0.000000	0.000949	61.9	121.4	184.8
449	-0.393752	-0.393754	0.000000	217.290989	157.660495	0.001178	0.000000	0.001178	72.8	153.5	227.6
450	-0.384888	-0.384890	0.000000	218.290989	157.001630	0.001386	0.000000	0.001386	40.5	122.5	165.5
451	-0.388367	-0.388369	0.000000	217.776780	157.339735	0.001049	0.000000	0.001049	28.3	138.9	168.5
452	-0.393046	-0.393048	0.000000	218.776779	156.683543	0.001168	0.000000	0.001168	88.1	145.5	234.8
453	-0.395271	-0.395273	0.000000	218.262295	157.020458	0.001109	0.000000	0.001109	80.9	128.8	210.8
454	-0.395639	-0.395641	0.000000	217.747812	157.358825	0.000811	0.000000	0.000811	91.5	161.2	253.8
455	-0.395352	-0.395354	0.000000	218.747812	156.702474	0.001285	0.000000	0.001285	62.2	118.6	187.1
456	-0.392763	-0.392765	0.000000	218.233329	157.039470	0.001310	0.000000	0.001310	57.3	112.0	170.4
457	-0.391800	-0.391802	0.000000	219.233167	156.385880	0.000892	0.000000	0.000892	80.1	239.6	320.9
458	-0.395043	-0.395045	0.000000	219.223808	156.391973	0.000985	0.000000	0.000985	93.3	146.9	241.5
459	-0.393454	-0.393455	0.000000	219.661483	156.107553	0.000792	0.000000	0.000792	89.1	112.3	203.4
460	-0.394965	-0.394967	0.000000	219.147278	156.441812	0.001163	0.000000	0.001163	55.8	152.1	209.3
461	-0.398307	-0.398308	0.000000	220.125120	155.807389	0.001210	0.000000	0.001210	35.4	158.3	194.8
462	-0.397725	-0.397727	0.000000	219.611332	156.140091	0.001059	0.000000	0.001059	35.6	149.6	186.6
463	-0.394128	-0.394130	0.000000	220.611332	155.493846	0.000995	0.000000	0.000995	56.2	158.1	215.8
464	-0.396042	-0.396044	0.000000	220.096860	155.825652	0.001313	0.000000	0.001313	63.7	177.1	242.0
465	-0.393283	-0.393285	0.000000	221.096860	155.182002	0.001216	0.000000	0.001216	42.0	180.4	227.2
466	-0.384501	-0.384502	0.000000	222.096860	154.543647	0.001086	0.000000	0.001086	32.8	176.4	210.8
467	-0.397894	-0.397896	0.000000	223.096846	153.910531	0.001082	0.000000	0.001082	54.3	137.3	195.0
468	-0.387924	-0.387926	0.000000	223.440974	153.693854	0.000955	0.000000	0.000955	50.3	126.7	178.6
469	-0.388476	-0.388478	0.000000	222.945352	154.006112	0.000788	0.000000	0.000788	85.3	108.0	195.4
470	-0.392165	-0.392167	0.000000	223.767027	153.489119	0.001852	0.000000	0.001852	89.0	93.1	183.4
471	-0.405031	-0.405033	0.000000	224.767027	152.864588	0.002154	0.000000	0.002154	67.1	160.2	228.4
472	-0.388566	-0.388568	0.000000	225.767027	152.245119	0.001094	0.000000	0.001094	55.8	186.4	243.4
473	-0.393125	-0.393127	0.000000	226.767027	151.630650	0.001467	0.000000	0.001467	28.2	202.9	232.6
474	-0.386924	-0.386925	0.000000	226.252561	151.946152	0.001025	0.000000	0.001025	68.6	245.1	314.9
475	-0.383394	-0.383396	0.000000	226.286221	151.925469	0.001320	0.000000	0.001320	81.2	132.1	214.4
476	-0.394116	-0.394118	0.000000	227.286221	151.313573	0.001097	0.000000	0.001097	68.7	107.9	177.8
477	-0.391215	-0.391217	0.000000	226.771738	151.627767	0.000793	0.000000	0.000793	127.1	145.3	273.6
478	-0.389773	-0.389775	0.000000	226.850248	151.579736	0.000973	0.000000	0.000974	68.5	143.6	213.5
479	-0.391040	-0.391042	0.000000	227.850234	150.970625	0.001116	0.000000	0.001116	85.8	128.3	215.8
480	-0.396138	-0.396140	0.000000	227.335751	151.283394	0.001408	0.000000	0.001408	38.0	187.6	226.7
481	-0.383355	-0.383356	0.000000	228.210020	150.752668	0.000851	0.000000	0.000851	54.4	180.5	236.0
482	-0.389169	-0.389171	0.000000	227.733699	151.041356	0.001150	0.000000	0.001150	37.3	153.2	193.4
483	-0.401573	-0.401575	0.000000	228.311100	150.691547	0.001239	0.000000	0.001239	59.0	145.1	205.4
484	-0.385719	-0.385721	0.000000	229.311100	150.089529	0.001193	0.000000	0.001193	68.3	123.3	193.1
485	-0.390734	-0.390736	0.000000	228.796617	150.398655	0.001394	0.000000	0.001394	61.4	155.4	218.0
486	-0.393602	-0.393604	0.000000	229.796216	149.799211	0.000761	0.000000	0.000761	90.1	180.1	271.4
487	-0.392572	-0.392574	0.000000	229.531281	149.957623	0.001018	0.000000	0.001018	58.7	166.5	226.4
488	-0.395832	-0.395834	0.000000	230.497250	149.381654	0.002276	0.000000	0.002276	35.9	160.8	197.9
489	-0.393685	-0.393687	0.000000	229.983035	149.687708	0.000798	0.000000	0.000798	27.0	182.1	210.3
490	-0.394284	-0.394286	0.000000	230.982944	149.093723	0.000856	0.000000	0.000856	62.6	159.4	223.6
491	-0.388633	-0.388635	0.000000	231.893017	148.557187	0.000867	0.000000	0.000867	86.2	155.1	242.5
492	-0.392815	-0.392817	0.000000	232.578251	148.155747	0.001032	0.000000	0.001032	59.6	115.0	177.8
493	-0.386739	-0.386740	0.000000	232.066326	148.455450	0.001275	0.000000	0.001275	66.3	159.1	226.5
494	-0.393775	-0.393777	0.000000	233.066323	147.871134	0.001167	0.000000	0.001167	49.0	111.9	162.9
495	-0.397494	-0.397496	0.000000	234.066323	147.291398	0.000958	0.000000	0.000958	79.2	132.7	213.7
496	-0.399374	-0.399376	0.000000	233.611728	147.554378	0.001669	0.000000	0.001669	92.2	137.1	230.6
497	-0.384712	-0.384714	0.000000	234.608505	146.978972	0.001085	0.000000	0.001085	46.0	155.8	203.1
498	-0.388285	-0.388287	0.000000	235.608505	146.406197	0.000827	0.000000	0.000827	55.1	157.3	213.6
499	-0.384747	-0.384749	0.000000	235.094026	146.700319	0.001019	0.000000	0.001019	55.9	143.9	201.0
500	-0.387204	-0.387206	0.000000	234.586815	146.991445	0.001602	0.000000	0.001602	77.2	149.6	228.5
501	-0.398313	-0.398315	0.000000	234.072332	147.287928	0.000959	0.000000	0.000959	53.0	152.8	207.1
502	-0.393942	-0.393944	0.000000	235.072332	146.712747	0.001008	0.000000	0.001007	79.9	163.5	245.7
503	-0.393958	-0.393960	0.000000	236.072332	146.142041	0.001643	0.000000	0.001643	77.1	128.1	206.6
504	-0.397664	-0.397666	0.000000	237.072332	145.575758	0.001090	0.000000	0.001090	60.6	160.1	221.9
505	-0.386985	-0.386987	0.000000	237.249530	145.475871	0.000639	0.000000	0.000639	47.3	170.7	219.1
506	-0.394467	-0.394469	0.000000	237.507637	145.330620	0.000934	0.000000	0.000934	78.8	154.6	234.6
507	-0.394496	-0.394498	0.000000	237.014946	145.608135	0.001144	0.000000	0.001144	47.0	170.7	219.4
508	-0.396129	-0.396131	0.000000	238.014946	145.045974	0.000675	0.000000	0.000675	75.2	177.6	254.5
509	-0.392093	-0.392094	0.000000	237.622072	145.266314	0.001157	0.000000	0.001157	62.0	180.7	243.9
510	-0.399450	-0.399452	0.000000	237.107590	145.555872	0.000721	0.000000	0.000721	51.5	159.1	211.7
511	-0.393382	-0.393384	0.000000	237.942997	145.086277	0.000952	0.000000	0.000952	45.3	98.4	144.9
512	-0.390826	-0.390828	0.000000	238.942817	144.528230	0.000803	0.000000	0.000803	64.9	188.1	254.2
513	-0.392544	-0.392546	0.000000	238.429623	144.814130	0.001573	0.000000	0.001573	64.2	169.7	235.1
514	-0.393872	-0.393874	0.000000	238.004160	145.052015	0.001285	0.000000	0.001285	53.0	167.1	221.3
515	-0.399477	-0.399479	0.000000	237.489679	145.340717	0.001662	0.000000	0.001662	56.3	131.2	189.4
516	-0.390708	-0.390710	0.000000	236.975196	145.630572	0.001053	0.000000	0.001053	78.5	102.4	182.1
517	-0.392485	-0.392487	0.000000	237.975193	145.068239	0.001576	0.000000	0.001576	59.0	135.6	196.0
518	-0.394332	-0.394334	0.000000	237.460710	145.357007	0.000797	0.000000	0.000797	92.5	148.0	242.8
519	-0.394262	-0.394263	0.000000	238.460710	144.796780	0.001381	0.000000	0.001381	31.5	183.6	216.7
520	-0.388354	-0.388356	0.000000	237.946227	145.084467	0.000964	0.000000	0.000964	51.3	163.4	215.9
521	-0.391246	-0.391248	0.000000	237.431746	145.373298	0.001417	0.000000	0.001417	43.7	136.7	181.6
522	-0.388778	-0.388780	0.000000	238.402582	144.829226	0.000950	0.000000	0.000950	64.9	137.3	204.2
523	-0.396588	-0.396590	0.000000	237.888632	145.116744	0.001258	0.000000	0.001258	77.8	110.2	189.2
524	-0.391493	-0.391495	0.000000	237.374149	145.405705	0.000853	0.000000	0.000853	68.7	161.6	231.5
525	-0.382545	-0.382547	0.000000	237.031226	145.598949	0.001043	0.000000	0.001043	77.7	214.4	295.6
526	-0.391627	-0.391629	0.000000	237.987112	145.061563	0.000922	0.000000	0.000922	29.9	160.8	192.1
527	-0.393151	-0.393152	0.000000	238.986538	144.503925	0.001223	0.000000	0.001223	49.0	124.8	175.2
528	-0.393128	-0.393130	0.000000	238.695710	144.665753	0.001242	0.000000	0.001242	107.2	151.8	260.2
529	-0.394866	-0.394868	0.000000	239.588691	144.170014	0.001142	0.000000	0.001142	91.4	140.0	233.0
530	-0.390204	-0.390206	0.000000	240.588689	143.618883	0.001058	0.000000	0.001058	47.9	187.3	236.8
531	-0.393628	-0.393630	0.000000	240.083190	143.896952	0.001015	0.000000	0.001015	56.8	179.8	237.7
532	-0.388080	-0.388082	0.000000	239.588787	144.169961	0.001373	0.000000	0.001373	33.4	124.0	158.8
533	-0.401619	-0.401621	0.000000	240.588779	143.618833	0.000868	0.000000	0.000868	62.1	142.7	206.7
534	-0.394775	-0.394777	0.000000	240.074299	143.901852	0.001598	0.000000	0.001598	74.6	196.1	272.1
535	-0.397895	-0.397897	0.000000	241.074299	143.352764	0.000851	0.000000	0.000851	46.5	180.6	228.3
536	-0.394720	-0.394722	0.000000	240.964127	143.413053	0.001243	0.000000	0.001243	34.2	137.0	172.5
537	-0.393626	-0.393628	0.000000	240.449644	143.695263	0.001023	0.000000	0.001023	66.3	132.0	199.5
538	-0.386250	-0.386252	0.000000	239.935161	143.978585	0.000784	0.000000	0.000784	77.4	158.3	237.4
539	-0.393174	-0.393176	0.000000	240.935094	143.428949	0.000923	0.000000	0.000923	51.5	162.9	215.5
540	-0.388699	-0.388701	0.000000	240.420612	143.711221	0.000859	0.000000	0.000859	57.2	104.1	162.5
541	-0.396761	-0.396763	0.000000	239.997315	143.944298	0.001229	0.000000	0.001229	54.8	118.0	174.1
542	-0.400756	-0.400758	0.000000	240.289613	143.783271	0.001119	0.000000	0.001119	49.3	146.4	198.3
543	-0.400063	-0.400065	0.000000	241.289612	143.235086	0.000966	0.000000	0.000965	51.6	126.0	179.0
544	-0.398505	-0.398507	0.000000	240.775501	143.516391	0.001569	0.000000	0.001569	73.0	165.9	240.5
545	-0.393411	-0.393413	0.000000	241.775501	142.970235	0.001115	0.000000	0.001115	74.5	168.9	244.5
546	-0.393808	-0.393810	0.000000	241.261018	143.250703	0.000840	0.000000	0.000840	27.1	151.7	181.8
547	-0.389643	-0.389645	0.000000	240.838636	143.481787	0.001118	0.000000	0.001118	66.0	173.3	241.0
548	-0.397009	-0.397011	0.000000	240.324155	143.764266	0.001345	0.000000	0.001345	49.7	100.3	151.2
549	-0.396109	-0.396111	0.000000	239.809742	144.047822	0.001044	0.000000	0.001044	53.7	159.3	214.2
550	-0.397764	-0.397766	0.000000	239.295273	144.332530	0.000857	0.000000	0.000857	75.4	153.0	230.0
551	-0.397646	-0.397648	0.000000	238.782813	144.617247	0.001202	0.000000	0.001202	71.2	126.7	199.0
552	-0.397129	-0.397131	0.000000	239.782811	144.062698	0.000886	0.000000	0.000886	72.8	140.2	214.5
553	-0.393811	-0.393812	0.000000	240.277493	143.789941	0.001428	0.000000	0.001428	66.5	151.4	219.1
554	-0.398420	-0.398422	0.000000	241.277491	143.241706	0.001071	0.000000	0.001071	43.9	114.5	159.9
555	-0.391898	-0.391900	0.000000	242.277484	142.697639	0.001046	0.000000	0.001046	97.7	104.3	203.1
556	-0.388994	-0.388996	0.000000	243.277378	142.157742	0.000988	0.000000	0.000988	100.2	97.4	198.8
557	-0.388170	-0.388172	0.000000	242.766672	142.432988	0.001135	0.000000	0.001135	55.9	158.2	215.4
558	-0.387127	-0.387129	0.000000	243.765716	141.895544	0.000960	0.000000	0.000960	43.4	123.8	168.3
559	-0.391451	-0.391453	0.000000	244.765716	141.361632	0.000907	0.000000	0.000907	77.8	150.6	229.6
560	-0.391325	-0.391327	0.000000	244.251235	141.635817	0.001316	0.000000	0.001316	90.4	143.9	235.5
561	-0.395349	-0.395350	0.000000	245.184028	141.139480	0.001178	0.000000	0.001178	53.6	131.9	186.6
562	-0.392504	-0.392506	0.000000	244.669648	141.412749	0.000921	0.000000	0.000921	35.5	126.2	163.1
563	-0.388753	-0.388755	0.000000	244.155165	141.687133	0.001082	0.000000	0.001082	66.5	117.1	184.8
564	-0.397539	-0.397541	0.000000	245.155165	141.154786	0.001506	0.000000	0.001506	100.2	147.2	248.9
565	-0.389335	-0.389337	0.000000	244.641160	141.427915	0.000893	0.000000	0.000893	74.3	155.6	231.1
566	-0.382910	-0.382912	0.000000	244.126676	141.702358	0.001515	0.000000	0.001515	42.9	120.0	164.0
567	-0.395527	-0.395529	0.000000	245.126633	141.169919	0.001054	0.000000	0.001054	63.2	138.4	203.2
568	-0.393259	-0.393261	0.000000	246.124969	140.642320	0.001183	0.000000	0.001183	50.9	129.0	181.1
569	-0.395239	-0.395241	0.000000	247.124790	140.117873	0.001299	0.000000	0.001299	67.5	116.9	186.0
570	-0.395478	-0.395480	0.000000	248.124789	139.597231	0.001265	0.000000	0.001265	57.5	164.1	222.9
571	-0.394652	-0.394654	0.000000	249.124789	139.080443	0.001691	0.000000	0.001691	61.1	158.0	220.3
572	-0.390764	-0.390766	0.000000	248.610306	139.345843	0.000917	0.000000	0.000917	46.5	156.3	204.0
573	-0.401193	-0.401195	0.000000	248.095823	139.612257	0.000919	0.000000	0.000919	60.2	104.5	166.5
574	-0.398492	-0.398494	0.000000	249.095758	139.095392	0.001218	0.000000	0.001218	79.0	112.3	192.5
575	-0.396852	-0.396854	0.000000	248.581280	139.360846	0.000675	0.000000	0.000675	91.3	96.9	189.3
576	-0.390968	-0.390969	0.000000	248.073522	139.623829	0.001280	0.000000	0.001280	63.4	124.1	188.7
577	-0.390811	-0.390813	0.000000	249.072427	139.107408	0.001702	0.000000	0.001702	73.7	179.0	253.7
578	-0.390703	-0.390705	0.000000	248.557943	139.372911	0.001019	0.000000	0.001019	73.7	129.9	205.4
579	-0.389196	-0.389198	0.000000	249.557943	138.857780	0.001010	0.000000	0.001010	64.4	155.9	232.1
580	-0.388731	-0.388733	0.000000	249.213229	139.034922	0.001204	0.000000	0.001204	59.6	161.4	222.2
581	-0.391592	-0.391593	0.000000	250.213229	138.522282	0.001870	0.000000	0.001870	51.6	176.1	228.9
582	-0.394227	-0.394229	0.000000	249.698753	138.785550	0.001412	0.000000	0.001412	63.1	96.2	160.5
583	-0.395696	-0.395698	0.000000	250.698753	138.274743	0.001104	0.000000	0.001103	42.2	140.9	184.7
584	-0.393860	-0.393862	0.000000	250.184272	138.537073	0.000950	0.000000	0.000950	75.2	148.9	225.5
585	-0.403438	-0.403440	0.000000	251.111834	138.064834	0.001366	0.000000	0.001366	50.6	152.4	205.0
586	-0.392211	-0.392212	0.000000	250.597351	138.326368	0.001021	0.000000	0.001021	52.5	175.0	228.7
587	-0.391577	-0.391579	0.000000	250.082868	138.588895	0.001260	0.000000	0.001260	22.4	175.9	199.5
588	-0.391577	-0.391579	0.000000	251.082832	138.079551	0.001264	0.000000	0.001264	29.9	143.8	175.3
589	-0.396170	-0.396172	0.000000	252.082419	137.574127	0.001535	0.000000	0.001535	38.3	129.5	168.9
590	-0.388386	-0.388388	0.000000	252.887052	137.169957	0.001351	0.000000	0.001351	45.6	135.3	182.2
591	-0.389677	-0.389679	0.000000	253.887052	136.670953	0.000897	0.000000	0.000897	64.5	120.3	185.9
592	-0.402779	-0.402781	0.000000	254.887052	136.175565	0.000954	0.000000	0.000953	77.8	164.1	243.1
593	-0.398349	-0.398351	0.000000	255.468454	135.889193	0.001012	0.000000	0.001011	72.4	144.7	218.7
594	-0.395535	-0.395536	0.000000	254.953971	136.142543	0.000894	0.000000	0.000894	81.7	136.9	220.1
595	-0.396410	-0.396412	0.000000	254.958003	136.140554	0.000981	0.000000	0.000981	69.6	99.1	170.3
596	-0.387953	-0.387955	0.000000	255.944321	135.655698	0.001166	0.000000	0.001166	86.5	132.2	219.9
597	-0.389983	-0.389985	0.000000	256.944321	135.167630	0.001133	0.000000	0.001133	71.8	178.0	251.6
598	-0.396478	-0.396480	0.000000	257.944321	134.683062	0.000807	0.000000	0.000807	67.7	111.3	180.3
599	-0.399582	-0.399584	0.000000	257.429847	134.931925	0.000925	0.000000	0.000925	94.9	159.7	255.8
600	-0.393381	-0.393383	0.000000	256.915365	135.181714	0.001181	0.000000	0.001181	49.5	187.8	238.6
601	-0.391786	-0.391788	0.000000	256.401902	135.431931	0.001164	0.000000	0.001164	47.1	262.3	312.3
602	-0.388656	-0.388658	0.000000	257.183082	135.051618	0.001347	0.000000	0.001347	45.7	244.6	291.5
603	-0.397899	-0.397901	0.000000	256.668599	135.301851	0.001059	0.000000	0.001059	97.4	160.2	259.1
604	-0.394387	-0.394389	0.000000	257.668599	134.816321	0.000671	0.000000	0.000671	65.9	156.0	223.0
605	-0.376117	-0.376119	0.000000	257.154193	135.065644	0.001373	0.000000	0.001373	46.4	179.5	227.1
606	-0.390641	-0.390642	0.000000	258.153541	134.582120	0.001085	0.000000	0.001085	43.0	182.6	227.0
607	-0.395420	-0.395422	0.000000	259.129545	134.113220	0.001059	0.000000	0.001059	36.1	145.8	183.2
608	-0.396760	-0.396762	0.000000	260.128821	133.636513	0.001210	0.000000	0.001210	79.1	175.8	256.1
609	-0.391612	-0.391614	0.000000	261.128821	133.162841	0.000939	0.000000	0.000939	48.6	192.2	242.0
610	-0.390703	-0.390705	0.000000	262.128821	132.692515	0.000772	0.000000	0.000772	70.1	124.6	195.9
611	-0.389870	-0.389872	0.000000	261.704664	132.891600	0.001012	0.000000	0.001012	74.2	179.6	254.9
612	-0.385587	-0.385589	0.000000	261.195541	133.131357	0.001010	0.000000	0.001010	24.3	121.7	147.2
613	-0.393786	-0.393787	0.000000	260.714087	133.358881	0.001404	0.000000	0.001404	69.5	86.9	157.8
614	-0.392020	-0.392022	0.000000	261.714087	132.887171	0.001173	0.000000	0.001173	82.9	148.5	233.7
615	-0.388009	-0.388011	0.000000	261.199604	133.129440	0.001430	0.000000	0.001430	69.2	115.7	186.5
616	-0.386515	-0.386517	0.000000	262.199604	132.659349	0.001458	0.000000	0.001458	89.5	124.6	215.4
617	-0.382277	-0.382279	0.000000	263.199604	132.192567	0.001470	0.000000	0.001470	83.8	127.3	212.4
618	-0.392956	-0.392958	0.000000	262.722499	132.414861	0.000977	0.000000	0.000977	62.8	120.0	183.9
619	-0.394037	-0.394039	0.000000	263.722499	131.949794	0.001269	0.000000	0.001269	81.5	171.2	253.9
620	-0.393007	-0.393009	0.000000	264.320706	131.673147	0.001060	0.000000	0.001060	91.5	142.0	234.7
621	-0.391893	-0.391895	0.000000	263.806223	131.911006	0.000882	0.000000	0.000882	76.5	124.1	201.9
622	-0.389037	-0.389039	0.000000	263.539761	132.034536	0.000797	0.000000	0.000797	61.2	120.2	182.7
623	-0.391201	-0.391203	0.000000	263.285759	132.152505	0.001097	0.000000	0.001097	58.9	149.0	209.2
624	-0.396376	-0.396378	0.000000	262.771276	132.392101	0.001471	0.000000	0.001471	75.4	105.3	181.8
625	-0.392547	-0.392549	0.000000	263.771009	131.927317	0.000975	0.000000	0.000975	50.8	168.2	220.2
626	-0.393957	-0.393959	0.000000	264.768697	131.466727	0.000934	0.000000	0.000934	46.1	151.9	199.1
627	-0.395829	-0.395831	0.000000	265.657685	131.059020	0.000957	0.000000	0.000957	91.1	114.5	206.9
628	-0.392511	-0.392513	0.000000	265.158506	131.287641	0.000775	0.000000	0.000775	59.3	112.6	173.1
629	-0.401992	-0.401994	0.000000	264.710969	131.493290	0.000778	0.000000	0.000778	53.8	189.1	244.5
630	-0.396832	-0.396834	0.000000	264.461673	131.608124	0.001106	0.000000	0.001106	48.6	156.9	206.6
631	-0.388797	-0.388799	0.000000	265.455276	131.151626	0.001009	0.000000	0.001009	60.2	156.4	217.8
632	-0.382742	-0.382744	0.000000	264.940793	131.387603	0.000988	0.000000	0.000988	26.7	156.3	184.1
633	-0.387335	-0.387337	0.000000	264.426939	131.624140	0.001675	0.000000	0.001675	57.3	143.1	201.6
634	-0.396941	-0.396943	0.000000	265.426938	131.164602	0.000961	0.000000	0.000961	43.6	159.9	204.9
635	-0.395766	-0.395768	0.000000	266.426432	130.708491	0.001152	0.000000	0.001152	59.0	170.3	230.8
636	-0.392252	-0.392254	0.000000	265.915550	130.941231	0.000955	0.000000	0.000955	34.2	145.7	181.5
637	-0.386200	-0.386202	0.000000	265.456548	131.151044	0.000783	0.000000	0.000783	59.7	148.5	209.5
638	-0.392280	-0.392282	0.000000	266.116119	130.849760	0.001411	0.000000	0.001411	64.8	155.5	221.7
639	-0.391416	-0.391418	0.000000	267.115962	130.395675	0.001359	0.000000	0.001359	53.9	139.0	194.1
640	-0.392911	-0.392913	0.000000	268.115962	129.944660	0.001083	0.000000	0.001083	42.4	167.2	210.9
641	-0.393383	-0.393385	0.000000	269.115962	129.496754	0.000750	0.000000	0.000750	59.5	105.6	166.3
642	-0.390900	-0.390902	0.000000	268.631614	129.713310	0.001183	0.000000	0.001183	41.6	131.8	175.2
643	-0.389029	-0.389031	0.000000	268.118793	129.943387	0.001274	0.000000	0.001274	81.8	180.5	263.9
644	-0.391801	-0.391803	0.000000	269.117144	129.496226	0.000831	0.000000	0.000831	39.4	128.7	171.3
645	-0.394654	-0.394656	0.000000	270.081414	129.067242	0.000932	0.000000	0.000932	65.4	107.8	174.7
646	-0.385857	-0.385859	0.000000	269.578445	129.290647	0.000905	0.000000	0.000905	74.8	166.6	242.6
647	-0.390994	-0.390996	0.000000	269.758624	129.210528	0.001557	0.000000	0.001557	53.5	127.0	181.9
648	-0.389189	-0.389191	0.000000	270.701055	128.793073	0.001117	0.000000	0.001117	67.8	195.9	264.8
649	-0.391034	-0.391036	0.000000	271.687567	128.358972	0.001280	0.000000	0.001280	115.8	152.8	269.9
650	-0.387970	-0.387972	0.000000	272.687539	127.921925	0.000888	0.000000	0.000888	40.7	169.0	210.8
651	-0.387300	-0.387302	0.000000	273.687427	127.487880	0.000708	0.000000	0.000708	40.3	192.0	233.6
652	-0.386001	-0.386003	0.000000	273.210369	127.694600	0.001056	0.000000	0.001056	61.2	134.7	197.1
653	-0.396632	-0.396634	0.000000	272.695908	127.918280	0.001097	0.000000	0.001097	52.2	106.5	160.4
654	-0.394586	-0.394588	0.000000	273.577009	127.535667	0.000716	0.000000	0.000716	75.4	165.1	241.7
655	-0.398040	-0.398042	0.000000	274.574240	127.105377	0.001233	0.000000	0.001233	63.5	93.2	157.9
656	-0.393267	-0.393269	0.000000	275.571534	126.677954	0.001282	0.000000	0.001282	63.7	143.6	209.3
657	-0.391790	-0.391792	0.000000	275.057051	126.898093	0.001371	0.000000	0.001371	69.2	131.9	202.4
658	-0.388454	-0.388456	0.000000	276.057051	126.470909	0.000716	0.000000	0.000716	65.7	157.3	224.3
659	-0.392822	-0.392824	0.000000	275.542590	126.690319	0.000872	0.000000	0.000872	96.2	94.0	191.7
660	-0.391062	-0.391064	0.000000	276.410542	126.320590	0.001006	0.000000	0.001006	48.2	132.4	181.8
661	-0.392824	-0.392826	0.000000	277.410493	125.897300	0.000914	0.000000	0.000914	50.4	156.0	207.6
662	-0.397244	-0.397246	0.000000	278.408531	125.477638	0.001423	0.000000	0.001423	61.9	111.2	174.4
663	-0.387226	-0.387228	0.000000	277.905248	125.688912	0.000951	0.000000	0.000951	53.7	140.4	195.3
664	-0.388518	-0.388520	0.000000	278.365457	125.495692	0.000940	0.000000	0.000940	62.8	148.4	212.6
665	-0.391431	-0.391433	0.000000	279.364190	125.078410	0.000821	0.000000	0.000822	91.0	107.6	199.8
666	-0.395366	-0.395368	0.000000	280.284310	124.696422	0.001101	0.000000	0.001101	125.3	152.6	279.0
667	-0.390230	-0.390232	0.000000	280.871400	124.453907	0.001953	0.000000	0.001953	53.5	102.9	157.9
668	-0.392746	-0.392748	0.000000	281.871400	124.042994	0.001410	0.000000	0.001410	34.1	128.7	164.9
669	-0.395760	-0.395762	0.000000	282.871400	123.634785	0.001107	0.000000	0.001107	52.7	135.3	189.2
670	-0.397857	-0.397859	0.000000	283.871400	123.229254	0.001183	0.000000	0.001183	79.9	127.6	209.0
671	-0.390921	-0.390923	0.000000	283.357467	123.437337	0.001286	0.000000	0.001286	45.9	135.4	184.0
672	-0.395354	-0.395356	0.000000	284.357467	123.033098	0.000941	0.000000	0.000941	66.8	124.7	192.6
673	-0.391386	-0.391388	0.000000	283.842984	123.240741	0.001118	0.000000	0.001118	78.4	142.0	222.3
674	-0.391031	-0.391033	0.000000	283.362531	123.435283	0.001251	0.000000	0.001251	61.9	143.2	206.5
675	-0.385678	-0.385680	0.000000	282.848063	123.644281	0.001140	0.000000	0.001140	31.8	140.4	173.5
676	-0.402023	-0.402025	0.000000	282.333580	123.853994	0.001293	0.000000	0.001293	82.7	151.2	235.2
677	-0.395259	-0.395261	0.000000	283.332851	123.447321	0.001024	0.000000	0.001024	62.1	137.2	200.4
678	-0.389360	-0.389362	0.000000	284.271155	123.067884	0.001321	0.000000	0.001321	65.7	128.0	194.8
679	-0.388457	-0.388459	0.000000	285.271155	122.666058	0.000877	0.000000	0.000877	63.2	165.4	229.9
680	-0.386248	-0.386250	0.000000	284.756672	122.872463	0.000805	0.000000	0.000805	45.6	150.5	198.0
681	-0.392377	-0.392379	0.000000	284.925710	122.804570	0.000873	0.000000	0.000873	84.2	104.1	189.4
682	-0.391606	-0.391608	0.000000	284.777900	122.863933	0.000990	0.000000	0.000990	61.2	167.3	231.9
683	-0.388087	-0.388089	0.000000	284.263419	123.071004	0.000680	0.000000	0.000680	46.3	94.5	142.1
684	-0.389285	-0.389287	0.000000	285.252985	122.673336	0.000917	0.000000	0.000917	35.8	109.4	146.4
685	-0.388663	-0.388665	0.000000	285.754831	122.472644	0.001144	0.000000	0.001144	49.3	89.0	141.5
686	-0.396129	-0.396131	0.000000	285.244535	122.676721	0.001067	0.000000	0.001067	60.5	107.8	174.9
687	-0.398909	-0.398911	0.000000	284.730051	122.883161	0.000925	0.000000	0.000925	53.7	151.9	207.3
688	-0.392193	-0.392195	0.000000	285.729594	122.482721	0.001115	0.000000	0.001115	88.7	200.5	290.3
689	-0.384571	-0.384573	0.000000	286.377742	122.224449	0.000950	0.000000	0.000950	85.7	213.1	300.0
690	-0.396816	-0.396818	0.000000	287.377687	121.828125	0.001192	0.000000	0.001192	53.8	160.7	215.6
691	-0.389734	-0.389736	0.000000	288.055903	121.560775	0.001078	0.000000	0.001078	20.2	131.8	153.4
692	-0.393997	-0.393999	0.000000	289.055860	121.168732	0.000871	0.000000	0.000871	74.5	115.7	191.5
693	-0.392311	-0.392313	0.000000	288.558059	121.363583	0.000865	0.000000	0.000865	78.9	147.8	227.9
694	-0.391637	-0.391639	0.000000	288.043581	121.565622	0.001610	0.000000	0.001610	82.7	180.0	265.2
695	-0.393243	-0.393245	0.000000	289.043581	121.173530	0.001230	0.000000	0.001230	78.9	166.4	246.6
696	-0.391624	-0.391626	0.000000	290.043581	120.783959	0.001223	0.000000	0.001223	69.0	179.9	250.2
697	-0.397310	-0.397312	0.000000	291.043581	120.396885	0.001142	0.000000	0.001142	31.3	135.2	167.7
698	-0.386336	-0.386338	0.000000	292.043581	120.012284	0.001192	0.000000	0.001192	58.4	156.2	215.9
699	-0.396798	-0.396800	0.000000	293.043581	119.630133	0.001190	0.000000	0.001190	59.8	141.2	202.2
700	-0.395655	-0.395657	0.000000	294.041405	119.251231	0.001232	0.000000	0.001232	58.9	134.0	194.1
701	-0.388887	-0.388889	0.000000	293.526922	119.446294	0.001555	0.000000	0.001555	33.4	173.8	208.4
702	-0.392335	-0.392337	0.000000	294.526922	119.067733	0.001015	0.000000	0.001015	80.5	142.5	224.2
703	-0.400400	-0.400402	0.000000	295.526922	118.691564	0.000968	0.000000	0.000968	63.0	179.7	245.0
704	-0.387197	-0.387199	0.000000	296.526921	118.317764	0.000950	0.000000	0.000950	78.1	151.3	230.7
705	-0.393462	-0.393464	0.000000	296.012438	118.509783	0.001588	0.000000	0.001588	71.2	151.1	230.4
706	-0.390201	-0.390203	0.000000	297.012438	118.137126	0.000956	0.000000	0.000956	93.5	183.5	278.1
707	-0.391784	-0.391786	0.000000	298.012438	117.766804	0.000690	0.000000	0.000690	54.7	132.4	188.9
708	-0.394488	-0.394490	0.000000	297.764727	117.858320	0.001283	0.000000	0.001283	56.3	69.2	126.6
709	-0.385309	-0.385311	0.000000	298.764727	117.489742	0.000958	0.000000	0.000958	71.2	152.1	224.5
710	-0.400339	-0.400341	0.000000	299.764727	117.123462	0.000808	0.000000	0.000808	30.4	208.6	240.2
711	-0.391885	-0.391887	0.000000	299.252032	117.310966	0.000761	0.000000	0.000761	58.4	171.7	231.6
712	-0.391425	-0.391427	0.000000	300.227575	116.954702	0.000953	0.000000	0.000953	32.4	101.8	136.5
713	-0.391107	-0.391109	0.000000	300.287103	116.933033	0.000874	0.000000	0.000874	75.4	95.8	172.4
714	-0.384502	-0.384504	0.000000	299.772687	117.120556	0.001219	0.000000	0.001219	109.8	120.0	231.0
715	-0.391834	-0.391836	0.000000	300.765572	116.759152	0.001098	0.000000	0.001098	86.5	108.7	196.4
716	-0.393022	-0.393024	0.000000	300.251089	116.946141	0.000798	0.000000	0.000798	85.9	152.4	239.8
717	-0.391889	-0.391891	0.000000	299.736797	117.133661	0.001319	0.000000	0.001319	54.1	171.3	226.9
718	-0.389435	-0.389437	0.000000	300.736797	116.769594	0.001225	0.000000	0.001225	61.9	170.5	233.5
719	-0.392707	-0.392709	0.000000	300.222318	116.956616	0.001079	0.000000	0.001079	56.5	84.8	142.5
720	-0.385896	-0.385898	0.000000	301.220592	116.594272	0.000888	0.000000	0.000888	80.3	109.4	190.9
721	-0.389473	-0.389475	0.000000	300.706108	116.780733	0.001186	0.000000	0.001186	31.9	194.1	227.2
722	-0.392147	-0.392149	0.000000	301.706108	116.418854	0.001133	0.000000	0.001133	49.2	166.7	217.2
723	-0.392625	-0.392627	0.000000	302.706108	116.059210	0.001306	0.000000	0.001306	51.7	207.9	260.9
724	-0.394671	-0.394673	0.000000	302.191625	116.243963	0.000666	0.000000	0.000666	75.9	143.3	220.8
725	-0.388147	-0.388149	0.000000	303.137246	115.904839	0.001138	0.000000	0.001138	49.9	141.6	192.6
726	-0.388475	-0.388477	0.000000	303.161093	115.896312	0.001263	0.000000	0.001263	72.9	175.8	250.1
727	-0.393400	-0.393402	0.000000	304.161093	115.539885	0.001562	0.000000	0.001562	51.7	107.7	160.6
728	-0.389923	-0.389925	0.000000	305.161093	115.185643	0.001951	0.000000	0.001951	74.5	100.7	176.3
729	-0.392566	-0.392568	0.000000	304.646609	115.367623	0.000775	0.000000	0.000775	61.7	121.9	184.8
730	-0.386106	-0.386108	0.000000	305.646609	115.014435	0.001659	0.000000	0.001659	55.1	131.4	189.5
731	-0.390642	-0.390644	0.000000	305.132131	115.195872	0.001136	0.000000	0.001136	44.3	131.0	177.1
732	-0.384362	-0.384364	0.000000	304.617648	115.377884	0.001391	0.000000	0.001391	39.7	127.2	168.0
733	-0.392897	-0.392899	0.000000	304.482423	115.425819	0.000785	0.000000	0.000785	59.2	120.7	181.1
734	-0.393669	-0.393671	0.000000	305.475782	115.074616	0.000742	0.000000	0.000742	65.1	160.8	227.0
735	-0.393854	-0.393856	0.000000	306.319553	114.777974	0.001188	0.000000	0.001188	40.3	158.9	200.3
736	-0.402813	-0.402815	0.000000	305.805141	114.958642	0.001106	0.000000	0.001106	88.4	132.4	222.3
737	-0.392412	-0.392414	0.000000	306.805141	114.607950	0.001266	0.000000	0.001266	63.4	151.8	216.9
738	-0.393219	-0.393221	0.000000	307.805141	114.259391	0.000857	0.000000	0.000857	35.9	119.9	165.0
739	-0.391187	-0.391189	0.000000	308.804631	113.913122	0.001237	0.000000	0.001237	66.5	117.5	185.8
740	-0.394935	-0.394937	0.000000	309.794852	113.572128	0.000924	0.000000	0.000924	87.3	139.7	228.4
741	-0.390901	-0.390903	0.000000	309.283923	113.747817	0.000672	0.000000	0.000672	68.4	179.8	249.5
742	-0.390878	-0.390880	0.000000	309.629903	113.628788	0.001838	0.000000	0.001838	69.0	160.8	231.0
743	-0.394567	-0.394569	0.000000	310.562558	113.309161	0.001634	0.000000	0.001634	43.7	120.9	194.2
744	-0.400842	-0.400844	0.000000	311.562558	112.968446	0.001110	0.000000	0.001110	157.7	119.6	279.6
745	-0.390754	-0.390756	0.000000	312.562558	112.629773	0.000918	0.000000	0.000918	89.3	185.8	276.3
746	-0.396595	-0.396597	0.000000	312.048075	112.803761	0.001003	0.000000	0.001003	33.3	124.2	159.1
747	-0.398487	-0.398489	0.000000	312.629261	112.607255	0.001179	0.000000	0.001179	46.1	144.6	191.9
748	-0.390389	-0.390391	0.000000	313.629096	112.270797	0.000910	0.000000	0.000910	46.3	167.4	215.3
749	-0.398499	-0.398501	0.000000	313.456303	112.328800	0.001448	0.000000	0.001448	45.1	144.0	190.4
750	-0.393443	-0.393445	0.000000	314.456303	111.993947	0.001271	0.000000	0.001271	56.4	118.9	176.8
751	-0.389672	-0.389674	0.000000	315.456303	111.661083	0.001853	0.000000	0.001853	82.2	116.1	199.9
752	-0.388079	-0.388081	0.000000	316.456303	111.330193	0.000902	0.000000	0.000902	82.2	133.9	217.4
753	-0.386043	-0.386045	0.000000	317.456303	111.001258	0.001123	0.000000	0.001123	101.0	144.1	246.3
754	-0.395492	-0.395494	0.000000	316.952212	111.166827	0.001057	0.000000	0.001057	62.4	124.0	187.7
755	-0.389000	-0.389002	0.000000	316.437730	111.336320	0.001078	0.000000	0.001078	69.4	187.9	261.0
756	-0.391789	-0.391791	0.000000	317.436366	111.007797	0.001260	0.000000	0.001260	30.4	154.4	186.0
757	-0.393418	-0.393420	0.000000	318.436334	110.680771	0.000915	0.000000	0.000915	36.0	120.2	157.8
758	-0.392829	-0.392831	0.000000	319.425706	110.359102	0.001070	0.000000	0.001070	92.6	132.2	225.9
759	-0.398512	-0.398514	0.000000	318.911276	110.526122	0.001378	0.000000	0.001378	42.2	147.9	191.3
760	-0.397125	-0.397127	0.000000	319.911275	110.201915	0.001607	0.000000	0.001606	100.2	176.0	277.4
761	-0.388150	-0.388152	0.000000	320.911275	109.879603	0.001870	0.000000	0.001870	73.5	160.0	234.9
762	-0.391452	-0.391454	0.000000	321.911275	109.559172	0.001432	0.000000	0.001432	54.6	126.2	182.7
763	-0.395900	-0.395902	0.000000	321.396792	109.723794	0.000982	0.000000	0.000982	52.3	140.1	193.6
764	-0.385127	-0.385129	0.000000	320.882322	109.888909	0.000797	0.000000	0.000797	48.3	162.4	212.9
765	-0.392026	-0.392028	0.000000	321.832273	109.584419	0.001003	0.000000	0.001003	54.1	196.0	251.4
766	-0.397111	-0.397113	0.000000	321.339253	109.742237	0.001248	0.000000	0.001248	51.4	173.3	225.9
767	-0.391191	-0.391194	0.000000	322.339253	109.422605	0.000976	0.000000	0.000976	39.8	166.9	208.4
768	-0.395272	-0.395274	0.000000	322.013395	109.526554	0.001185	0.000000	0.001185	45.0	169.9	216.1
769	-0.400189	-0.400191	0.000000	322.711066	109.304236	0.001320	0.000000	0.001320	55.6	163.8	220.6
770	-0.387132	-0.387134	0.000000	323.711047	108.987152	0.001276	0.000000	0.001276	37.9	179.1	218.7
771	-0.393037	-0.393039	0.000000	323.196576	109.150055	0.000911	0.000000	0.000911	79.1	164.1	244.8
772	-0.395368	-0.395370	0.000000	324.194745	108.834436	0.001902	0.000000	0.001902	62.8	178.6	242.8
773	-0.393230	-0.393232	0.000000	323.680262	108.996886	0.001456	0.000000	0.001456	23.8	180.4	205.3
774	-0.395018	-0.395020	0.000000	324.680262	108.681575	0.001106	0.000000	0.001106	60.2	183.1	244.6
775	-0.397657	-0.397659	0.000000	324.165779	108.843569	0.001084	0.000000	0.001084	75.3	112.1	188.6
776	-0.397603	-0.397605	0.000000	323.651718	109.005913	0.001230	0.000000	0.001230	72.5	171.9	245.6
777	-0.395743	-0.395745	0.000000	323.876766	108.934782	0.001182	0.000000	0.001182	67.9	151.0	220.2
778	-0.390304	-0.390306	0.000000	323.362291	109.097530	0.001145	0.000000	0.001145	56.2	170.3	227.8
779	-0.398707	-0.398709	0.000000	324.361175	108.781988	0.001366	0.000000	0.001366	53.0	128.6	182.9
780	-0.389502	-0.389504	0.000000	323.846692	108.944282	0.001356	0.000000	0.001356	32.0	134.5	167.8
781	-0.394183	-0.394185	0.000000	324.765311	108.654842	0.001098	0.000000	0.001098	57.8	100.3	159.3
782	-0.396279	-0.396281	0.000000	325.765257	108.341521	0.001677	0.000000	0.001677	116.1	171.8	289.1
783	-0.389580	-0.389582	0.000000	325.250774	108.502502	0.001258	0.000000	0.001258	62.8	126.4	190.4
784	-0.389592	-0.389594	0.000000	326.250773	108.190041	0.001324	0.000000	0.001324	59.1	166.9	228.1
785	-0.393102	-0.393104	0.000000	325.739049	108.349710	0.001016	0.000000	0.001016	63.3	92.4	156.8
786	-0.392073	-0.392075	0.000000	325.225384	108.510459	0.001479	0.000000	0.001479	65.8	123.7	190.7
787	-0.389606	-0.389608	0.000000	324.964137	108.592398	0.001325	0.000000	0.001324	48.5	159.8	209.4
788	-0.392044	-0.392046	0.000000	325.964137	108.279419	0.001109	0.000000	0.001109	46.8	124.1	172.1
789	-0.389336	-0.389339	0.000000	325.449654	108.440216	0.001049	0.000000	0.001049	50.2	123.6	175.0
790	-0.392671	-0.392673	0.000000	326.437049	108.132035	0.001170	0.000000	0.001170	78.7	147.9	227.9
791	-0.394088	-0.394090	0.000000	325.937521	108.287726	0.001063	0.000000	0.001063	63.8	131.9	197.0
792	-0.400726	-0.400728	0.000000	325.526205	108.416260	0.001109	0.000000	0.001109	65.6	123.6	190.4
793	-0.396380	-0.396382	0.000000	325.022893	108.573959	0.001249	0.000000	0.001249	78.9	143.5	223.6
794	-0.395435	-0.395437	0.000000	326.022893	108.261086	0.001098	0.000000	0.001098	68.7	148.1	218.1
795	-0.395949	-0.395951	0.000000	326.674424	108.058208	0.000889	0.000000	0.000889	83.8	139.1	224.2
796	-0.391790	-0.391792	0.000000	326.161711	108.217796	0.001300	0.000000	0.001300	58.8	164.2	224.2
797	-0.395597	-0.395599	0.000000	325.658484	108.374891	0.001622	0.000000	0.001622	87.7	159.2	248.1
798	-0.396714	-0.396717	0.000000	326.658484	108.063163	0.001073	0.000000	0.001073	60.8	113.0	175.1
799	-0.398925	-0.398927	0.000000	327.658484	107.753223	0.000839	0.000000	0.000839	64.9	78.6	144.6
800	-0.387995	-0.387997	0.000000	327.145189	107.912091	0.000760	0.000000	0.000760	57.3	148.1	206.6
801	-0.398200	-0.398202	0.000000	326.729618	108.041056	0.001114	0.000000	0.001114	50.2	105.6	156.9
802	-0.392933	-0.392935	0.000000	327.729197	107.731373	0.001380	0.000000	0.001380	69.2	122.6	193.0
803	-0.394509	-0.394511	0.000000	327.844884	107.695646	0.001227	0.000000	0.001227	79.3	157.3	238.7
804	-0.393576	-0.393578	0.000000	327.330401	107.854713	0.001305	0.000000	0.001305	78.2	192.7	272.1
805	-0.396533	-0.396535	0.000000	328.330401	107.545966	0.001003	0.000000	0.001003	57.5	161.5	220.2
806	-0.396415	-0.396417	0.000000	327.815917	107.704590	0.000899	0.000000	0.000899	38.3	111.5	151.2
807	-0.394196	-0.394198	0.000000	328.815913	107.396702	0.001112	0.000000	0.001112	70.9	123.1	195.2
808	-0.390940	-0.390942	0.000000	328.301432	107.554885	0.001235	0.000000	0.001235	65.4	196.8	263.5
809	-0.391634	-0.391637	0.000000	327.786950	107.713535	0.001462	0.000000	0.001462	54.2	125.5	181.0
810	-0.393823	-0.393825	0.000000	328.786827	107.405632	0.001100	0.000000	0.001100	79.6	186.2	267.1
811	-0.392816	-0.392818	0.000000	328.272343	107.563842	0.001124	0.000000	0.001124	45.4	191.4	237.9
812	-0.390045	-0.390047	0.000000	329.271252	107.257090	0.001302	0.000000	0.001302	45.8	97.7	145.1
813	-0.388873	-0.388875	0.000000	328.756769	107.414863	0.000761	0.000000	0.000761	92.6	99.4	193.2
814	-0.392733	-0.392735	0.000000	329.751650	107.110188	0.000673	0.000000	0.000673	72.6	127.3	201.1
815	-0.387267	-0.387269	0.000000	329.237215	107.267514	0.000830	0.000000	0.000830	76.3	147.8	225.2
816	-0.389221	-0.389223	0.000000	328.746937	107.417882	0.001265	0.000000	0.001265	53.4	107.0	161.9
817	-0.392210	-0.392212	0.000000	329.746836	107.111658	0.001178	0.000000	0.001178	37.8	161.1	200.2
818	-0.383310	-0.383312	0.000000	329.324285	107.240853	0.001292	0.000000	0.001292	88.6	126.5	216.4
819	-0.395034	-0.395037	0.000000	330.324282	106.935607	0.000937	0.000000	0.000937	57.0	139.3	197.6
820	-0.399714	-0.399716	0.000000	331.324282	106.632092	0.001171	0.000000	0.001171	61.7	139.5	202.4
821	-0.386143	-0.386145	0.000000	330.888595	106.764117	0.000943	0.000000	0.000943	61.9	144.3	207.3
822	-0.393260	-0.393263	0.000000	330.394917	106.914111	0.000656	0.000000	0.000656	50.4	106.3	158.0
823	-0.395765	-0.395767	0.000000	331.389178	106.612455	0.000865	0.000000	0.000865	118.1	112.2	231.5
824	-0.393021	-0.393023	0.000000	330.874880	106.768279	0.000789	0.000000	0.000788	83.2	112.2	196.6
825	-0.392927	-0.392929	0.000000	331.874679	106.465772	0.001135	0.000000	0.001135	56.1	160.0	217.3
826	-0.392277	-0.392279	0.000000	331.493722	106.580835	0.001494	0.000000	0.001494	84.1	141.2	228.9
827	-0.388022	-0.388024	0.000000	332.493722	106.279328	0.000985	0.000000	0.000985	62.2	133.2	197.3
828	-0.387190	-0.387192	0.000000	333.458362	105.990094	0.000909	0.000000	0.000909	48.7	151.6	201.5
829	-0.393743	-0.393745	0.000000	332.944375	106.144010	0.001745	0.000000	0.001745	48.0	191.9	241.1
830	-0.400258	-0.400260	0.000000	333.944347	105.844974	0.001137	0.000000	0.001137	44.6	149.2	195.1
831	-0.392499	-0.392502	0.000000	334.944347	105.547610	0.001164	0.000000	0.001164	50.3	136.8	188.2
832	-0.392761	-0.392763	0.000000	335.944347	105.251913	0.000939	0.000000	0.000939	81.2	164.1	246.4
833	-0.391048	-0.391050	0.000000	336.944347	104.957867	0.001273	0.000000	0.001273	36.9	138.8	176.8
834	-0.388160	-0.388162	0.000000	336.429897	105.108934	0.000565	0.000000	0.000565	53.4	120.6	175.3
835	-0.393061	-0.393063	0.000000	337.401681	104.823937	0.001054	0.000000	0.001054	112.0	134.7	247.9
836	-0.387861	-0.387864	0.000000	338.370306	104.541401	0.001641	0.000000	0.001641	104.9	100.5	206.6
837	-0.392497	-0.392499	0.000000	339.367014	104.252259	0.001118	0.000000	0.001118	74.1	110.5	185.8
838	-0.397737	-0.397740	0.000000	338.852531	104.401309	0.001178	0.000000	0.001178	73.8	153.8	228.9
839	-0.387361	-0.387363	0.000000	339.852530	104.111991	0.000913	0.000000	0.000913	71.7	143.5	216.5
840	-0.397279	-0.397282	0.000000	339.343348	104.259106	0.000973	0.000000	0.000973	84.6	160.0	247.3
841	-0.395022	-0.395024	0.000000	338.830372	104.407738	0.000880	0.000000	0.000880	78.2	177.3	256.8
842	-0.395041	-0.395043	0.000000	339.795859	104.128344	0.001325	0.000000	0.001325	63.0	164.1	228.4
843	-0.394936	-0.394938	0.000000	339.388234	104.246120	0.000847	0.000000	0.000847	27.4	132.7	161.3
844	-0.398031	-0.398033	0.000000	340.388008	103.957725	0.001284	0.000000	0.001284	55.1	112.8	169.0
845	-0.388804	-0.388806	0.000000	339.873564	104.105922	0.000877	0.000000	0.000877	73.9	147.1	222.1
846	-0.390729	-0.390731	0.000000	339.359154	104.254533	0.001285	0.000000	0.001285	45.9	139.4	186.4
847	-0.392409	-0.392411	0.000000	340.359083	103.966047	0.001446	0.000000	0.001446	69.1	176.0	246.4
848	-0.396851	-0.396853	0.000000	341.359083	103.679132	0.000638	0.000000	0.000638	113.4	146.9	261.4
849	-0.386680	-0.386682	0.000000	342.358850	103.393863	0.001534	0.000000	0.001534	58.5	148.3	208.0
850	-0.394712	-0.394714	0.000000	342.024494	103.489092	0.001253	0.000000	0.001253	66.0	178.4	245.6
851	-0.390745	-0.390747	0.000000	343.024494	103.204801	0.001093	0.000000	0.001093	27.2	169.2	198.3
852	-0.392524	-0.392526	0.000000	342.517406	103.348766	0.001202	0.000000	0.001202	49.0	164.4	214.6
853	-0.398614	-0.398616	0.000000	342.052570	103.481089	0.000906	0.000000	0.000906	60.6	129.2	191.0
854	-0.394318	-0.394321	0.000000	343.052569	103.196841	0.001186	0.000000	0.001186	73.7	132.6	207.7
855	-0.393273	-0.393275	0.000000	342.738456	103.285959	0.001270	0.000000	0.001270	87.1	147.8	236.2
856	-0.388438	-0.388440	0.000000	343.738456	103.002781	0.001023	0.000000	0.001023	76.0	182.2	259.5
857	-0.392690	-0.392692	0.000000	343.223998	103.148270	0.001344	0.000000	0.001344	57.8	189.9	249.3
858	-0.398964	-0.398967	0.000000	342.709515	103.294178	0.001214	0.000000	0.001214	128.4	163.4	293.1
859	-0.399147	-0.399149	0.000000	343.707419	103.011546	0.000673	0.000000	0.000673	54.7	172.4	228.6
860	-0.397756	-0.397759	0.000000	343.234538	103.145285	0.000967	0.000000	0.000967	69.5	165.1	235.9
861	-0.397447	-0.397449	0.000000	344.234507	102.862886	0.000937	0.000000	0.000937	51.3	151.2	203.7
862	-0.387662	-0.387664	0.000000	344.134589	102.891033	0.001236	0.000000	0.001236	40.5	105.8	147.9
863	-0.387923	-0.387925	0.000000	345.134589	102.610014	0.000940	0.000000	0.000940	72.3	150.8	224.2
864	-0.393841	-0.393844	0.000000	346.134337	102.330595	0.000897	0.000000	0.000897	61.9	158.0	221.1
865	-0.396131	-0.396133	0.000000	346.172519	102.319954	0.001437	0.000000	0.001437	42.7	199.2	243.4
866	-0.389695	-0.389697	0.000000	347.172519	102.042041	0.001218	0.000000	0.001218	53.3	208.1	262.7
867	-0.391363	-0.391365	0.000000	348.172519	101.765633	0.001036	0.000000	0.001036	52.9	205.9	260.2
868	-0.396241	-0.396243	0.000000	349.153871	101.495832	0.000877	0.000000	0.000877	96.1	159.3	256.9
869	-0.388925	-0.388927	0.000000	349.599338	101.373833	0.000933	0.000000	0.000933	79.6	152.6	234.1
870	-0.386851	-0.386853	0.000000	350.353368	101.167994	0.001142	0.000000	0.001142	67.6	148.9	217.7
871	-0.388574	-0.388576	0.000000	351.353366	100.896296	0.001282	0.000000	0.001282	81.5	125.9	208.8
872	-0.397020	-0.397022	0.000000	352.353366	100.626052	0.001075	0.000000	0.001075	89.0	126.2	216.4
873	-0.394462	-0.394465	0.000000	353.353366	100.357252	0.000778	0.000000	0.000778	74.5	155.8	231.4
874	-0.394956	-0.394958	0.000000	353.718367	100.259498	0.001004	0.000000	0.001004	38.6	124.1	163.9
875	-0.391468	-0.391470	0.000000	353.296155	100.372592	0.001054	0.000000	0.001054	97.1	161.4	259.6
876	-0.384405	-0.384407	0.000000	352.781674	100.510747	0.001066	0.000000	0.001066	47.2	123.1	171.5
877	-0.393027	-0.393029	0.000000	352.274484	100.647317	0.001087	0.000000	0.001087	60.2	83.9	145.4
878	-0.397539	-0.397542	0.000000	352.522258	100.580553	0.001036	0.000000	0.001036	111.3	123.9	236.6
879	-0.397107	-0.397109	0.000000	353.522258	100.311996	0.001456	0.000000	0.001456	86.2	123.3	210.7
880	-0.391509	-0.391511	0.000000	353.011990	100.448853	0.001384	0.000000	0.001384	27.1	164.3	192.5
881	-0.388259	-0.388261	0.000000	352.497507	100.587218	0.001294	0.000000	0.001294	26.1	113.1	141.4
882	-0.390056	-0.390058	0.000000	353.497507	100.318626	0.000633	0.000000	0.000633	71.6	143.4	216.5
883	-0.395042	-0.395044	0.000000	354.497306	100.051518	0.000944	0.000000	0.000944	62.6	119.1	183.2
884	-0.396327	-0.396329	0.000000	353.984758	100.188273	0.000980	0.000000	0.000980	52.9	140.1	195.9
885	-0.389847	-0.389849	0.000000	354.984758	99.921804	0.001364	0.000000	0.001364	92.1	88.9	182.2
886	-0.395341	-0.395343	0.000000	355.941002	99.668317	0.001229	0.000000	0.001229	62.1	108.6	171.9
887	-0.389632	-0.389635	0.000000	356.941001	99.404603	0.000950	0.000000	0.000950	77.4	122.3	200.9
888	-0.389441	-0.389443	0.000000	356.426595	99.540085	0.001764	0.000000	0.001764	94.7	130.8	226.7
889	-0.394578	-0.394580	0.000000	357.426595	99.277048	0.000885	0.000000	0.000885	73.6	196.3	271.0
890	-0.394557	-0.394559	0.000000	358.426595	99.015398	0.001169	0.000000	0.001169	78.0	159.1	238.3
891	-0.385139	-0.385141	0.000000	359.125260	98.833409	0.001017	0.000000	0.001017	60.7	177.9	240.3
892	-0.397317	-0.397319	0.000000	360.125253	98.574091	0.001500	0.000000	0.001500	68.5	155.4	225.1
893	-0.394081	-0.394083	0.000000	361.125253	98.316128	0.000746	0.000000	0.000746	61.6	143.2	206.0
894	-0.391443	-0.391445	0.000000	362.072339	98.073057	0.000796	0.000000	0.000796	49.6	156.1	206.9
895	-0.397458	-0.397460	0.000000	361.558003	98.204913	0.001240	0.000000	0.001240	86.2	156.3	243.7
896	-0.385219	-0.385221	0.000000	362.536536	97.954358	0.000843	0.000000	0.000843	75.0	133.1	209.2
897	-0.398791	-0.398794	0.000000	363.527978	97.701799	0.001108	0.000000	0.001108	78.6	120.7	200.4
898	-0.383147	-0.383149	0.000000	364.527822	97.448415	0.001055	0.000000	0.001055	66.4	136.8	205.0
899	-0.394356	-0.394358	0.000000	365.527822	97.196303	0.001912	0.000000	0.001912	32.2	190.0	223.4
900	-0.395124	-0.395126	0.000000	365.013339	97.325847	0.001997	0.000000	0.001997	54.7	172.4	232.6
901	-0.394417	-0.394419	0.000000	366.013339	97.074368	0.001186	0.000000	0.001186	56.4	158.8	216.4
902	-0.395247	-0.395249	0.000000	365.498856	97.203587	0.001034	0.000000	0.001034	43.4	144.0	188.7
903	-0.393603	-0.393605	0.000000	364.984373	97.333151	0.001513	0.000000	0.001513	52.9	107.0	161.0
904	-0.394065	-0.394067	0.000000	365.984373	97.081634	0.001328	0.000000	0.001328	83.0	103.6	188.0
905	-0.398883	-0.398885	0.000000	366.984373	96.831414	0.001042	0.000000	0.001042	44.6	136.1	181.9
906	-0.390675	-0.390677	0.000000	367.984193	96.582524	0.000873	0.000000	0.000873	85.3	141.1	227.5
907	-0.393096	-0.393098	0.000000	367.469719	96.710434	0.000862	0.000000	0.000862	55.1	160.1	216.4
908	-0.397341	-0.397343	0.000000	367.022298	96.821949	0.001057	0.000000	0.001057	54.2	129.0	184.9
909	-0.392495	-0.392498	0.000000	368.022177	96.573094	0.000924	0.000000	0.000924	62.6	92.8	156.6
910	-0.398111	-0.398113	0.000000	369.022176	96.325485	0.001168	0.000000	0.001168	63.3	141.5	207.6
911	-0.391969	-0.391971	0.000000	368.619215	96.425109	0.000821	0.000000	0.000821	92.4	128.8	222.6
912	-0.398325	-0.398327	0.000000	369.619199	96.178261	0.001378	0.000000	0.001378	74.8	125.1	201.6
913	-0.390909	-0.390911	0.000000	370.604021	95.936388	0.001317	0.000000	0.001317	46.4	167.0	214.5
914	-0.389683	-0.389685	0.000000	370.089539	96.062593	0.001368	0.000000	0.001368	86.6	152.5	240.8
915	-0.389544	-0.389546	0.000000	371.089538	95.817592	0.001567	0.000000	0.001567	68.4	151.3	220.8
916	-0.393016	-0.393018	0.000000	372.089538	95.573837	0.000923	0.000000	0.000923	62.5	115.9	182.6
917	-0.402542	-0.402544	0.000000	371.575085	95.699082	0.001161	0.000000	0.001161	48.5	106.4	156.0
918	-0.385970	-0.385972	0.000000	371.060602	95.824664	0.000907	0.000000	0.000907	63.3	120.3	185.1
919	-0.393443	-0.393445	0.000000	372.060602	95.580873	0.001283	0.000000	0.001283	77.1	140.5	218.8
920	-0.390791	-0.390793	0.000000	371.689455	95.671210	0.001626	0.000000	0.001626	65.2	152.5	218.9
921	-0.399175	-0.399177	0.000000	371.174972	95.796718	0.000889	0.000000	0.000889	80.5	187.1	268.8
922	-0.384011	-0.384013	0.000000	370.660489	95.922556	0.000909	0.000000	0.000909	77.2	136.2	214.5
923	-0.393802	-0.393805	0.000000	371.548762	95.705499	0.001164	0.000000	0.001164	76.3	112.8	190.5
924	-0.394664	-0.394666	0.000000	371.034395	95.831069	0.001365	0.000000	0.001365	49.3	86.3	136.7
925	-0.395972	-0.395974	0.000000	372.034395	95.587246	0.000968	0.000000	0.000968	83.8	117.6	202.9
926	-0.398196	-0.398198	0.000000	371.519927	95.712530	0.001072	0.000000	0.001072	81.4	101.1	183.8
927	-0.391936	-0.391938	0.000000	372.509572	95.471821	0.001415	0.000000	0.001415	61.5	152.1	214.7
928	-0.386686	-0.386688	0.000000	373.509432	95.229853	0.001117	0.000000	0.001117	59.8	161.1	222.7
929	-0.388129	-0.388132	0.000000	374.509432	94.989075	0.001307	0.000000	0.001307	56.4	167.8	225.8
930	-0.393530	-0.393532	0.000000	375.491290	94.753848	0.001368	0.000000	0.001368	37.0	164.0	202.3
931	-0.394482	-0.394484	0.000000	375.103686	94.846568	0.001294	0.000000	0.001294	54.1	139.0	195.4
932	-0.395078	-0.395080	0.000000	376.103423	94.607785	0.000773	0.000000	0.000773	42.2	162.8	209.1
933	-0.397668	-0.397670	0.000000	377.103290	94.370170	0.000734	0.000000	0.000733	44.0	188.3	233.4
934	-0.393767	-0.393770	0.000000	378.003312	94.157302	0.001251	0.000000	0.001251	63.0	170.7	234.8
935	-0.393868	-0.393870	0.000000	378.984802	93.926257	0.001274	0.000000	0.001273	79.3	145.2	225.8
936	-0.393715	-0.393717	0.000000	378.920780	93.941293	0.001064	0.000000	0.001064	71.5	135.8	209.1
937	-0.392810	-0.392812	0.000000	378.406297	94.062301	0.001407	0.000000	0.001407	39.4	182.3	222.9
938	-0.395903	-0.395905	0.000000	379.332607	93.844655	0.001198	0.000000	0.001198	33.5	146.4	181.3
939	-0.387616	-0.387618	0.000000	378.818128	93.965412	0.000925	0.000000	0.000925	48.3	84.4	134.0
940	-0.398758	-0.398760	0.000000	379.818128	93.730978	0.000767	0.000000	0.000767	112.0	117.3	230.7
941	-0.391270	-0.391273	0.000000	379.303650	93.851443	0.001520	0.000000	0.001520	93.4	112.0	207.9
942	-0.389879	-0.389882	0.000000	378.789166	93.972219	0.001040	0.000000	0.001040	62.8	132.2	196.1
943	-0.384696	-0.384698	0.000000	378.274683	94.093307	0.000778	0.000000	0.000778	59.8	163.1	224.3
944	-0.384642	-0.384644	0.000000	377.766084	94.213316	0.001535	0.000000	0.001535	57.7	142.3	201.3
945	-0.397194	-0.397196	0.000000	377.258669	94.333352	0.000723	0.000000	0.000723	38.6	164.1	204.0
946	-0.393234	-0.393236	0.000000	378.258669	94.097081	0.000871	0.000000	0.000871	34.0	110.7	154.0
947	-0.384725	-0.384728	0.000000	378.670616	94.000093	0.000987	0.000000	0.000987	66.0	160.1	228.2
948	-0.390875	-0.390877	0.000000	379.670579	93.765495	0.000949	0.000000	0.000949	64.2	134.7	200.1
949	-0.395871	-0.395873	0.000000	379.156098	93.886050	0.000942	0.000000	0.000942	47.9	174.4	223.5
950	-0.388150	-0.388152	0.000000	380.130372	93.658017	0.001222	0.000000	0.001222	55.3	140.8	198.7
951	-0.392000	-0.392002	0.000000	381.130362	93.425115	0.001006	0.000000	0.001006	55.6	120.8	178.2
952	-0.388101	-0.388103	0.000000	380.615880	93.544795	0.001435	0.000000	0.001435	206.1	154.0	361.6
953	-0.389408	-0.389410	0.000000	380.101397	93.664783	0.001210	0.000000	0.001210	175.1	151.7	328.0
954	-0.396116	-0.396118	0.000000	381.100950	93.431949	0.001530	0.000000	0.001530	108.7	115.4	225.7
955	-0.396500	-0.396502	0.000000	380.586466	93.551647	0.001388	0.000000	0.001388	67.4	105.6	174.2
956	-0.401086	-0.401088	0.000000	381.586466	93.319270	0.001335	0.000000	0.001335	59.0	187.0	247.5
957	-0.393981	-0.393984	0.000000	381.072127	93.438646	0.001054	0.000000	0.001054	50.3	124.5	176.1
958	-0.387668	-0.387670	0.000000	382.072127	93.206830	0.001184	0.000000	0.001184	28.4	136.5	166.4
959	-0.388477	-0.388479	0.000000	382.232300	93.169806	0.001339	0.000000	0.001339	61.6	196.1	258.9
960	-0.393848	-0.393850	0.000000	381.788401	93.272485	0.001142	0.000000	0.001142	35.3	195.1	236.7
961	-0.385732	-0.385734	0.000000	382.788358	93.041502	0.001378	0.000000	0.001378	38.9	183.8	224.2
962	-0.399800	-0.399802	0.000000	383.788358	92.811650	0.000924	0.000000	0.000924	31.6	164.0	196.8
963	-0.393074	-0.393076	0.000000	384.788358	92.582930	0.001195	0.000000	0.001195	67.5	203.2	272.1
964	-0.390104	-0.390106	0.000000	385.674220	92.381256	0.001554	0.000000	0.001554	47.7	185.1	234.1
965	-0.392917	-0.392919	0.000000	386.674219	92.154651	0.000801	0.000000	0.000801	58.3	127.1	186.5
966	-0.387906	-0.387908	0.000000	386.161655	92.270662	0.001233	0.000000	0.001233	79.9	154.9	236.1
967	-0.389366	-0.389368	0.000000	385.647690	92.387283	0.001335	0.000000	0.001335	49.1	183.4	233.7
968	-0.391755	-0.391757	0.000000	386.647690	92.160648	0.001150	0.000000	0.001150	67.5	222.0	290.9
969	-0.398520	-0.398522	0.000000	386.133207	92.277109	0.001121	0.000000	0.001121	70.3	197.1	268.9
970	-0.392213	-0.392215	0.000000	386.115113	92.281210	0.001011	0.000000	0.001011	20.2	157.6	179.2
971	-0.400163	-0.400165	0.000000	385.600630	92.397976	0.000859	0.000000	0.000859	66.5	121.8	189.6
972	-0.394538	-0.394540	0.000000	386.599551	92.171533	0.000878	0.000000	0.000878	95.2	155.5	252.2
973	-0.394464	-0.394466	0.000000	386.085251	92.287979	0.000901	0.000000	0.000901	43.5	173.5	218.2
974	-0.388353	-0.388355	0.000000	385.820105	92.348128	0.001411	0.000000	0.001411	27.2	190.2	218.7
975	-0.397196	-0.397198	0.000000	386.820105	92.121685	0.000999	0.000000	0.000999	34.7	207.2	244.5
976	-0.392890	-0.392892	0.000000	386.305892	92.237986	0.000675	0.000000	0.000675	23.5	157.1	181.9
977	-0.390887	-0.390889	0.000000	386.940536	92.094489	0.001057	0.000000	0.001057	85.5	131.9	221.0
978	-0.382328	-0.382330	0.000000	387.834589	91.893094	0.001359	0.000000	0.001359	89.6	121.0	211.7
979	-0.389268	-0.389270	0.000000	388.834589	91.668874	0.001456	0.000000	0.001456	75.5	86.4	165.3
980	-0.383297	-0.383299	0.000000	389.833430	91.446003	0.001050	0.000000	0.001050	77.3	178.1	256.9
981	-0.390789	-0.390791	0.000000	389.318951	91.560663	0.001561	0.000000	0.001561	154.2	163.2	320.3
982	-0.386075	-0.386077	0.000000	390.318545	91.338151	0.001098	0.000000	0.001098	107.3	158.3	266.9
983	-0.393572	-0.393574	0.000000	391.318545	91.116627	0.001196	0.000000	0.001196	78.4	179.5	259.3
984	-0.393401	-0.393403	0.000000	390.841691	91.222128	0.001035	0.000000	0.001035	64.3	220.0	286.6
985	-0.397637	-0.397639	0.000000	391.706354	91.031008	0.001202	0.000000	0.001202	44.4	162.3	208.0
986	-0.392534	-0.392537	0.000000	392.706354	90.810970	0.001027	0.000000	0.001027	112.7	156.8	270.7
987	-0.393101	-0.393103	0.000000	392.191870	90.924043	0.001266	0.000000	0.001266	100.6	171.9	273.9
988	-0.397297	-0.397300	0.000000	391.677387	91.037397	0.000648	0.000000	0.000648	58.1	215.0	274.5
989	-0.391637	-0.391639	0.000000	391.163417	91.150921	0.001131	0.000000	0.001131	51.5	174.8	227.5
990	-0.387073	-0.387075	0.000000	392.163249	90.930341	0.000801	0.000000	0.000801	36.4	132.7	170.4
991	-0.397156	-0.397158	0.000000	393.163205	90.710799	0.000913	0.000000	0.000913	56.6	100.0	157.8
992	-0.399818	-0.399820	0.000000	394.155471	90.493991	0.001522	0.000000	0.001522	61.4	147.3	209.9
993	-0.392803	-0.392805	0.000000	393.640988	90.606275	0.000988	0.000000	0.000988	72.3	181.1	254.6
994	-0.395095	-0.395097	0.000000	394.640987	90.388283	0.000933	0.000000	0.000933	65.4	160.1	226.6
995	-0.383905	-0.383907	0.000000	395.640926	90.171351	0.000817	0.000000	0.000817	112.8	152.7	266.6
996	-0.394553	-0.394556	0.000000	396.626844	89.958478	0.000914	0.000000	0.000914	55.6	128.1	184.9
997	-0.395215	-0.395217	0.000000	397.625969	89.743776	0.000639	0.000000	0.000639	68.5	180.0	249.6
998	-0.387319	-0.387321	0.000000	398.617929	89.531626	0.001205	0.000000	0.001205	46.8	204.3	252.4
999	-0.394388	-0.394391	0.000000	398.103477	89.641526	0.001033	0.000000	0.001033	51.6	136.4	189.2
