1:ItNr	2:Metric	2:Metric0	2:Metric1	3a:Time	3b:StepSize	4:||Gradient0||	4:||Gradient1||	4:||Gradient||	Time0[ms]	Time1[ms]	Time[ms]
0	-0.383374	-0.383401	0.000005	0.000000	598.021776	0.009567	0.000000	0.009567	62.9	132.4	13662.3
1	-0.384651	-0.384678	0.000005	0.000000	598.021776	0.009929	0.000000	0.009929	25.8	89.5	118.4
2	-0.378283	-0.378309	0.000005	0.977103	571.433703	0.009387	0.000000	0.009387	45.0	110.1	157.7
3	-0.391545	-0.391573	0.000006	1.977093	546.564238	0.010429	0.000000	0.010429	56.9	124.2	183.5
4	-0.392068	-0.392097	0.000006	1.068254	569.073445	0.009639	0.000000	0.009639	53.6	158.9	215.2
5	-0.389597	-0.389626	0.000006	2.068254	544.404329	0.008817	0.000000	0.008817	79.8	107.0	196.3
6	-0.391306	-0.391335	0.000006	1.159414	566.732368	0.008930	0.000000	0.008930	39.1	116.8	158.7
7	-0.390637	-0.390667	0.000006	1.706649	553.074012	0.010162	0.000000	0.010162	63.3	125.0	191.2
8	-0.388275	-0.388305	0.000006	2.704911	529.782930	0.009799	0.000000	0.009799	26.0	94.8	125.8
9	-0.383933	-0.383964	0.000006	3.704911	508.338505	0.010118	0.000000	0.010118	56.6	100.0	161.2
10	-0.393723	-0.393753	0.000006	4.704911	488.562575	0.008997	0.000000	0.008997	44.5	113.8	162.9
11	-0.380380	-0.380411	0.000006	3.796071	506.469649	0.011205	0.000000	0.011204	53.8	102.2	158.6
12	-0.386844	-0.386875	0.000006	4.794856	486.858972	0.011050	0.000000	0.011051	65.3	117.4	185.3
13	-0.383351	-0.383383	0.000006	5.794856	468.689105	0.009843	0.000000	0.009843	62.6	115.3	184.9
14	-0.378866	-0.378899	0.000006	4.886041	485.143999	0.011351	0.000000	0.011351	49.6	109.1	161.2
15	-0.384567	-0.384600	0.000007	5.875800	467.277527	0.012883	0.000000	0.012883	47.9	94.5	148.6
16	-0.385048	-0.385083	0.000007	6.875800	450.514688	0.011556	0.000000	0.011556	61.2	105.2	169.7
17	-0.394100	-0.394136	0.000007	7.342677	443.093550	0.009624	0.000000	0.009624	53.6	117.9	174.0
18	-0.395406	-0.395441	0.000007	8.137672	431.004134	0.009329	0.000000	0.009329	64.1	108.2	174.7
19	-0.390051	-0.390087	0.000007	7.228839	444.880399	0.009923	0.000000	0.009923	46.9	91.6	141.0
20	-0.389139	-0.389176	0.000007	6.320100	459.678300	0.009949	0.000000	0.009948	35.6	150.9	188.9
21	-0.395282	-0.395320	0.000008	7.319863	443.450499	0.010558	0.000000	0.010558	45.5	151.7	200.7
22	-0.391058	-0.391097	0.000008	8.319829	428.326420	0.010240	0.000000	0.010240	56.8	137.3	196.9
23	-0.391792	-0.391831	0.000008	9.319829	414.199480	0.010541	0.000000	0.010541	55.7	113.5	172.2
24	-0.392992	-0.393031	0.000008	10.319828	400.974653	0.009415	0.000000	0.009414	36.8	156.0	195.3
25	-0.380999	-0.381039	0.000008	9.411018	412.957473	0.008985	0.000000	0.008985	66.5	130.0	198.9
26	-0.384317	-0.384357	0.000008	10.407860	399.850773	0.008877	0.000000	0.008877	47.5	114.7	164.8
27	-0.384482	-0.384522	0.000008	11.407028	387.522653	0.009538	0.000000	0.009537	73.2	126.7	210.5
28	-0.385125	-0.385165	0.000008	12.406994	375.922999	0.009480	0.000000	0.009480	47.4	122.9	172.7
29	-0.388359	-0.388400	0.000008	13.406994	364.997227	0.011765	0.000000	0.011765	46.0	142.7	192.1
30	-0.393035	-0.393076	0.000008	14.406989	354.688656	0.010347	0.000000	0.010347	50.8	109.4	162.8
31	-0.384746	-0.384787	0.000008	13.498728	364.026675	0.010302	0.000000	0.010302	45.3	142.7	190.7
32	-0.391204	-0.391245	0.000008	12.689778	372.767584	0.011116	0.000000	0.011116	53.8	117.4	174.5
33	-0.382829	-0.382870	0.000008	11.780941	383.102401	0.008333	0.000000	0.008333	35.2	128.2	166.5
34	-0.391258	-0.391299	0.000008	10.914573	393.502278	0.011602	0.000000	0.011602	70.7	144.0	217.9
35	-0.389460	-0.389503	0.000008	11.914573	381.547019	0.010572	0.000000	0.010572	75.6	124.1	202.2
36	-0.393497	-0.393539	0.000008	12.914573	370.296781	0.010143	0.000000	0.010143	60.6	171.3	239.6
37	-0.393112	-0.393154	0.000008	12.008922	380.456448	0.009869	0.000000	0.009869	116.6	187.2	306.8
38	-0.388869	-0.388912	0.000009	13.008922	369.269488	0.009918	0.000000	0.009918	40.1	146.8	189.7
39	-0.390275	-0.390318	0.000009	12.126597	379.104964	0.009644	0.000000	0.009644	27.1	141.8	171.9
40	-0.392459	-0.392502	0.000009	12.027820	380.238764	0.012016	0.000000	0.012016	33.3	98.4	135.4
41	-0.388825	-0.388867	0.000009	11.118982	390.997990	0.009940	0.000000	0.009939	61.4	115.1	179.3
42	-0.394906	-0.394950	0.000009	10.210142	402.383856	0.009071	0.000000	0.009071	45.7	134.7	183.0
43	-0.386357	-0.386401	0.000009	9.308565	414.353409	0.008617	0.000000	0.008617	70.0	215.6	288.5
44	-0.378968	-0.379012	0.000009	10.241555	401.979261	0.009889	0.000000	0.009889	55.4	137.3	195.6
45	-0.395360	-0.395404	0.000009	10.978984	392.709704	0.009372	0.000000	0.009372	65.3	122.0	190.5
46	-0.394572	-0.394617	0.000009	10.070160	404.196739	0.009498	0.000000	0.009498	32.5	137.1	172.4
47	-0.393517	-0.393563	0.000009	11.070160	391.593224	0.010027	0.000000	0.010027	42.1	145.7	200.5
48	-0.392840	-0.392886	0.000009	10.161999	403.005504	0.010100	0.000000	0.010100	41.7	138.8	186.5
49	-0.394782	-0.394828	0.000009	11.161728	390.478310	0.009599	0.000000	0.009599	60.7	154.0	217.9
50	-0.386427	-0.386474	0.000009	12.161619	378.704588	0.011670	0.000000	0.011670	53.0	121.5	177.4
51	-0.386988	-0.387035	0.000010	13.161612	367.618994	0.008316	0.000000	0.008316	40.3	100.5	144.2
52	-0.393068	-0.393115	0.000009	14.161562	357.164372	0.010240	0.000000	0.010239	41.2	121.7	165.9
53	-0.398213	-0.398261	0.000010	13.252723	366.641141	0.010671	0.000000	0.010671	38.5	146.6	189.0
54	-0.395114	-0.395162	0.000010	12.346103	376.609448	0.010518	0.000000	0.010518	52.1	87.3	142.0
55	-0.382462	-0.382510	0.000010	11.440065	387.127996	0.009603	0.000000	0.009603	30.4	145.9	180.0
56	-0.392422	-0.392471	0.000010	12.439989	375.552081	0.011533	0.000000	0.011533	45.4	93.1	141.0
57	-0.396369	-0.396418	0.000010	13.439962	364.647824	0.010887	0.000000	0.010887	108.7	100.9	212.5
58	-0.398620	-0.398670	0.000010	14.439962	354.358653	0.010979	0.000000	0.010979	54.8	94.1	151.6
59	-0.380872	-0.380921	0.000010	13.531123	363.685173	0.010017	0.000000	0.010017	59.9	115.5	178.2
60	-0.389417	-0.389468	0.000010	14.531116	353.449559	0.010522	0.000000	0.010522	41.5	147.4	191.7
61	-0.398479	-0.398530	0.000010	13.622366	362.726717	0.010573	0.000000	0.010573	54.9	124.4	181.7
62	-0.399688	-0.399739	0.000010	12.713527	372.505001	0.010105	0.000000	0.010105	48.4	131.0	183.0
63	-0.384274	-0.384327	0.000010	13.713527	361.774170	0.010480	0.000000	0.010480	62.7	105.1	170.7
64	-0.395956	-0.396008	0.000010	14.713527	351.644278	0.009239	0.000000	0.009239	81.4	79.7	164.3
65	-0.400055	-0.400107	0.000010	15.711837	342.081962	0.010168	0.000000	0.010168	55.7	123.0	182.6
66	-0.391697	-0.391748	0.000010	14.802998	350.765527	0.009817	0.000000	0.009817	28.7	145.3	177.4
67	-0.397118	-0.397171	0.000010	15.802996	341.234644	0.009504	0.000000	0.009505	39.2	139.5	182.9
68	-0.392684	-0.392737	0.000011	14.894156	349.874702	0.011459	0.000000	0.011459	32.5	111.7	147.1
69	-0.396604	-0.396657	0.000010	13.985609	358.960664	0.010085	0.000000	0.010085	35.5	121.4	161.0
70	-0.396084	-0.396136	0.000011	13.106679	368.211089	0.008301	0.000000	0.008301	39.4	89.2	131.6
71	-0.398674	-0.398726	0.000011	12.202872	378.234068	0.008797	0.000000	0.008797	43.3	117.0	163.3
72	-0.390301	-0.390354	0.000011	13.202872	367.175521	0.009950	0.000000	0.009951	24.5	139.8	170.8
73	-0.392702	-0.392754	0.000010	12.390461	376.109132	0.010561	0.000000	0.010561	54.7	130.1	188.2
74	-0.400393	-0.400445	0.000010	11.481621	386.632710	0.011252	0.000000	0.011252	61.9	131.9	196.2
75	-0.401213	-0.401266	0.000011	10.572782	397.762141	0.009617	0.000000	0.009617	61.9	120.8	185.6
76	-0.390211	-0.390263	0.000010	11.572782	385.550652	0.011148	0.000000	0.011148	65.1	114.5	182.5
77	-0.391074	-0.391127	0.000011	10.666965	396.579127	0.010385	0.000000	0.010385	49.7	129.5	182.1
78	-0.393801	-0.393854	0.000011	9.758125	408.297229	0.010267	0.000000	0.010267	47.5	98.3	148.7
79	-0.402730	-0.402783	0.000011	10.428105	399.593210	0.010032	0.000000	0.010032	60.4	98.4	161.6
80	-0.381951	-0.382004	0.000011	9.525278	411.411730	0.009417	0.000000	0.009417	100.6	90.7	203.3
81	-0.398765	-0.398819	0.000011	10.524547	398.370743	0.011107	0.000000	0.011107	55.0	91.9	149.7
82	-0.394408	-0.394463	0.000011	11.524547	386.122433	0.010766	0.000000	0.010766	57.5	135.9	196.3
83	-0.394967	-0.395022	0.000011	11.359147	388.096054	0.009214	0.000000	0.009214	59.5	93.3	155.3
84	-0.393925	-0.393981	0.000011	10.450307	399.311115	0.010047	0.000000	0.010047	28.4	100.5	131.4
85	-0.384117	-0.384173	0.000011	11.450304	387.005849	0.009329	0.000000	0.009328	66.9	84.5	155.0
86	-0.387212	-0.387269	0.000011	10.541464	398.157084	0.009642	0.000000	0.009642	56.1	151.7	211.1
87	-0.387803	-0.387861	0.000012	9.632624	409.970011	0.010021	0.000000	0.010020	58.9	115.6	177.1
88	-0.384819	-0.384877	0.000012	10.632307	397.013644	0.009156	0.000000	0.009156	56.7	105.2	171.7
89	-0.387995	-0.388053	0.000012	11.618530	385.009906	0.010105	0.000000	0.010105	56.6	116.0	175.3
90	-0.391700	-0.391759	0.000012	12.409361	375.896358	0.011100	0.000000	0.011100	52.3	98.8	153.7
91	-0.397275	-0.397335	0.000012	11.500524	386.407842	0.009545	0.000000	0.009545	47.1	121.0	171.2
92	-0.387216	-0.387276	0.000012	12.500457	374.874207	0.010041	0.000000	0.010041	61.6	116.2	181.1
93	-0.395124	-0.395184	0.000012	11.591618	385.327831	0.010398	0.000000	0.010398	33.3	117.8	153.9
94	-0.394919	-0.394980	0.000012	12.591603	373.857042	0.011318	0.000000	0.011318	46.6	114.2	167.8
95	-0.385862	-0.385922	0.000012	13.591597	363.049359	0.009923	0.000000	0.009923	38.5	119.0	159.8
96	-0.395829	-0.395890	0.000012	14.591597	352.848936	0.009313	0.000000	0.009313	46.8	88.9	146.2
97	-0.385972	-0.386033	0.000012	13.683974	362.082420	0.009654	0.000000	0.009654	70.1	110.3	183.4
98	-0.389694	-0.389755	0.000012	12.775134	371.825531	0.009514	0.000000	0.009514	57.7	135.6	196.2
99	-0.396784	-0.396845	0.000012	13.775128	361.133318	0.010114	0.000000	0.010114	47.1	101.1	151.0
100	-0.389350	-0.389411	0.000012	12.871679	370.765713	0.008854	0.000000	0.008854	53.4	88.4	146.9
101	-0.396917	-0.396978	0.000012	13.871486	360.135422	0.008877	0.000000	0.008877	74.8	117.6	198.6
102	-0.390540	-0.390601	0.000012	12.968390	369.710108	0.009878	0.000000	0.009878	67.8	102.3	172.5
103	-0.390266	-0.390328	0.000012	13.968361	359.137719	0.009432	0.000000	0.009432	62.9	147.4	212.6
104	-0.394772	-0.394833	0.000012	13.059521	368.720902	0.009991	0.000000	0.009991	36.5	155.9	195.0
105	-0.394154	-0.394215	0.000012	14.038160	358.422286	0.010276	0.000000	0.010276	57.8	145.3	206.1
106	-0.398436	-0.398497	0.000012	13.138188	367.871230	0.010155	0.000000	0.010155	45.8	119.3	167.7
107	-0.388305	-0.388368	0.000012	12.229349	377.932696	0.010233	0.000000	0.010233	37.5	110.5	150.5
108	-0.399280	-0.399343	0.000013	11.324850	388.507831	0.009594	0.000000	0.009594	57.8	91.2	152.3
109	-0.397660	-0.397724	0.000013	10.417200	399.731911	0.008777	0.000000	0.008777	52.6	123.0	178.9
110	-0.402514	-0.402579	0.000013	9.508364	411.639810	0.009949	0.000000	0.009949	47.4	83.1	133.1
111	-0.390132	-0.390197	0.000013	10.505139	398.616157	0.009885	0.000000	0.009885	81.2	92.1	176.0
112	-0.390087	-0.390153	0.000013	9.596302	410.456698	0.009611	0.000000	0.009611	51.6	105.6	159.8
113	-0.392359	-0.392425	0.000013	8.687465	423.022212	0.009190	0.000000	0.009190	46.6	104.7	154.1
114	-0.410347	-0.410413	0.000013	9.687463	409.237392	0.010569	0.000000	0.010569	43.3	96.6	143.1
115	-0.388287	-0.388354	0.000013	8.784995	421.637048	0.010243	0.000000	0.010243	52.4	82.2	137.4
116	-0.388730	-0.388797	0.000013	7.942743	433.906946	0.010138	0.000000	0.010138	91.5	149.6	244.2
117	-0.397815	-0.397882	0.000013	8.942740	419.415768	0.011009	0.000000	0.011009	35.4	87.6	125.8
118	-0.392512	-0.392580	0.000014	9.942740	405.861190	0.009503	0.000000	0.009503	61.6	109.7	174.2
119	-0.400475	-0.400543	0.000014	9.033952	418.142019	0.009565	0.000000	0.009566	64.6	117.0	186.2
120	-0.397970	-0.398038	0.000014	10.033484	404.674423	0.009348	0.000000	0.009348	39.9	73.7	116.3
121	-0.384012	-0.384080	0.000014	9.695166	409.134694	0.009508	0.000000	0.009508	80.9	89.0	173.5
122	-0.381296	-0.381364	0.000014	9.196930	415.885235	0.011029	0.000000	0.011029	63.3	120.3	187.0
123	-0.403918	-0.403987	0.000014	8.288090	428.790582	0.010412	0.000000	0.010412	62.0	79.2	144.1
124	-0.393908	-0.393977	0.000014	9.288090	414.633519	0.010006	0.000000	0.010005	65.1	110.3	178.5
125	-0.393581	-0.393651	0.000014	8.379250	427.460101	0.010689	0.000000	0.010689	45.6	114.9	162.8
126	-0.398252	-0.398323	0.000014	8.248901	429.365105	0.009603	0.000000	0.009603	37.7	113.7	158.4
127	-0.398199	-0.398269	0.000014	9.248901	415.170702	0.009786	0.000000	0.009786	49.5	74.0	144.1
128	-0.396075	-0.396146	0.000014	8.340061	428.031057	0.010099	0.000000	0.010099	73.9	106.8	183.2
129	-0.402645	-0.402717	0.000014	9.335871	413.980443	0.010011	0.000000	0.010011	114.0	139.2	256.5
130	-0.400898	-0.400972	0.000015	8.427041	426.765881	0.010179	0.000000	0.010179	82.0	81.2	165.9
131	-0.393711	-0.393785	0.000015	7.581225	439.395352	0.009569	0.000000	0.009569	87.1	92.9	182.6
132	-0.394701	-0.394777	0.000015	6.672385	453.826342	0.009768	0.000000	0.009768	42.6	108.4	154.3
133	-0.395195	-0.395270	0.000015	5.765613	469.201177	0.010128	0.000000	0.010128	34.5	120.4	157.6
134	-0.394512	-0.394588	0.000015	4.856774	485.693128	0.011169	0.000000	0.011168	78.0	124.8	210.3
135	-0.399365	-0.399443	0.000016	3.955516	503.233723	0.010905	0.000000	0.010905	23.7	131.7	159.6
136	-0.402116	-0.402195	0.000016	3.046694	522.252968	0.010655	0.000000	0.010655	41.5	111.6	156.9
137	-0.396269	-0.396349	0.000016	2.138565	542.750038	0.010749	0.000000	0.010749	40.5	119.7	168.4
138	-0.393879	-0.393959	0.000016	1.230825	564.911877	0.009554	0.000000	0.009554	42.9	94.2	140.6
139	-0.387069	-0.387149	0.000016	2.060040	544.598238	0.008685	0.000000	0.008685	44.7	88.3	135.8
140	-0.402582	-0.402663	0.000016	1.407421	560.459744	0.010182	0.000000	0.010182	66.5	137.4	206.5
141	-0.393912	-0.393992	0.000016	0.498605	584.152187	0.009343	0.000000	0.009342	70.6	131.0	205.2
142	-0.405217	-0.405300	0.000017	1.497883	558.206169	0.009612	0.000001	0.009612	43.2	88.7	134.3
143	-0.396751	-0.396833	0.000016	0.589044	581.705114	0.008998	0.000000	0.008998	65.1	69.6	137.2
144	-0.389230	-0.389313	0.000017	0.000000	598.021776	0.009359	0.000000	0.009359	61.4	103.5	167.5
145	-0.397842	-0.397927	0.000017	0.000000	598.021776	0.011094	0.000001	0.011094	48.1	107.0	158.9
146	-0.400886	-0.400972	0.000017	0.000000	598.021776	0.011028	0.000001	0.011028	76.9	111.9	191.6
147	-0.396526	-0.396613	0.000017	1.000000	570.838968	0.010466	0.000001	0.010466	61.8	75.8	140.0
148	-0.393513	-0.393602	0.000018	0.091160	595.437003	0.010688	0.000001	0.010688	49.2	99.3	150.9
149	-0.393162	-0.393252	0.000018	0.719906	578.200361	0.010704	0.000001	0.010704	42.9	131.5	177.1
150	-0.396731	-0.396823	0.000019	0.000000	598.021776	0.010334	0.000001	0.010335	37.0	98.2	138.1
151	-0.401494	-0.401587	0.000019	1.000000	570.838968	0.009022	0.000001	0.009022	44.3	114.7	161.4
152	-0.396794	-0.396887	0.000018	0.091311	595.432740	0.010786	0.000001	0.010786	43.3	86.7	132.4
153	-0.400903	-0.400996	0.000019	1.091311	568.479485	0.010201	0.000001	0.010201	76.8	73.5	153.3
154	-0.394611	-0.394705	0.000019	2.091311	543.860724	0.010673	0.000001	0.010673	89.3	88.0	179.8
155	-0.391516	-0.391609	0.000019	1.182472	566.143277	0.009891	0.000001	0.009891	40.5	99.0	150.9
156	-0.398094	-0.398187	0.000019	0.273632	590.329719	0.011173	0.000001	0.011173	49.5	79.8	131.7
157	-0.394992	-0.395086	0.000019	0.000000	598.021776	0.010922	0.000001	0.010922	85.2	112.4	201.1
158	-0.404666	-0.404760	0.000019	1.000000	570.838969	0.009556	0.000001	0.009556	66.2	129.7	201.2
159	-0.408286	-0.408382	0.000019	1.960033	546.970345	0.010557	0.000001	0.010557	69.5	84.2	160.8
160	-0.395929	-0.396026	0.000019	1.051198	569.513609	0.011067	0.000001	0.011067	70.8	118.8	192.3
161	-0.394797	-0.394893	0.000019	0.142358	593.995106	0.009508	0.000001	0.009508	76.7	107.1	186.6
162	-0.393511	-0.393609	0.000019	1.142358	567.168916	0.012019	0.000001	0.012019	76.5	117.9	197.2
163	-0.395021	-0.395121	0.000020	2.139981	542.716829	0.009817	0.000001	0.009817	39.6	150.5	197.0
164	-0.389881	-0.389982	0.000020	1.245316	564.543881	0.009828	0.000001	0.009827	46.7	137.1	186.7
165	-0.398251	-0.398352	0.000020	2.050737	544.818039	0.011026	0.000001	0.011026	53.0	122.7	178.4
166	-0.391154	-0.391255	0.000020	1.144687	567.109267	0.010038	0.000001	0.010038	48.8	121.5	173.0
167	-0.390831	-0.390933	0.000020	2.138377	542.754464	0.009782	0.000001	0.009782	26.3	107.4	137.8
168	-0.403662	-0.403763	0.000020	1.330498	562.390379	0.009112	0.000001	0.009112	52.4	109.1	163.9
169	-0.403117	-0.403218	0.000020	0.421759	586.247707	0.008957	0.000001	0.008957	44.4	118.1	164.9
170	-0.398935	-0.399037	0.000020	1.421720	560.102323	0.010778	0.000001	0.010778	54.4	88.3	145.2
171	-0.399825	-0.399929	0.000021	0.533752	583.198754	0.009990	0.000001	0.009990	49.8	97.6	149.8
172	-0.390282	-0.390386	0.000021	0.000000	598.021776	0.010808	0.000001	0.010808	57.7	123.3	183.5
173	-0.400469	-0.400573	0.000021	0.998819	570.869620	0.009623	0.000001	0.009623	31.3	96.9	131.0
174	-0.395453	-0.395557	0.000021	0.600538	581.395568	0.009771	0.000001	0.009771	42.4	159.5	206.4
175	-0.397774	-0.397879	0.000021	0.000000	598.021776	0.009220	0.000001	0.009220	41.8	126.4	170.7
176	-0.402588	-0.402694	0.000021	0.999251	570.858396	0.010541	0.000001	0.010541	32.0	132.5	166.8
177	-0.397842	-0.397947	0.000021	1.987789	546.309932	0.009242	0.000001	0.009242	20.6	108.0	131.2
178	-0.402195	-0.402302	0.000021	2.986988	523.552905	0.010536	0.000001	0.010536	45.9	132.5	180.8
179	-0.396818	-0.396926	0.000022	2.078148	544.170920	0.009678	0.000001	0.009678	44.4	139.3	186.8
180	-0.402563	-0.402671	0.000022	3.041353	522.368991	0.010050	0.000001	0.010050	74.7	124.9	202.0
181	-0.398496	-0.398605	0.000022	4.041353	501.508737	0.010289	0.000001	0.010289	34.6	140.3	180.3
182	-0.402254	-0.402363	0.000022	5.040960	482.257849	0.009574	0.000001	0.009574	48.5	118.6	169.6
183	-0.386971	-0.387079	0.000022	6.040867	464.425095	0.010896	0.000001	0.010896	23.5	105.0	141.9
184	-0.396552	-0.396662	0.000022	7.040198	447.873349	0.009716	0.000001	0.009716	38.7	118.3	159.5
185	-0.398938	-0.399047	0.000022	6.131358	462.876103	0.009188	0.000001	0.009188	49.8	96.4	148.6
186	-0.402878	-0.402990	0.000022	7.131357	446.422020	0.011042	0.000001	0.011042	57.6	99.3	159.5
187	-0.390610	-0.390723	0.000023	8.131350	431.097673	0.010710	0.000001	0.010710	62.8	146.8	212.1
188	-0.394356	-0.394468	0.000022	9.118671	416.965846	0.009552	0.000001	0.009551	31.4	106.4	141.3
189	-0.400685	-0.400798	0.000023	10.118671	403.566629	0.010827	0.000001	0.010827	58.5	77.2	138.9
190	-0.398544	-0.398660	0.000023	9.210483	415.698661	0.009794	0.000001	0.009794	74.9	77.0	154.5
191	-0.393120	-0.393235	0.000023	10.210312	402.381663	0.009965	0.000001	0.009965	53.5	93.1	149.5
192	-0.396864	-0.396979	0.000023	11.209842	389.895026	0.008918	0.000001	0.008917	53.2	133.3	189.2
193	-0.395259	-0.395377	0.000024	10.303259	401.186896	0.010618	0.000001	0.010618	31.2	84.7	118.3
194	-0.399784	-0.399902	0.000024	11.303259	388.767502	0.009694	0.000001	0.009694	52.6	92.5	147.5
195	-0.388617	-0.388736	0.000024	10.413905	399.773839	0.009790	0.000001	0.009790	52.1	104.5	159.0
196	-0.397585	-0.397705	0.000024	9.505094	411.683947	0.010716	0.000001	0.010716	68.8	91.0	162.2
197	-0.393585	-0.393702	0.000023	8.596254	424.325907	0.009501	0.000001	0.009501	43.3	127.1	173.8
198	-0.393153	-0.393270	0.000023	9.596254	410.457350	0.009048	0.000001	0.009048	21.6	145.8	170.1
199	-0.405798	-0.405917	0.000024	10.596253	397.466663	0.010179	0.000001	0.010179	64.9	126.0	194.4
200	-0.399058	-0.399177	0.000024	9.695792	409.126348	0.009482	0.000001	0.009482	66.0	119.9	194.7
201	-0.403833	-0.403952	0.000024	10.695792	396.218442	0.010190	0.000001	0.010190	58.2	116.9	177.9
202	-0.383192	-0.383309	0.000024	11.685193	384.224663	0.010762	0.000001	0.010762	52.7	129.9	185.4
203	-0.404873	-0.404994	0.000024	12.684961	372.820897	0.009667	0.000001	0.009667	33.7	107.8	151.8
204	-0.409581	-0.409702	0.000024	13.103293	368.247639	0.010524	0.000001	0.010524	45.1	108.0	155.8
205	-0.401516	-0.401637	0.000024	12.454644	375.387565	0.009212	0.000001	0.009212	30.4	109.6	143.8
206	-0.392901	-0.393021	0.000024	13.209113	367.108532	0.009564	0.000001	0.009564	44.5	95.8	150.6
207	-0.387232	-0.387352	0.000024	14.209043	356.682718	0.009198	0.000001	0.009198	67.1	99.5	170.9
208	-0.395166	-0.395286	0.000024	14.813549	350.662188	0.010663	0.000001	0.010663	42.8	84.0	129.1
209	-0.392506	-0.392628	0.000024	13.904709	359.792638	0.008987	0.000001	0.008986	54.8	103.6	161.1
210	-0.399527	-0.399649	0.000024	14.904709	349.771874	0.009446	0.000001	0.009445	16.0	80.0	99.5
211	-0.397593	-0.397715	0.000024	15.746579	341.758545	0.010486	0.000001	0.010486	36.8	80.2	120.0
212	-0.397856	-0.397980	0.000025	16.744628	332.721712	0.011142	0.000001	0.011142	31.2	76.9	110.5
213	-0.400242	-0.400368	0.000025	17.744628	324.134154	0.010903	0.000001	0.010903	28.5	69.5	101.1
214	-0.405837	-0.405964	0.000025	16.847908	331.813776	0.010183	0.000001	0.010183	42.1	73.6	118.6
215	-0.415562	-0.415687	0.000025	17.847908	323.272421	0.010040	0.000001	0.010040	46.0	90.2	138.7
216	-0.405338	-0.405465	0.000025	16.939068	331.016491	0.009407	0.000001	0.009407	23.9	78.5	105.2
217	-0.403622	-0.403748	0.000025	17.939068	322.515607	0.010413	0.000001	0.010413	19.7	69.0	93.8
218	-0.418582	-0.418708	0.000025	17.097290	329.641747	0.011789	0.000001	0.011789	47.3	79.7	129.5
219	-0.391820	-0.391947	0.000025	18.097290	321.210428	0.011684	0.000001	0.011684	64.7	108.4	175.8
220	-0.406691	-0.406819	0.000026	17.188450	328.854854	0.010053	0.000001	0.010053	51.3	97.4	156.0
221	-0.401910	-0.402037	0.000025	18.188450	320.463227	0.010369	0.000001	0.010369	34.6	74.3	113.1
222	-0.396026	-0.396155	0.000026	17.279692	328.071016	0.009971	0.000001	0.009971	36.3	90.0	128.9
223	-0.406137	-0.406265	0.000026	17.383012	327.187905	0.009639	0.000001	0.009639	29.7	68.1	100.4
224	-0.408058	-0.408186	0.000026	16.624167	333.786982	0.009947	0.000001	0.009947	35.9	65.9	104.7
225	-0.403346	-0.403475	0.000026	17.624167	325.145063	0.012443	0.000001	0.012443	53.8	67.7	124.2
226	-0.402970	-0.403100	0.000026	18.366352	319.015012	0.009800	0.000001	0.009800	54.5	80.7	137.8
227	-0.399694	-0.399825	0.000026	17.457512	326.554072	0.010181	0.000001	0.010181	32.5	81.7	117.1
228	-0.402886	-0.403018	0.000026	18.449851	318.339791	0.011184	0.000001	0.011185	41.4	82.5	126.7
229	-0.402569	-0.402699	0.000026	17.541213	325.844891	0.011181	0.000001	0.011181	53.6	89.5	145.8
230	-0.398566	-0.398696	0.000026	18.541213	317.604251	0.009630	0.000001	0.009630	19.6	72.9	95.0
231	-0.394842	-0.394973	0.000026	19.541213	309.770143	0.011183	0.000001	0.011183	31.8	71.6	105.8
232	-0.400243	-0.400373	0.000026	20.538097	302.335882	0.008782	0.000001	0.008782	35.2	84.7	122.7
233	-0.398557	-0.398687	0.000026	19.680167	308.712036	0.010360	0.000001	0.010360	52.5	81.6	137.1
234	-0.397205	-0.397335	0.000026	20.680086	301.305935	0.009266	0.000001	0.009266	33.4	101.3	137.5
235	-0.395646	-0.395777	0.000026	21.680086	294.246297	0.011314	0.000001	0.011314	21.5	84.5	109.1
236	-0.397265	-0.397396	0.000026	20.771960	300.643240	0.010911	0.000001	0.010911	23.6	69.4	95.3
237	-0.400119	-0.400249	0.000026	21.771897	293.614693	0.009882	0.000001	0.009882	42.3	70.3	115.1
238	-0.398805	-0.398937	0.000026	20.863057	299.989017	0.009658	0.000001	0.009658	50.6	92.3	146.2
239	-0.397760	-0.397891	0.000026	19.954217	306.646254	0.009520	0.000001	0.009520	25.5	71.9	100.1
240	-0.400906	-0.401038	0.000026	20.954214	299.337211	0.010564	0.000001	0.010564	39.3	66.6	108.2
241	-0.397719	-0.397850	0.000026	20.348790	303.720065	0.009307	0.000001	0.009307	45.0	72.6	120.4
242	-0.397209	-0.397341	0.000026	21.344984	296.574850	0.010600	0.000001	0.010600	45.9	68.2	116.9
243	-0.402162	-0.402295	0.000026	20.436144	303.079774	0.010525	0.000001	0.010525	52.1	80.6	137.3
244	-0.403747	-0.403878	0.000026	21.436139	295.937793	0.009356	0.000001	0.009356	39.6	71.9	113.8
245	-0.406448	-0.406579	0.000026	22.436137	289.124635	0.009770	0.000001	0.009770	39.6	67.5	110.2
246	-0.399171	-0.399303	0.000026	21.527938	295.298992	0.010457	0.000001	0.010457	39.8	77.8	120.7
247	-0.399931	-0.400063	0.000026	20.619099	301.747461	0.010489	0.000001	0.010488	36.1	67.8	108.8
248	-0.399491	-0.399623	0.000026	19.710378	308.482946	0.010163	0.000001	0.010162	52.4	76.1	131.0
249	-0.409972	-0.410106	0.000027	18.823746	315.350980	0.009188	0.000001	0.009188	34.8	84.3	121.7
250	-0.397693	-0.397825	0.000027	19.778801	307.965338	0.008869	0.000001	0.008869	33.9	80.7	117.2
251	-0.402115	-0.402251	0.000027	18.869962	314.985438	0.010219	0.000001	0.010219	35.2	80.7	118.5
252	-0.406700	-0.406836	0.000027	17.961122	322.333052	0.010011	0.000001	0.010011	33.1	75.6	111.0
253	-0.412972	-0.413109	0.000027	17.104153	329.582378	0.008556	0.000001	0.008556	54.5	72.5	129.5
254	-0.408005	-0.408144	0.000028	16.195384	337.634838	0.010871	0.000001	0.010871	49.7	87.7	140.6
255	-0.406185	-0.406323	0.000028	17.195384	328.795161	0.012434	0.000001	0.012434	60.3	129.3	192.5
256	-0.404581	-0.404720	0.000028	16.286547	336.809338	0.010014	0.000001	0.010014	18.8	100.0	121.8
257	-0.398154	-0.398292	0.000028	17.286547	328.012271	0.009673	0.000001	0.009673	32.5	79.0	113.9
258	-0.406817	-0.406957	0.000028	16.765995	332.533466	0.010993	0.000001	0.010993	40.0	82.8	125.6
259	-0.400497	-0.400634	0.000027	15.857156	340.733220	0.010470	0.000001	0.010470	31.4	64.4	99.4
260	-0.395355	-0.395493	0.000028	14.948318	349.347559	0.010977	0.000001	0.010977	39.5	72.0	115.7
261	-0.402899	-0.403038	0.000028	14.039479	358.408791	0.009414	0.000001	0.009414	44.7	74.8	122.3
262	-0.402508	-0.402650	0.000028	13.130640	367.952590	0.009584	0.000001	0.009584	34.0	75.3	111.9
263	-0.405008	-0.405150	0.000028	14.130519	357.479986	0.011081	0.000001	0.011081	40.5	63.9	107.1
264	-0.405094	-0.405235	0.000028	15.130519	347.585858	0.010859	0.000001	0.010859	34.3	83.5	120.2
265	-0.400553	-0.400694	0.000028	16.122322	338.299346	0.010741	0.000001	0.010741	46.0	80.7	129.3
266	-0.399636	-0.399778	0.000028	17.034060	330.189765	0.010254	0.000001	0.010254	42.2	70.1	114.9
267	-0.404383	-0.404524	0.000028	18.034060	321.730748	0.010260	0.000001	0.010260	33.0	75.7	111.7
268	-0.398604	-0.398747	0.000029	17.125220	329.400256	0.009591	0.000001	0.009591	31.4	110.3	144.3
269	-0.408891	-0.409034	0.000029	17.234698	328.457079	0.009922	0.000001	0.009922	21.4	80.8	104.7
270	-0.398646	-0.398789	0.000029	18.234698	320.085482	0.010306	0.000001	0.010306	32.8	73.7	109.2
271	-0.399768	-0.399912	0.000029	17.326591	327.669563	0.013955	0.000001	0.013955	24.6	83.8	111.8
272	-0.404856	-0.405000	0.000029	16.417751	335.628329	0.009563	0.000001	0.009563	18.4	94.5	115.6
273	-0.398107	-0.398254	0.000029	15.508912	343.983339	0.011816	0.000001	0.011816	41.8	110.8	155.9
274	-0.404802	-0.404953	0.000030	14.600072	352.764943	0.010374	0.000001	0.010374	38.6	126.5	168.0
275	-0.399781	-0.399930	0.000030	15.579053	343.323736	0.010348	0.000001	0.010347	81.2	182.8	267.0
276	-0.405367	-0.405518	0.000030	16.524122	334.676917	0.008539	0.000001	0.008539	47.5	147.2	197.1
277	-0.397486	-0.397636	0.000030	17.512813	326.085170	0.011048	0.000001	0.011048	56.5	130.2	191.7
278	-0.399648	-0.399799	0.000030	16.603975	333.966215	0.008867	0.000001	0.008867	28.3	141.6	172.7
279	-0.401342	-0.401490	0.000030	17.601564	325.335455	0.010881	0.000001	0.010881	31.2	161.7	195.5
280	-0.398740	-0.398890	0.000030	18.601563	317.120242	0.010518	0.000001	0.010518	51.2	170.3	224.2
281	-0.403046	-0.403199	0.000031	17.696391	324.538203	0.010363	0.000001	0.010363	50.1	195.1	247.8
282	-0.394614	-0.394766	0.000030	18.696389	316.362710	0.009451	0.000001	0.009451	60.3	143.2	206.6
283	-0.403892	-0.404046	0.000031	17.788360	323.768714	0.010507	0.000001	0.010508	55.2	95.3	153.1
284	-0.402405	-0.402555	0.000030	18.788360	315.631442	0.009820	0.000001	0.009820	33.2	138.8	174.3
285	-0.399854	-0.400008	0.000031	18.694437	316.378267	0.010911	0.000001	0.010911	59.4	119.0	180.7
286	-0.402222	-0.402374	0.000030	17.785623	323.791558	0.008964	0.000001	0.008964	56.0	122.7	181.6
287	-0.402981	-0.403133	0.000030	16.876803	331.560648	0.010990	0.000001	0.010990	45.4	144.5	193.5
288	-0.394907	-0.395062	0.000031	15.967963	339.711907	0.010082	0.000001	0.010082	35.1	118.1	156.1
289	-0.396607	-0.396761	0.000031	16.182143	337.755068	0.010895	0.000001	0.010895	46.4	119.2	168.8
290	-0.403754	-0.403907	0.000031	15.273303	346.217634	0.010078	0.000001	0.010078	48.3	135.2	186.2
291	-0.398598	-0.398753	0.000031	14.364464	355.115159	0.009707	0.000001	0.009707	29.4	107.8	139.8
292	-0.401239	-0.401395	0.000031	13.457843	364.458607	0.010082	0.000001	0.010082	52.7	105.0	161.1
293	-0.407581	-0.407736	0.000031	12.549212	374.329426	0.010108	0.000001	0.010108	62.0	86.6	152.1
294	-0.404254	-0.404411	0.000031	11.648217	384.659817	0.010124	0.000001	0.010124	56.7	90.8	150.8
295	-0.408936	-0.409091	0.000031	10.739378	395.674340	0.010180	0.000001	0.010180	40.3	113.6	156.7
296	-0.392169	-0.392324	0.000031	9.830538	407.338248	0.011628	0.000001	0.011628	39.2	117.4	159.5
297	-0.410467	-0.410623	0.000031	10.830538	394.541159	0.011460	0.000001	0.011460	50.4	95.5	148.6
298	-0.405243	-0.405398	0.000031	9.922212	406.130625	0.009846	0.000001	0.009846	59.8	155.3	218.0
299	-0.404882	-0.405037	0.000031	9.013373	418.428726	0.010325	0.000001	0.010326	58.0	124.1	184.8
300	-0.392440	-0.392594	0.000031	8.127839	431.149634	0.008134	0.000001	0.008134	58.8	149.5	212.1
301	-0.403049	-0.403204	0.000031	7.219422	445.028865	0.012098	0.000001	0.012097	57.0	82.7	142.4
302	-0.408103	-0.408259	0.000031	8.219402	429.798568	0.010833	0.000001	0.010833	71.9	123.0	197.4
303	-0.396928	-0.397085	0.000031	9.219402	415.575965	0.009895	0.000001	0.009895	62.5	114.9	180.0
304	-0.406140	-0.406299	0.000032	10.219402	402.264500	0.011195	0.000001	0.011195	49.6	105.6	163.5
305	-0.408318	-0.408478	0.000032	9.315180	414.262993	0.010728	0.000001	0.010728	71.1	95.4	169.4
306	-0.414380	-0.414542	0.000032	10.315180	401.034170	0.012158	0.000001	0.012158	50.5	104.2	158.1
307	-0.406275	-0.406436	0.000032	11.303200	388.768216	0.011878	0.000001	0.011878	63.4	90.1	156.3
308	-0.403267	-0.403431	0.000033	12.303200	377.094617	0.009436	0.000001	0.009436	46.8	109.2	159.3
309	-0.403250	-0.403414	0.000033	13.303200	366.101630	0.010514	0.000001	0.010514	56.0	133.1	192.2
310	-0.399777	-0.399939	0.000032	14.303032	355.733105	0.010152	0.000001	0.010152	65.9	112.6	181.0
311	-0.404574	-0.404738	0.000033	13.394193	365.133074	0.009829	0.000001	0.009829	62.1	105.3	170.1
312	-0.391307	-0.391472	0.000033	12.485353	375.043301	0.009631	0.000001	0.009631	57.6	102.7	163.7
313	-0.413010	-0.413177	0.000033	12.661206	373.083999	0.010872	0.000001	0.010872	52.7	93.7	149.2
314	-0.392724	-0.392890	0.000033	11.753088	383.428193	0.011314	0.000001	0.011314	60.9	110.6	173.9
315	-0.402772	-0.402939	0.000033	12.753088	372.068397	0.009896	0.000001	0.009896	65.7	123.7	197.4
316	-0.392480	-0.392649	0.000034	13.753088	361.362344	0.009857	0.000001	0.009857	66.5	109.6	178.8
317	-0.413868	-0.414034	0.000033	12.844248	371.066222	0.009966	0.000001	0.009966	38.1	122.4	164.9
318	-0.402418	-0.402585	0.000033	11.935410	381.305634	0.009923	0.000001	0.009923	41.3	83.3	128.1
319	-0.407044	-0.407214	0.000034	12.935410	370.069417	0.010523	0.000001	0.010523	53.8	105.8	162.8
320	-0.410724	-0.410889	0.000033	13.935410	359.476457	0.011567	0.000001	0.011567	47.1	89.2	139.4
321	-0.406491	-0.406658	0.000033	14.003564	358.776535	0.009726	0.000001	0.009726	64.4	122.6	190.2
322	-0.401617	-0.401784	0.000033	15.003562	348.811521	0.009288	0.000001	0.009288	57.9	122.0	183.1
323	-0.403537	-0.403704	0.000033	14.366439	355.095330	0.011291	0.000001	0.011291	72.8	115.6	197.4
324	-0.399465	-0.399632	0.000034	13.457602	364.461155	0.010340	0.000001	0.010340	52.0	105.1	159.6
325	-0.400485	-0.400652	0.000033	12.887279	370.595028	0.009141	0.000001	0.009141	55.1	119.6	177.1
326	-0.398476	-0.398646	0.000034	13.887135	359.973882	0.009754	0.000001	0.009754	44.5	91.7	141.7
327	-0.396397	-0.396567	0.000034	14.887135	349.943160	0.008899	0.000001	0.008899	60.0	97.7	160.4
328	-0.414014	-0.414185	0.000034	15.881199	340.511094	0.008708	0.000001	0.008708	61.7	91.2	155.5
329	-0.408907	-0.409078	0.000034	16.881199	331.522174	0.010641	0.000001	0.010641	49.4	100.3	152.4
330	-0.391258	-0.391427	0.000034	17.860915	323.164223	0.011448	0.000001	0.011448	44.3	98.1	144.9
331	-0.396794	-0.396965	0.000034	18.860503	315.060179	0.009708	0.000001	0.009708	45.6	104.3	152.4
332	-0.403701	-0.403872	0.000034	17.951668	322.411286	0.010295	0.000001	0.010296	79.4	103.4	185.6
333	-0.408671	-0.408841	0.000034	18.751490	315.924193	0.009570	0.000001	0.009570	54.7	108.6	165.7
334	-0.408452	-0.408624	0.000034	18.051780	321.584760	0.010564	0.000001	0.010564	31.4	111.9	146.3
335	-0.399576	-0.399745	0.000034	19.051778	313.555549	0.010455	0.000001	0.010455	44.3	99.1	146.1
336	-0.398769	-0.398942	0.000034	18.156911	320.721350	0.010595	0.000001	0.010594	39.1	111.3	154.0
337	-0.403094	-0.403265	0.000034	17.248071	328.342239	0.012113	0.000001	0.012113	61.9	119.1	184.4
338	-0.405665	-0.405841	0.000035	18.027956	321.781063	0.010447	0.000001	0.010447	68.5	101.0	173.0
339	-0.403693	-0.403867	0.000035	19.027956	313.742155	0.010548	0.000001	0.010548	65.9	93.6	161.9
340	-0.398172	-0.398345	0.000035	20.027956	306.095121	0.011239	0.000001	0.011239	46.4	121.1	179.7
341	-0.405507	-0.405682	0.000035	19.119123	313.029209	0.010536	0.000001	0.010536	41.3	108.8	153.7
342	-0.403184	-0.403361	0.000035	20.118936	305.417859	0.010185	0.000001	0.010185	46.2	136.3	185.4
343	-0.405802	-0.405977	0.000035	21.117576	298.176163	0.010378	0.000001	0.010379	44.5	105.7	153.1
344	-0.418329	-0.418505	0.000035	20.208899	304.751099	0.011358	0.000001	0.011358	54.3	102.7	159.7
345	-0.404331	-0.404506	0.000035	21.208233	297.535727	0.010985	0.000001	0.010985	59.3	106.3	170.2
346	-0.399316	-0.399491	0.000035	20.299393	304.083336	0.009802	0.000001	0.009802	48.1	106.1	156.5
347	-0.413954	-0.414126	0.000035	21.299393	296.894501	0.009882	0.000001	0.009882	63.7	134.2	201.9
348	-0.396562	-0.396734	0.000034	22.299351	290.038003	0.009705	0.000001	0.009705	23.1	96.6	122.6
349	-0.402879	-0.403050	0.000034	21.390512	296.256323	0.011147	0.000001	0.011147	44.2	107.0	154.0
350	-0.406437	-0.406609	0.000034	20.481673	302.747129	0.011052	0.000001	0.011052	44.3	125.0	176.8
351	-0.408064	-0.408239	0.000035	19.573410	309.524325	0.010923	0.000001	0.010923	68.2	79.8	151.3
352	-0.416653	-0.416827	0.000035	18.664570	316.616498	0.011290	0.000001	0.011290	63.8	116.3	182.7
353	-0.409192	-0.409367	0.000035	19.664570	308.830445	0.009812	0.000001	0.009812	74.5	96.7	174.8
354	-0.408342	-0.408514	0.000035	18.755747	315.890360	0.009160	0.000001	0.009161	57.8	102.7	162.8
355	-0.405036	-0.405211	0.000035	19.755747	308.139545	0.011176	0.000001	0.011175	72.4	98.1	173.1
356	-0.402110	-0.402287	0.000036	20.746346	300.827699	0.010513	0.000001	0.010513	74.2	91.4	168.1
357	-0.403091	-0.403268	0.000035	21.746346	293.790192	0.011536	0.000001	0.011536	52.1	125.6	180.9
358	-0.403769	-0.403946	0.000036	20.837611	300.171475	0.010719	0.000001	0.010719	60.5	96.2	160.0
359	-0.392484	-0.392661	0.000035	21.837611	293.164281	0.009600	0.000001	0.009600	48.3	120.6	171.7
360	-0.400541	-0.400718	0.000035	22.837606	286.476807	0.010083	0.000001	0.010084	59.9	121.0	185.1
361	-0.402662	-0.402840	0.000036	23.752658	280.619249	0.010342	0.000001	0.010342	50.6	101.1	154.1
362	-0.412942	-0.413120	0.000035	24.143505	278.189684	0.010576	0.000001	0.010575	55.2	85.2	143.0
363	-0.397787	-0.397965	0.000036	25.111808	272.347970	0.010293	0.000001	0.010293	75.6	83.8	162.1
364	-0.400866	-0.401045	0.000036	24.203056	277.823194	0.010676	0.000001	0.010677	43.0	143.8	189.2
365	-0.411828	-0.412006	0.000036	23.294220	283.523612	0.011779	0.000001	0.011779	45.2	95.1	142.9
366	-0.402173	-0.402352	0.000036	24.294220	277.264014	0.011192	0.000001	0.011192	47.6	110.6	161.1
367	-0.406502	-0.406680	0.000036	23.385380	282.941301	0.009510	0.000001	0.009510	49.4	117.4	169.8
368	-0.405705	-0.405884	0.000036	22.478040	288.845982	0.009739	0.000001	0.009739	37.8	123.6	164.2
369	-0.405979	-0.406156	0.000035	21.599130	294.805488	0.010721	0.000001	0.010721	38.3	75.3	119.8
370	-0.408694	-0.408874	0.000036	22.599113	288.043871	0.010854	0.000001	0.010854	76.5	108.0	187.6
371	-0.406964	-0.407144	0.000036	23.599113	281.585360	0.013018	0.000001	0.013018	63.9	82.7	149.4
372	-0.401012	-0.401192	0.000036	22.690273	287.442864	0.011150	0.000001	0.011150	28.6	111.2	142.1
373	-0.401636	-0.401817	0.000036	21.781434	293.549239	0.010701	0.000001	0.010701	47.6	106.3	156.8
374	-0.403738	-0.403919	0.000036	22.781434	286.844360	0.009124	0.000001	0.009124	75.8	142.0	221.0
375	-0.402787	-0.402969	0.000036	21.872675	292.924511	0.011785	0.000001	0.011785	49.5	134.9	187.1
376	-0.400347	-0.400528	0.000036	22.871324	286.256628	0.011217	0.000001	0.011218	61.3	97.8	167.2
377	-0.407967	-0.408149	0.000036	21.962485	292.312172	0.011519	0.000001	0.011519	29.0	129.0	172.3
378	-0.393324	-0.393505	0.000036	22.962485	285.663045	0.010093	0.000001	0.010093	30.2	83.8	117.6
379	-0.408132	-0.408313	0.000036	23.354327	283.139393	0.010410	0.000001	0.010410	87.1	79.1	169.2
380	-0.408459	-0.408641	0.000036	24.354327	276.896562	0.011027	0.000001	0.011027	58.7	113.1	174.9
381	-0.405506	-0.405689	0.000037	23.445488	282.558657	0.010821	0.000001	0.010821	78.4	104.6	192.6
382	-0.404994	-0.405177	0.000036	24.445431	276.341474	0.011000	0.000001	0.011000	90.4	103.2	196.7
383	-0.407398	-0.407581	0.000037	25.445431	270.391664	0.010989	0.000001	0.010990	82.0	175.4	273.3
384	-0.414143	-0.414325	0.000036	24.536591	275.788261	0.009627	0.000001	0.009627	32.5	130.2	200.1
385	-0.409345	-0.409530	0.000037	23.627751	281.404662	0.010541	0.000001	0.010541	72.2	133.5	214.8
386	-0.412401	-0.412587	0.000037	24.626883	275.242502	0.009841	0.000001	0.009841	53.0	85.3	141.3
387	-0.401024	-0.401207	0.000037	25.626843	269.339643	0.010682	0.000001	0.010682	66.9	110.1	179.9
388	-0.409239	-0.409421	0.000037	26.626843	263.684437	0.010571	0.000001	0.010571	48.1	113.8	170.0
389	-0.406435	-0.406620	0.000037	27.626843	258.261826	0.010123	0.000001	0.010122	102.8	106.4	211.9
390	-0.410834	-0.411019	0.000037	26.718003	263.180694	0.011368	0.000001	0.011368	81.2	158.1	241.9
391	-0.399189	-0.399374	0.000037	25.809168	268.290546	0.010330	0.000001	0.010330	80.2	148.6	231.8
392	-0.402269	-0.402455	0.000037	24.900329	273.602770	0.009726	0.000001	0.009727	56.5	119.1	178.9
393	-0.405973	-0.406155	0.000037	23.991540	279.129303	0.012113	0.000001	0.012112	34.8	139.4	176.8
394	-0.407297	-0.407481	0.000037	23.082701	284.884027	0.009933	0.000001	0.009933	40.1	165.7	212.4
395	-0.402070	-0.402255	0.000037	24.082701	278.564884	0.010365	0.000001	0.010365	91.3	92.2	187.5
396	-0.402385	-0.402570	0.000037	25.082700	272.520000	0.009207	0.000001	0.009207	72.6	107.2	182.9
397	-0.405500	-0.405685	0.000037	26.082681	266.731993	0.010753	0.000001	0.010753	68.8	127.0	199.3
398	-0.401498	-0.401684	0.000037	27.082681	261.184633	0.009909	0.000001	0.009910	79.1	120.2	204.9
399	-0.403294	-0.403481	0.000037	26.173841	266.216552	0.011942	0.000001	0.011941	88.8	124.2	215.8
400	-0.417310	-0.417497	0.000037	25.265169	271.445186	0.010254	0.000001	0.010254	82.3	120.7	205.8
401	-0.397960	-0.398147	0.000037	26.265169	265.702158	0.009732	0.000001	0.009733	19.2	146.7	169.3
402	-0.406044	-0.406233	0.000038	27.158779	260.771919	0.010198	0.000001	0.010198	51.2	121.9	176.3
403	-0.408602	-0.408793	0.000038	26.249942	265.787781	0.010509	0.000001	0.010509	45.7	141.2	192.4
404	-0.414363	-0.414555	0.000038	25.341102	271.000400	0.009833	0.000001	0.009833	62.1	106.0	172.0
405	-0.407762	-0.407952	0.000038	26.341102	265.275979	0.010253	0.000001	0.010253	66.4	91.0	160.0
406	-0.405515	-0.405704	0.000038	27.093065	261.128239	0.010822	0.000001	0.010821	66.7	110.3	180.8
407	-0.410582	-0.410774	0.000038	26.861370	262.392351	0.010829	0.000001	0.010829	75.7	89.6	169.5
408	-0.404771	-0.404962	0.000038	27.861370	257.022212	0.011175	0.000001	0.011174	69.3	142.7	216.8
409	-0.400623	-0.400815	0.000038	26.952530	261.893529	0.009299	0.000001	0.009299	59.4	178.4	241.2
410	-0.409227	-0.409420	0.000039	27.952459	256.543952	0.010136	0.000001	0.010136	49.2	105.2	159.8
411	-0.402378	-0.402571	0.000039	28.874314	251.802105	0.009652	0.000001	0.009652	28.6	122.5	154.7
412	-0.400339	-0.400532	0.000039	29.874279	246.852780	0.010117	0.000001	0.010116	46.6	98.1	147.1
413	-0.420127	-0.420321	0.000039	28.965673	251.341700	0.011095	0.000001	0.011095	47.5	109.4	172.3
414	-0.408416	-0.408608	0.000038	28.056834	255.998122	0.010652	0.000001	0.010651	57.4	82.8	143.2
415	-0.406784	-0.406977	0.000039	29.028073	251.028205	0.010460	0.000001	0.010460	77.6	122.6	203.0
416	-0.407611	-0.407804	0.000039	28.119302	255.672550	0.009559	0.000001	0.009558	62.8	117.4	183.1
417	-0.401245	-0.401438	0.000039	29.119302	250.571271	0.009782	0.000001	0.009782	28.4	147.2	178.7
418	-0.402551	-0.402745	0.000039	28.210464	255.198923	0.010361	0.000001	0.010361	41.0	166.3	210.6
419	-0.403733	-0.403930	0.000040	29.210464	250.116338	0.010301	0.000001	0.010302	53.0	159.4	220.5
420	-0.412341	-0.412535	0.000039	28.301624	254.727051	0.009493	0.000001	0.009493	63.6	101.1	167.8
421	-0.414416	-0.414614	0.000040	29.301623	249.663065	0.010834	0.000001	0.010833	37.9	109.9	150.2
422	-0.418794	-0.418995	0.000040	30.301623	244.796493	0.010449	0.000001	0.010449	51.3	98.1	151.8
423	-0.417364	-0.417561	0.000040	31.301623	240.116016	0.010186	0.000001	0.010185	46.0	126.3	175.2
424	-0.402792	-0.402991	0.000040	30.450334	244.088936	0.009373	0.000001	0.009374	45.1	103.7	151.6
425	-0.406042	-0.406240	0.000040	29.541600	248.477634	0.009944	0.000001	0.009944	64.0	114.0	180.7
426	-0.401565	-0.401764	0.000040	28.632767	253.027546	0.010108	0.000001	0.010108	41.2	103.1	146.9
427	-0.409429	-0.409630	0.000040	29.604958	248.166539	0.009128	0.000001	0.009128	46.0	133.8	182.7
428	-0.402339	-0.402539	0.000040	28.740307	252.480494	0.011451	0.000001	0.011451	48.4	124.2	175.4
429	-0.411176	-0.411375	0.000040	29.740307	247.504559	0.009713	0.000001	0.009713	68.1	110.6	181.1
430	-0.414230	-0.414430	0.000040	28.844045	251.955018	0.010813	0.000001	0.010813	70.1	122.5	196.3
431	-0.406395	-0.406595	0.000040	29.844045	246.999570	0.010634	0.000001	0.010634	37.9	97.1	139.1
432	-0.403536	-0.403737	0.000040	28.935206	251.495055	0.010319	0.000001	0.010319	51.8	132.2	187.0
433	-0.411797	-0.412000	0.000041	28.026366	256.157213	0.011835	0.000001	0.011834	63.5	108.1	174.8
434	-0.408256	-0.408460	0.000041	27.117526	260.995489	0.010493	0.000001	0.010492	69.2	108.6	180.4
435	-0.404118	-0.404321	0.000041	28.117526	255.681795	0.011268	0.000001	0.011268	48.6	134.4	187.6
436	-0.408496	-0.408698	0.000040	29.099602	250.669802	0.011185	0.000001	0.011184	66.1	125.4	194.3
437	-0.401553	-0.401755	0.000041	28.190802	255.300927	0.011339	0.000001	0.011339	83.1	118.5	204.2
438	-0.415014	-0.415218	0.000041	27.281962	260.106606	0.009151	0.000001	0.009151	39.6	106.8	149.0
439	-0.393914	-0.394118	0.000041	26.540493	264.163381	0.009521	0.000001	0.009522	47.8	102.6	152.9
440	-0.399694	-0.399900	0.000041	27.538552	258.731602	0.010718	0.000001	0.010718	51.4	122.9	177.3
441	-0.410795	-0.411000	0.000041	28.538552	253.508768	0.010133	0.000001	0.010133	59.5	132.5	194.6
442	-0.411322	-0.411528	0.000041	27.918674	256.721129	0.010504	0.000001	0.010504	70.4	128.3	201.3
443	-0.406781	-0.406988	0.000041	28.918674	251.578344	0.010667	0.000001	0.010667	51.8	113.3	167.6
444	-0.407601	-0.407806	0.000041	28.070328	255.927723	0.010876	0.000001	0.010876	42.5	99.3	144.7
445	-0.407848	-0.408055	0.000041	27.161488	260.757251	0.011118	0.000001	0.011118	57.7	91.1	151.8
446	-0.409510	-0.409721	0.000042	26.252650	265.772553	0.010347	0.000001	0.010347	58.2	87.2	148.7
447	-0.411278	-0.411489	0.000042	27.252650	260.264616	0.010195	0.000001	0.010195	53.5	113.4	169.8
448	-0.412531	-0.412740	0.000042	26.639711	263.613211	0.010186	0.000001	0.010186	38.6	115.3	156.9
449	-0.409481	-0.409689	0.000042	25.730872	268.740061	0.009500	0.000001	0.009500	29.2	92.2	123.9
450	-0.411366	-0.411574	0.000042	26.730871	263.109742	0.010935	0.000001	0.010934	61.4	119.0	182.9
451	-0.404680	-0.404887	0.000042	27.721161	257.761863	0.009129	0.000001	0.009129	33.3	77.9	114.2
452	-0.413828	-0.414038	0.000042	28.721127	252.577889	0.010931	0.000001	0.010932	72.4	100.2	175.2
453	-0.418381	-0.418591	0.000042	29.705993	247.672051	0.009793	0.000001	0.009793	32.2	100.8	159.5
454	-0.407430	-0.407637	0.000041	29.982848	246.327102	0.009764	0.000001	0.009765	26.9	114.1	143.3
455	-0.395689	-0.395897	0.000042	29.074009	250.797922	0.009131	0.000001	0.009131	61.1	101.7	165.5
456	-0.409310	-0.409521	0.000042	28.165169	255.434031	0.010552	0.000001	0.010552	21.4	102.3	126.1
457	-0.404221	-0.404430	0.000042	29.165169	250.342172	0.009921	0.000001	0.009921	48.1	67.1	117.8
458	-0.413664	-0.413872	0.000042	30.163693	245.456427	0.010211	0.000001	0.010211	54.3	96.5	153.6
459	-0.410028	-0.410239	0.000042	29.254861	249.895372	0.010759	0.000001	0.010759	76.0	129.6	208.3
460	-0.407100	-0.407308	0.000042	30.091579	245.802878	0.011400	0.000001	0.011400	65.8	98.5	166.8
461	-0.410349	-0.410558	0.000042	31.091577	241.084223	0.011638	0.000001	0.011638	46.7	125.6	175.1
462	-0.408769	-0.408978	0.000042	30.184393	245.357158	0.009602	0.000001	0.009602	66.0	95.1	167.8
463	-0.414345	-0.414558	0.000043	29.275554	249.792521	0.011446	0.000001	0.011445	52.7	104.5	159.7
464	-0.398874	-0.399088	0.000043	30.179323	245.381464	0.010541	0.000001	0.010542	76.2	104.1	183.7
465	-0.408445	-0.408657	0.000043	30.520365	243.757150	0.010670	0.000001	0.010670	23.8	170.6	197.7
466	-0.393762	-0.393972	0.000042	31.520365	239.115957	0.009452	0.000001	0.009452	79.6	173.4	256.2
467	-0.408232	-0.408443	0.000042	32.520365	234.648200	0.009996	0.000001	0.009996	45.8	129.8	178.6
468	-0.405571	-0.405780	0.000042	33.520365	230.344337	0.009862	0.000001	0.009862	52.0	122.6	177.2
469	-0.416840	-0.417049	0.000042	34.520363	226.195517	0.009741	0.000001	0.009741	52.8	115.7	171.0
470	-0.402022	-0.402236	0.000043	33.611524	229.959841	0.009946	0.000001	0.009945	58.0	122.8	184.5
471	-0.408082	-0.408295	0.000043	33.897450	228.762124	0.010031	0.000001	0.010031	57.2	101.0	161.0
472	-0.411258	-0.411471	0.000043	34.897450	224.669592	0.011108	0.000001	0.011108	72.2	101.1	176.2
473	-0.404904	-0.405117	0.000043	34.625981	225.766036	0.010868	0.000001	0.010869	35.3	119.6	157.8
474	-0.411615	-0.411827	0.000042	35.625981	221.779067	0.009905	0.000001	0.009905	41.2	99.7	150.3
475	-0.412151	-0.412363	0.000042	34.717142	225.396653	0.011153	0.000001	0.011152	40.1	109.9	152.3
476	-0.410771	-0.410984	0.000043	35.717142	221.422605	0.010579	0.000001	0.010579	49.2	71.5	123.6
477	-0.411626	-0.411836	0.000042	34.809053	225.025449	0.011534	0.000001	0.011534	80.1	143.6	226.9
478	-0.408046	-0.408260	0.000043	35.808767	221.065479	0.010136	0.000001	0.010136	49.2	169.9	222.0
479	-0.413599	-0.413813	0.000043	34.904431	224.641538	0.010477	0.000001	0.010477	51.2	100.4	165.9
480	-0.415090	-0.415304	0.000043	35.904431	220.693839	0.009902	0.000001	0.009902	65.4	120.2	188.8
481	-0.410202	-0.410414	0.000042	34.995592	224.275822	0.008743	0.000001	0.008743	51.0	123.3	177.3
482	-0.405091	-0.405305	0.000043	34.086752	227.975999	0.008608	0.000001	0.008608	47.7	132.7	183.5
483	-0.407452	-0.407666	0.000043	33.177912	231.800318	0.010355	0.000001	0.010354	84.7	122.8	209.9
484	-0.406272	-0.406490	0.000044	32.269073	235.755133	0.011117	0.000001	0.011117	74.3	126.6	204.0
485	-0.406448	-0.406663	0.000043	33.269033	231.411111	0.009661	0.000001	0.009661	71.4	119.5	193.6
486	-0.410637	-0.410852	0.000043	32.360383	235.351710	0.012007	0.000001	0.012006	45.3	127.2	175.1
487	-0.410960	-0.411176	0.000043	31.451544	239.429696	0.010447	0.000001	0.010446	80.3	177.7	260.8
488	-0.410081	-0.410300	0.000044	30.542705	243.651501	0.010259	0.000001	0.010259	37.0	117.5	156.9
489	-0.414705	-0.414924	0.000044	29.635040	248.019105	0.009875	0.000001	0.009876	92.5	99.7	195.4
490	-0.415222	-0.415438	0.000043	28.726200	252.552120	0.010449	0.000001	0.010449	67.1	95.5	179.7
491	-0.405783	-0.406000	0.000043	29.726183	247.573473	0.009475	0.000001	0.009475	79.2	72.4	156.2
492	-0.405274	-0.405493	0.000044	30.722014	242.806811	0.010419	0.000001	0.010419	57.6	114.7	174.9
493	-0.399770	-0.399985	0.000043	31.721567	238.203413	0.008442	0.000001	0.008441	78.2	98.0	178.8
494	-0.403410	-0.403630	0.000044	32.721562	233.769400	0.011836	0.000001	0.011836	50.5	117.6	170.8
495	-0.418196	-0.418416	0.000044	33.721562	229.497421	0.011671	0.000001	0.011671	54.3	121.9	184.2
496	-0.411243	-0.411462	0.000044	34.474845	226.381115	0.012546	0.000001	0.012546	59.6	126.9	189.4
497	-0.419289	-0.419509	0.000044	33.566006	230.151670	0.009380	0.000001	0.009380	56.6	89.6	149.2
498	-0.402179	-0.402400	0.000044	34.566006	226.009719	0.009496	0.000001	0.009496	90.4	99.9	194.9
499	-0.410019	-0.410236	0.000043	35.551675	222.070473	0.011488	0.000001	0.011487	61.8	81.7	147.4
500	-0.400334	-0.400555	0.000044	36.551675	218.211846	0.009694	0.000001	0.009694	64.7	178.7	246.3
501	-0.413721	-0.413940	0.000044	37.551675	214.485021	0.011205	0.000001	0.011205	78.5	115.7	199.0
502	-0.406784	-0.407005	0.000044	36.642836	217.866751	0.010014	0.000001	0.010014	77.2	110.0	196.1
503	-0.402443	-0.402666	0.000045	36.554562	218.200901	0.010934	0.000001	0.010934	44.0	104.9	152.2
504	-0.414254	-0.414478	0.000045	35.645722	221.701776	0.010092	0.000001	0.010092	83.8	100.9	188.1
505	-0.412056	-0.412281	0.000045	36.645709	217.855891	0.009341	0.000001	0.009342	44.4	122.2	169.1
506	-0.414118	-0.414340	0.000044	37.607614	214.280303	0.010687	0.000001	0.010687	41.9	73.3	117.6
507	-0.418067	-0.418291	0.000045	36.702363	217.641993	0.010129	0.000001	0.010129	76.1	104.9	185.0
508	-0.415481	-0.415704	0.000045	37.700089	213.942731	0.010906	0.000001	0.010906	59.7	121.7	183.7
509	-0.408902	-0.409125	0.000044	37.482059	214.740343	0.010868	0.000001	0.010869	59.6	99.2	161.1
510	-0.412350	-0.412574	0.000045	38.482059	211.130173	0.009936	0.000001	0.009936	56.8	100.8	160.3
511	-0.408227	-0.408451	0.000045	37.573219	214.406132	0.011150	0.000001	0.011150	33.7	115.5	152.0
512	-0.410564	-0.410789	0.000045	38.449178	211.246946	0.010973	0.000001	0.010972	62.7	89.5	166.0
513	-0.418959	-0.419180	0.000044	39.353748	208.080818	0.010108	0.000001	0.010108	82.4	87.6	172.8
514	-0.414595	-0.414820	0.000045	38.444909	211.262118	0.009858	0.000001	0.009858	69.6	82.9	155.1
515	-0.405526	-0.405751	0.000045	39.442432	207.775511	0.009650	0.000001	0.009650	55.3	94.1	151.8
516	-0.409080	-0.409304	0.000045	38.533593	210.947411	0.010087	0.000001	0.010087	51.7	124.0	178.8
517	-0.413685	-0.413910	0.000045	38.811967	209.965631	0.012345	0.000001	0.012345	68.2	89.7	160.4
518	-0.406630	-0.406854	0.000045	39.636141	207.111749	0.010047	0.000001	0.010047	34.2	104.4	141.8
519	-0.406541	-0.406763	0.000044	38.727304	210.263255	0.010525	0.000001	0.010525	61.3	108.4	172.3
520	-0.415035	-0.415261	0.000045	37.818464	213.512160	0.010260	0.000001	0.010260	47.1	117.0	166.8
521	-0.418319	-0.418542	0.000044	36.909624	216.863042	0.009720	0.000001	0.009720	28.7	123.8	162.8
522	-0.411995	-0.412221	0.000045	37.909624	213.181758	0.009697	0.000001	0.009697	51.6	98.4	152.8
523	-0.403739	-0.403965	0.000045	37.000785	216.522197	0.009954	0.000001	0.009954	55.6	130.7	189.0
524	-0.409782	-0.410009	0.000045	37.611819	214.264929	0.010069	0.000001	0.010069	36.4	85.6	124.8
525	-0.413773	-0.413998	0.000045	36.702980	217.639667	0.010078	0.000001	0.010078	42.1	127.0	171.7
526	-0.404459	-0.404687	0.000046	35.794149	221.122379	0.010827	0.000001	0.010826	62.1	127.1	192.3
527	-0.409853	-0.410080	0.000045	36.794149	217.296345	0.009798	0.000001	0.009798	37.9	110.0	150.9
528	-0.411497	-0.411724	0.000045	37.793780	213.601800	0.009934	0.000001	0.009934	43.4	108.9	155.2
529	-0.415752	-0.415982	0.000046	38.793780	210.029492	0.010916	0.000001	0.010916	49.5	92.6	145.7
530	-0.409449	-0.409676	0.000045	38.654404	210.520204	0.012017	0.000001	0.012016	77.4	81.1	161.3
531	-0.404328	-0.404557	0.000046	37.745564	213.777116	0.011312	0.000001	0.011312	38.5	139.1	185.7
532	-0.405690	-0.405918	0.000046	38.745564	210.198991	0.010457	0.000001	0.010457	27.2	145.4	175.5
533	-0.401186	-0.401416	0.000046	37.836727	213.445885	0.009782	0.000001	0.009782	37.2	147.0	188.7
534	-0.418761	-0.418991	0.000046	38.836727	209.878747	0.010004	0.000001	0.010004	56.2	125.9	184.8
535	-0.409162	-0.409390	0.000046	39.836726	206.428882	0.010294	0.000001	0.010294	34.5	112.0	149.1
536	-0.407692	-0.407924	0.000046	40.836726	203.090593	0.009174	0.000001	0.009174	56.2	101.0	159.9
537	-0.407731	-0.407960	0.000046	41.836725	199.858558	0.012509	0.000001	0.012509	76.3	116.5	195.5
538	-0.402383	-0.402611	0.000046	42.836725	196.727781	0.009822	0.000001	0.009822	59.3	83.5	145.1
539	-0.401017	-0.401244	0.000045	43.455406	194.839473	0.009559	0.000001	0.009558	65.0	93.0	160.8
540	-0.416892	-0.417120	0.000045	44.455116	191.863648	0.009627	0.000001	0.009627	68.5	84.6	155.8
541	-0.416838	-0.417071	0.000047	45.455116	188.976532	0.009969	0.000001	0.009969	43.0	119.1	165.3
542	-0.406259	-0.406488	0.000046	46.453975	186.178164	0.009852	0.000001	0.009852	49.9	120.9	173.8
543	-0.413128	-0.413359	0.000046	47.453974	183.458411	0.009768	0.000001	0.009768	62.3	104.1	168.9
544	-0.409321	-0.409551	0.000046	46.545135	185.926895	0.009915	0.000001	0.009915	55.0	85.3	142.7
545	-0.413212	-0.413444	0.000046	45.636296	188.462716	0.009979	0.000001	0.009979	50.4	79.2	132.0
546	-0.397012	-0.397241	0.000046	44.727456	191.068664	0.010884	0.000001	0.010884	72.3	107.3	182.4
547	-0.408986	-0.409214	0.000046	45.486647	188.886909	0.012043	0.000001	0.012043	48.9	96.1	148.8
548	-0.412827	-0.413059	0.000046	44.577914	191.504373	0.009690	0.000001	0.009690	77.5	95.7	175.9
549	-0.403549	-0.403781	0.000046	43.669074	194.195717	0.009102	0.000001	0.009102	45.0	115.0	162.9
550	-0.419759	-0.419989	0.000046	43.296903	195.319786	0.010265	0.000001	0.010265	27.5	95.8	126.1
551	-0.405531	-0.405763	0.000046	44.296903	192.328529	0.009853	0.000001	0.009854	40.2	123.9	167.3
552	-0.406958	-0.407191	0.000046	45.287447	189.454531	0.011367	0.000001	0.011368	49.3	99.4	151.4
553	-0.406845	-0.407074	0.000046	46.287408	186.639041	0.010397	0.000001	0.010398	59.8	82.6	145.0
554	-0.411686	-0.411913	0.000045	45.378583	189.194418	0.009297	0.000001	0.009297	77.9	80.6	161.4
555	-0.401839	-0.402069	0.000046	44.469780	191.820673	0.011738	0.000001	0.011738	58.7	107.8	169.2
556	-0.411795	-0.412022	0.000045	45.469778	188.934846	0.011068	0.000001	0.011067	58.3	97.2	158.0
557	-0.417400	-0.417631	0.000046	46.469738	186.134667	0.011158	0.000001	0.011158	59.6	83.7	145.9
558	-0.411372	-0.411599	0.000046	45.565829	188.662224	0.010811	0.000001	0.010811	47.0	121.8	171.2
559	-0.418183	-0.418414	0.000046	46.565704	185.870293	0.009658	0.000001	0.009659	36.0	101.0	139.8
560	-0.413674	-0.413904	0.000046	45.665236	188.380902	0.011536	0.000001	0.011536	59.1	79.0	141.0
561	-0.412825	-0.413054	0.000046	44.756396	190.984574	0.011081	0.000001	0.011081	54.8	96.9	154.3
562	-0.401910	-0.402137	0.000045	45.754131	188.130038	0.010225	0.000001	0.010225	44.9	107.4	158.0
563	-0.408611	-0.408840	0.000046	44.845292	190.726732	0.010511	0.000001	0.010511	55.4	145.6	203.7
564	-0.405841	-0.406068	0.000045	45.845275	187.873523	0.009577	0.000001	0.009577	61.4	127.8	191.7
565	-0.412750	-0.412978	0.000046	46.769018	185.312664	0.011022	0.000001	0.011022	78.6	88.1	169.2
566	-0.419309	-0.419539	0.000046	45.860179	187.831644	0.012569	0.000001	0.012569	36.4	114.0	154.0
567	-0.399817	-0.400045	0.000046	46.860179	185.063723	0.011279	0.000001	0.011279	75.0	87.5	171.1
568	-0.417970	-0.418198	0.000046	45.951799	187.574606	0.009432	0.000001	0.009432	83.3	103.3	189.4
569	-0.405790	-0.406020	0.000046	46.951770	184.814277	0.010678	0.000001	0.010679	52.6	80.8	136.6
570	-0.411108	-0.411335	0.000045	46.042931	187.319635	0.010094	0.000001	0.010094	65.8	75.0	143.5
571	-0.407439	-0.407667	0.000046	47.042881	184.566807	0.010010	0.000001	0.010010	71.2	76.1	150.3
572	-0.407582	-0.407812	0.000046	46.134067	187.065343	0.010497	0.000001	0.010497	71.2	84.0	157.9
573	-0.407413	-0.407641	0.000046	47.134060	184.319814	0.008968	0.000001	0.008968	70.5	93.2	166.7
574	-0.420828	-0.421056	0.000046	48.133074	181.656283	0.010336	0.000001	0.010336	47.5	99.8	150.4
575	-0.405628	-0.405859	0.000046	49.133071	179.066124	0.009430	0.000001	0.009430	60.7	123.2	186.7
576	-0.404638	-0.404867	0.000046	48.224232	181.417070	0.010319	0.000001	0.010319	43.8	107.7	155.9
577	-0.409910	-0.410140	0.000046	47.317581	183.824677	0.009372	0.000001	0.009373	70.4	107.2	182.0
578	-0.408410	-0.408639	0.000046	46.680366	185.555398	0.009728	0.000001	0.009728	56.7	93.9	154.8
579	-0.408164	-0.408395	0.000046	47.680245	182.853997	0.010112	0.000001	0.010112	67.9	109.3	180.4
580	-0.406227	-0.406455	0.000046	46.771456	185.305998	0.010185	0.000001	0.010185	51.7	92.4	147.1
581	-0.406656	-0.406884	0.000046	47.771207	182.612141	0.011559	0.000001	0.011558	65.7	92.8	161.1
582	-0.410680	-0.410908	0.000046	46.862367	185.057755	0.010188	0.000001	0.010188	75.0	83.9	161.8
583	-0.415356	-0.415585	0.000046	47.604643	183.055502	0.010800	0.000001	0.010801	60.4	84.9	147.7
584	-0.412577	-0.412806	0.000046	46.695803	185.513086	0.008939	0.000001	0.008939	32.0	86.1	124.4
585	-0.405531	-0.405762	0.000046	47.645308	182.947061	0.010199	0.000001	0.010199	30.2	170.8	203.6
586	-0.400875	-0.401103	0.000046	48.631385	180.356277	0.011034	0.000001	0.011034	32.3	126.8	161.5
587	-0.420101	-0.420333	0.000046	49.626692	177.814605	0.009098	0.000001	0.009097	52.6	85.1	142.3
588	-0.420994	-0.421227	0.000047	48.718372	180.131248	0.009789	0.000001	0.009789	57.3	78.4	138.2
589	-0.416163	-0.416395	0.000046	48.899119	179.665459	0.010829	0.000001	0.010829	65.2	91.1	159.4
590	-0.408983	-0.409215	0.000046	49.899119	177.131359	0.010674	0.000001	0.010674	78.1	93.1	174.9
591	-0.411522	-0.411754	0.000046	50.899118	174.667752	0.009902	0.000001	0.009902	75.4	126.0	204.8
592	-0.415240	-0.415471	0.000046	49.990279	176.903901	0.010177	0.000001	0.010177	65.1	85.4	153.0
593	-0.404785	-0.405019	0.000047	49.082237	179.196011	0.009959	0.000001	0.009959	64.7	75.2	142.3
594	-0.402650	-0.402884	0.000047	49.783360	177.421039	0.010498	0.000001	0.010498	47.8	132.3	182.7
595	-0.408935	-0.409168	0.000047	50.783359	174.949423	0.011529	0.000001	0.011529	52.4	139.8	195.1
596	-0.408028	-0.408262	0.000047	51.779418	172.555067	0.010864	0.000001	0.010864	64.6	117.2	185.1
597	-0.421195	-0.421429	0.000047	52.779418	170.216270	0.009647	0.000001	0.009647	61.3	109.6	177.5
598	-0.414298	-0.414532	0.000047	53.779418	167.940025	0.010260	0.000001	0.010260	41.8	91.5	135.7
599	-0.411116	-0.411350	0.000047	52.870578	170.006213	0.009953	0.000001	0.009953	43.7	109.2	155.9
600	-0.412996	-0.413228	0.000046	51.961739	172.123877	0.010385	0.000001	0.010385	60.7	107.6	172.3
601	-0.416523	-0.416754	0.000046	52.961732	169.796690	0.011571	0.000001	0.011571	57.9	95.4	156.9
602	-0.399686	-0.399917	0.000046	52.052895	171.909098	0.009854	0.000001	0.009853	55.3	103.5	161.5
603	-0.402079	-0.402311	0.000046	51.144055	174.074735	0.009435	0.000001	0.009436	46.3	81.1	129.7
604	-0.405087	-0.405319	0.000046	52.135707	171.714445	0.010474	0.000001	0.010474	64.7	117.2	184.4
605	-0.405661	-0.405896	0.000047	53.135705	169.398232	0.011132	0.000001	0.011132	73.0	123.8	200.7
606	-0.411850	-0.412082	0.000046	52.227030	171.500296	0.009826	0.000001	0.009826	78.1	91.6	174.0
607	-0.410372	-0.410606	0.000047	53.227030	169.189813	0.009278	0.000001	0.009278	66.7	133.9	203.5
608	-0.417063	-0.417293	0.000046	52.357450	171.195390	0.011181	0.000001	0.011181	37.9	108.3	149.1
609	-0.412333	-0.412565	0.000047	51.448761	173.342611	0.009935	0.000001	0.009935	62.2	111.6	177.0
610	-0.418984	-0.419217	0.000046	50.539924	175.544739	0.010497	0.000001	0.010497	64.6	90.1	157.4
611	-0.417549	-0.417781	0.000046	49.633277	177.798028	0.009400	0.000001	0.009401	43.7	118.3	164.5
612	-0.420792	-0.421026	0.000047	48.724437	180.115578	0.010626	0.000001	0.010626	68.8	96.5	167.5
613	-0.415708	-0.415938	0.000046	49.724233	177.569367	0.010598	0.000001	0.010598	46.9	118.1	167.9
614	-0.402589	-0.402821	0.000046	48.815502	179.880642	0.011433	0.000001	0.011433	40.1	79.1	121.7
615	-0.417098	-0.417331	0.000047	47.906662	182.253166	0.010246	0.000001	0.010246	45.6	100.1	148.9
616	-0.414107	-0.414341	0.000047	46.998130	184.688276	0.010779	0.000001	0.010779	87.8	97.7	187.8
617	-0.411159	-0.411392	0.000047	47.997302	182.013745	0.010292	0.000001	0.010292	50.5	112.0	165.7
618	-0.414815	-0.415050	0.000047	47.088462	184.443250	0.011018	0.000001	0.011018	53.6	101.3	157.6
619	-0.417046	-0.417278	0.000046	48.088462	181.773582	0.009968	0.000001	0.009969	49.2	136.2	188.7
620	-0.418040	-0.418272	0.000046	49.087292	179.183086	0.010685	0.000001	0.010685	31.7	141.9	176.1
621	-0.418606	-0.418839	0.000047	48.178815	181.536172	0.011106	0.000001	0.011106	65.2	143.7	211.5
622	-0.417214	-0.417445	0.000046	49.178815	178.949407	0.010207	0.000001	0.010206	51.4	128.9	183.5
623	-0.397455	-0.397688	0.000047	48.269980	181.297257	0.011583	0.000001	0.011583	52.1	114.0	169.2
624	-0.415205	-0.415439	0.000047	49.269979	178.717249	0.010290	0.000001	0.010291	57.9	82.4	142.9
625	-0.413957	-0.414190	0.000047	48.361179	181.058879	0.010233	0.000001	0.010233	55.1	144.7	202.8
626	-0.417371	-0.417610	0.000048	49.359152	178.490742	0.010298	0.000001	0.010298	55.2	91.7	150.2
627	-0.411091	-0.411325	0.000047	50.250382	176.258106	0.010478	0.000001	0.010478	76.3	86.8	166.4
628	-0.410951	-0.411184	0.000047	49.341542	178.535428	0.011985	0.000001	0.011985	58.9	102.8	167.9
629	-0.408610	-0.408845	0.000047	50.341537	176.032896	0.012110	0.000001	0.012110	18.2	145.0	167.1
630	-0.413714	-0.413949	0.000047	49.447994	178.265647	0.011636	0.000001	0.011636	51.5	92.4	146.5
631	-0.421749	-0.421986	0.000047	50.445737	175.776160	0.010902	0.000001	0.010902	38.1	161.0	208.5
632	-0.410484	-0.410719	0.000047	51.445737	173.349845	0.009819	0.000001	0.009818	52.1	122.3	177.4
633	-0.416071	-0.416308	0.000047	52.252085	171.441635	0.009896	0.000001	0.009896	39.9	178.9	222.7
634	-0.419655	-0.419892	0.000047	51.343246	173.595435	0.010700	0.000001	0.010700	76.4	127.3	218.3
635	-0.409329	-0.409564	0.000047	52.343230	171.228583	0.011847	0.000001	0.011847	34.3	142.2	179.2
636	-0.408666	-0.408900	0.000047	51.434397	173.376985	0.009825	0.000001	0.009825	62.4	135.4	203.7
637	-0.420948	-0.421183	0.000047	50.525557	175.580000	0.010356	0.000001	0.010356	65.9	124.9	193.5
638	-0.420849	-0.421087	0.000048	51.525557	173.159061	0.011194	0.000001	0.011194	55.5	95.3	155.1
639	-0.407913	-0.408145	0.000046	50.616717	175.356506	0.009567	0.000001	0.009567	53.0	126.6	211.0
640	-0.412471	-0.412707	0.000047	51.615354	172.944929	0.009706	0.000001	0.009706	72.5	126.4	202.5
641	-0.413302	-0.413534	0.000046	52.615354	170.595624	0.011511	0.000001	0.011511	54.0	105.3	161.7
642	-0.415559	-0.415793	0.000047	53.615354	168.309290	0.010083	0.000001	0.010083	65.7	105.8	173.9
643	-0.409011	-0.409246	0.000047	53.475583	168.625162	0.009808	0.000001	0.009807	43.6	112.7	158.9
644	-0.417794	-0.418030	0.000047	54.448011	166.451801	0.010426	0.000001	0.010426	62.4	109.0	174.3
645	-0.412060	-0.412297	0.000047	53.539171	168.481311	0.008878	0.000001	0.008877	80.0	155.6	238.4
646	-0.408350	-0.408588	0.000048	54.239609	166.912847	0.011924	0.000001	0.011924	61.6	117.8	182.2
647	-0.418775	-0.419013	0.000048	55.239604	164.723537	0.010312	0.000001	0.010312	39.1	128.2	169.9
648	-0.404427	-0.404664	0.000047	56.175295	162.726391	0.010038	0.000001	0.010038	61.8	108.4	173.4
649	-0.409236	-0.409474	0.000048	55.279998	164.636310	0.010946	0.000001	0.010946	57.5	86.9	147.2
650	-0.410265	-0.410504	0.000048	56.278056	162.510005	0.010941	0.000001	0.010941	82.8	91.6	177.1
651	-0.411254	-0.411492	0.000048	55.459469	164.249863	0.010019	0.000001	0.010019	53.9	115.4	180.3
652	-0.412161	-0.412398	0.000048	56.459463	162.129413	0.009942	0.000001	0.009941	51.7	115.2	172.3
653	-0.410458	-0.410697	0.000048	57.459463	160.063003	0.010910	0.000001	0.010910	86.0	77.8	168.0
654	-0.414657	-0.414897	0.000048	58.458423	158.050673	0.010217	0.000001	0.010217	87.4	103.3	193.1
655	-0.406612	-0.406850	0.000048	59.458422	156.086299	0.010464	0.000001	0.010464	33.8	101.7	138.2
656	-0.410962	-0.411201	0.000048	58.549582	157.869557	0.011566	0.000001	0.011566	35.3	108.8	146.8
657	-0.407676	-0.407915	0.000048	59.549557	155.909700	0.010267	0.000001	0.010267	42.2	123.0	168.3
658	-0.412862	-0.413102	0.000048	58.640718	157.688901	0.011738	0.000001	0.011738	40.2	132.6	175.7
659	-0.414691	-0.414929	0.000048	59.640718	155.733451	0.010703	0.000001	0.010703	27.0	139.7	190.5
660	-0.409476	-0.409714	0.000048	60.639958	153.827336	0.011299	0.000001	0.011299	33.5	162.8	200.1
661	-0.413030	-0.413269	0.000048	59.741408	155.539241	0.010482	0.000001	0.010483	41.4	166.0	211.4
662	-0.413013	-0.413254	0.000048	60.741408	153.636420	0.009705	0.000001	0.009705	48.6	101.5	153.6
663	-0.404755	-0.404991	0.000047	59.832568	155.363829	0.009936	0.000001	0.009936	26.9	125.3	156.0
664	-0.406538	-0.406774	0.000047	60.832568	153.465272	0.011232	0.000001	0.011232	40.9	137.0	180.3
665	-0.414722	-0.414961	0.000048	61.824136	151.627991	0.009751	0.000001	0.009751	55.1	145.0	203.2
666	-0.406673	-0.406910	0.000047	62.572057	150.271008	0.010472	0.000001	0.010472	30.2	147.7	180.9
667	-0.408240	-0.408476	0.000047	61.663218	151.923161	0.010797	0.000001	0.010797	17.7	110.3	130.7
668	-0.413035	-0.413274	0.000048	60.754378	153.612046	0.011145	0.000001	0.011145	51.2	97.7	151.4
669	-0.419054	-0.419293	0.000048	61.754378	151.755805	0.011678	0.000001	0.011678	70.8	104.3	178.2
670	-0.410194	-0.410436	0.000048	62.754341	149.943957	0.009446	0.000001	0.009446	70.7	83.5	156.9
671	-0.415502	-0.415738	0.000047	61.845501	151.588887	0.010895	0.000001	0.010895	63.7	136.8	203.5
672	-0.410618	-0.410859	0.000048	62.841157	149.788693	0.010320	0.000001	0.010320	81.3	114.4	198.3
673	-0.411287	-0.411526	0.000048	61.932317	151.430199	0.010376	0.000001	0.010376	65.5	130.3	198.2
674	-0.410683	-0.410920	0.000047	62.862200	149.751106	0.009581	0.000001	0.009581	42.1	77.0	121.5
675	-0.405133	-0.405374	0.000048	62.483408	150.430577	0.009625	0.000001	0.009625	66.0	94.3	163.4
676	-0.424655	-0.424894	0.000048	61.689695	151.874515	0.008880	0.000001	0.008880	47.1	130.2	180.0
677	-0.411156	-0.411396	0.000048	62.689042	150.060951	0.010072	0.000001	0.010072	59.6	105.7	168.2
678	-0.409642	-0.409879	0.000048	63.689042	148.289046	0.011205	0.000001	0.011204	56.4	97.1	160.5
679	-0.409055	-0.409299	0.000049	64.689042	146.558498	0.011176	0.000001	0.011176	91.6	102.6	198.7
680	-0.406101	-0.406339	0.000048	63.780873	148.128426	0.010255	0.000001	0.010255	54.0	76.5	133.4
681	-0.410931	-0.411170	0.000048	62.879605	149.720033	0.011924	0.000001	0.011924	52.5	76.0	131.6
682	-0.419718	-0.419960	0.000048	61.970766	151.360027	0.010094	0.000001	0.010094	55.9	83.4	142.8
683	-0.416627	-0.416868	0.000048	61.061926	153.036346	0.009633	0.000001	0.009632	45.1	84.4	132.2
684	-0.407698	-0.407941	0.000049	62.061926	151.193909	0.012754	0.000001	0.012754	49.1	65.2	117.0
685	-0.417304	-0.417546	0.000048	61.153086	152.866531	0.009414	0.000001	0.009414	42.1	93.2	138.2
686	-0.413951	-0.414192	0.000048	60.244247	154.576574	0.010460	0.000001	0.010459	44.0	71.0	117.6
687	-0.417370	-0.417612	0.000049	61.156599	152.859995	0.011544	0.000001	0.011544	50.5	75.1	131.1
688	-0.407901	-0.408143	0.000048	61.537586	152.154405	0.011005	0.000001	0.011004	37.1	76.5	116.4
689	-0.409604	-0.409848	0.000049	62.472930	150.449461	0.009968	0.000001	0.009969	35.2	70.2	108.0
690	-0.418834	-0.419082	0.000049	61.564091	152.105560	0.009859	0.000001	0.009858	42.5	123.7	169.4
691	-0.411263	-0.411505	0.000048	60.655298	153.798437	0.010331	0.000001	0.010331	22.0	83.6	108.8
692	-0.419493	-0.419735	0.000048	59.847122	155.335860	0.010671	0.000001	0.010671	49.6	68.3	121.3
693	-0.409111	-0.409354	0.000049	60.847122	153.437982	0.010345	0.000001	0.010345	52.9	84.7	140.1
694	-0.416622	-0.416866	0.000049	61.847122	151.585920	0.010096	0.000001	0.010096	41.7	87.5	131.7
695	-0.423166	-0.423412	0.000049	60.938283	153.267275	0.011531	0.000001	0.011531	31.9	61.9	97.4
696	-0.413457	-0.413703	0.000049	61.938283	151.419307	0.010673	0.000001	0.010672	44.8	73.9	122.3
697	-0.405709	-0.405952	0.000049	62.938283	149.615371	0.012095	0.000001	0.012094	40.3	72.7	115.7
698	-0.423584	-0.423829	0.000049	63.938283	147.853911	0.011027	0.000001	0.011027	43.1	68.7	114.5
699	-0.404152	-0.404399	0.000049	63.029443	149.453059	0.010669	0.000001	0.010669	50.1	84.6	137.5
700	-0.414003	-0.414247	0.000049	64.029443	147.695396	0.010864	0.000001	0.010864	34.4	64.9	102.9
701	-0.409225	-0.409473	0.000050	65.029443	145.978596	0.010240	0.000001	0.010240	41.4	83.8	128.2
702	-0.419056	-0.419301	0.000049	64.124420	147.530607	0.010738	0.000001	0.010738	31.8	70.3	106.3
703	-0.409677	-0.409925	0.000050	64.467151	146.938995	0.010906	0.000001	0.010905	46.2	81.7	130.5
704	-0.415437	-0.415685	0.000050	65.466605	145.240550	0.012454	0.000001	0.012454	44.0	94.2	141.5
705	-0.412079	-0.412324	0.000049	66.466605	143.580024	0.011158	0.000001	0.011158	48.4	74.1	125.4
706	-0.418290	-0.418537	0.000049	65.577040	145.055286	0.010200	0.000001	0.010200	32.8	67.4	103.2
707	-0.412787	-0.413034	0.000049	64.708452	146.525308	0.010355	0.000001	0.010355	41.7	69.4	113.8
708	-0.412703	-0.412951	0.000050	63.799612	148.095693	0.009347	0.000001	0.009346	44.4	73.2	120.9
709	-0.426057	-0.426306	0.000050	64.799612	146.369628	0.010574	0.000001	0.010574	31.5	100.5	134.5
710	-0.412396	-0.412643	0.000049	65.746330	144.772204	0.010594	0.000001	0.010594	15.7	88.9	107.1
711	-0.420755	-0.421002	0.000049	66.746330	143.122309	0.011445	0.000001	0.011445	29.2	78.4	110.3
712	-0.403333	-0.403583	0.000050	67.405443	142.055249	0.009653	0.000001	0.009653	32.5	58.2	93.3
713	-0.415741	-0.415989	0.000050	68.404507	140.467833	0.011153	0.000001	0.011153	40.1	77.2	119.7
714	-0.417684	-0.417933	0.000050	69.404507	138.914063	0.010533	0.000001	0.010534	19.9	77.6	101.0
715	-0.408492	-0.408737	0.000049	70.399991	137.401078	0.010862	0.000001	0.010863	20.7	74.9	98.1
716	-0.415272	-0.415519	0.000049	71.399991	135.914053	0.009403	0.000001	0.009403	34.8	83.1	120.6
717	-0.412525	-0.412774	0.000050	72.113045	134.873232	0.009162	0.000001	0.009162	37.0	108.1	147.7
718	-0.406730	-0.406979	0.000050	73.094557	133.466352	0.010358	0.000001	0.010358	40.3	87.0	139.0
719	-0.405104	-0.405352	0.000050	72.214781	134.726029	0.010363	0.000001	0.010363	39.5	62.5	109.5
720	-0.412224	-0.412472	0.000050	71.305941	136.052535	0.010387	0.000001	0.010387	58.1	84.7	146.5
721	-0.403550	-0.403802	0.000051	70.584368	137.124463	0.010058	0.000001	0.010058	46.8	69.9	119.1
722	-0.418000	-0.418250	0.000050	71.584364	135.643394	0.008969	0.000001	0.008969	34.0	63.8	100.3
723	-0.411875	-0.412125	0.000050	72.582888	134.196087	0.009931	0.000001	0.009931	44.5	73.8	120.9
724	-0.416348	-0.416596	0.000050	71.779967	135.357424	0.009747	0.000001	0.009746	37.9	95.2	135.5
725	-0.417924	-0.418174	0.000050	72.513520	134.295633	0.010745	0.000001	0.010745	44.8	67.4	114.9
726	-0.410676	-0.410927	0.000050	71.605709	135.612129	0.010598	0.000001	0.010598	48.5	72.8	123.6
727	-0.413869	-0.414119	0.000050	70.696869	136.956228	0.010896	0.000001	0.010896	36.0	63.6	102.4
728	-0.420582	-0.420831	0.000050	71.696869	135.478765	0.008929	0.000001	0.008929	47.1	80.8	133.7
729	-0.418135	-0.418389	0.000051	70.789710	136.817703	0.011286	0.000001	0.011286	37.0	71.4	111.5
730	-0.406238	-0.406488	0.000050	71.570573	135.663601	0.009453	0.000001	0.009453	40.9	84.1	128.1
731	-0.410231	-0.410483	0.000050	72.570388	134.214013	0.011609	0.000001	0.011610	32.8	68.9	104.6
732	-0.414146	-0.414397	0.000050	72.143002	134.829854	0.010735	0.000001	0.010735	40.9	97.1	140.9
733	-0.410061	-0.410310	0.000050	73.143001	133.397673	0.011178	0.000001	0.011177	45.7	108.4	157.2
734	-0.407756	-0.408006	0.000050	74.143001	131.995597	0.010090	0.000001	0.010090	23.6	67.6	99.3
735	-0.417498	-0.417748	0.000050	75.142964	130.622740	0.009414	0.000001	0.009415	48.2	76.0	126.8
736	-0.406187	-0.406438	0.000050	75.301079	130.408272	0.009538	0.000001	0.009538	36.7	89.3	129.0
737	-0.411234	-0.411482	0.000050	74.392303	131.650636	0.009652	0.000001	0.009652	21.8	80.0	104.2
738	-0.407449	-0.407697	0.000050	74.983363	130.839939	0.010731	0.000001	0.010731	27.7	81.1	111.2
739	-0.415013	-0.415263	0.000050	75.983363	129.490842	0.010606	0.000001	0.010605	24.1	67.6	94.7
740	-0.415055	-0.415307	0.000050	75.593771	130.013117	0.010023	0.000001	0.010024	37.2	77.0	121.0
741	-0.421424	-0.421677	0.000051	76.593771	128.680930	0.010368	0.000001	0.010368	39.2	79.0	121.0
742	-0.406806	-0.407057	0.000050	77.593727	127.375825	0.012183	0.000001	0.012182	84.4	124.6	211.8
743	-0.410496	-0.410751	0.000051	78.593727	126.096870	0.011604	0.000001	0.011604	63.8	96.8	163.3
744	-0.419182	-0.419433	0.000050	77.684888	127.258161	0.010259	0.000001	0.010258	43.3	70.0	115.7
745	-0.412928	-0.413180	0.000050	76.776260	128.440762	0.009588	0.000001	0.009588	39.1	75.3	117.1
746	-0.409295	-0.409546	0.000050	75.867434	129.645813	0.009171	0.000001	0.009171	41.8	70.2	114.6
747	-0.415036	-0.415289	0.000051	74.958595	130.873709	0.010683	0.000001	0.010682	46.1	95.5	144.2
748	-0.410008	-0.410261	0.000051	75.958461	129.524100	0.010794	0.000001	0.010794	27.0	75.9	106.9
749	-0.411129	-0.411382	0.000051	76.958461	128.201865	0.009929	0.000001	0.009929	36.6	76.2	115.6
750	-0.422380	-0.422637	0.000051	76.512725	128.787881	0.010041	0.000001	0.010041	74.2	173.9	251.3
751	-0.416306	-0.416563	0.000051	77.474977	127.529426	0.009760	0.000001	0.009760	90.2	87.5	181.5
752	-0.416804	-0.417059	0.000051	76.566168	128.717337	0.012244	0.000001	0.012244	59.5	80.0	142.3
753	-0.416871	-0.417130	0.000052	75.839399	129.683347	0.010261	0.000001	0.010261	45.5	72.0	120.1
754	-0.414115	-0.414372	0.000051	74.930559	130.911958	0.009761	0.000001	0.009761	46.8	76.2	125.6
755	-0.411303	-0.411560	0.000051	74.033024	132.148350	0.010158	0.000001	0.010157	39.9	83.2	125.7
756	-0.417134	-0.417391	0.000051	75.033023	130.772279	0.009841	0.000001	0.009841	25.8	97.5	126.9
757	-0.411353	-0.411614	0.000052	74.178906	131.945805	0.009651	0.000001	0.009651	35.9	67.4	109.1
758	-0.413528	-0.413782	0.000051	73.270081	133.217847	0.010986	0.000001	0.010986	35.7	73.8	111.8
759	-0.416555	-0.416812	0.000051	73.202564	133.313327	0.010109	0.000001	0.010109	45.0	66.5	113.9
760	-0.421328	-0.421587	0.000052	74.148411	131.988092	0.010288	0.000001	0.010288	37.6	66.9	108.2
761	-0.418188	-0.418445	0.000051	73.343087	133.114759	0.010835	0.000001	0.010835	43.8	73.6	119.9
762	-0.412652	-0.412905	0.000051	72.434247	134.409573	0.009600	0.000001	0.009600	33.0	87.5	123.2
763	-0.401653	-0.401909	0.000051	73.434247	132.986259	0.010346	0.000001	0.010347	41.1	85.0	128.9
764	-0.415651	-0.415908	0.000051	74.434247	131.592773	0.010555	0.000001	0.010555	52.5	74.0	129.3
765	-0.419499	-0.419756	0.000051	73.528174	132.854119	0.011617	0.000001	0.011617	61.1	78.1	142.4
766	-0.406889	-0.407144	0.000051	72.619334	134.143843	0.010198	0.000001	0.010198	66.3	94.3	163.2
767	-0.408296	-0.408551	0.000051	73.619334	132.726122	0.010582	0.000001	0.010582	58.5	88.9	150.9
768	-0.411645	-0.411907	0.000052	72.710495	134.013350	0.010552	0.000001	0.010553	55.3	149.4	208.6
769	-0.408590	-0.408847	0.000051	73.710495	132.598371	0.010678	0.000001	0.010678	37.0	102.4	153.7
770	-0.420674	-0.420929	0.000051	72.933050	133.695832	0.011140	0.000001	0.011140	52.4	107.7	162.9
771	-0.411286	-0.411539	0.000051	72.024210	135.002031	0.010869	0.000001	0.010869	24.1	97.4	124.7
772	-0.414102	-0.414355	0.000051	73.024210	133.566209	0.011014	0.000001	0.011013	17.4	76.6	96.9
773	-0.416033	-0.416290	0.000051	72.237089	134.693794	0.009983	0.000001	0.009983	38.1	91.7	132.6
774	-0.409829	-0.410086	0.000052	73.211924	133.300083	0.010192	0.000001	0.010192	19.2	92.7	116.0
775	-0.415248	-0.415505	0.000051	72.303085	134.598522	0.009474	0.000001	0.009473	31.9	84.2	118.8
776	-0.414953	-0.415210	0.000051	73.302903	133.171482	0.010731	0.000001	0.010731	40.8	87.5	131.0
777	-0.413916	-0.414174	0.000052	74.302902	131.774133	0.010572	0.000001	0.010572	54.9	72.5	130.2
778	-0.413520	-0.413778	0.000052	73.394063	133.042873	0.011467	0.000001	0.011467	59.6	62.7	125.3
779	-0.418501	-0.418757	0.000051	72.485223	134.336282	0.009639	0.000001	0.009639	59.8	81.0	143.6
780	-0.413560	-0.413816	0.000051	73.485223	132.914512	0.010917	0.000001	0.010917	39.5	75.2	119.0
781	-0.421059	-0.421316	0.000051	72.576388	134.205408	0.010199	0.000001	0.010198	63.2	101.4	167.3
782	-0.411248	-0.411504	0.000051	73.576360	132.786430	0.011838	0.000001	0.011838	28.7	81.8	119.0
783	-0.421778	-0.422032	0.000051	72.667521	134.074834	0.011663	0.000001	0.011663	35.8	82.5	121.0
784	-0.410852	-0.411110	0.000052	73.667521	132.658563	0.010178	0.000001	0.010178	36.1	97.5	136.2
785	-0.408125	-0.408386	0.000052	74.099699	132.055699	0.010526	0.000001	0.010525	64.9	69.3	137.2
786	-0.416452	-0.416709	0.000051	73.191076	133.329587	0.009003	0.000001	0.009004	48.9	94.7	146.6
787	-0.410815	-0.411074	0.000052	74.190418	131.929848	0.010110	0.000001	0.010110	36.2	84.7	124.5
788	-0.417783	-0.418042	0.000052	75.188931	130.560317	0.010723	0.000001	0.010722	35.4	96.2	140.8
789	-0.417217	-0.417476	0.000052	74.280091	131.805681	0.009833	0.000001	0.009834	35.4	86.6	126.5
790	-0.403993	-0.404252	0.000052	75.280091	130.436699	0.010164	0.000001	0.010164	46.6	68.9	119.8
791	-0.410978	-0.411236	0.000052	76.280091	129.095862	0.010719	0.000001	0.010719	40.1	78.4	127.5
792	-0.415238	-0.415497	0.000052	77.278966	127.783775	0.010974	0.000001	0.010974	35.8	73.8	112.0
793	-0.408510	-0.408767	0.000051	78.278061	126.497810	0.013081	0.000001	0.013081	34.8	77.4	114.9
794	-0.415758	-0.416019	0.000052	78.392695	126.351915	0.011355	0.000001	0.011356	27.8	78.2	110.3
795	-0.414892	-0.415151	0.000052	77.483856	127.517928	0.010235	0.000001	0.010235	38.0	86.9	139.2
796	-0.415244	-0.415503	0.000052	76.575021	128.705659	0.010955	0.000001	0.010955	47.9	82.1	133.9
797	-0.411823	-0.412080	0.000051	77.575021	127.399997	0.009724	0.000001	0.009725	28.8	64.4	105.1
798	-0.408801	-0.409060	0.000052	76.667723	128.583497	0.009734	0.000001	0.009733	32.1	70.6	105.9
799	-0.407906	-0.408166	0.000052	75.759945	129.789835	0.009764	0.000001	0.009764	37.7	85.7	127.8
800	-0.417381	-0.417637	0.000051	74.851116	131.020460	0.010478	0.000001	0.010478	24.8	65.4	92.8
801	-0.428990	-0.429249	0.000052	73.942277	132.274659	0.010071	0.000001	0.010071	33.6	60.0	96.1
802	-0.409823	-0.410080	0.000051	73.033437	133.553103	0.011162	0.000001	0.011162	30.2	79.4	112.3
803	-0.417479	-0.417740	0.000052	74.033422	132.147796	0.010619	0.000001	0.010620	46.5	68.0	117.1
804	-0.409283	-0.409542	0.000052	73.221324	133.286785	0.010223	0.000001	0.010223	33.7	67.1	103.7
805	-0.416834	-0.417091	0.000051	72.320899	134.572829	0.010663	0.000001	0.010663	49.6	91.1	143.6
806	-0.419430	-0.419689	0.000052	71.412363	135.895857	0.009400	0.000001	0.009399	46.8	84.9	134.3
807	-0.413642	-0.413901	0.000052	72.340904	134.543986	0.010412	0.000001	0.010412	34.9	74.9	112.5
808	-0.412383	-0.412643	0.000052	73.340725	133.118092	0.010524	0.000001	0.010525	39.2	66.0	108.6
809	-0.418214	-0.418475	0.000052	72.431924	134.412915	0.011432	0.000001	0.011432	45.3	75.2	123.0
810	-0.418677	-0.418936	0.000052	73.431924	132.989531	0.010793	0.000001	0.010793	42.2	63.8	109.4
811	-0.419930	-0.420187	0.000051	72.523110	134.281862	0.010510	0.000001	0.010509	29.4	76.6	114.3
812	-0.425979	-0.426240	0.000052	71.614270	135.599593	0.010027	0.000001	0.010027	40.9	77.9	121.9
813	-0.421083	-0.421346	0.000053	70.766207	136.852745	0.009410	0.000001	0.009410	39.7	73.3	117.2
814	-0.408648	-0.408908	0.000052	71.765232	135.378924	0.008521	0.000001	0.008522	45.1	88.5	136.5
815	-0.410561	-0.410821	0.000052	71.744275	135.409515	0.010004	0.000001	0.010003	44.9	82.6	130.5
816	-0.419333	-0.419594	0.000052	72.744275	133.965059	0.010447	0.000001	0.010446	20.4	82.1	105.5
817	-0.422015	-0.422279	0.000053	73.744275	132.551095	0.011544	0.000001	0.011544	35.9	80.0	119.2
818	-0.416201	-0.416463	0.000052	74.688879	131.242600	0.009629	0.000001	0.009629	50.6	79.4	132.8
819	-0.419012	-0.419273	0.000052	75.688875	129.885235	0.010813	0.000001	0.010813	51.7	83.5	138.1
820	-0.412445	-0.412709	0.000053	76.651922	128.604302	0.009605	0.000001	0.009605	39.6	60.7	103.9
821	-0.410278	-0.410544	0.000053	77.651922	127.300686	0.009861	0.000001	0.009861	53.4	76.1	133.3
822	-0.419535	-0.419800	0.000053	78.651922	126.023232	0.010472	0.000001	0.010472	41.0	83.6	127.3
823	-0.417654	-0.417917	0.000053	79.651693	124.771446	0.009846	0.000001	0.009846	57.0	73.4	136.3
824	-0.408781	-0.409046	0.000053	80.642580	123.555081	0.009925	0.000001	0.009925	33.6	76.5	116.1
825	-0.421346	-0.421611	0.000053	79.878158	124.491342	0.009826	0.000001	0.009826	50.6	76.6	130.0
826	-0.412445	-0.412711	0.000053	80.878158	123.269379	0.009881	0.000001	0.009881	41.5	74.7	118.6
827	-0.409634	-0.409897	0.000053	79.969524	124.378691	0.010237	0.000001	0.010237	49.6	78.6	130.8
828	-0.416307	-0.416568	0.000052	79.060685	125.508408	0.009758	0.000001	0.009758	28.9	84.8	123.4
829	-0.424647	-0.424911	0.000053	78.320835	126.443332	0.010046	0.000001	0.010045	58.5	79.3	140.8
830	-0.418227	-0.418493	0.000053	77.412034	127.610992	0.009952	0.000001	0.009952	42.0	77.3	122.5
831	-0.426988	-0.427251	0.000053	78.411980	126.327403	0.010272	0.000001	0.010272	29.1	76.4	108.2
832	-0.419738	-0.420005	0.000053	79.411940	125.069362	0.010698	0.000001	0.010697	43.4	76.3	124.1
833	-0.401306	-0.401572	0.000053	78.503100	126.211718	0.009753	0.000001	0.009753	23.0	108.8	137.9
834	-0.414465	-0.414728	0.000053	79.503098	124.955923	0.009916	0.000001	0.009916	39.7	83.6	126.4
835	-0.410332	-0.410598	0.000053	79.454560	125.016299	0.010135	0.000001	0.010135	59.2	69.5	131.5
836	-0.415622	-0.415886	0.000053	78.560796	126.138578	0.010390	0.000001	0.010389	48.2	69.5	120.5
837	-0.420066	-0.420332	0.000053	79.560796	124.884227	0.010769	0.000001	0.010769	42.4	63.0	107.8
838	-0.402845	-0.403109	0.000053	80.560796	123.654577	0.010568	0.000001	0.010567	41.8	62.8	107.2
839	-0.425115	-0.425378	0.000053	81.560566	122.449180	0.010230	0.000001	0.010230	36.3	64.0	110.6
840	-0.414604	-0.414869	0.000053	82.263566	121.615569	0.009989	0.000001	0.009988	51.4	87.5	142.0
841	-0.415424	-0.415691	0.000053	81.355384	122.694643	0.010243	0.000001	0.010242	53.5	99.2	155.4
842	-0.423876	-0.424140	0.000053	80.446544	123.793840	0.011481	0.000001	0.011481	45.2	80.0	128.6
843	-0.419994	-0.420260	0.000053	81.358854	122.690483	0.011407	0.000001	0.011407	28.4	74.9	114.6
844	-0.414136	-0.414401	0.000053	80.450015	123.789605	0.010060	0.000001	0.010060	39.8	72.4	115.2
845	-0.418603	-0.418871	0.000054	81.425923	122.610146	0.010465	0.000001	0.010465	51.2	86.3	140.5
846	-0.418753	-0.419018	0.000053	82.425895	121.424691	0.010172	0.000001	0.010172	31.0	70.5	104.5
847	-0.412025	-0.412290	0.000053	81.521146	122.496264	0.009664	0.000001	0.009664	37.2	91.8	131.9
848	-0.415750	-0.416018	0.000054	80.612306	123.591893	0.012043	0.000001	0.012042	25.1	74.4	102.9
849	-0.412289	-0.412556	0.000053	80.087853	124.233100	0.010302	0.000001	0.010302	52.9	66.7	122.8
850	-0.415771	-0.416037	0.000053	79.179013	125.360162	0.012192	0.000001	0.012192	52.3	69.2	126.1
851	-0.416326	-0.416595	0.000054	78.270173	126.507861	0.011012	0.000001	0.011012	23.8	101.0	127.7
852	-0.415740	-0.416007	0.000053	79.270170	125.246195	0.010099	0.000001	0.010098	14.6	79.1	96.0
853	-0.415392	-0.415656	0.000053	80.178998	124.121186	0.010128	0.000001	0.010128	27.6	67.9	98.2
854	-0.420112	-0.420379	0.000053	79.321584	125.182008	0.011075	0.000001	0.011075	45.3	70.5	118.5
855	-0.418937	-0.419202	0.000053	80.321583	123.946516	0.011668	0.000001	0.011668	18.9	86.9	108.4
856	-0.412847	-0.413114	0.000054	79.412744	125.068361	0.010194	0.000001	0.010194	29.7	101.6	134.9
857	-0.413236	-0.413503	0.000053	78.504681	126.209714	0.010001	0.000001	0.010001	20.2	80.4	103.9
858	-0.413476	-0.413742	0.000053	79.501888	124.957427	0.010371	0.000001	0.010371	32.5	77.2	112.3
859	-0.415738	-0.416007	0.000054	80.437206	123.805237	0.008924	0.000001	0.008924	40.8	62.8	106.3
860	-0.416119	-0.416389	0.000054	79.528635	124.924181	0.011522	0.000001	0.011522	71.1	69.9	143.6
861	-0.420260	-0.420524	0.000053	78.625381	126.056806	0.010571	0.000001	0.010571	52.4	90.4	145.7
862	-0.421900	-0.422169	0.000054	77.716544	127.217352	0.009866	0.000001	0.009865	37.1	66.1	110.1
863	-0.415235	-0.415504	0.000054	78.716542	125.941564	0.010952	0.000001	0.010953	59.0	65.1	126.6
864	-0.416490	-0.416758	0.000054	77.807704	127.099981	0.010927	0.000001	0.010927	42.8	90.8	138.7
865	-0.413124	-0.413394	0.000054	78.627826	126.053712	0.010480	0.000001	0.010480	40.5	86.3	129.7
866	-0.417197	-0.417468	0.000054	79.224002	125.303889	0.010694	0.000001	0.010694	43.7	70.7	118.4
867	-0.410617	-0.410883	0.000053	80.160006	124.144489	0.010802	0.000001	0.010801	47.9	80.2	130.8
868	-0.411347	-0.411619	0.000054	79.251331	125.269731	0.010645	0.000001	0.010645	24.7	80.4	108.1
869	-0.416146	-0.416415	0.000054	80.250361	124.033704	0.010163	0.000001	0.010163	30.5	75.6	110.4
870	-0.409869	-0.410136	0.000053	81.250356	122.820671	0.009487	0.000001	0.009487	42.3	66.5	118.0
871	-0.418916	-0.419188	0.000054	82.250356	121.631129	0.010414	0.000001	0.010414	40.4	81.6	129.6
872	-0.416353	-0.416623	0.000054	83.250355	120.464408	0.010077	0.000001	0.010077	57.8	87.5	148.3
873	-0.414082	-0.414355	0.000055	84.245326	119.325559	0.010925	0.000001	0.010925	46.6	84.8	140.9
874	-0.421728	-0.421996	0.000054	85.245326	118.202445	0.010510	0.000001	0.010509	37.6	78.0	118.5
875	-0.407309	-0.407579	0.000054	86.245326	117.100276	0.011060	0.000001	0.011060	58.9	78.5	139.9
876	-0.414480	-0.414752	0.000054	87.245326	116.018472	0.009688	0.000001	0.009687	45.3	70.2	118.4
877	-0.423447	-0.423717	0.000054	88.245326	114.956473	0.010413	0.000001	0.010413	47.6	66.0	117.2
878	-0.423433	-0.423701	0.000054	89.245326	113.913739	0.010419	0.000001	0.010419	29.8	63.3	96.1
879	-0.424378	-0.424645	0.000053	90.245288	112.889791	0.009093	0.000001	0.009093	44.9	62.0	109.9
880	-0.413975	-0.414243	0.000054	89.336448	113.819662	0.009327	0.000001	0.009327	53.7	69.9	126.4
881	-0.410339	-0.410607	0.000054	88.427611	114.764978	0.011266	0.000001	0.011266	45.0	90.2	137.7
882	-0.415148	-0.415420	0.000054	89.427611	113.725700	0.009986	0.000001	0.009987	33.7	61.5	99.1
883	-0.408787	-0.409056	0.000054	90.427611	112.705076	0.010954	0.000001	0.010954	48.5	69.2	123.7
884	-0.434013	-0.434281	0.000054	89.518832	113.631831	0.010118	0.000001	0.010118	35.6	69.0	107.1
885	-0.413521	-0.413790	0.000054	90.518832	112.612884	0.009701	0.000001	0.009701	47.2	71.7	122.2
886	-0.415491	-0.415763	0.000054	91.518832	111.612048	0.011433	0.000001	0.011433	43.0	75.5	122.2
887	-0.417260	-0.417526	0.000053	90.609993	112.520904	0.010604	0.000001	0.010604	48.1	73.7	124.2
888	-0.416879	-0.417148	0.000054	90.697651	112.432599	0.011120	0.000001	0.011120	56.9	86.4	146.0
889	-0.413187	-0.413455	0.000054	91.697645	111.434958	0.011387	0.000001	0.011387	49.1	64.0	116.1
890	-0.412951	-0.413220	0.000054	90.788805	112.340921	0.010488	0.000001	0.010488	50.9	76.1	129.5
891	-0.419457	-0.419726	0.000054	89.879966	113.261735	0.010202	0.000001	0.010202	30.1	62.2	103.9
892	-0.424061	-0.424330	0.000054	90.879020	112.250334	0.009895	0.000001	0.009895	45.3	69.4	117.9
893	-0.417666	-0.417935	0.000054	91.565598	111.565679	0.010587	0.000001	0.010587	40.9	65.9	109.6
894	-0.411143	-0.411413	0.000054	90.656758	112.473777	0.010631	0.000001	0.010630	48.8	72.9	125.8
895	-0.419254	-0.419526	0.000054	91.656758	111.475401	0.009704	0.000001	0.009703	44.0	76.3	122.9
896	-0.408404	-0.408673	0.000054	90.816829	112.312766	0.011129	0.000001	0.011129	60.0	73.6	136.1
897	-0.414383	-0.414656	0.000054	91.816829	111.317234	0.010211	0.000001	0.010210	43.8	74.3	121.5
898	-0.412712	-0.412984	0.000054	92.798839	110.356638	0.012230	0.000001	0.012230	30.5	65.0	105.6
899	-0.401558	-0.401832	0.000055	91.903175	111.232100	0.011036	0.000001	0.011036	45.0	70.2	117.9
900	-0.419583	-0.419855	0.000054	90.994335	112.134754	0.009736	0.000001	0.009735	56.6	83.8	143.4
901	-0.411333	-0.411605	0.000054	91.994335	111.142362	0.011233	0.000001	0.011233	24.0	94.2	128.8
902	-0.423286	-0.423561	0.000055	91.216094	111.913156	0.009494	0.000001	0.009494	26.1	73.2	101.9
903	-0.416285	-0.416556	0.000054	92.216094	110.924665	0.010637	0.000001	0.010637	48.3	75.1	126.2
904	-0.415999	-0.416271	0.000054	91.315298	111.814308	0.010629	0.000001	0.010629	40.9	61.4	105.0
905	-0.405346	-0.405617	0.000054	90.406493	112.726440	0.010879	0.000001	0.010878	42.2	72.2	119.2
906	-0.417226	-0.417499	0.000055	89.497658	113.653606	0.010613	0.000001	0.010613	47.9	82.1	133.1
907	-0.419192	-0.419465	0.000055	90.497079	112.634855	0.011025	0.000001	0.011025	35.7	68.9	107.1
908	-0.411852	-0.412127	0.000055	91.497079	111.633630	0.010170	0.000001	0.010170	39.7	71.6	114.0
909	-0.421119	-0.421393	0.000055	90.588240	112.542839	0.010877	0.000001	0.010877	21.7	64.9	89.6
910	-0.415035	-0.415304	0.000054	89.680131	113.466230	0.010415	0.000001	0.010415	49.1	64.6	116.5
911	-0.420961	-0.421231	0.000054	89.912904	113.228099	0.010601	0.000001	0.010601	44.9	71.7	119.9
912	-0.420591	-0.420864	0.000055	90.912904	112.216347	0.009253	0.000001	0.009253	62.6	95.9	160.8
913	-0.418624	-0.418897	0.000055	90.028745	113.109964	0.010081	0.000001	0.010081	22.3	74.4	99.3
914	-0.415885	-0.416159	0.000055	89.121794	114.041525	0.010206	0.000001	0.010206	47.9	69.1	120.6
915	-0.420299	-0.420573	0.000055	88.212958	114.990543	0.010334	0.000001	0.010334	34.8	76.1	113.6
916	-0.415600	-0.415873	0.000054	89.212759	113.947400	0.010482	0.000001	0.010483	49.0	70.1	122.3
917	-0.424701	-0.424976	0.000055	88.303919	114.894849	0.009354	0.000001	0.009354	59.9	70.3	134.0
918	-0.402508	-0.402777	0.000054	89.303919	113.853228	0.011296	0.000001	0.011295	48.3	68.0	120.1
919	-0.412186	-0.412457	0.000054	90.303919	112.830325	0.011042	0.000001	0.011042	52.8	76.2	131.7
920	-0.420097	-0.420368	0.000054	91.303911	111.825645	0.008652	0.000001	0.008653	44.7	75.9	123.7
921	-0.421443	-0.421715	0.000054	92.061675	111.076166	0.010169	0.000001	0.010168	42.2	71.3	116.4
922	-0.409751	-0.410024	0.000055	93.061157	110.102840	0.009345	0.000001	0.009345	42.3	75.4	120.3
923	-0.424311	-0.424583	0.000054	92.183817	110.956297	0.011097	0.000001	0.011098	47.0	63.0	114.4
924	-0.416826	-0.417096	0.000054	91.448369	111.681987	0.010959	0.000001	0.010959	43.5	71.6	117.5
925	-0.420310	-0.420586	0.000055	90.541387	112.590112	0.010053	0.000001	0.010052	16.4	121.8	141.6
926	-0.424263	-0.424538	0.000055	89.632548	113.515033	0.010335	0.000001	0.010335	45.4	112.1	171.6
927	-0.419433	-0.419709	0.000055	89.151845	114.010413	0.010621	0.000001	0.010620	46.4	97.8	147.2
928	-0.409981	-0.410252	0.000054	88.243005	114.958914	0.011096	0.000001	0.011096	41.5	74.7	120.4
929	-0.417304	-0.417580	0.000055	89.243005	113.916137	0.010774	0.000001	0.010774	36.1	90.3	130.3
930	-0.414672	-0.414946	0.000055	88.334166	114.863064	0.008153	0.000001	0.008153	53.7	76.4	133.6
931	-0.414000	-0.414274	0.000055	89.334165	113.822018	0.009450	0.000001	0.009450	77.7	82.3	163.0
932	-0.416475	-0.416749	0.000055	90.331030	112.802849	0.010504	0.000001	0.010504	50.4	78.2	131.2
933	-0.421535	-0.421808	0.000055	89.422191	113.731282	0.010832	0.000001	0.010831	35.5	79.3	117.5
934	-0.407713	-0.407991	0.000056	90.422191	112.710558	0.010847	0.000001	0.010847	55.8	85.9	145.0
935	-0.414310	-0.414588	0.000056	89.519204	113.631449	0.010991	0.000001	0.010991	38.0	73.7	114.6
936	-0.415448	-0.415723	0.000055	88.610364	114.573630	0.009692	0.000001	0.009692	18.8	63.0	84.6
937	-0.422050	-0.422329	0.000056	89.610364	113.537800	0.009946	0.000001	0.009947	55.0	65.2	122.9
938	-0.416789	-0.417064	0.000055	88.706184	114.473559	0.010361	0.000001	0.010361	40.7	114.7	158.4
939	-0.415812	-0.416089	0.000055	87.797344	115.429815	0.009761	0.000001	0.009761	16.5	67.1	86.5
940	-0.414584	-0.414860	0.000055	86.888505	116.402181	0.010523	0.000001	0.010523	33.7	61.3	103.7
941	-0.409677	-0.409954	0.000055	85.979665	117.391070	0.010726	0.000001	0.010726	51.2	60.8	114.7
942	-0.410617	-0.410892	0.000055	85.070825	118.396904	0.010814	0.000001	0.010814	41.3	76.6	121.9
943	-0.422757	-0.423032	0.000055	84.161991	119.420118	0.011213	0.000001	0.011213	32.8	64.7	100.5
944	-0.415806	-0.416081	0.000055	83.460853	120.221661	0.011160	0.000001	0.011160	54.4	70.8	129.0
945	-0.413735	-0.414010	0.000055	84.460853	119.081696	0.010648	0.000001	0.010648	43.3	69.7	115.8
946	-0.412877	-0.413155	0.000056	85.460853	117.963147	0.010215	0.000001	0.010215	47.4	70.8	121.0
947	-0.418154	-0.418430	0.000055	84.552014	118.978851	0.010733	0.000001	0.010732	42.6	74.9	120.2
948	-0.414665	-0.414941	0.000055	85.552011	117.862227	0.010513	0.000001	0.010513	39.5	74.1	116.3
949	-0.419646	-0.419923	0.000055	85.131199	118.329553	0.010699	0.000001	0.010698	27.1	62.7	103.8
950	-0.415994	-0.416271	0.000055	85.589636	117.820623	0.010221	0.000001	0.010221	50.8	64.8	118.4
951	-0.421369	-0.421648	0.000056	86.432586	116.896165	0.010719	0.000001	0.010719	47.6	83.1	133.3
952	-0.420184	-0.420458	0.000055	85.683966	117.716446	0.011075	0.000001	0.011075	35.0	76.6	114.1
953	-0.419022	-0.419297	0.000055	86.672166	116.636061	0.010788	0.000001	0.010788	31.1	66.1	99.6
954	-0.412549	-0.412822	0.000055	85.971309	117.400239	0.009407	0.000001	0.009407	28.8	79.7	111.7
955	-0.412854	-0.413132	0.000056	86.970887	116.313366	0.009581	0.000001	0.009582	30.9	66.8	100.5
956	-0.413595	-0.413873	0.000056	87.970887	115.245986	0.009775	0.000001	0.009775	37.4	77.0	121.1
957	-0.419244	-0.419521	0.000056	88.970887	114.198018	0.010042	0.000001	0.010042	45.0	73.1	125.9
958	-0.426615	-0.426890	0.000055	88.460138	114.730874	0.010558	0.000001	0.010559	49.1	72.0	134.0
959	-0.416824	-0.417100	0.000055	87.692697	115.540948	0.010876	0.000001	0.010876	49.6	71.7	123.9
960	-0.422271	-0.422551	0.000056	86.994372	116.288072	0.010286	0.000001	0.010286	43.4	74.6	120.5
961	-0.427113	-0.427389	0.000055	86.101402	117.257636	0.010838	0.000001	0.010838	39.8	90.7	133.8
962	-0.421302	-0.421580	0.000056	85.192563	118.261175	0.010688	0.000001	0.010687	25.0	74.9	102.5
963	-0.418050	-0.418328	0.000055	86.192563	117.157916	0.010518	0.000001	0.010518	40.0	66.7	110.0
964	-0.409651	-0.409930	0.000056	85.283723	118.159742	0.010853	0.000001	0.010853	36.6	70.8	119.1
965	-0.424063	-0.424340	0.000055	84.928503	118.555978	0.010189	0.000001	0.010189	49.7	73.6	125.7
966	-0.408792	-0.409071	0.000056	84.029400	119.570875	0.009002	0.000001	0.009002	50.7	87.0	141.3
967	-0.418572	-0.418852	0.000056	83.120659	120.614462	0.009740	0.000001	0.009740	49.4	78.1	130.5
968	-0.415479	-0.415757	0.000056	84.085640	119.506883	0.010478	0.000001	0.010477	51.8	71.8	126.3
969	-0.418330	-0.418608	0.000055	85.057118	118.412206	0.010448	0.000001	0.010448	41.3	70.6	115.3
970	-0.412069	-0.412347	0.000056	84.148279	119.435691	0.011032	0.000001	0.011031	42.5	81.1	128.8
971	-0.420863	-0.421138	0.000055	84.799274	118.700789	0.009376	0.000001	0.009376	40.8	76.1	119.8
972	-0.415169	-0.415449	0.000056	84.004778	119.598913	0.009498	0.000001	0.009498	56.4	88.8	150.2
973	-0.418154	-0.418433	0.000056	83.096488	120.642469	0.009852	0.000001	0.009852	41.6	70.6	114.7
974	-0.414464	-0.414744	0.000056	84.096488	119.494548	0.010826	0.000001	0.010826	41.2	67.1	111.0
975	-0.423980	-0.424259	0.000056	85.096488	118.368266	0.009873	0.000001	0.009873	31.6	74.6	108.7
976	-0.406697	-0.406974	0.000056	84.187648	119.390988	0.010894	0.000001	0.010893	29.3	79.9	111.8
977	-0.412314	-0.412593	0.000056	85.187648	118.266649	0.010347	0.000001	0.010347	38.2	77.2	118.1
978	-0.425115	-0.425394	0.000056	84.278809	119.287608	0.010509	0.000001	0.010509	32.6	71.0	106.2
979	-0.421860	-0.422141	0.000056	83.377644	120.317501	0.010231	0.000001	0.010231	36.3	66.2	105.3
980	-0.415459	-0.415736	0.000055	84.372143	119.181948	0.010452	0.000001	0.010452	48.2	70.3	121.4
981	-0.416152	-0.416432	0.000056	83.463303	120.218841	0.012599	0.000001	0.012599	48.0	86.0	137.3
982	-0.406712	-0.406991	0.000056	84.463303	119.078930	0.010178	0.000001	0.010178	30.0	81.3	115.0
983	-0.415876	-0.416156	0.000056	83.554464	120.114023	0.011607	0.000001	0.011607	34.5	65.9	118.3
984	-0.414883	-0.415164	0.000056	84.554464	118.976089	0.011644	0.000001	0.011645	48.3	66.2	117.7
985	-0.416490	-0.416768	0.000056	83.645624	120.009388	0.009850	0.000001	0.009851	41.2	72.4	119.4
986	-0.419217	-0.419498	0.000056	82.736785	121.060791	0.009012	0.000001	0.009012	66.5	89.1	158.2
987	-0.414685	-0.414968	0.000057	83.736785	119.904934	0.011387	0.000001	0.011387	46.0	70.6	119.7
988	-0.416741	-0.417021	0.000056	82.846155	120.933292	0.009400	0.000001	0.009401	56.1	79.3	138.2
989	-0.415893	-0.416173	0.000056	81.938034	122.000167	0.010101	0.000001	0.010101	55.4	78.4	136.7
990	-0.414545	-0.414823	0.000056	82.938033	120.826390	0.010275	0.000001	0.010275	62.2	97.8	162.8
991	-0.416835	-0.417113	0.000056	83.937724	119.675335	0.010295	0.000001	0.010295	43.0	87.3	133.0
992	-0.420512	-0.420792	0.000056	83.210876	120.510045	0.009814	0.000001	0.009814	58.9	76.0	138.0
993	-0.424640	-0.424919	0.000056	82.305456	121.566253	0.009658	0.000001	0.009657	42.1	88.9	138.5
994	-0.413565	-0.413845	0.000056	81.396661	122.645184	0.011588	0.000001	0.011588	39.0	72.6	115.9
995	-0.411035	-0.411315	0.000056	82.396253	121.459501	0.010301	0.000001	0.010301	45.6	77.5	126.3
996	-0.429542	-0.429822	0.000056	81.487413	122.536582	0.010471	0.000001	0.010471	42.1	59.1	103.6
997	-0.409606	-0.409887	0.000056	82.483950	121.356571	0.010521	0.000001	0.010522	43.8	67.8	114.1
998	-0.414129	-0.414410	0.000056	83.483910	120.195132	0.010907	0.000001	0.010907	46.8	81.7	136.3
999	-0.423365	-0.423643	0.000056	82.761376	121.032101	0.011070	0.000001	0.011070	35.0	75.2	124.1
