1:ItNr	2:Metric	3a:Time	3b:StepSize	4:||Gradient||	Time[ms]
0	-0.711065	0.000000	16.267642	0.027158	102.9
1	-0.722227	0.000000	16.267642	0.027013	9.7
2	-0.724799	0.000000	16.267642	0.017349	11.5
3	-0.725583	0.000000	16.267642	0.016216	12.8
4	-0.734772	0.000000	16.267642	0.018054	11.4
5	-0.737688	0.000000	16.267642	0.014017	12.5
6	-0.751426	0.000000	16.267642	0.012361	10.9
7	-0.746699	0.000000	16.267642	0.014028	11.5
8	-0.745645	0.000000	16.267642	0.014162	9.1
9	-0.754522	0.000000	16.267642	0.016148	9.8
10	-0.759809	0.000000	16.267642	0.014068	6.9
11	-0.766013	0.000000	16.267642	0.013676	10.8
12	-0.769980	0.000000	16.267642	0.012980	12.9
13	-0.762003	0.000000	16.267642	0.012530	9.8
14	-0.766177	0.000000	16.267642	0.014484	10.9
15	-0.777689	0.000000	16.267642	0.017299	11.8
16	-0.779457	0.000000	16.267642	0.017581	6.1
17	-0.783326	0.000000	16.267642	0.018849	9.7
18	-0.804812	0.000000	16.267642	0.018873	10.5
19	-0.790791	0.000000	16.267642	0.013734	12.0
20	-0.791544	0.000000	16.267642	0.009250	10.4
21	-0.800787	0.000000	16.267642	0.007517	9.0
22	-0.804363	0.000000	16.267642	0.008009	12.7
23	-0.808117	0.000000	16.267642	0.008202	9.3
24	-0.801188	0.000000	16.267642	0.008114	11.4
25	-0.800507	0.000000	16.267642	0.008168	10.1
26	-0.808243	0.000000	16.267642	0.007776	10.4
27	-0.802298	0.000000	16.267642	0.008731	13.1
28	-0.804230	0.000000	16.267642	0.011067	10.3
29	-0.813359	0.000000	16.267642	0.009822	12.3
30	-0.801979	0.000000	16.267642	0.007433	10.0
31	-0.804183	0.000000	16.267642	0.008242	12.3
32	-0.812205	0.000000	16.267642	0.010078	9.7
33	-0.806894	0.000000	16.267642	0.010253	12.1
34	-0.812998	0.000000	16.267642	0.009075	7.7
35	-0.811599	0.000000	16.267642	0.010519	10.2
36	-0.814961	0.000000	16.267642	0.010723	11.3
37	-0.820052	0.000000	16.267642	0.012482	10.3
38	-0.818661	0.000000	16.267642	0.012282	10.8
39	-0.824443	0.000000	16.267642	0.011206	8.9
40	-0.820256	0.000000	16.267642	0.012168	12.6
41	-0.836263	0.000000	16.267642	0.013384	10.5
42	-0.832593	0.000000	16.267642	0.014542	14.3
43	-0.831823	0.000000	16.267642	0.015058	10.6
44	-0.833739	0.000000	16.267642	0.017952	13.4
45	-0.839881	0.000000	16.267642	0.017987	9.8
46	-0.846319	0.000000	16.267642	0.013918	12.0
47	-0.838443	0.000000	16.267642	0.012970	8.3
48	-0.852247	0.000000	16.267642	0.011210	9.2
49	-0.846383	0.000000	16.267642	0.010655	10.1
50	-0.849407	0.000000	16.267642	0.009546	9.8
51	-0.851206	0.000000	16.267642	0.005548	11.6
52	-0.851362	0.000000	16.267642	0.005702	10.1
53	-0.837642	0.000000	16.267642	0.006123	9.9
54	-0.852321	0.000000	16.267642	0.005835	12.5
55	-0.859012	0.000000	16.267642	0.004713	12.5
56	-0.859943	0.000000	16.267642	0.004764	9.7
57	-0.852348	0.000000	16.267642	0.005039	10.3
58	-0.852747	0.000000	16.267642	0.005496	15.0
59	-0.858563	0.000000	16.267642	0.003967	10.4
60	-0.858013	0.000000	16.267642	0.003984	11.9
61	-0.850219	0.000000	16.267642	0.006337	12.9
62	-0.850319	0.000000	16.267642	0.005566	8.4
63	-0.856887	0.000000	16.267642	0.005573	8.0
64	-0.856315	0.000000	16.267642	0.004451	7.8
65	-0.864662	0.000000	16.267642	0.006744	10.6
66	-0.862878	0.000000	16.267642	0.004932	7.0
67	-0.858297	0.000000	16.267642	0.005108	10.3
68	-0.858709	0.000000	16.267642	0.004818	9.8
69	-0.860803	0.000000	16.267642	0.006393	11.2
70	-0.855451	0.000000	16.267642	0.004756	8.4
71	-0.853186	1.000000	15.528203	0.006918	7.6
72	-0.858958	0.984293	15.539298	0.007009	12.7
73	-0.862117	1.984293	14.863215	0.006139	6.2
74	-0.857130	2.984293	14.243508	0.003904	7.5
75	-0.857539	2.968585	14.252843	0.005900	9.8
76	-0.848467	2.952878	14.262189	0.007150	12.3
77	-0.853146	2.937170	14.271548	0.006578	9.8
78	-0.864029	2.921463	14.280919	0.006400	9.4
79	-0.858945	2.905756	14.290302	0.005721	9.1
80	-0.857480	2.890048	14.299698	0.006612	11.5
81	-0.863037	2.874341	14.309106	0.005137	10.4
82	-0.863118	2.858634	14.318526	0.005193	9.7
83	-0.859151	2.842926	14.327959	0.003959	8.3
84	-0.862006	2.827219	14.337404	0.003779	8.0
85	-0.863662	2.811511	14.346862	0.003856	6.9
86	-0.866605	2.795804	14.356332	0.002134	7.6
87	-0.857365	2.780097	14.365815	0.006888	6.6
88	-0.855817	2.764389	14.375310	0.005497	5.6
89	-0.856267	2.748682	14.384818	0.005865	8.2
90	-0.858557	2.732974	14.394339	0.006315	6.9
91	-0.866501	2.717267	14.403872	0.005301	12.0
92	-0.861455	2.701560	14.413417	0.007042	8.3
93	-0.863815	2.685852	14.422976	0.004847	10.2
94	-0.864664	2.670145	14.432547	0.006259	11.4
95	-0.859010	2.654438	14.442130	0.005300	8.9
96	-0.860933	2.638730	14.451727	0.004953	6.2
97	-0.868464	2.623023	14.461336	0.005576	9.3
98	-0.864372	2.607315	14.470958	0.007993	10.1
99	-0.863220	2.591608	14.480593	0.005119	10.7
100	-0.856103	2.575901	14.490241	0.004899	9.9
101	-0.870518	2.560193	14.499901	0.004206	11.1
102	-0.862732	2.544486	14.509575	0.005048	10.8
103	-0.878210	2.528778	14.519261	0.006092	12.6
104	-0.862961	2.513071	14.528960	0.006138	11.0
105	-0.859100	2.497364	14.538672	0.007211	9.6
106	-0.872729	2.481656	14.548398	0.008002	10.1
107	-0.867287	2.465949	14.558136	0.008505	9.0
108	-0.869090	2.450242	14.567887	0.009491	16.1
109	-0.868806	2.434534	14.577652	0.009352	9.6
110	-0.864002	2.418827	14.587429	0.008716	12.1
111	-0.866839	2.403119	14.597220	0.005670	8.1
112	-0.867517	2.387412	14.607023	0.008673	16.4
113	-0.873174	3.387412	14.008066	0.006824	9.9
114	-0.867950	4.387411	13.456294	0.005976	11.9
115	-0.868108	4.371703	13.464625	0.008791	12.7
116	-0.878990	4.759308	13.262020	0.005972	10.6
117	-0.874012	5.759308	12.766416	0.004431	13.7
118	-0.872188	5.743601	12.773914	0.005129	9.4
119	-0.870351	6.743239	12.313648	0.005314	8.2
120	-0.876508	7.743239	11.885246	0.008607	10.4
121	-0.864213	8.743239	11.485651	0.006893	10.6
122	-0.870697	9.743239	11.112052	0.004132	6.9
123	-0.875875	9.727733	11.117659	0.004965	7.6
124	-0.865155	9.712026	11.123345	0.004923	7.3
125	-0.868302	10.712026	10.772584	0.005768	6.3
126	-0.871473	10.696319	10.777923	0.005426	10.8
127	-0.877727	11.692492	10.449509	0.007134	8.7
128	-0.877658	11.676784	10.454532	0.006328	11.7
129	-0.872585	12.676784	10.144094	0.005919	11.7
130	-0.878996	12.661077	10.148828	0.004609	11.5
131	-0.871774	12.645369	10.153566	0.005183	12.4
132	-0.881886	13.645369	9.860494	0.004792	10.9
133	-0.877210	14.645369	9.583867	0.006568	9.1
134	-0.869211	14.629662	9.588092	0.004362	9.3
135	-0.871887	14.613955	9.592321	0.004860	13.7
136	-0.867494	14.598247	9.596553	0.006610	9.0
137	-0.869842	14.582540	9.600789	0.007932	12.3
138	-0.870388	14.566832	9.605029	0.007252	10.6
139	-0.881743	14.551125	9.609273	0.007276	11.1
140	-0.876983	14.535418	9.613521	0.007421	11.8
141	-0.889590	14.519710	9.617772	0.007834	9.6
142	-0.879909	14.504003	9.622027	0.008181	6.8
143	-0.877175	14.488296	9.626286	0.007890	9.7
144	-0.884244	14.472588	9.630548	0.008173	9.5
145	-0.880624	14.456881	9.634815	0.008779	8.7
146	-0.877015	14.441173	9.639085	0.006516	10.0
147	-0.876639	14.425466	9.643359	0.007152	6.8
148	-0.881360	14.409759	9.647636	0.006951	14.7
149	-0.888878	14.394051	9.651918	0.006533	10.1
150	-0.874574	14.378344	9.656203	0.006226	10.9
151	-0.885754	14.362636	9.660492	0.006478	7.4
152	-0.874633	14.346929	9.664785	0.006068	10.3
153	-0.879810	14.331222	9.669082	0.008600	9.8
154	-0.878868	14.315514	9.673382	0.006010	10.1
155	-0.884517	14.299807	9.677687	0.007152	9.1
156	-0.877643	14.284100	9.681995	0.008786	11.7
157	-0.878509	14.268392	9.686307	0.008187	10.2
158	-0.891910	14.252685	9.690623	0.006707	10.0
159	-0.888517	14.236977	9.694943	0.006985	6.8
160	-0.885422	14.221270	9.699266	0.008160	8.8
161	-0.880805	14.205563	9.703594	0.008093	8.1
162	-0.878929	14.189855	9.707925	0.006340	9.0
163	-0.887735	14.174148	9.712260	0.006505	9.2
164	-0.886452	14.158440	9.716599	0.006625	7.9
165	-0.892556	14.142733	9.720942	0.008994	9.7
166	-0.886067	14.127026	9.725289	0.006611	7.3
167	-0.881467	14.111318	9.729640	0.008353	7.6
168	-0.888969	14.095611	9.733994	0.007427	10.0
169	-0.881606	14.079904	9.738353	0.006414	9.4
170	-0.893835	14.064196	9.742715	0.006551	11.1
171	-0.894230	14.048489	9.747081	0.006136	10.7
172	-0.893526	14.032781	9.751452	0.006480	10.4
173	-0.884781	14.017074	9.755826	0.005669	10.7
174	-0.885335	14.001367	9.760204	0.006142	6.6
175	-0.888319	13.985659	9.764586	0.006575	11.1
176	-0.887693	13.969952	9.768972	0.007029	11.2
177	-0.886641	13.954244	9.773362	0.005851	8.7
178	-0.889437	13.938537	9.777755	0.006235	8.6
179	-0.887218	13.922830	9.782153	0.004909	9.7
180	-0.886695	13.907122	9.786555	0.005773	9.3
181	-0.882255	13.891415	9.790961	0.004757	8.0
182	-0.890510	13.875708	9.795370	0.005196	9.8
183	-0.886060	13.860000	9.799784	0.004378	8.3
184	-0.886166	13.844293	9.804202	0.004894	6.9
185	-0.890345	13.828585	9.808623	0.005090	10.4
186	-0.886927	13.812878	9.813049	0.004108	6.5
187	-0.895162	13.797171	9.817478	0.003645	11.3
188	-0.890937	13.781463	9.821912	0.003817	13.5
189	-0.884759	13.765756	9.826350	0.003637	9.4
190	-0.887043	13.750048	9.830791	0.004215	16.9
191	-0.882464	13.734341	9.835237	0.004057	10.2
192	-0.892772	13.719436	9.839459	0.002933	7.7
193	-0.889928	13.703729	9.843913	0.003264	12.1
194	-0.887853	13.688022	9.848370	0.004325	8.9
195	-0.882272	13.672314	9.852832	0.003132	14.2
196	-0.894896	13.656607	9.857297	0.002821	15.0
197	-0.898484	13.640899	9.861767	0.002558	10.1
198	-0.885528	13.625192	9.866241	0.005926	9.8
199	-0.888297	13.609485	9.870718	0.004465	8.1
200	-0.886975	13.593777	9.875200	0.004591	10.4
201	-0.889747	13.578070	9.879686	0.004082	9.6
202	-0.901959	13.562362	9.884176	0.004680	11.4
203	-0.883427	13.546655	9.888670	0.002923	12.4
204	-0.885584	13.530948	9.893168	0.003063	7.7
205	-0.887235	13.515240	9.897670	0.003181	11.4
206	-0.885620	13.499533	9.902177	0.003029	10.4
207	-0.890408	13.483826	9.906687	0.003791	11.5
208	-0.894527	13.468118	9.911202	0.004090	10.7
209	-0.889482	13.452411	9.915720	0.002643	13.0
210	-0.899028	13.436703	9.920243	0.002670	12.0
211	-0.887565	13.420996	9.924770	0.002391	13.7
212	-0.890289	13.405289	9.929301	0.003186	12.1
213	-0.891431	13.389581	9.933836	0.002313	11.6
214	-0.897378	13.373874	9.938376	0.001888	12.3
215	-0.888915	13.358166	9.942919	0.003202	8.4
216	-0.889320	13.342459	9.947467	0.002748	8.6
217	-0.884981	13.326752	9.952019	0.002554	14.9
218	-0.892429	13.311045	9.956575	0.003191	15.6
219	-0.883833	13.295337	9.961135	0.002621	12.5
220	-0.895224	13.308657	9.957268	0.003057	13.6
221	-0.897260	13.292949	9.961828	0.002276	15.4
222	-0.892946	13.277242	9.966393	0.003235	11.1
223	-0.889963	13.261535	9.970962	0.002684	8.2
224	-0.898204	13.245827	9.975536	0.002414	16.1
225	-0.896772	13.230120	9.980113	0.003532	13.5
226	-0.888726	13.214412	9.984695	0.002975	25.8
227	-0.890121	13.198705	9.989281	0.002440	14.6
228	-0.896665	13.183543	9.993712	0.001976	11.4
229	-0.897967	13.167836	9.998306	0.002149	9.5
230	-0.893609	13.152128	10.002904	0.004077	8.8
231	-0.903815	13.136421	10.007507	0.003310	7.4
232	-0.893092	13.120713	10.012114	0.002415	10.6
233	-0.893443	13.105475	10.016587	0.003257	14.8
234	-0.895028	13.089768	10.021203	0.002255	10.0
235	-0.900075	14.035151	9.750792	0.003843	10.2
236	-0.891490	15.009840	9.486865	0.001977	11.6
237	-0.884389	14.994239	9.490976	0.002176	10.8
238	-0.894586	14.987807	9.492673	0.003228	11.2
239	-0.888193	15.987807	9.236029	0.001996	10.1
240	-0.894555	16.062346	9.217454	0.003216	9.2
241	-0.889229	17.062344	8.975287	0.002685	10.4
242	-0.902106	18.062344	8.745519	0.002849	12.0
243	-0.901997	19.062344	8.527221	0.003336	10.5
244	-0.894349	19.046637	8.530566	0.003325	12.6
245	-0.896889	19.030929	8.533913	0.002689	14.6
246	-0.887927	19.015222	8.537263	0.003193	12.0
247	-0.884782	18.999515	8.540615	0.003785	13.0
248	-0.893658	18.983807	8.543971	0.002789	14.9
249	-0.895885	18.968100	8.547328	0.003257	9.7
250	-0.898499	18.952392	8.550689	0.003144	10.0
251	-0.897452	18.936685	8.554052	0.002831	7.4
252	-0.890192	18.920978	8.557418	0.003314	9.3
253	-0.900326	18.905270	8.560786	0.003135	11.2
254	-0.893993	18.889563	8.564157	0.003693	9.3
255	-0.889013	18.873855	8.567530	0.002936	9.2
256	-0.895101	18.858893	8.570747	0.003338	9.0
257	-0.896556	18.843185	8.574126	0.002560	10.3
258	-0.894252	18.827478	8.577507	0.002502	10.3
259	-0.895952	18.811771	8.580891	0.002729	9.9
260	-0.898951	18.796063	8.584278	0.002872	10.8
261	-0.890011	18.780356	8.587668	0.003362	12.1
262	-0.891306	18.764648	8.591060	0.002757	10.0
263	-0.898204	19.764618	8.380318	0.003561	16.3
264	-0.897301	19.748911	8.383549	0.002257	14.4
265	-0.887617	19.733204	8.386781	0.002301	15.7
266	-0.901821	19.717496	8.390017	0.002258	13.9
267	-0.896632	19.701789	8.393254	0.002434	20.9
268	-0.905086	19.686187	8.396473	0.002485	19.2
269	-0.884051	19.670480	8.399716	0.002138	23.1
270	-0.899309	19.654984	8.402917	0.003753	13.9
271	-0.893329	19.639784	8.406060	0.002718	14.6
272	-0.892531	20.639251	8.204290	0.001781	13.4
273	-0.902637	20.623544	8.207386	0.001915	11.7
274	-0.896064	20.607836	8.210484	0.002924	12.0
275	-0.889980	20.695418	8.193238	0.002031	12.1
276	-0.892592	21.070586	8.120174	0.002821	13.6
277	-0.891348	21.054878	8.123207	0.002704	15.9
278	-0.889854	21.039171	8.126242	0.002085	13.0
279	-0.886961	21.023464	8.129279	0.002187	12.0
280	-0.887467	21.007757	8.132319	0.001795	8.7
281	-0.894782	20.992049	8.135361	0.003981	8.6
282	-0.893494	21.991932	7.946153	0.002498	13.8
283	-0.892936	22.991932	7.765526	0.002786	11.2
284	-0.900120	23.991930	7.592928	0.001994	17.5
285	-0.893089	23.977082	7.595434	0.002632	7.9
286	-0.887800	24.050643	7.583032	0.002791	13.0
287	-0.892945	25.050641	7.418365	0.001836	9.6
288	-0.903838	25.034933	7.420896	0.003156	9.2
289	-0.888445	25.019235	7.423428	0.003021	14.0
290	-0.895402	26.019235	7.265547	0.002622	11.8
291	-0.891382	26.061757	7.258983	0.002561	12.3
292	-0.891736	27.032482	7.112280	0.001651	14.5
293	-0.894859	27.016775	7.114607	0.002276	9.5
294	-0.904221	27.001068	7.116935	0.003046	11.9
295	-0.894413	28.001067	6.971695	0.002178	10.7
296	-0.892232	27.985576	6.973899	0.002648	13.0
297	-0.903776	27.969869	6.976136	0.002023	12.0
298	-0.897100	28.969868	6.836529	0.002122	12.5
299	-0.902493	28.954162	6.838679	0.002188	9.6
300	-0.894593	28.940531	6.840545	0.002397	10.7
301	-0.902186	29.940531	6.706261	0.002511	12.2
302	-0.898122	30.940531	6.577146	0.002444	12.2
303	-0.898693	31.940531	6.452910	0.002525	15.2
304	-0.897308	32.940219	6.333316	0.001956	13.4
305	-0.900930	33.940088	6.218055	0.003444	10.0
306	-0.906912	33.924481	6.219822	0.002906	11.2
307	-0.893873	33.908774	6.221601	0.001910	7.4
308	-0.901842	33.893067	6.223381	0.002747	7.0
309	-0.891866	34.893067	6.112037	0.003044	8.8
310	-0.894988	35.893067	6.004606	0.003212	13.3
311	-0.896487	35.877359	6.006265	0.002206	8.9
312	-0.903451	36.877359	5.902489	0.003140	14.1
313	-0.882788	37.877359	5.802238	0.002214	15.1
314	-0.892527	38.875582	5.705506	0.002340	14.4
315	-0.899482	38.864399	5.706571	0.002640	12.2
316	-0.893710	39.832466	5.615759	0.002348	8.7
317	-0.901846	40.832466	5.524937	0.002396	9.3
318	-0.891813	41.832466	5.437006	0.002142	12.2
319	-0.884546	41.819876	5.438095	0.001695	14.7
320	-0.896719	41.804482	5.439428	0.002136	13.0
321	-0.895681	41.788777	5.440789	0.002781	12.5
322	-0.886285	42.788777	5.355495	0.002298	11.4
323	-0.906289	43.606846	5.287682	0.002273	12.9
324	-0.895311	44.606846	5.207086	0.003237	13.3
325	-0.895316	45.606846	5.128909	0.002760	12.8
326	-0.895711	46.606846	5.053046	0.002553	9.9
327	-0.892997	46.591139	5.054220	0.003163	8.9
328	-0.900545	46.575431	5.055395	0.002634	10.8
329	-0.891354	47.447691	4.990971	0.003322	12.6
330	-0.893926	47.431983	4.992117	0.001944	13.1
331	-0.889756	47.416276	4.993263	0.001897	10.7
332	-0.883389	48.416276	4.921331	0.003004	13.4
333	-0.899981	49.416276	4.851442	0.004237	12.1
334	-0.896051	50.416276	4.783510	0.001852	11.2
335	-0.886915	51.416276	4.717454	0.002078	11.0
336	-0.891502	52.415984	4.653217	0.002945	13.5
337	-0.888467	53.415984	4.590687	0.002888	16.4
338	-0.899596	54.415984	4.529815	0.002561	16.7
339	-0.903436	55.415984	4.470537	0.001892	15.9
340	-0.889813	56.415984	4.412790	0.002868	12.6
341	-0.904201	56.566123	4.404248	0.002814	6.5
342	-0.898833	57.566122	4.348191	0.002163	7.2
343	-0.890823	58.565551	4.293573	0.002894	8.1
344	-0.899415	59.565551	4.240280	0.001636	9.3
345	-0.904910	60.565267	4.188308	0.003243	16.3
346	-0.895323	60.549559	4.189115	0.002794	12.3
347	-0.892607	60.533854	4.189922	0.002414	19.1
348	-0.894420	61.533854	4.139156	0.002784	13.4
349	-0.892078	61.518147	4.139944	0.002418	14.9
350	-0.897680	62.266267	4.102748	0.001721	11.5
351	-0.895914	63.266234	4.054061	0.002764	21.1
352	-0.898815	63.250531	4.054817	0.001796	16.4
353	-0.897283	63.234824	4.055573	0.002661	13.7
354	-0.894969	63.219121	4.056329	0.002531	26.6
355	-0.898252	64.219121	4.008730	0.002873	16.0
356	-0.897563	65.219121	3.962236	0.001909	13.9
357	-0.892608	66.219121	3.916807	0.001779	14.6
358	-0.893064	67.218093	3.872454	0.002774	19.9
359	-0.895393	67.202385	3.873143	0.002291	16.5
360	-0.897155	68.202384	3.829724	0.001613	14.9
361	-0.895129	68.186677	3.830398	0.001901	11.0
362	-0.895544	69.186626	3.787928	0.002656	19.0
363	-0.894141	70.186626	3.746388	0.001942	19.1
364	-0.891778	71.186626	3.705749	0.001660	9.7
365	-0.896434	71.196161	3.705365	0.002659	8.3
366	-0.893549	72.190905	3.665813	0.002494	8.3
367	-0.890098	73.190905	3.626894	0.003673	11.4
368	-0.891781	74.190905	3.588793	0.001832	10.1
369	-0.901281	75.179843	3.551893	0.001771	18.2
370	-0.889944	75.164135	3.552473	0.002614	19.9
371	-0.894393	76.164135	3.515911	0.002450	13.1
372	-0.894575	77.164117	3.480095	0.002440	8.7
373	-0.895011	77.148409	3.480652	0.001482	8.7
374	-0.895258	78.148391	3.445547	0.001503	7.5
375	-0.893107	79.145385	3.411245	0.002082	11.7
376	-0.894882	80.144153	3.377560	0.001974	12.2
377	-0.890955	80.128594	3.378080	0.001504	9.1
378	-0.892953	80.112887	3.378605	0.002669	8.5
379	-0.892919	81.103544	3.345824	0.001790	11.5
380	-0.893946	81.096520	3.346054	0.003095	11.0
381	-0.891219	81.080813	3.346569	0.002219	11.0
382	-0.888904	81.363047	3.337342	0.002076	12.8
383	-0.897766	82.356059	3.305278	0.002298	12.7
384	-0.901509	83.356031	3.273605	0.003024	12.0
385	-0.905054	84.356031	3.242534	0.002446	10.7
386	-0.894931	85.356031	3.212046	0.002761	9.9
387	-0.901694	86.356031	3.182127	0.002089	14.0
388	-0.898760	86.340324	3.182592	0.002297	10.7
389	-0.893971	86.853403	3.167452	0.002982	8.9
390	-0.903898	87.853403	3.138354	0.002351	12.6
391	-0.902927	88.853398	3.109785	0.002131	10.4
392	-0.899314	89.848186	3.081877	0.003231	8.4
393	-0.895473	90.848186	3.054323	0.001552	7.7
394	-0.884808	91.771236	3.029323	0.002154	7.0
395	-0.894104	91.762972	3.029545	0.001966	7.1
396	-0.900397	92.648062	3.005951	0.002750	5.7
397	-0.893885	93.551272	2.982249	0.002351	9.2
398	-0.894593	94.551269	2.956441	0.002531	10.0
399	-0.905579	94.535562	2.956843	0.002487	11.1
400	-0.889566	95.535562	2.931470	0.002735	8.5
401	-0.893948	96.535562	2.906529	0.002768	12.5
402	-0.891510	97.535562	2.882008	0.001837	12.4
403	-0.904874	98.535562	2.857898	0.002791	10.8
404	-0.896027	99.535562	2.834188	0.001840	9.1
405	-0.890911	100.535562	2.810868	0.002376	13.2
406	-0.888611	101.535562	2.787929	0.002702	10.6
407	-0.902017	102.535562	2.765361	0.001681	10.1
408	-0.901603	103.518378	2.743535	0.002493	10.7
409	-0.898498	104.513159	2.721790	0.002097	5.9
410	-0.906028	105.513099	2.700277	0.003162	6.9
411	-0.890584	106.513099	2.679101	0.002140	7.5
412	-0.895266	107.513099	2.658254	0.002555	10.3
413	-0.886614	108.501476	2.637966	0.002353	8.0
414	-0.891487	109.501465	2.617752	0.001744	11.5
415	-0.892926	109.487832	2.618026	0.002374	9.8
416	-0.902948	110.487832	2.598115	0.001769	9.8
417	-0.898211	110.762032	2.592708	0.001918	7.2
418	-0.895059	111.762030	2.573179	0.002171	8.9
419	-0.896830	112.762030	2.553942	0.003210	9.1
420	-0.901245	112.746323	2.554242	0.002203	12.8
421	-0.892896	113.746323	2.535286	0.001793	13.3
422	-0.897332	113.730632	2.535581	0.002431	10.6
423	-0.895581	113.714934	2.535877	0.002493	17.0
424	-0.903790	114.714934	2.517191	0.002583	13.1
425	-0.901766	115.714933	2.498779	0.002386	11.3
426	-0.896297	116.714933	2.480635	0.002048	11.9
427	-0.894728	117.714933	2.462752	0.003128	12.0
428	-0.906837	117.699225	2.463031	0.002402	14.0
429	-0.893553	118.699223	2.445400	0.002963	16.2
430	-0.890190	119.690467	2.428171	0.002258	12.5
431	-0.897264	120.690467	2.411034	0.002372	16.4
432	-0.894943	121.685035	2.394228	0.003275	8.3
433	-0.898735	122.685035	2.377565	0.002886	9.2
434	-0.894122	123.685035	2.361132	0.001972	10.4
435	-0.905047	123.669328	2.361388	0.002571	7.0
436	-0.892912	124.669328	2.345178	0.001826	6.4
437	-0.890797	125.664872	2.329259	0.001523	17.0
438	-0.895392	126.664841	2.313486	0.002799	11.2
439	-0.897275	127.664033	2.297936	0.002556	11.7
440	-0.900183	127.692645	2.297494	0.002509	12.3
441	-0.890169	128.692645	2.282146	0.004234	10.2
442	-0.899979	129.692645	2.267002	0.001526	9.8
443	-0.898463	130.692645	2.252057	0.001844	14.0
444	-0.898544	130.677208	2.252286	0.003387	11.3
445	-0.891307	131.677208	2.237534	0.002100	10.8
446	-0.900233	132.677208	2.222974	0.002272	8.5
447	-0.893046	132.661500	2.223201	0.002353	10.1
448	-0.909054	133.633417	2.209228	0.001654	15.2
449	-0.888941	134.633417	2.195033	0.002913	12.2
450	-0.887212	134.617710	2.195254	0.001987	13.2
451	-0.904357	135.617710	2.181238	0.002477	11.2
452	-0.892272	135.602594	2.181448	0.002130	11.9
453	-0.894128	136.477895	2.169323	0.001953	9.8
454	-0.902638	137.477879	2.155635	0.002547	12.6
455	-0.905300	138.477877	2.142118	0.002770	20.5
456	-0.893640	139.477877	2.128770	0.001708	15.6
457	-0.896964	140.477877	2.115587	0.002398	13.7
458	-0.896875	140.462169	2.115793	0.003306	10.7
459	-0.894794	141.462169	2.102769	0.001711	20.7
460	-0.896825	142.462169	2.089905	0.002257	9.1
461	-0.899291	143.371863	2.078339	0.003258	12.8
462	-0.885161	144.371863	2.065771	0.002220	12.9
463	-0.896054	145.371863	2.053355	0.002429	10.6
464	-0.893162	146.371863	2.041087	0.001870	8.1
465	-0.890156	147.362221	2.029080	0.002099	13.9
466	-0.902530	148.362221	2.017100	0.002770	9.0
467	-0.899042	149.361950	2.005263	0.001883	11.5
468	-0.892101	150.361950	1.993561	0.001739	11.1
469	-0.887195	150.346243	1.993744	0.001927	9.8
470	-0.887301	151.346228	1.982176	0.002062	10.4
471	-0.893059	152.346228	1.970741	0.002580	10.4
472	-0.898951	152.379093	1.970367	0.002493	11.1
473	-0.898164	153.379093	1.959068	0.001934	10.4
474	-0.895395	154.379020	1.947898	0.001769	13.2
475	-0.889416	154.363317	1.948073	0.003074	7.9
476	-0.896095	154.347743	1.948246	0.002429	12.7
477	-0.891827	155.347743	1.937198	0.001466	11.7
478	-0.891556	155.770435	1.932566	0.002337	13.1
479	-0.897399	156.770371	1.921695	0.002181	7.9
480	-0.901087	157.770353	1.910946	0.003035	10.3
481	-0.890517	157.754645	1.911114	0.002621	10.3
482	-0.892330	158.754645	1.900482	0.002668	10.6
483	-0.883161	159.754645	1.889968	0.002050	7.8
484	-0.887315	160.754645	1.879569	0.002469	6.3
485	-0.897725	161.754645	1.869285	0.002035	9.7
486	-0.898577	161.738938	1.869445	0.002120	7.0
487	-0.884664	162.738113	1.859279	0.001856	8.7
488	-0.892381	163.675937	1.849837	0.002191	9.3
489	-0.894999	164.675937	1.839875	0.002198	11.3
490	-0.889513	165.675937	1.830019	0.002420	10.5
491	-0.901374	166.675937	1.820268	0.002192	11.1
492	-0.891141	167.675727	1.810622	0.002649	11.8
493	-0.899367	168.675727	1.801076	0.002535	8.9
494	-0.896133	169.675727	1.791631	0.002892	10.0
495	-0.889872	170.675727	1.782283	0.001938	12.5
496	-0.895698	171.675727	1.773033	0.001634	12.0
497	-0.898604	172.645833	1.764151	0.002302	11.5
498	-0.891979	173.645623	1.755089	0.003584	13.9
499	-0.896590	174.645623	1.746119	0.001781	9.4
500	-0.891009	175.642347	1.737268	0.002663	9.7
501	-0.895566	176.642347	1.728478	0.002040	12.2
502	-0.904817	177.642347	1.719777	0.002730	16.9
503	-0.898086	178.642347	1.711162	0.002122	10.1
504	-0.888321	179.629974	1.702739	0.002206	11.8
505	-0.895183	180.355621	1.696603	0.002092	9.9
506	-0.896473	181.355620	1.688218	0.002931	10.4
507	-0.893156	182.323410	1.680183	0.002530	13.6
508	-0.908393	183.323410	1.671960	0.003825	13.5
509	-0.899039	184.323410	1.663816	0.002444	12.3
510	-0.894854	184.307702	1.663944	0.002242	12.9
511	-0.896435	185.307702	1.655878	0.002625	8.2
512	-0.891270	186.307702	1.647891	0.002328	9.2
513	-0.892758	187.307702	1.639980	0.001250	13.8
514	-0.893904	187.403824	1.639224	0.001698	9.1
515	-0.895094	187.388531	1.639344	0.002233	6.7
516	-0.898422	188.374261	1.631626	0.002082	9.8
517	-0.899126	189.335340	1.624171	0.002634	10.7
518	-0.896733	189.322626	1.624269	0.002639	11.5
519	-0.906513	190.293424	1.616806	0.003236	7.8
520	-0.895540	190.281869	1.616894	0.001820	9.3
521	-0.895409	191.281869	1.609278	0.002535	16.1
522	-0.893877	192.281869	1.601732	0.002168	11.0
523	-0.897985	193.281869	1.594257	0.002680	11.3
524	-0.897585	194.281868	1.586852	0.002170	10.5
525	-0.895248	195.281868	1.579515	0.003021	11.7
526	-0.901363	196.281868	1.572246	0.001969	10.1
527	-0.897697	197.281868	1.565043	0.002407	9.5
528	-0.897044	197.266161	1.565155	0.002800	6.9
529	-0.901617	197.250454	1.565268	0.003505	11.6
530	-0.899038	198.250454	1.558129	0.002083	10.2
531	-0.892319	198.234746	1.558241	0.003750	9.0
532	-0.888401	199.174953	1.551586	0.003303	10.1
533	-0.888730	199.710144	1.547824	0.001785	9.9
534	-0.902452	199.698738	1.547904	0.002361	9.5
535	-0.901166	200.628020	1.541414	0.002779	11.7
536	-0.898085	201.615530	1.534576	0.002410	12.0
537	-0.891135	202.615530	1.527714	0.002033	8.3
538	-0.896265	202.599823	1.527821	0.003063	9.2
539	-0.899481	203.599715	1.521019	0.002241	9.3
540	-0.895150	204.599613	1.514278	0.002392	10.7
541	-0.894514	205.589680	1.507661	0.002065	11.1
542	-0.902083	206.331001	1.502745	0.002359	14.3
543	-0.905152	207.331000	1.496163	0.002007	11.4
544	-0.894139	208.330999	1.489639	0.002402	10.2
545	-0.905643	209.264819	1.483598	0.002703	12.2
546	-0.894120	210.262561	1.477197	0.001935	13.8
547	-0.892238	211.262561	1.470837	0.002264	13.2
548	-0.893509	211.246932	1.470936	0.002373	8.9
549	-0.902806	212.246608	1.464632	0.002370	6.9
550	-0.899027	213.246608	1.458380	0.002651	6.5
551	-0.893295	213.505854	1.456767	0.003400	8.0
552	-0.899827	214.505854	1.450582	0.002514	9.5
553	-0.902545	215.505854	1.444448	0.002656	10.6
554	-0.896344	216.505854	1.438367	0.002103	9.8
555	-0.900736	217.505840	1.432336	0.003398	9.1
556	-0.899389	218.466519	1.426590	0.002096	8.0
557	-0.901945	219.466486	1.420657	0.002051	8.1
558	-0.900251	219.467940	1.420649	0.003108	8.9
559	-0.895100	219.452233	1.420742	0.003134	12.1
560	-0.894667	220.452233	1.414857	0.003059	7.7
561	-0.898327	221.452233	1.409022	0.002496	10.3
562	-0.897944	221.436823	1.409111	0.002439	10.2
563	-0.894768	222.436496	1.403325	0.002007	10.1
564	-0.895077	223.286703	1.398441	0.002427	9.6
565	-0.886478	224.286685	1.392740	0.002324	13.2
566	-0.893153	224.273335	1.392815	0.002483	7.9
567	-0.890475	224.257629	1.392905	0.002724	5.9
568	-0.905821	224.241931	1.392994	0.002402	9.2
569	-0.896158	225.241931	1.387337	0.001791	11.6
570	-0.893659	226.241895	1.381726	0.002200	6.8
571	-0.895978	227.241888	1.376160	0.003661	7.6
572	-0.900327	228.241862	1.370638	0.002991	8.4
573	-0.906628	228.226155	1.370725	0.003027	7.8
574	-0.899020	229.226155	1.365247	0.001996	7.9
575	-0.898690	230.226154	1.359813	0.002021	11.6
576	-0.895862	231.226042	1.354422	0.001917	10.5
577	-0.892109	232.226042	1.349073	0.002177	11.4
578	-0.884629	233.226041	1.343767	0.002965	10.0
579	-0.898583	234.226041	1.338502	0.003154	11.3
580	-0.907562	235.226041	1.333278	0.003910	10.8
581	-0.896377	236.226041	1.328094	0.001889	10.8
582	-0.900713	236.210334	1.328176	0.002342	11.9
583	-0.894468	237.210332	1.323032	0.002163	9.6
584	-0.899656	238.210330	1.317928	0.001953	12.0
585	-0.908797	239.210321	1.312863	0.002128	11.6
586	-0.900310	240.210319	1.307837	0.002169	13.0
587	-0.905758	241.210319	1.302849	0.002663	12.0
588	-0.901968	242.210206	1.297900	0.002560	11.3
589	-0.905748	242.194498	1.297977	0.001759	12.2
590	-0.897353	242.323991	1.297339	0.002945	10.4
591	-0.896593	243.323991	1.292431	0.003190	11.2
592	-0.891439	244.323991	1.287560	0.002523	18.7
593	-0.901446	245.323991	1.282725	0.003089	9.6
594	-0.894869	245.311654	1.282785	0.002871	7.8
595	-0.896785	245.295974	1.282860	0.002171	6.5
596	-0.896678	246.295974	1.278061	0.002430	8.3
597	-0.899086	247.295965	1.273297	0.002397	8.8
598	-0.891732	248.295937	1.268569	0.002083	10.3
599	-0.907810	249.295935	1.263876	0.002845	13.1
600	-0.892984	250.295935	1.259217	0.002417	12.0
601	-0.898375	251.295934	1.254593	0.002805	9.9
602	-0.894871	252.295930	1.250002	0.002649	8.8
603	-0.894842	253.295930	1.245445	0.002188	9.6
604	-0.889750	254.295930	1.240921	0.003250	11.4
605	-0.895823	255.295930	1.236430	0.002034	9.2
606	-0.885150	255.280223	1.236500	0.002422	11.2
607	-0.893028	255.264515	1.236570	0.002692	11.0
608	-0.894752	256.264146	1.232112	0.002220	8.0
609	-0.898769	256.506489	1.231036	0.002486	10.1
610	-0.899703	256.490781	1.231106	0.002161	8.3
611	-0.899783	257.490781	1.226685	0.001771	8.0
612	-0.887185	258.490781	1.222296	0.001995	10.6
613	-0.893496	259.490616	1.217939	0.002750	13.1
614	-0.890220	260.446364	1.213803	0.002494	8.5
615	-0.904614	261.445486	1.209509	0.002498	8.6
616	-0.902394	261.430293	1.209574	0.001984	8.3
617	-0.899243	262.430168	1.205307	0.002448	9.8
618	-0.902356	262.414461	1.205374	0.003530	12.7
619	-0.897869	263.414461	1.201136	0.002998	12.4
620	-0.894424	264.414461	1.196928	0.002082	11.0
621	-0.896271	265.414461	1.192749	0.003379	12.6
622	-0.896968	265.398753	1.192814	0.003314	12.6
623	-0.896745	266.398752	1.188664	0.002112	11.2
624	-0.882568	266.383045	1.188729	0.002217	13.5
625	-0.901086	267.383045	1.184607	0.002739	6.6
626	-0.891500	267.446122	1.184348	0.003705	11.0
627	-0.889346	268.446122	1.180256	0.002308	9.8
628	-0.890395	269.446122	1.176192	0.002849	8.3
629	-0.887912	270.446122	1.172157	0.001603	12.2
630	-0.891005	271.446121	1.168148	0.003450	10.4
631	-0.904276	271.441399	1.168167	0.002853	19.2
632	-0.899461	272.441399	1.164186	0.003982	17.1
633	-0.897831	273.441399	1.160232	0.003224	9.3
634	-0.893755	274.441399	1.156305	0.003093	10.9
635	-0.893385	275.441399	1.152405	0.002364	10.1
636	-0.895210	276.441399	1.148530	0.002138	13.2
637	-0.887124	277.441399	1.144682	0.002623	11.8
638	-0.894673	277.425692	1.144742	0.002217	11.5
639	-0.887724	278.425692	1.140919	0.002488	11.1
640	-0.899492	278.409984	1.140979	0.002441	12.2
641	-0.892610	279.409984	1.137181	0.002612	8.8
642	-0.894644	280.409972	1.133408	0.002671	10.6
643	-0.891788	281.271483	1.130178	0.002379	12.4
644	-0.899083	282.271483	1.126451	0.002477	15.2
645	-0.899019	283.271478	1.122749	0.002434	14.2
646	-0.891521	284.269874	1.119077	0.002728	14.4
647	-0.892562	284.827039	1.117038	0.002414	10.1
648	-0.892855	285.818753	1.113428	0.001653	13.1
649	-0.890875	286.008907	1.112738	0.001897	11.9
650	-0.895340	285.994573	1.112790	0.002893	10.8
651	-0.904592	286.994573	1.109177	0.003933	10.2
652	-0.894991	287.994573	1.105587	0.002185	7.8
653	-0.894671	288.994557	1.102021	0.002751	10.7
654	-0.896539	289.994557	1.098477	0.002068	8.9
655	-0.892775	290.994557	1.094957	0.002906	7.8
656	-0.897963	291.994557	1.091458	0.001706	6.2
657	-0.889619	292.994557	1.087982	0.001985	8.1
658	-0.891583	293.992327	1.084536	0.002906	10.4
659	-0.890854	294.608016	1.082420	0.001472	6.8
660	-0.892040	295.607750	1.079002	0.002346	9.0
661	-0.891426	295.592042	1.079056	0.002162	8.6
662	-0.899748	296.592036	1.075658	0.002290	8.5
663	-0.896319	297.592035	1.072282	0.002713	10.1
664	-0.901670	297.578545	1.072327	0.002203	12.5
665	-0.901707	298.578543	1.068972	0.001467	8.8
666	-0.899725	298.563321	1.069023	0.002330	6.9
667	-0.901576	299.158196	1.067036	0.001872	8.6
668	-0.888090	300.158196	1.063714	0.002195	10.8
669	-0.894985	300.175501	1.063657	0.002159	16.3
670	-0.897284	300.177760	1.063649	0.002965	12.1
671	-0.891965	301.177760	1.060348	0.002395	12.0
672	-0.907936	301.162226	1.060399	0.002241	10.9
673	-0.897557	301.146519	1.060451	0.001888	7.7
674	-0.899808	302.146121	1.057170	0.003366	7.2
675	-0.886945	303.146121	1.053909	0.002978	8.6
676	-0.893017	304.146121	1.050668	0.002675	9.0
677	-0.894865	304.130414	1.050718	0.002334	9.4
678	-0.895687	305.130250	1.047497	0.002059	8.4
679	-0.891782	305.114696	1.047547	0.002557	10.8
680	-0.894118	306.114696	1.044345	0.002973	11.0
681	-0.889903	306.099322	1.044394	0.001845	12.6
682	-0.894669	307.099322	1.041211	0.003040	11.2
683	-0.885698	308.099321	1.038047	0.002336	13.8
684	-0.904260	309.099321	1.034902	0.002380	8.3
685	-0.894802	310.099321	1.031776	0.002940	12.4
686	-0.902285	311.099321	1.028670	0.002041	12.1
687	-0.890685	312.099316	1.025581	0.002485	11.4
688	-0.897343	312.086005	1.025622	0.002509	11.0
689	-0.902617	313.086005	1.022552	0.002692	10.2
690	-0.898216	314.086005	1.019501	0.002266	12.3
691	-0.892768	314.092124	1.019482	0.002626	12.3
692	-0.894102	314.370728	1.018635	0.001882	10.6
693	-0.900515	315.370671	1.015607	0.003204	12.8
694	-0.891914	316.370464	1.012597	0.002099	10.5
695	-0.898621	317.227026	1.010033	0.002894	12.6
696	-0.888141	317.228454	1.010029	0.002267	12.7
697	-0.895125	318.226384	1.007057	0.002578	11.1
698	-0.886272	318.210677	1.007104	0.002231	10.9
699	-0.898739	319.210542	1.004144	0.001766	10.4
700	-0.893822	319.948316	1.001971	0.002866	10.0
701	-0.889257	319.932620	1.002018	0.002570	12.0
702	-0.896693	320.932620	0.999087	0.002266	10.1
703	-0.892772	321.932620	0.996174	0.002563	8.7
704	-0.891416	322.932620	0.993277	0.002085	8.8
705	-0.899329	323.932620	0.990398	0.001644	14.0
706	-0.896203	323.916913	0.990443	0.002482	9.9
707	-0.891599	324.916913	0.987580	0.001669	11.3
708	-0.893693	325.075883	0.987126	0.002427	13.1
709	-0.889929	326.075831	0.984282	0.002776	10.4
710	-0.899533	327.075831	0.981454	0.002158	6.1
711	-0.900397	327.073699	0.981460	0.001477	8.0
712	-0.888739	327.058308	0.981504	0.002126	16.0
713	-0.892473	327.042697	0.981548	0.003121	15.1
714	-0.896435	328.042697	0.978735	0.002994	12.5
715	-0.894603	328.605663	0.977159	0.002115	14.5
716	-0.887707	329.605663	0.974372	0.003183	11.2
717	-0.902640	330.605662	0.971601	0.002503	11.8
718	-0.903715	330.661661	0.971446	0.002471	12.0
719	-0.888246	331.661661	0.968692	0.002284	13.1
720	-0.888136	332.661646	0.965953	0.002849	8.0
721	-0.894883	332.807813	0.965554	0.002886	9.3
722	-0.902208	332.822678	0.965513	0.002380	7.8
723	-0.889261	332.806981	0.965556	0.001784	11.9
724	-0.895745	333.806979	0.962835	0.002467	11.3
725	-0.897714	333.791272	0.962877	0.002081	11.4
726	-0.891897	334.791272	0.960171	0.002888	9.3
727	-0.897282	335.791272	0.957480	0.002116	9.4
728	-0.892472	336.791272	0.954804	0.002165	7.3
729	-0.892921	336.775564	0.954846	0.003080	13.2
730	-0.900769	337.775564	0.952184	0.002522	11.9
731	-0.892999	337.792751	0.952139	0.002014	5.9
732	-0.906950	338.792751	0.949492	0.003106	9.3
733	-0.886725	338.779051	0.949529	0.002296	11.5
734	-0.893065	339.779051	0.946897	0.001592	12.1
735	-0.901314	340.779051	0.944279	0.002592	11.7
736	-0.892359	340.763344	0.944320	0.002208	9.6
737	-0.893393	341.763344	0.941717	0.002992	10.2
738	-0.900386	341.747636	0.941758	0.001829	10.1
739	-0.898991	342.747636	0.939169	0.001748	12.5
740	-0.889488	342.731931	0.939209	0.002874	11.6
741	-0.898549	343.731929	0.936634	0.002682	10.8
742	-0.891043	344.117385	0.935646	0.003058	13.8
743	-0.908318	344.101680	0.935686	0.002339	11.7
744	-0.895902	345.101680	0.933130	0.003894	15.3
745	-0.888155	345.085972	0.933170	0.002423	11.9
746	-0.896293	346.085972	0.930628	0.002809	12.6
747	-0.899621	347.085655	0.928100	0.002006	7.7
748	-0.903463	347.070774	0.928138	0.002578	9.7
749	-0.893096	348.070774	0.925623	0.002658	9.3
750	-0.895464	349.070774	0.923122	0.002136	11.8
751	-0.901000	350.070774	0.920634	0.002251	13.1
752	-0.899453	350.055067	0.920673	0.002792	11.4
753	-0.889618	351.055027	0.918199	0.002765	11.0
754	-0.890522	351.039320	0.918238	0.002325	7.1
755	-0.892293	352.039319	0.915776	0.002392	8.2
756	-0.902905	353.039168	0.913328	0.003205	9.8
757	-0.896324	354.039168	0.910893	0.002479	14.8
758	-0.898990	355.039168	0.908470	0.001920	12.1
759	-0.892555	355.741806	0.906776	0.002563	9.1
760	-0.892483	356.740770	0.904378	0.002091	14.5
761	-0.896646	357.729425	0.902017	0.001862	9.2
762	-0.894036	358.729425	0.899642	0.002261	10.5
763	-0.898029	359.729409	0.897279	0.003051	8.8
764	-0.891938	359.896563	0.896885	0.002209	10.2
765	-0.901118	360.889307	0.894554	0.002432	10.4
766	-0.898495	361.889123	0.892218	0.002535	8.3
767	-0.902513	362.889123	0.889894	0.002172	8.6
768	-0.889708	363.884189	0.887593	0.002119	7.1
769	-0.895827	363.868481	0.887629	0.002100	8.6
770	-0.892701	364.868470	0.885329	0.001745	12.9
771	-0.894004	365.868461	0.883040	0.002547	13.3
772	-0.900392	366.868434	0.880764	0.002645	7.5
773	-0.894636	367.868433	0.878499	0.003299	15.4
774	-0.886306	368.868433	0.876246	0.002508	12.1
775	-0.906075	369.868433	0.874004	0.002673	14.2
776	-0.908337	370.828959	0.871861	0.002613	9.1
777	-0.896949	371.828958	0.869642	0.002652	6.9
778	-0.898233	372.828958	0.867434	0.002399	12.4
779	-0.895337	373.828958	0.865237	0.002849	7.2
780	-0.894795	373.813250	0.865271	0.002149	8.2
781	-0.891385	373.797558	0.865305	0.001831	10.5
782	-0.894224	374.797512	0.863119	0.002038	10.4
783	-0.889863	375.797512	0.860944	0.002706	10.2
784	-0.892005	376.797511	0.858780	0.002293	13.0
785	-0.898034	377.797511	0.856626	0.001870	11.9
786	-0.893665	378.797301	0.854484	0.002561	11.0
787	-0.892429	379.797301	0.852352	0.002061	9.3
788	-0.896180	380.797300	0.850231	0.001865	8.8
789	-0.883681	381.797274	0.848120	0.001562	14.1
790	-0.903154	381.808672	0.848096	0.002513	11.0
791	-0.885581	382.180106	0.847315	0.002394	8.5
792	-0.902938	382.234478	0.847201	0.002565	6.9
793	-0.901141	382.230702	0.847208	0.003186	8.6
794	-0.914360	383.230702	0.845113	0.001606	14.0
795	-0.890744	384.230547	0.843027	0.003464	10.4
796	-0.895809	384.248517	0.842990	0.002520	14.1
797	-0.889899	384.243422	0.843001	0.003656	12.0
798	-0.887448	385.243422	0.840926	0.002329	10.7
799	-0.893350	386.136274	0.839081	0.002757	9.5
800	-0.903187	386.127571	0.839099	0.001849	18.7
801	-0.901086	386.357901	0.838625	0.002365	24.1
802	-0.898491	386.342263	0.838657	0.003317	10.0
803	-0.895929	387.342263	0.836603	0.002645	13.9
804	-0.894972	388.342263	0.834559	0.003441	12.5
805	-0.903786	389.342263	0.832526	0.002263	11.4
806	-0.895166	390.342263	0.830502	0.002853	11.3
807	-0.907472	390.326558	0.830533	0.002975	13.5
808	-0.891569	391.326558	0.828519	0.002900	12.9
809	-0.905230	392.326558	0.826515	0.002334	12.7
810	-0.891120	393.326558	0.824520	0.002590	11.4
811	-0.900823	393.310851	0.824551	0.002158	10.8
812	-0.894399	394.310851	0.822566	0.002678	7.7
813	-0.889045	395.310851	0.820590	0.001896	8.0
814	-0.894188	396.310849	0.818624	0.002324	6.5
815	-0.904957	396.295142	0.818654	0.002269	7.0
816	-0.897157	397.295142	0.816697	0.002260	15.6
817	-0.893646	398.295142	0.814749	0.001898	13.3
818	-0.888592	399.295142	0.812811	0.001767	12.8
819	-0.902040	400.294406	0.810883	0.003075	11.8
820	-0.891378	401.294401	0.808963	0.002864	11.2
821	-0.905992	402.294401	0.807052	0.002378	11.3
822	-0.888093	403.294401	0.805150	0.003215	12.4
823	-0.903759	403.278698	0.805179	0.002981	11.3
824	-0.899092	403.262993	0.805209	0.002078	12.0
825	-0.894307	403.420112	0.804911	0.003143	10.3
826	-0.903414	404.420112	0.803019	0.002655	14.4
827	-0.894209	405.418295	0.801139	0.002401	9.6
828	-0.898984	406.418295	0.799265	0.002306	10.4
829	-0.899958	407.417227	0.797401	0.002282	10.8
830	-0.890656	407.401549	0.797431	0.002435	7.7
831	-0.900416	408.401549	0.795573	0.002448	10.8
832	-0.899596	409.401549	0.793725	0.001962	14.8
833	-0.896469	410.401549	0.791885	0.003161	10.5
834	-0.903425	411.401549	0.790054	0.002082	9.1
835	-0.901683	412.401549	0.788231	0.001945	15.3
836	-0.893742	412.385881	0.788259	0.003085	11.0
837	-0.897501	412.467835	0.788110	0.002362	9.5
838	-0.893807	412.636647	0.787804	0.002614	10.3
839	-0.892607	413.636604	0.785991	0.003461	11.5
840	-0.893883	414.636603	0.784187	0.001534	12.4
841	-0.889575	415.636548	0.782391	0.002181	17.7
842	-0.899226	415.620841	0.782419	0.002214	10.6
843	-0.887361	416.620841	0.780631	0.002380	20.3
844	-0.900378	417.620841	0.778851	0.002249	11.1
845	-0.897474	418.620706	0.777080	0.002360	7.0
846	-0.889337	419.620638	0.775317	0.002425	16.2
847	-0.897119	420.620636	0.773561	0.002231	12.1
848	-0.907642	420.604929	0.773588	0.001774	9.2
849	-0.892568	421.604915	0.771841	0.002160	8.5
850	-0.895627	421.589208	0.771868	0.004371	11.7
851	-0.891960	422.589208	0.770128	0.002613	8.3
852	-0.892025	423.589208	0.768396	0.002421	9.3
853	-0.902124	423.573501	0.768423	0.001781	9.9
854	-0.900093	424.570591	0.766703	0.003543	14.1
855	-0.893574	425.570482	0.764987	0.002028	8.3
856	-0.900067	425.554829	0.765014	0.002126	10.4
857	-0.893396	426.554793	0.763304	0.002032	10.8
858	-0.900371	426.568864	0.763280	0.002025	9.6
859	-0.897010	427.568863	0.761579	0.001811	15.3
860	-0.902326	428.417475	0.760141	0.002407	7.2
861	-0.897488	429.417282	0.758453	0.002731	10.6
862	-0.901125	430.417282	0.756773	0.003204	10.4
863	-0.889664	431.417282	0.755100	0.003454	11.2
864	-0.902985	432.417282	0.753435	0.002561	6.9
865	-0.902395	432.401575	0.753461	0.003632	7.2
866	-0.897164	433.401575	0.751803	0.002360	10.4
867	-0.899339	433.385981	0.751829	0.001600	14.5
868	-0.893283	433.370959	0.751854	0.003022	9.5
869	-0.900125	434.370925	0.750203	0.002173	10.0
870	-0.899337	434.355266	0.750228	0.002540	7.4
871	-0.892668	435.355266	0.748584	0.002173	7.7
872	-0.893503	436.355266	0.746948	0.002212	7.9
873	-0.895449	436.339558	0.746973	0.002274	8.9
874	-0.900638	437.339456	0.745344	0.001233	10.3
875	-0.896942	438.322681	0.743748	0.002938	10.9
876	-0.895125	439.320210	0.742137	0.001758	10.6
877	-0.901014	440.299004	0.740562	0.002492	10.4
878	-0.901562	441.299003	0.738960	0.002863	11.1
879	-0.895859	442.299003	0.737365	0.002627	12.0
880	-0.910269	443.299003	0.735777	0.001724	10.8
881	-0.896312	444.298181	0.734197	0.001949	8.3
882	-0.893879	444.283332	0.734220	0.002622	12.1
883	-0.896793	444.268984	0.734243	0.002207	12.5
884	-0.903936	445.268846	0.732668	0.003813	7.8
885	-0.892727	446.268846	0.731100	0.002179	9.7
886	-0.898898	447.268846	0.729539	0.001881	6.8
887	-0.900042	447.253138	0.729564	0.002188	7.9
888	-0.884123	448.253138	0.728009	0.001979	10.9
889	-0.889769	448.239515	0.728030	0.003158	8.1
890	-0.897627	448.223808	0.728054	0.002583	8.2
891	-0.888456	449.223808	0.726506	0.002304	7.5
892	-0.901082	449.450437	0.726156	0.002206	7.8
893	-0.891548	449.474139	0.726120	0.002006	12.0
894	-0.894736	449.458431	0.726144	0.001639	9.3
895	-0.900922	450.458406	0.724604	0.002449	10.2
896	-0.894878	450.442709	0.724628	0.002356	10.0
897	-0.897843	451.442709	0.723094	0.003914	13.9
898	-0.889820	451.427001	0.723118	0.003431	12.4
899	-0.895967	452.427001	0.721591	0.001887	12.6
900	-0.900445	453.427001	0.720070	0.001775	6.6
901	-0.886321	454.426945	0.718555	0.002995	7.0
902	-0.897721	454.725381	0.718104	0.002721	7.6
903	-0.893775	455.725381	0.716598	0.003411	6.2
904	-0.897265	456.725381	0.715098	0.003241	7.3
905	-0.901767	457.725381	0.713604	0.001852	9.9
906	-0.890164	458.725381	0.712117	0.002277	14.9
907	-0.897870	459.725337	0.710635	0.002581	8.3
908	-0.887312	460.725336	0.709160	0.002896	12.1
909	-0.889775	461.725336	0.707691	0.003414	10.5
910	-0.904324	462.725336	0.706228	0.002705	11.6
911	-0.897776	463.725336	0.704771	0.002116	12.6
912	-0.892303	464.725336	0.703320	0.002109	10.5
913	-0.900824	465.723368	0.701878	0.001934	9.3
914	-0.896767	465.812145	0.701750	0.002547	9.3
915	-0.901529	466.812145	0.700312	0.001850	9.9
916	-0.892338	467.812116	0.698879	0.002769	12.7
917	-0.896268	468.812116	0.697452	0.001902	9.2
918	-0.891333	469.801956	0.696045	0.002120	11.9
919	-0.892193	470.801956	0.694630	0.001851	7.8
920	-0.892346	471.801956	0.693221	0.002679	9.3
921	-0.901279	471.786249	0.693243	0.002088	7.6
922	-0.894754	472.786249	0.691839	0.001738	10.7
923	-0.896556	473.786248	0.690441	0.002494	13.4
924	-0.894438	474.786248	0.689048	0.003407	19.8
925	-0.897767	475.786137	0.687661	0.002438	12.9
926	-0.889827	476.786137	0.686280	0.003329	16.4
927	-0.890109	477.786137	0.684904	0.002538	12.5
928	-0.894053	478.786137	0.683533	0.001699	11.4
929	-0.901514	478.770600	0.683555	0.001832	14.2
930	-0.902116	479.770075	0.682190	0.002501	10.8
931	-0.903050	480.642384	0.681004	0.002109	8.7
932	-0.895149	481.642384	0.679649	0.002381	11.3
933	-0.897516	482.642384	0.678300	0.002689	10.6
934	-0.893948	483.642384	0.676956	0.002832	13.7
935	-0.894822	484.642383	0.675617	0.003034	9.0
936	-0.885279	485.642383	0.674283	0.003223	9.8
937	-0.895451	486.642383	0.672955	0.002216	6.8
938	-0.891389	487.642383	0.671632	0.002895	8.7
939	-0.892319	487.628840	0.671650	0.002601	9.4
940	-0.894406	488.628840	0.670332	0.002666	6.2
941	-0.888184	489.628840	0.669019	0.002053	7.6
942	-0.902603	490.626336	0.667715	0.002512	6.2
943	-0.885640	491.626305	0.666412	0.002447	7.9
944	-0.890084	492.626190	0.665115	0.003371	6.2
945	-0.901911	493.626190	0.663823	0.002665	11.3
946	-0.895155	494.626190	0.662535	0.002331	11.4
947	-0.895901	495.626190	0.661253	0.002298	10.6
948	-0.893962	495.610483	0.661273	0.001899	10.9
949	-0.893719	496.610388	0.659995	0.002460	9.2
950	-0.895003	497.607017	0.658727	0.002443	11.5
951	-0.903177	498.607011	0.657459	0.001931	10.9
952	-0.895763	499.607011	0.656196	0.002530	13.0
953	-0.885341	500.580585	0.654972	0.002652	13.9
954	-0.889543	501.580585	0.653718	0.002295	10.2
955	-0.896120	502.276190	0.652849	0.002017	11.0
956	-0.891678	503.276190	0.651604	0.002639	11.4
957	-0.893453	504.265513	0.650377	0.002242	12.8
958	-0.902160	505.086593	0.649362	0.002578	13.8
959	-0.895849	506.086592	0.648130	0.001874	12.7
960	-0.892996	507.086578	0.646902	0.003461	9.0
961	-0.896224	508.086578	0.645680	0.001780	7.1
962	-0.899956	509.086578	0.644462	0.002393	11.4
963	-0.890314	509.070871	0.644481	0.002006	9.6
964	-0.893170	510.070871	0.643267	0.001767	8.7
965	-0.910548	510.538220	0.642702	0.001975	12.7
966	-0.898041	510.944066	0.642211	0.002222	12.1
967	-0.893753	510.928360	0.642230	0.002097	10.5
968	-0.893391	511.886728	0.641075	0.001290	10.6
969	-0.899789	512.886680	0.639875	0.002459	15.4
970	-0.895986	513.886674	0.638678	0.002052	13.6
971	-0.901604	514.886674	0.637486	0.002403	11.4
972	-0.894867	515.886674	0.636299	0.001877	12.1
973	-0.904662	516.886667	0.635116	0.002056	8.2
974	-0.898214	517.886433	0.633938	0.002575	9.4
975	-0.895161	518.656069	0.633034	0.001745	10.4
976	-0.890100	518.640362	0.633052	0.002669	14.0
977	-0.896552	519.640362	0.631881	0.002214	11.6
978	-0.899690	520.640362	0.630715	0.002627	10.5
979	-0.900934	521.640362	0.629552	0.003639	10.9
980	-0.894075	522.640362	0.628394	0.002647	14.9
981	-0.891437	523.640362	0.627240	0.002812	10.8
982	-0.892326	524.640361	0.626091	0.002301	8.3
983	-0.893704	525.640361	0.624946	0.001983	11.6
984	-0.896065	526.640361	0.623804	0.002978	11.3
985	-0.902869	527.640361	0.622667	0.001965	13.7
986	-0.900613	528.640361	0.621535	0.002799	9.8
987	-0.890354	528.820547	0.621331	0.002313	9.9
988	-0.903304	529.820547	0.620203	0.003167	13.1
989	-0.894499	530.820547	0.619079	0.002588	13.3
990	-0.898840	531.820547	0.617959	0.002114	12.0
991	-0.890395	532.820547	0.616843	0.001853	11.8
992	-0.899252	533.771360	0.615786	0.002942	11.8
993	-0.895859	534.771360	0.614678	0.002729	13.0
994	-0.900267	535.771360	0.613574	0.003120	11.7
995	-0.886767	536.771360	0.612474	0.002917	12.1
996	-0.905001	537.771358	0.611378	0.002871	11.6
997	-0.898808	538.771352	0.610286	0.002455	12.4
998	-0.895818	539.771352	0.609197	0.001809	11.4
999	-0.904080	540.771329	0.608113	0.002988	10.9
1000	-0.900236	541.771329	0.607032	0.001433	12.3
1001	-0.897313	542.770019	0.605957	0.001801	11.6
1002	-0.897701	543.769798	0.604884	0.001202	10.2
1003	-0.904446	544.543786	0.604057	0.002930	11.2
1004	-0.889206	544.528078	0.604073	0.002027	13.0
1005	-0.893499	545.528078	0.603007	0.002698	8.3
1006	-0.893598	546.528078	0.601945	0.002065	8.6
1007	-0.893960	547.528078	0.600886	0.002774	10.0
1008	-0.904131	547.513946	0.600901	0.002913	11.0
1009	-0.888611	548.453564	0.599909	0.001692	9.8
1010	-0.894976	548.441031	0.599922	0.002057	18.5
1011	-0.891065	549.440989	0.598871	0.002835	7.8
1012	-0.903272	549.425281	0.598887	0.002205	10.6
1013	-0.897504	549.410018	0.598903	0.002203	7.5
1014	-0.893437	550.410017	0.597855	0.002068	10.2
1015	-0.901522	550.394311	0.597872	0.002015	7.5
1016	-0.892584	551.283260	0.596943	0.001748	8.1
1017	-0.891232	551.267553	0.596959	0.001938	9.3
1018	-0.894150	552.267553	0.595918	0.002390	12.6
1019	-0.890415	553.267553	0.594880	0.002342	13.8
1020	-0.891567	553.251855	0.594897	0.002789	14.1
1021	-0.900356	553.236891	0.594912	0.003896	13.9
1022	-0.896215	553.221184	0.594928	0.002193	12.1
1023	-0.905273	554.221011	0.593894	0.002771	8.0
1024	-0.902990	554.205304	0.593911	0.002492	8.5
1025	-0.890594	555.205304	0.592880	0.002177	9.6
1026	-0.889071	556.197986	0.591860	0.002778	9.8
1027	-0.904927	556.207096	0.591851	0.001909	11.9
1028	-0.890618	557.144152	0.590892	0.002823	8.5
1029	-0.898640	558.144152	0.589871	0.002394	7.6
1030	-0.898062	559.144127	0.588854	0.001575	9.2
1031	-0.894598	560.144126	0.587841	0.002365	9.5
1032	-0.901629	561.144126	0.586831	0.002564	12.0
1033	-0.887050	562.144126	0.585825	0.002967	10.3
1034	-0.893254	562.128419	0.585841	0.002728	9.7
1035	-0.887330	563.128419	0.584838	0.002494	10.3
1036	-0.896157	564.128419	0.583838	0.003069	8.4
1037	-0.894581	564.112712	0.583854	0.002745	12.4
1038	-0.902498	564.105227	0.583862	0.002264	9.5
1039	-0.900812	564.089519	0.583877	0.002377	10.8
1040	-0.904397	565.083735	0.582887	0.002947	11.9
1041	-0.903524	565.068027	0.582902	0.003328	10.8
1042	-0.890388	566.068027	0.581910	0.002125	9.8
1043	-0.891489	566.052373	0.581925	0.002478	7.7
1044	-0.884284	567.052373	0.580935	0.002475	7.6
1045	-0.898004	568.052373	0.579949	0.002883	9.8
1046	-0.894145	569.052369	0.578966	0.002667	10.2
1047	-0.901094	570.052369	0.577987	0.002648	13.7
1048	-0.901521	571.052369	0.577011	0.002741	11.7
1049	-0.898298	572.050767	0.576039	0.002490	7.0
1050	-0.896448	572.035059	0.576054	0.002504	6.7
1051	-0.890196	572.019352	0.576070	0.002226	7.3
1052	-0.898571	573.014011	0.575105	0.001638	11.4
1053	-0.893994	572.998306	0.575120	0.001872	10.4
1054	-0.896671	573.998257	0.574154	0.002338	9.9
1055	-0.904842	574.998257	0.573190	0.002391	14.2
1056	-0.888068	575.998257	0.572230	0.002024	9.1
1057	-0.889187	576.998257	0.571273	0.001711	16.9
1058	-0.895930	577.998254	0.570320	0.003422	8.7
1059	-0.893956	578.995512	0.569372	0.001757	9.5
1060	-0.885048	579.995512	0.568424	0.002423	6.5
1061	-0.896804	580.688723	0.567769	0.002061	13.6
1062	-0.902387	581.688723	0.566827	0.002464	15.8
1063	-0.885932	582.688723	0.565888	0.002069	12.2
1064	-0.896657	583.688718	0.564953	0.002481	14.2
1065	-0.901617	583.673020	0.564967	0.002176	11.9
1066	-0.895157	584.672952	0.564035	0.001723	10.5
1067	-0.897215	585.672940	0.563105	0.002168	12.4
1068	-0.897057	585.802069	0.562985	0.002168	11.5
1069	-0.891893	586.203253	0.562613	0.003189	11.8
1070	-0.898221	586.191247	0.562624	0.002379	10.2
1071	-0.900246	586.800084	0.562061	0.001897	13.4
1072	-0.894352	586.787264	0.562072	0.003205	12.0
1073	-0.897184	587.787264	0.561149	0.002398	12.6
1074	-0.897300	588.787264	0.560229	0.003460	13.3
1075	-0.904491	589.787261	0.559312	0.002552	12.3
1076	-0.895654	590.787261	0.558397	0.002772	9.0
1077	-0.897184	591.787261	0.557486	0.002692	9.8
1078	-0.887621	592.787261	0.556578	0.002857	8.6
1079	-0.891423	592.771553	0.556592	0.002113	7.4
1080	-0.891616	592.755854	0.556606	0.002290	10.9
1081	-0.896743	593.755854	0.555701	0.002708	8.0
1082	-0.898946	594.755854	0.554799	0.002829	11.6
1083	-0.895888	595.755854	0.553899	0.002560	9.6
1084	-0.896749	596.755827	0.553002	0.002004	12.1
1085	-0.892471	596.952363	0.552827	0.001833	10.1
1086	-0.888432	597.952348	0.551933	0.001514	14.3
1087	-0.891196	598.952346	0.551043	0.002415	10.8
1088	-0.887207	599.952346	0.550156	0.002154	12.0
1089	-0.897244	600.952346	0.549271	0.002979	13.0
1090	-0.894790	600.936639	0.549285	0.002643	12.4
1091	-0.888164	601.936639	0.548403	0.003138	10.3
1092	-0.895716	602.936639	0.547524	0.003242	11.7
1093	-0.895501	603.936639	0.546648	0.001647	11.2
1094	-0.901834	604.931000	0.545780	0.002590	10.0
1095	-0.897164	605.930997	0.544909	0.002166	9.2
1096	-0.904876	606.722052	0.544223	0.002854	6.9
1097	-0.881193	607.722052	0.543357	0.002426	7.4
1098	-0.898701	608.722052	0.542494	0.002608	12.1
1099	-0.895160	609.722052	0.541634	0.002075	9.1
1100	-0.893733	609.716014	0.541639	0.001797	16.8
1101	-0.893129	610.714892	0.540783	0.002297	12.1
1102	-0.891413	611.714892	0.539928	0.002493	10.5
1103	-0.896849	612.639344	0.539140	0.002302	11.0
1104	-0.898856	613.639344	0.538291	0.001519	6.8
1105	-0.900887	613.623637	0.538304	0.002276	13.0
1106	-0.889368	614.623613	0.537457	0.003340	10.4
1107	-0.896670	615.623613	0.536613	0.002235	8.5
1108	-0.896277	615.923482	0.536360	0.001823	8.6
1109	-0.892631	616.923482	0.535520	0.002462	13.8
1110	-0.890902	617.919345	0.534685	0.001877	13.2
1111	-0.894371	618.056035	0.534570	0.002358	15.9
1112	-0.899423	618.040328	0.534584	0.002594	11.8
1113	-0.890637	618.037829	0.534586	0.002417	9.7
1114	-0.894445	619.033365	0.533754	0.001820	9.9
1115	-0.897249	620.033177	0.532922	0.002340	10.3
1116	-0.899080	621.033174	0.532092	0.002834	8.3
1117	-0.903045	622.033156	0.531264	0.002057	7.3
1118	-0.887979	623.033156	0.530439	0.002080	10.6
1119	-0.898454	624.032575	0.529617	0.002126	8.7
1120	-0.898805	625.032318	0.528798	0.002714	8.1
1121	-0.891919	626.032318	0.527981	0.002325	7.3
1122	-0.894950	627.032318	0.527166	0.002586	7.0
1123	-0.901852	628.032318	0.526354	0.002826	6.5
1124	-0.892697	629.032318	0.525544	0.002526	10.1
1125	-0.892391	630.032318	0.524737	0.002988	12.8
1126	-0.895031	630.016734	0.524749	0.002138	6.8
1127	-0.904526	631.016734	0.523944	0.001333	16.2
1128	-0.890604	631.047241	0.523920	0.002048	14.9
1129	-0.898016	631.044220	0.523922	0.002684	10.9
1130	-0.894364	632.044220	0.523120	0.002873	8.2
1131	-0.894700	633.044220	0.522320	0.002574	12.1
1132	-0.886077	634.044220	0.521523	0.002131	9.1
1133	-0.885599	635.044218	0.520728	0.001625	15.2
1134	-0.895603	636.020961	0.519954	0.002190	12.2
1135	-0.898545	636.005254	0.519966	0.002827	12.2
1136	-0.898799	637.005254	0.519176	0.002724	11.4
1137	-0.904410	638.005247	0.518388	0.002601	13.7
1138	-0.896652	639.005247	0.517603	0.003273	9.3
1139	-0.888360	639.898214	0.516903	0.002570	15.1
1140	-0.893859	640.898214	0.516122	0.002118	16.7
1141	-0.891032	641.898208	0.515344	0.002075	17.0
1142	-0.905245	642.721916	0.514704	0.002453	9.9
1143	-0.895613	643.721909	0.513930	0.002120	6.8
1144	-0.900257	644.721909	0.513158	0.002466	14.6
1145	-0.895874	644.706201	0.513170	0.001683	11.6
1146	-0.887247	644.691326	0.513181	0.003128	11.6
1147	-0.893773	644.675619	0.513194	0.002632	13.3
1148	-0.892130	645.675602	0.512424	0.002465	6.8
1149	-0.899536	645.659895	0.512436	0.002018	9.7
1150	-0.898519	646.659895	0.511668	0.002027	10.5
1151	-0.898103	646.644188	0.511680	0.002487	14.7
1152	-0.899889	647.644188	0.510915	0.002655	11.2
1153	-0.900267	648.394949	0.510342	0.003005	11.6
1154	-0.891532	649.394949	0.509581	0.001631	7.7
1155	-0.891436	650.390295	0.508825	0.002774	10.1
1156	-0.895200	651.390294	0.508069	0.002112	10.9
1157	-0.892539	652.390294	0.507314	0.002098	11.0
1158	-0.897795	653.390294	0.506562	0.002382	11.1
1159	-0.902951	654.354997	0.505838	0.002839	13.4
1160	-0.897850	655.354997	0.505090	0.002209	15.1
1161	-0.896111	656.311649	0.504377	0.002651	18.3
1162	-0.895363	656.295941	0.504389	0.002537	9.4
1163	-0.898823	657.295941	0.503645	0.002223	13.0
1164	-0.897668	658.295941	0.502904	0.002311	12.9
1165	-0.877124	659.295941	0.502165	0.002394	7.5
1166	-0.897231	660.295102	0.501428	0.001727	10.4
1167	-0.897332	661.283893	0.500701	0.002102	7.9
1168	-0.898530	662.164666	0.500056	0.002036	11.2
1169	-0.896839	663.164666	0.499325	0.002927	7.0
1170	-0.902914	664.164666	0.498596	0.002861	6.4
1171	-0.897458	665.164666	0.497870	0.002426	12.9
1172	-0.894292	665.148959	0.497881	0.001971	13.7
1173	-0.891530	666.148959	0.497156	0.001852	10.3
1174	-0.898386	666.133252	0.497168	0.002685	9.8
1175	-0.893214	667.133252	0.496445	0.001948	11.0
1176	-0.897765	668.124671	0.495731	0.004357	9.6
1177	-0.891459	669.124671	0.495013	0.002276	6.2
1178	-0.893818	670.124671	0.494296	0.001698	10.4
1179	-0.893574	671.124597	0.493582	0.002681	12.2
1180	-0.904194	672.107389	0.492882	0.003794	12.6
1181	-0.890524	673.107389	0.492172	0.003679	13.2
1182	-0.898089	674.107389	0.491464	0.002356	7.2
1183	-0.905122	675.107389	0.490758	0.001989	12.9
1184	-0.900665	675.290674	0.490629	0.002646	12.0
1185	-0.897930	675.358492	0.490581	0.002859	12.2
1186	-0.902832	676.358492	0.489878	0.002805	11.1
1187	-0.897063	676.343230	0.489889	0.002406	8.2
1188	-0.896907	677.343092	0.489187	0.003364	12.8
1189	-0.887360	677.987766	0.488736	0.001538	12.2
1190	-0.891186	678.987766	0.488038	0.002737	18.2
1191	-0.905628	678.972058	0.488049	0.001970	10.3
1192	-0.897111	679.972058	0.487352	0.002677	19.6
1193	-0.905506	680.163042	0.487220	0.002844	12.2
1194	-0.903247	681.163042	0.486526	0.002563	12.7
1195	-0.894500	682.163042	0.485834	0.002443	10.7
1196	-0.897317	682.187522	0.485817	0.002478	12.3
1197	-0.903236	683.187522	0.485127	0.002961	12.4
1198	-0.897384	684.167623	0.484453	0.003635	13.7
1199	-0.899190	685.167622	0.483767	0.002392	10.9
1200	-0.898287	686.167622	0.483083	0.002153	11.0
1201	-0.891311	687.167610	0.482401	0.003328	9.4
1202	-0.903143	687.152291	0.482411	0.003211	7.3
1203	-0.902528	688.152291	0.481731	0.002267	8.0
1204	-0.904590	689.152291	0.481052	0.001860	7.7
1205	-0.900093	690.152272	0.480376	0.002146	7.5
1206	-0.893989	691.152272	0.479701	0.002520	12.1
1207	-0.895385	691.412188	0.479526	0.001702	9.0
1208	-0.898696	691.397198	0.479537	0.002031	8.8
1209	-0.898849	692.397194	0.478864	0.001464	14.9
1210	-0.896853	693.316937	0.478248	0.003556	9.2
1211	-0.901432	694.316901	0.477579	0.002331	10.8
1212	-0.895623	695.316901	0.476912	0.002109	11.1
1213	-0.895883	696.316901	0.476248	0.003078	11.3
1214	-0.896156	696.470516	0.476146	0.001785	13.6
1215	-0.895754	697.470516	0.475483	0.002805	10.0
1216	-0.898768	697.454809	0.475493	0.002076	13.2
1217	-0.887180	698.454310	0.474833	0.002696	10.8
1218	-0.902243	699.454310	0.474174	0.003083	10.8
1219	-0.890197	700.454310	0.473516	0.002193	11.1
1220	-0.898117	701.454184	0.472861	0.002934	11.1
1221	-0.894981	701.464840	0.472854	0.003088	10.6
1222	-0.900506	701.449133	0.472864	0.001458	11.5
1223	-0.889665	702.449133	0.472211	0.002889	15.3
1224	-0.895804	702.433426	0.472221	0.002513	10.8
1225	-0.898753	703.433425	0.471569	0.003177	15.3
1226	-0.896711	703.417718	0.471579	0.002089	11.2
1227	-0.896171	704.417714	0.470929	0.002751	11.2
1228	-0.901984	704.402006	0.470940	0.003354	10.4
1229	-0.891403	705.402006	0.470291	0.002227	18.1
1230	-0.899106	706.402006	0.469645	0.002900	15.4
1231	-0.896879	707.402006	0.469000	0.002584	12.6
1232	-0.898643	707.402104	0.469000	0.001901	14.4
1233	-0.890939	708.401992	0.468357	0.001891	11.4
1234	-0.889645	709.401858	0.467716	0.002539	11.0
1235	-0.898402	710.069716	0.467289	0.002408	9.4
1236	-0.892240	711.062549	0.466655	0.002302	11.0
1237	-0.897209	711.046841	0.466665	0.001712	13.1
1238	-0.898197	712.046583	0.466028	0.002007	11.5
1239	-0.893579	713.046477	0.465394	0.002524	11.6
1240	-0.894580	714.046477	0.464760	0.002355	13.7
1241	-0.891419	715.046058	0.464129	0.002384	11.3
1242	-0.894875	715.032050	0.464138	0.002653	9.2
1243	-0.896464	716.032050	0.463508	0.002065	9.3
1244	-0.899118	717.032050	0.462880	0.001961	11.5
1245	-0.893326	717.871433	0.462354	0.002257	8.4
1246	-0.901483	718.871433	0.461730	0.001739	10.7
1247	-0.902382	719.870963	0.461107	0.002270	13.0
1248	-0.895212	719.855256	0.461116	0.002332	12.8
1249	-0.897037	720.855256	0.460495	0.003201	9.3
1250	-0.897990	720.839977	0.460504	0.001963	8.8
1251	-0.899189	721.839977	0.459884	0.003320	10.5
1252	-0.897024	722.839977	0.459266	0.002538	13.0
1253	-0.882927	723.839977	0.458649	0.002403	8.3
1254	-0.897186	724.839763	0.458035	0.002778	12.0
1255	-0.892063	725.839763	0.457421	0.002466	9.6
1256	-0.904919	726.839763	0.456810	0.002325	6.6
1257	-0.896168	727.719655	0.456273	0.002255	7.0
1258	-0.899193	728.718418	0.455665	0.003460	7.0
1259	-0.898942	729.718418	0.455058	0.002595	9.3
1260	-0.904713	730.718418	0.454453	0.002869	14.4
1261	-0.900225	730.702735	0.454462	0.003323	9.3
1262	-0.896471	731.702735	0.453858	0.003230	8.5
1263	-0.886161	732.702735	0.453256	0.002895	6.4
1264	-0.893509	733.702735	0.452656	0.002256	8.3
1265	-0.885976	733.687027	0.452665	0.001980	7.9
1266	-0.890198	734.679210	0.452071	0.002668	6.6
1267	-0.900322	735.679209	0.451473	0.003278	7.9
1268	-0.900887	736.237810	0.451140	0.002700	12.8
1269	-0.900189	736.222103	0.451150	0.002386	9.6
1270	-0.896191	737.222103	0.450555	0.002574	9.7
1271	-0.891356	738.222103	0.449961	0.002067	9.6
1272	-0.894249	739.222102	0.449369	0.001802	8.2
1273	-0.891197	739.427161	0.449248	0.002322	9.8
1274	-0.904374	740.427009	0.448658	0.002332	12.5
1275	-0.905843	741.427009	0.448070	0.002189	9.3
1276	-0.907094	742.425437	0.447484	0.002395	11.6
1277	-0.884159	743.425437	0.446898	0.002490	12.6
1278	-0.899484	744.425429	0.446315	0.002911	20.5
1279	-0.895258	744.409722	0.446324	0.002900	13.9
1280	-0.891804	744.516576	0.446261	0.002744	16.3
1281	-0.899847	744.500868	0.446271	0.001444	9.1
1282	-0.892161	745.500868	0.445688	0.002490	10.7
1283	-0.897133	745.485161	0.445697	0.002352	6.8
1284	-0.899378	746.485161	0.445117	0.002303	7.9
1285	-0.893787	747.485160	0.444538	0.001567	8.5
1286	-0.890923	748.484848	0.443960	0.002024	9.5
1287	-0.898081	749.484039	0.443384	0.002789	5.5
1288	-0.892167	750.484039	0.442810	0.002798	7.9
1289	-0.891741	751.484039	0.442236	0.002988	6.9
1290	-0.895720	752.484039	0.441665	0.002484	13.0
1291	-0.893265	753.484039	0.441094	0.002419	11.3
1292	-0.901208	754.484011	0.440525	0.001774	10.3
1293	-0.890886	755.484011	0.439958	0.002117	8.4
1294	-0.896617	755.468304	0.439967	0.002324	7.3
1295	-0.898836	756.468303	0.439401	0.002437	7.7
1296	-0.901730	756.757198	0.439238	0.003436	8.8
1297	-0.898093	757.757198	0.438674	0.002538	8.6
1298	-0.893690	758.735738	0.438123	0.002186	7.3
1299	-0.902474	758.720030	0.438132	0.002403	10.3
1300	-0.897249	759.720030	0.437571	0.003350	11.7
1301	-0.897519	760.720030	0.437011	0.002685	11.5
1302	-0.894675	761.423564	0.436618	0.002506	11.8
1303	-0.900038	762.423564	0.436061	0.001797	14.2
1304	-0.894480	763.423564	0.435505	0.002428	10.5
1305	-0.901258	764.365503	0.434983	0.002013	9.4
1306	-0.899795	765.365503	0.434430	0.002411	9.5
1307	-0.904976	766.365499	0.433878	0.002719	11.5
1308	-0.896505	767.365392	0.433328	0.003013	12.7
1309	-0.897198	767.349723	0.433336	0.002185	11.4
1310	-0.898035	768.349723	0.432787	0.002062	10.5
1311	-0.896502	769.349723	0.432240	0.002927	12.9
1312	-0.899121	770.349723	0.431693	0.002268	10.8
1313	-0.897015	771.349723	0.431149	0.002235	9.8
1314	-0.882159	771.334016	0.431157	0.002594	14.3
1315	-0.891890	772.334016	0.430614	0.002987	10.6
1316	-0.898093	773.334016	0.430072	0.002243	9.1
1317	-0.899810	774.334016	0.429531	0.002190	6.6
1318	-0.893203	775.324409	0.428997	0.002268	10.5
1319	-0.890580	776.324409	0.428459	0.002176	8.3
1320	-0.902660	777.321320	0.427924	0.002168	12.9
1321	-0.895797	777.305613	0.427932	0.001658	10.8
1322	-0.889449	778.304847	0.427397	0.002592	12.8
1323	-0.890134	779.304836	0.426863	0.002662	11.8
1324	-0.899225	780.238895	0.426365	0.002267	11.5
1325	-0.900545	780.223187	0.426374	0.002487	13.4
1326	-0.892708	781.222137	0.425843	0.002944	15.7
1327	-0.897439	782.222137	0.425313	0.002559	14.4
1328	-0.899818	783.222063	0.424784	0.002055	11.1
1329	-0.898045	784.222063	0.424256	0.002119	6.9
1330	-0.891807	785.222056	0.423730	0.002261	6.5
1331	-0.901931	786.222056	0.423205	0.002828	8.5
1332	-0.901413	787.222056	0.422681	0.001911	10.0
1333	-0.895502	788.221878	0.422159	0.002446	9.3
1334	-0.901318	788.206171	0.422167	0.002512	12.1
1335	-0.898979	789.206169	0.421646	0.003036	6.9
1336	-0.895727	789.190462	0.421655	0.002301	10.2
1337	-0.893782	790.190341	0.421135	0.002563	9.5
1338	-0.894810	791.190341	0.420616	0.002562	9.9
1339	-0.900950	792.190340	0.420099	0.002271	14.7
1340	-0.899361	793.190340	0.419583	0.002630	11.6
1341	-0.893675	794.190340	0.419068	0.002246	9.9
1342	-0.891288	795.190340	0.418555	0.002542	10.9
1343	-0.894569	796.190340	0.418043	0.002324	9.8
1344	-0.891687	797.063477	0.417597	0.002604	14.5
1345	-0.889936	798.063477	0.417087	0.002395	10.8
1346	-0.891237	799.063477	0.416578	0.001608	9.8
1347	-0.896349	799.047769	0.416586	0.001497	14.9
1348	-0.890955	800.032095	0.416087	0.002557	7.2
1349	-0.901461	801.032093	0.415580	0.002342	12.4
1350	-0.887697	802.032093	0.415076	0.002220	7.3
1351	-0.901624	803.032088	0.414572	0.002904	9.6
1352	-0.890466	804.032088	0.414069	0.002095	11.5
1353	-0.898750	805.032088	0.413568	0.002509	11.4
1354	-0.894166	805.016380	0.413576	0.002887	7.4
1355	-0.893129	806.016380	0.413076	0.002246	10.7
1356	-0.890855	807.016380	0.412577	0.003296	6.6
1357	-0.897164	808.016380	0.412079	0.003076	10.1
1358	-0.897931	809.016380	0.411583	0.002110	8.9
1359	-0.887362	810.016380	0.411088	0.002120	10.0
1360	-0.895385	811.016356	0.410593	0.002422	10.7
1361	-0.889159	812.016356	0.410101	0.001976	13.7
1362	-0.904518	812.000650	0.410108	0.003030	7.0
1363	-0.892267	811.984958	0.410116	0.003271	9.3
1364	-0.894640	812.984958	0.409624	0.002395	9.7
1365	-0.900797	813.984958	0.409134	0.003082	10.7
1366	-0.899159	814.984957	0.408644	0.003227	14.1
1367	-0.883919	815.984957	0.408156	0.001768	13.4
1368	-0.896290	815.979031	0.408159	0.002258	17.0
1369	-0.898778	815.963323	0.408167	0.003183	13.0
1370	-0.903587	816.963323	0.407680	0.002732	15.0
1371	-0.892134	817.963323	0.407194	0.002345	10.0
1372	-0.898998	818.963319	0.406709	0.001927	7.5
1373	-0.906808	819.963319	0.406225	0.001928	7.9
1374	-0.890861	820.801359	0.405821	0.001558	8.6
1375	-0.896988	821.801359	0.405339	0.002817	10.6
1376	-0.898288	822.801356	0.404859	0.003186	10.6
1377	-0.895543	823.801356	0.404380	0.002466	11.0
1378	-0.896049	824.801356	0.403902	0.002188	10.7
1379	-0.892586	825.782929	0.403433	0.001987	11.2
1380	-0.900539	826.782922	0.402957	0.001924	10.6
1381	-0.890156	827.782918	0.402483	0.002462	11.1
1382	-0.895207	828.782918	0.402009	0.002290	10.4
1383	-0.894192	829.782918	0.401537	0.003069	15.8
1384	-0.898583	830.782913	0.401065	0.002676	10.0
1385	-0.891257	831.782913	0.400595	0.002156	7.3
1386	-0.905379	832.782913	0.400126	0.003224	8.9
1387	-0.885605	833.782913	0.399658	0.002006	10.7
1388	-0.896146	834.782903	0.399191	0.002659	11.3
1389	-0.899008	835.782903	0.398725	0.001957	11.0
1390	-0.892599	836.782903	0.398260	0.002819	7.4
1391	-0.896814	836.767196	0.398267	0.003136	12.0
1392	-0.890947	837.767196	0.397803	0.002433	8.1
1393	-0.899581	838.767190	0.397341	0.002569	11.6
1394	-0.899642	839.765111	0.396880	0.002145	12.2
1395	-0.886991	840.765111	0.396419	0.002550	10.2
1396	-0.884680	841.765111	0.395960	0.002927	6.4
1397	-0.891936	842.199973	0.395761	0.001501	10.8
1398	-0.895171	842.184516	0.395768	0.002573	9.8
1399	-0.893007	843.183997	0.395310	0.001471	11.6
1400	-0.898153	844.183997	0.394853	0.002182	13.6
1401	-0.897664	844.168289	0.394860	0.002241	10.9
1402	-0.907246	845.167881	0.394404	0.002009	16.4
1403	-0.890250	846.167871	0.393950	0.002574	11.3
1404	-0.900025	847.167871	0.393496	0.002576	7.2
1405	-0.891288	848.167871	0.393043	0.002390	9.7
1406	-0.886373	849.167695	0.392592	0.001488	9.2
1407	-0.898489	850.165470	0.392142	0.002962	10.9
1408	-0.894486	850.149762	0.392149	0.002160	9.6
1409	-0.892055	851.149762	0.391699	0.002326	7.8
1410	-0.895196	851.134055	0.391706	0.001674	7.2
1411	-0.892136	852.132964	0.391258	0.002224	10.0
1412	-0.901350	852.117264	0.391265	0.002252	14.2
1413	-0.894388	853.117264	0.390818	0.002009	8.3
1414	-0.889590	854.083504	0.390386	0.002372	10.7
1415	-0.896935	854.077526	0.390389	0.001881	10.3
1416	-0.894862	855.077526	0.389943	0.002557	9.9
1417	-0.890320	856.077526	0.389499	0.002212	10.6
1418	-0.898166	857.077524	0.389055	0.001631	9.0
1419	-0.892693	857.061816	0.389062	0.002545	8.1
1420	-0.893163	857.594034	0.388826	0.002853	11.4
1421	-0.895196	858.594033	0.388384	0.002317	10.7
1422	-0.900169	859.233432	0.388102	0.002345	12.2
1423	-0.899681	859.464569	0.388000	0.002577	7.0
1424	-0.896311	860.464569	0.387560	0.002066	7.2
1425	-0.897400	860.547986	0.387523	0.002536	7.4
1426	-0.896509	861.547986	0.387084	0.001965	11.2
1427	-0.898151	862.547984	0.386646	0.002156	9.4
1428	-0.892860	862.532277	0.386653	0.002948	12.2
1429	-0.891778	862.516595	0.386660	0.003085	10.0
1430	-0.892958	863.516288	0.386223	0.001890	6.7
1431	-0.896680	864.516288	0.385787	0.002568	8.5
1432	-0.890383	864.500582	0.385794	0.002832	8.5
1433	-0.888270	865.448681	0.385381	0.002404	6.3
1434	-0.896419	866.446215	0.384948	0.002458	11.1
1435	-0.898600	867.438424	0.384518	0.001861	8.9
1436	-0.895172	868.438188	0.384086	0.003251	8.5
1437	-0.893291	869.438188	0.383654	0.002287	10.5
1438	-0.903404	870.438188	0.383224	0.002039	8.1
1439	-0.895110	870.422503	0.383231	0.002365	10.1
1440	-0.896047	871.422474	0.382801	0.002226	7.7
1441	-0.900073	872.422472	0.382373	0.003787	8.8
1442	-0.891891	872.473981	0.382351	0.002801	10.2
1443	-0.900383	873.473981	0.381923	0.002572	10.3
1444	-0.892003	874.473981	0.381497	0.002366	7.9
1445	-0.897172	875.473929	0.381071	0.001826	13.8
1446	-0.893168	876.473929	0.380647	0.002362	8.6
1447	-0.899971	877.473929	0.380223	0.002116	8.1
1448	-0.891610	878.473915	0.379800	0.002334	7.9
1449	-0.897948	878.458208	0.379807	0.002429	9.5
1450	-0.889304	879.458198	0.379385	0.002152	7.1
1451	-0.898445	880.407689	0.378986	0.001935	10.5
1452	-0.894742	881.407689	0.378566	0.002286	8.3
1453	-0.903408	882.407689	0.378147	0.002615	16.4
1454	-0.890454	883.407689	0.377728	0.003101	15.3
1455	-0.888164	883.391982	0.377735	0.001938	13.0
1456	-0.890263	884.391982	0.377318	0.002336	11.1
1457	-0.905847	884.376274	0.377324	0.002382	9.0
1458	-0.890268	885.375574	0.376908	0.002414	11.4
1459	-0.894684	886.375573	0.376493	0.002397	10.5
1460	-0.895668	887.375573	0.376078	0.002056	10.0
1461	-0.894924	888.375573	0.375665	0.002544	9.6
1462	-0.896990	889.375572	0.375252	0.002390	9.5
1463	-0.894497	890.375572	0.374840	0.001923	8.1
1464	-0.894391	891.375572	0.374430	0.001834	8.1
1465	-0.896659	892.307412	0.374048	0.002365	9.1
1466	-0.899088	893.307412	0.373639	0.002345	9.2
1467	-0.895238	894.307412	0.373230	0.003053	6.4
1468	-0.892316	894.291746	0.373237	0.002226	8.5
1469	-0.890851	895.291719	0.372829	0.001653	8.4
1470	-0.901222	896.111150	0.372496	0.004217	8.5
1471	-0.901338	897.111146	0.372091	0.002042	8.8
1472	-0.901583	898.111146	0.371686	0.003082	8.2
1473	-0.896352	898.095439	0.371692	0.003349	10.5
1474	-0.895664	899.095439	0.371288	0.001915	10.2
1475	-0.902374	900.095438	0.370885	0.001874	14.2
1476	-0.905415	900.079747	0.370891	0.003134	9.2
1477	-0.892782	900.580952	0.370690	0.001756	14.8
1478	-0.892116	901.580952	0.370288	0.001647	8.3
1479	-0.896195	901.565292	0.370294	0.002561	13.2
1480	-0.895733	902.565186	0.369893	0.002189	10.6
1481	-0.889178	903.565186	0.369493	0.001995	11.3
1482	-0.896978	904.565186	0.369094	0.003140	11.8
1483	-0.893696	905.565186	0.368696	0.003018	12.0
1484	-0.887886	906.565186	0.368298	0.003128	11.5
1485	-0.893436	907.565186	0.367901	0.002139	11.7
1486	-0.891670	908.565186	0.367506	0.003005	11.2
1487	-0.880005	909.565186	0.367111	0.002631	12.7
1488	-0.896443	910.564741	0.366717	0.001883	11.4
1489	-0.895842	911.564741	0.366324	0.002628	11.4
1490	-0.887816	912.564741	0.365931	0.002351	12.1
1491	-0.896560	913.564741	0.365540	0.002295	10.8
1492	-0.884464	914.564741	0.365149	0.003354	7.7
1493	-0.894356	915.564741	0.364759	0.002087	13.4
1494	-0.893680	916.564706	0.364370	0.002496	9.4
1495	-0.886862	917.564706	0.363982	0.002769	11.0
1496	-0.898222	918.564706	0.363594	0.002271	9.5
1497	-0.897030	919.564706	0.363208	0.002913	9.1
1498	-0.894477	919.548999	0.363214	0.002534	11.8
1499	-0.894733	920.548999	0.362828	0.002557	10.7
1500	-0.890025	920.533291	0.362834	0.002020	12.4
1501	-0.899084	921.533291	0.362449	0.001901	11.2
1502	-0.902293	921.517584	0.362455	0.001893	11.4
1503	-0.898980	922.517190	0.362071	0.002223	9.8
1504	-0.888225	923.504995	0.361693	0.001912	8.8
1505	-0.895855	923.910986	0.361537	0.002650	10.8
1506	-0.895960	923.977537	0.361512	0.001921	10.8
1507	-0.892630	924.977537	0.361130	0.001937	12.5
1508	-0.897258	924.968043	0.361133	0.002844	9.7
1509	-0.893108	925.968016	0.360752	0.002247	11.4
1510	-0.901699	926.833047	0.360423	0.002169	8.3
1511	-0.900121	927.833046	0.360043	0.002099	10.5
1512	-0.894398	928.830707	0.359665	0.002052	8.2
1513	-0.892832	929.830707	0.359286	0.002850	10.5
1514	-0.894170	930.830707	0.358909	0.002560	13.6
1515	-0.893159	931.830707	0.358532	0.002216	12.3
1516	-0.889630	931.815000	0.358538	0.002443	12.3
1517	-0.900697	932.814999	0.358162	0.001858	10.5
1518	-0.897653	932.799291	0.358168	0.002616	12.4
1519	-0.898692	933.799291	0.357793	0.003428	10.1
1520	-0.899073	933.813924	0.357787	0.002096	8.8
1521	-0.892722	934.809725	0.357415	0.001840	8.2
1522	-0.898700	935.797607	0.357046	0.002682	8.2
1523	-0.890919	936.797595	0.356673	0.002063	7.0
1524	-0.901822	937.749111	0.356319	0.003459	9.5
1525	-0.900133	938.749111	0.355948	0.002459	15.0
1526	-0.891629	938.733405	0.355954	0.002895	8.4
1527	-0.886872	939.733405	0.355583	0.003390	8.4
1528	-0.896757	940.733405	0.355213	0.002610	8.1
1529	-0.893232	941.733405	0.354844	0.002762	8.1
1530	-0.897547	942.733405	0.354476	0.002528	10.4
1531	-0.885221	943.236333	0.354291	0.003083	15.0
1532	-0.901483	944.236333	0.353924	0.003326	10.9
1533	-0.895935	945.236333	0.353558	0.002103	13.2
1534	-0.884462	946.236332	0.353192	0.002481	13.4
1535	-0.891535	947.236331	0.352828	0.002059	8.4
1536	-0.899448	947.968657	0.352561	0.002026	11.1
1537	-0.903742	948.968657	0.352197	0.002622	10.6
1538	-0.892168	949.968557	0.351835	0.002773	12.3
1539	-0.894835	950.962012	0.351475	0.002840	14.6
1540	-0.900532	951.962012	0.351114	0.001999	11.9
1541	-0.903660	952.962012	0.350753	0.002158	11.7
1542	-0.898030	953.936944	0.350403	0.001652	13.4
1543	-0.893777	954.936855	0.350044	0.001839	17.8
1544	-0.897718	955.931044	0.349687	0.002619	10.2
1545	-0.891871	955.915336	0.349693	0.002766	10.7
1546	-0.893379	956.915336	0.349335	0.002967	11.8
1547	-0.897509	957.915336	0.348979	0.002513	15.1
1548	-0.897914	958.915336	0.348622	0.002670	12.8
1549	-0.893908	958.899629	0.348628	0.002391	10.6
1550	-0.903965	959.899629	0.348273	0.001976	10.3
1551	-0.888147	960.899629	0.347918	0.002209	8.8
1552	-0.891440	961.899408	0.347564	0.002409	9.2
1553	-0.888616	961.888857	0.347568	0.002862	11.7
1554	-0.899446	962.888857	0.347214	0.002387	12.0
1555	-0.901895	963.284027	0.347075	0.002009	8.9
1556	-0.889538	964.283988	0.346723	0.002849	8.7
1557	-0.891503	965.283982	0.346371	0.002536	10.0
1558	-0.894103	966.283928	0.346020	0.001952	11.1
1559	-0.895172	967.283928	0.345670	0.003257	7.0
1560	-0.896675	968.283928	0.345321	0.002338	10.2
1561	-0.896160	969.283928	0.344972	0.002268	10.1
1562	-0.899232	969.268220	0.344978	0.002538	11.0
1563	-0.892440	969.254455	0.344983	0.002202	12.8
1564	-0.902694	969.238748	0.344988	0.001735	10.9
1565	-0.897319	970.016431	0.344717	0.002316	9.4
1566	-0.900767	970.000724	0.344723	0.002815	8.3
1567	-0.902193	971.000724	0.344375	0.003267	8.3
1568	-0.900327	970.985016	0.344381	0.001870	8.0
1569	-0.900594	971.985016	0.344034	0.002345	10.5
1570	-0.900687	971.969312	0.344039	0.002455	10.4
1571	-0.890764	972.969312	0.343693	0.002089	9.5
1572	-0.891499	973.969312	0.343348	0.001980	9.7
1573	-0.895767	974.969312	0.343003	0.003033	14.4
1574	-0.893924	974.953605	0.343008	0.002082	9.6
1575	-0.894732	975.953486	0.342664	0.002476	10.4
1576	-0.900435	975.937779	0.342670	0.002292	10.0
1577	-0.889268	975.922071	0.342675	0.002597	9.7
1578	-0.901134	976.918957	0.342333	0.002452	10.7
1579	-0.892607	977.918386	0.341990	0.003122	9.0
1580	-0.897440	978.918386	0.341648	0.002462	12.6
1581	-0.903670	979.918386	0.341307	0.002920	11.0
1582	-0.899089	980.918386	0.340966	0.003104	8.2
1583	-0.897454	981.918386	0.340626	0.002293	10.2
1584	-0.895863	982.918386	0.340287	0.003419	10.5
1585	-0.885447	983.918386	0.339948	0.002730	11.3
1586	-0.901219	983.902693	0.339954	0.003365	11.5
1587	-0.898679	983.966169	0.339932	0.002408	13.3
1588	-0.884344	984.966169	0.339594	0.002696	12.1
1589	-0.892195	985.720424	0.339340	0.002349	10.8
1590	-0.897988	986.720424	0.339003	0.002135	10.7
1591	-0.895384	986.704717	0.339009	0.002956	11.0
1592	-0.898954	986.689009	0.339014	0.002135	9.0
1593	-0.896365	986.684424	0.339015	0.002204	8.9
1594	-0.890826	987.684424	0.338679	0.003153	10.4
1595	-0.899660	988.684407	0.338344	0.002054	8.7
1596	-0.896215	988.668700	0.338349	0.002910	11.1
1597	-0.894786	989.668700	0.338014	0.003012	12.2
1598	-0.899982	989.652993	0.338020	0.002591	9.2
1599	-0.902162	990.652993	0.337685	0.002449	13.5
1600	-0.893609	991.652990	0.337352	0.002407	9.6
1601	-0.896199	992.652990	0.337019	0.002299	8.2
1602	-0.895289	992.637283	0.337024	0.002863	7.5
1603	-0.895602	993.637283	0.336692	0.002402	9.0
1604	-0.895654	993.622044	0.336697	0.002561	6.9
1605	-0.894841	994.622044	0.336366	0.002873	12.4
1606	-0.897840	994.606337	0.336371	0.002698	7.3
1607	-0.898757	994.590647	0.336376	0.001446	6.9
1608	-0.900672	994.578459	0.336380	0.002413	10.8
1609	-0.906882	994.562752	0.336385	0.001551	12.4
1610	-0.900968	995.562741	0.336054	0.002205	10.0
1611	-0.895648	995.547034	0.336060	0.002574	12.0
1612	-0.891786	995.531341	0.336065	0.001721	7.3
1613	-0.893891	996.520292	0.335738	0.001242	11.9
1614	-0.890953	996.504585	0.335743	0.002663	8.6
1615	-0.898400	997.504452	0.335414	0.002443	5.9
1616	-0.894599	998.504452	0.335085	0.001766	7.9
1617	-0.892941	999.500567	0.334758	0.001934	11.4
1618	-0.895012	1000.500567	0.334430	0.002821	7.8
1619	-0.893688	1001.500561	0.334103	0.002886	12.5
1620	-0.890857	1002.500561	0.333777	0.002782	7.9
1621	-0.896766	1002.597996	0.333745	0.002357	10.1
1622	-0.900667	1003.597938	0.333419	0.002747	9.6
1623	-0.890273	1004.597938	0.333094	0.002056	8.5
1624	-0.891107	1005.597938	0.332769	0.003475	10.5
1625	-0.897955	1006.597936	0.332446	0.002001	11.0
1626	-0.893918	1007.597936	0.332122	0.003027	11.2
1627	-0.904036	1007.582229	0.332128	0.003321	7.7
1628	-0.905595	1008.582229	0.331805	0.002206	9.5
1629	-0.892590	1009.582224	0.331483	0.002205	9.2
1630	-0.890710	1010.582224	0.331162	0.001804	10.1
1631	-0.901038	1010.566517	0.331167	0.003125	22.8
1632	-0.895632	1011.566517	0.330846	0.002174	12.7
1633	-0.896061	1012.566516	0.330526	0.002193	10.2
1634	-0.880362	1012.551047	0.330531	0.002242	9.5
1635	-0.893746	1013.511294	0.330224	0.003585	12.9
1636	-0.892737	1013.519982	0.330221	0.001651	10.8
1637	-0.892619	1014.519878	0.329902	0.002589	10.8
1638	-0.895991	1014.504170	0.329907	0.002930	12.8
1639	-0.901315	1015.504161	0.329589	0.002193	10.1
1640	-0.894400	1016.499907	0.329273	0.003081	10.1
1641	-0.895029	1017.499907	0.328956	0.003108	11.1
1642	-0.893010	1018.499907	0.328639	0.003028	12.9
1643	-0.893140	1019.496078	0.328325	0.002097	9.6
1644	-0.897630	1020.442564	0.328026	0.002183	15.7
1645	-0.898674	1021.442564	0.327712	0.002542	12.4
1646	-0.904059	1022.442564	0.327397	0.003482	9.9
1647	-0.888269	1023.442564	0.327084	0.001899	12.6
1648	-0.904312	1023.426860	0.327089	0.001966	11.5
1649	-0.901435	1023.411153	0.327094	0.001654	13.2
1650	-0.889421	1024.411132	0.326781	0.002248	7.8
1651	-0.900729	1025.411132	0.326469	0.003007	11.7
1652	-0.891592	1026.411132	0.326157	0.001767	13.0
1653	-0.902636	1027.411132	0.325846	0.002124	9.9
1654	-0.901699	1028.411132	0.325535	0.003282	9.9
1655	-0.897633	1029.411132	0.325225	0.001904	11.3
1656	-0.898785	1030.411132	0.324916	0.003950	11.8
1657	-0.892977	1031.411132	0.324607	0.001961	8.6
1658	-0.893524	1032.411132	0.324299	0.002324	13.5
1659	-0.895012	1032.395425	0.324304	0.002584	9.7
1660	-0.895630	1032.379718	0.324309	0.002449	11.5
1661	-0.892936	1033.379717	0.324001	0.003253	13.6
1662	-0.898882	1034.379717	0.323694	0.003106	10.5
1663	-0.892170	1035.379717	0.323388	0.002089	11.8
1664	-0.898233	1036.379717	0.323082	0.002238	12.9
1665	-0.895467	1037.379717	0.322777	0.002989	12.3
1666	-0.900123	1038.379717	0.322472	0.002708	9.2
1667	-0.901603	1039.352946	0.322176	0.002174	8.9
1668	-0.899451	1040.352946	0.321873	0.003195	9.9
1669	-0.898238	1041.352946	0.321570	0.001947	7.7
1670	-0.892517	1041.363026	0.321567	0.003308	6.9
1671	-0.894999	1042.363026	0.321264	0.001609	6.2
1672	-0.890814	1043.362881	0.320962	0.002898	10.3
1673	-0.895454	1043.347174	0.320967	0.002114	9.9
1674	-0.892147	1044.347168	0.320666	0.002160	12.7
1675	-0.903052	1044.331466	0.320671	0.002556	16.5
1676	-0.900898	1045.331463	0.320370	0.003051	10.4
1677	-0.899424	1045.911326	0.320196	0.002986	8.3
1678	-0.891149	1045.895619	0.320200	0.003461	9.9
1679	-0.898666	1045.898181	0.320200	0.001831	9.4
1680	-0.895040	1046.890631	0.319902	0.003173	8.3
1681	-0.891675	1046.874924	0.319907	0.001469	7.3
1682	-0.891248	1047.874923	0.319608	0.002662	13.3
1683	-0.892691	1047.864673	0.319611	0.002352	14.8
1684	-0.886257	1048.864673	0.319312	0.002882	11.7
1685	-0.902610	1049.864673	0.319014	0.003228	10.6
1686	-0.899219	1049.848965	0.319018	0.002054	10.8
1687	-0.894786	1049.833480	0.319023	0.002066	8.4
1688	-0.892960	1050.829693	0.318726	0.001825	10.8
1689	-0.890512	1051.829693	0.318429	0.002341	13.4
1690	-0.896188	1051.813986	0.318434	0.001382	11.5
1691	-0.894310	1051.873469	0.318416	0.002996	13.0
1692	-0.897461	1051.995511	0.318380	0.001846	10.4
1693	-0.895028	1051.981232	0.318384	0.002531	9.7
1694	-0.901186	1052.920419	0.318106	0.002322	10.4
1695	-0.891665	1053.920419	0.317810	0.002215	11.7
1696	-0.887895	1054.920419	0.317515	0.002478	13.6
1697	-0.889957	1055.920419	0.317220	0.002430	9.0
1698	-0.898054	1055.904730	0.317224	0.001730	13.4
1699	-0.888730	1056.904717	0.316930	0.002053	10.0
1700	-0.889157	1057.904617	0.316636	0.003122	10.7
1701	-0.907638	1058.564877	0.316443	0.002349	11.3
1702	-0.902910	1059.564877	0.316150	0.002465	7.3
1703	-0.896253	1059.798234	0.316082	0.002775	7.8
1704	-0.891954	1060.798234	0.315789	0.002759	12.1
1705	-0.893142	1061.798234	0.315498	0.002739	7.8
1706	-0.903811	1062.798234	0.315207	0.002208	10.9
1707	-0.897097	1063.798208	0.314916	0.002337	10.1
1708	-0.893741	1064.798208	0.314626	0.002933	10.9
1709	-0.892199	1065.798199	0.314337	0.002980	10.5
1710	-0.891759	1065.782492	0.314341	0.003119	6.9
1711	-0.892735	1066.782492	0.314052	0.002982	13.2
1712	-0.894263	1066.766784	0.314057	0.002132	11.7
1713	-0.900236	1067.766784	0.313768	0.002339	11.5
1714	-0.896465	1068.766784	0.313480	0.002894	11.0
1715	-0.898169	1069.766784	0.313193	0.002325	16.9
1716	-0.892589	1070.766784	0.312906	0.002946	12.1
1717	-0.904662	1071.757108	0.312623	0.003110	11.9
1718	-0.889668	1072.139998	0.312513	0.002027	16.0
1719	-0.898644	1073.044230	0.312255	0.001937	8.2
1720	-0.894761	1074.044230	0.311970	0.002787	8.8
1721	-0.901602	1075.044230	0.311685	0.003204	11.4
1722	-0.891359	1076.044230	0.311401	0.002442	13.5
1723	-0.895374	1076.028550	0.311405	0.003479	13.4
1724	-0.894235	1077.028550	0.311122	0.002683	11.1
1725	-0.884195	1078.028550	0.310839	0.002417	12.9
1726	-0.887679	1079.028550	0.310556	0.002874	10.0
1727	-0.897517	1079.012843	0.310560	0.002681	8.5
1728	-0.898500	1080.012843	0.310278	0.002846	7.8
1729	-0.897315	1079.997136	0.310283	0.002402	9.6
1730	-0.884217	1080.955346	0.310013	0.002106	7.9
1731	-0.901083	1081.955343	0.309732	0.002550	9.3
1732	-0.895065	1081.949006	0.309734	0.002437	7.5
1733	-0.908578	1082.948307	0.309453	0.002364	8.6
1734	-0.901359	1083.948307	0.309173	0.002928	9.8
1735	-0.893309	1084.948307	0.308894	0.001697	9.8
1736	-0.905677	1085.948304	0.308615	0.002030	11.3
1737	-0.895333	1086.296440	0.308518	0.004015	12.7
1738	-0.900928	1087.296440	0.308239	0.002285	12.1
1739	-0.904133	1088.296440	0.307961	0.003139	9.6
1740	-0.895668	1088.280733	0.307966	0.002308	12.6
1741	-0.889793	1088.268502	0.307969	0.003130	10.4
1742	-0.896245	1088.252795	0.307974	0.001737	11.1
1743	-0.894969	1089.252408	0.307696	0.003042	10.9
1744	-0.890951	1090.252408	0.307419	0.002139	11.4
1745	-0.891424	1091.252408	0.307143	0.001565	10.9
1746	-0.893020	1092.135631	0.306899	0.001595	12.3
1747	-0.892900	1093.099541	0.306634	0.002258	10.7
1748	-0.901802	1094.099508	0.306359	0.002690	12.2
1749	-0.895344	1095.099422	0.306084	0.003148	8.6
1750	-0.892826	1096.099422	0.305810	0.002315	9.3
1751	-0.896437	1097.099422	0.305537	0.001972	10.2
1752	-0.896228	1097.083715	0.305541	0.002098	10.2
1753	-0.895555	1098.083714	0.305268	0.004140	12.7
1754	-0.885626	1099.083714	0.304995	0.002577	17.4
1755	-0.900125	1100.083714	0.304723	0.002335	8.8
1756	-0.895128	1101.083336	0.304452	0.002621	7.2
1757	-0.898321	1101.067629	0.304456	0.002226	9.5
1758	-0.901973	1102.067628	0.304185	0.002415	11.5
1759	-0.898970	1103.067628	0.303915	0.002335	9.4
1760	-0.902537	1104.067628	0.303644	0.002784	9.0
1761	-0.902944	1105.067628	0.303375	0.001878	11.0
1762	-0.889752	1105.051920	0.303379	0.002828	8.4
1763	-0.898778	1106.048456	0.303111	0.002034	7.2
1764	-0.891751	1107.048456	0.302842	0.001500	6.4
1765	-0.897645	1107.032749	0.302846	0.002678	9.6
1766	-0.892236	1107.040128	0.302844	0.002946	9.2
1767	-0.895559	1107.024423	0.302848	0.003096	10.6
1768	-0.889626	1107.011378	0.302852	0.002419	11.9
1769	-0.893196	1106.995671	0.302856	0.002233	8.4
1770	-0.891988	1106.979964	0.302860	0.002300	11.5
1771	-0.893299	1107.979021	0.302592	0.002005	12.7
1772	-0.891807	1108.978239	0.302325	0.002234	9.1
1773	-0.891591	1109.054494	0.302304	0.002592	8.2
1774	-0.897391	1110.054494	0.302037	0.002524	11.2
1775	-0.892173	1111.054493	0.301770	0.002430	13.7
1776	-0.893889	1112.054493	0.301504	0.002386	12.7
1777	-0.897230	1113.054493	0.301238	0.001465	12.5
1778	-0.898081	1114.054493	0.300973	0.002086	10.7
1779	-0.896580	1114.038787	0.300977	0.002315	8.7
1780	-0.899790	1115.038787	0.300712	0.002317	14.5
1781	-0.891464	1116.038787	0.300448	0.001972	7.6
1782	-0.901549	1117.038787	0.300184	0.001785	9.0
1783	-0.894914	1118.038749	0.299920	0.003162	8.2
1784	-0.891352	1119.038738	0.299657	0.002540	6.8
1785	-0.906656	1120.038738	0.299394	0.001482	8.5
1786	-0.901160	1120.023031	0.299398	0.002890	13.0
1787	-0.896587	1121.021402	0.299137	0.002674	8.8
1788	-0.894314	1122.021402	0.298875	0.002061	12.1
1789	-0.891705	1123.021402	0.298614	0.002953	13.2
1790	-0.898017	1124.015313	0.298355	0.002412	7.4
1791	-0.896796	1125.014160	0.298094	0.002363	6.2
1792	-0.903009	1126.014160	0.297835	0.002570	10.4
1793	-0.898763	1127.014160	0.297575	0.002953	18.2
1794	-0.894977	1128.014160	0.297316	0.002134	17.1
1795	-0.898746	1129.014160	0.297058	0.001777	10.8
1796	-0.893014	1130.014138	0.296800	0.001753	13.3
1797	-0.896829	1130.884905	0.296575	0.002999	13.7
1798	-0.899168	1131.884904	0.296318	0.003697	12.1
1799	-0.891505	1132.884904	0.296061	0.002168	11.2
1800	-0.893014	1133.884904	0.295805	0.002600	11.1
1801	-0.896401	1133.869209	0.295809	0.002618	14.7
1802	-0.892608	1134.869209	0.295553	0.002137	14.1
1803	-0.896712	1135.869209	0.295297	0.001778	12.6
1804	-0.893780	1136.869202	0.295042	0.002848	10.9
1805	-0.900127	1136.853509	0.295046	0.002772	11.6
1806	-0.895537	1137.853509	0.294792	0.002485	10.8
1807	-0.893943	1138.853509	0.294538	0.003071	8.3
1808	-0.888257	1139.853509	0.294284	0.002902	7.9
1809	-0.885697	1140.853482	0.294031	0.001738	7.6
1810	-0.897300	1141.853482	0.293778	0.002029	6.1
1811	-0.900496	1142.320894	0.293660	0.002451	6.0
1812	-0.891652	1143.320894	0.293407	0.002195	8.0
1813	-0.886114	1144.320894	0.293156	0.001637	6.9
1814	-0.893943	1144.312542	0.293158	0.002864	9.9
1815	-0.891748	1145.312542	0.292906	0.002514	6.7
1816	-0.903203	1146.312540	0.292656	0.002759	6.0
1817	-0.901660	1147.116637	0.292454	0.002612	6.3
1818	-0.895892	1147.100930	0.292458	0.002996	9.0
1819	-0.893632	1148.100930	0.292208	0.001852	13.3
1820	-0.897278	1149.100930	0.291958	0.002824	10.5
1821	-0.904194	1150.100930	0.291709	0.002310	10.5
1822	-0.906622	1150.203146	0.291683	0.003000	10.2
1823	-0.905611	1150.187544	0.291687	0.002762	10.8
1824	-0.890890	1151.187544	0.291438	0.001572	10.9
1825	-0.892942	1152.104224	0.291211	0.001644	8.1
1826	-0.899240	1152.926276	0.291007	0.002859	13.1
1827	-0.895057	1153.638238	0.290830	0.001766	9.9
1828	-0.890468	1154.638238	0.290583	0.002620	15.6
1829	-0.894195	1155.638231	0.290336	0.001889	13.4
1830	-0.901132	1156.638231	0.290089	0.002671	12.7
1831	-0.896460	1157.638231	0.289843	0.004039	9.8
1832	-0.890021	1158.638231	0.289598	0.002944	10.1
1833	-0.904328	1158.622524	0.289602	0.002450	11.5
1834	-0.890680	1159.622519	0.289356	0.002012	12.6
1835	-0.886678	1160.622519	0.289111	0.003276	11.4
1836	-0.888528	1161.622510	0.288867	0.002500	10.4
1837	-0.893019	1161.625721	0.288866	0.001857	8.1
1838	-0.898407	1161.610014	0.288870	0.003304	10.0
1839	-0.897280	1162.610014	0.288626	0.002496	15.0
1840	-0.894711	1163.610012	0.288382	0.002506	10.6
1841	-0.889585	1164.610012	0.288139	0.002290	14.8
1842	-0.892827	1165.460997	0.287932	0.003543	11.7
1843	-0.900733	1166.460997	0.287690	0.003462	7.2
1844	-0.901948	1166.670169	0.287639	0.002892	9.6
1845	-0.886350	1167.670169	0.287397	0.002847	8.4
1846	-0.892576	1168.670169	0.287156	0.001589	10.3
1847	-0.898874	1169.670169	0.286914	0.002805	10.8
1848	-0.890592	1169.654462	0.286918	0.002384	8.9
1849	-0.894641	1170.654462	0.286677	0.001922	12.6
1850	-0.904060	1171.650963	0.286438	0.004086	10.4
1851	-0.894791	1171.635578	0.286442	0.002598	12.3
1852	-0.887454	1172.635510	0.286202	0.002879	12.7
1853	-0.904361	1173.625108	0.285965	0.002640	11.7
1854	-0.895631	1174.624674	0.285726	0.002507	12.3
1855	-0.892244	1175.624672	0.285487	0.002605	11.7
1856	-0.903600	1176.624672	0.285248	0.001882	10.9
1857	-0.899474	1176.608965	0.285252	0.002388	13.9
1858	-0.895265	1177.608965	0.285014	0.002387	11.3
1859	-0.901648	1178.591034	0.284781	0.001689	7.7
1860	-0.901000	1179.583966	0.284545	0.002075	11.4
1861	-0.895912	1179.568334	0.284549	0.002525	13.5
1862	-0.904123	1180.568334	0.284312	0.002557	11.9
1863	-0.899854	1181.568334	0.284076	0.002022	7.5
1864	-0.899155	1182.566281	0.283840	0.003097	8.9
1865	-0.891470	1183.565342	0.283605	0.002670	7.0
1866	-0.891343	1184.565342	0.283370	0.002472	7.7
1867	-0.894598	1185.565342	0.283135	0.002340	13.2
1868	-0.890394	1186.565342	0.282900	0.003377	9.8
1869	-0.896678	1186.549634	0.282904	0.002775	9.5
1870	-0.897044	1187.549634	0.282670	0.001837	8.4
1871	-0.907727	1187.533927	0.282673	0.002662	9.3
1872	-0.895718	1188.533927	0.282440	0.002056	11.0
1873	-0.895030	1189.533859	0.282206	0.002365	12.1
1874	-0.897534	1189.518151	0.282210	0.002401	11.6
1875	-0.889318	1190.518123	0.281977	0.003109	11.3
1876	-0.891656	1190.510745	0.281979	0.001858	11.2
1877	-0.892319	1191.510745	0.281746	0.002477	13.2
1878	-0.893750	1191.535667	0.281741	0.001986	9.9
1879	-0.901034	1192.535610	0.281508	0.003192	9.3
1880	-0.895619	1193.522136	0.281280	0.002564	13.6
1881	-0.901960	1194.522136	0.281048	0.002022	9.3
1882	-0.892263	1195.522136	0.280817	0.002264	12.0
1883	-0.892763	1195.506429	0.280821	0.002774	8.1
1884	-0.895560	1196.506428	0.280590	0.002852	11.1
1885	-0.891885	1197.506428	0.280360	0.002372	11.0
1886	-0.892758	1198.506428	0.280130	0.002832	11.1
1887	-0.893348	1198.490721	0.280134	0.002086	10.1
1888	-0.898800	1199.490721	0.279904	0.002678	8.0
1889	-0.894706	1200.490721	0.279675	0.003070	8.0
1890	-0.887769	1201.490721	0.279446	0.002159	7.1
1891	-0.907379	1201.475014	0.279450	0.003681	7.9
1892	-0.901544	1202.474983	0.279221	0.002360	13.4
1893	-0.905002	1203.474977	0.278993	0.002474	10.1
1894	-0.888392	1204.474977	0.278766	0.002791	13.7
1895	-0.896481	1205.474977	0.278538	0.002149	13.5
1896	-0.894739	1206.474977	0.278312	0.002214	9.8
1897	-0.899956	1207.474977	0.278085	0.003636	11.7
1898	-0.896118	1207.459276	0.278089	0.002903	9.7
1899	-0.899128	1208.431488	0.277869	0.002150	10.7
1900	-0.892725	1209.430561	0.277643	0.001651	9.1
1901	-0.900854	1209.414858	0.277647	0.003115	11.6
1902	-0.895431	1210.407245	0.277423	0.003183	13.2
1903	-0.896626	1210.391537	0.277426	0.002090	11.6
1904	-0.899336	1211.391536	0.277201	0.002885	12.3
1905	-0.888647	1212.189118	0.277022	0.001781	9.9
1906	-0.893036	1213.189118	0.276798	0.001665	10.3
1907	-0.892118	1214.189104	0.276573	0.002014	7.3
1908	-0.894892	1215.183034	0.276351	0.003017	8.6
1909	-0.891428	1216.182220	0.276128	0.002897	7.7
1910	-0.892225	1217.179838	0.275905	0.002576	8.7
1911	-0.901819	1218.179838	0.275683	0.002529	18.2
1912	-0.889298	1219.179838	0.275460	0.002586	16.5
1913	-0.909548	1220.179838	0.275238	0.002118	11.4
1914	-0.896761	1220.933302	0.275072	0.003353	18.4
1915	-0.896669	1220.917604	0.275075	0.002824	26.4
1916	-0.894609	1221.917604	0.274854	0.002223	14.0
1917	-0.894471	1221.901896	0.274857	0.002209	26.8
1918	-0.889671	1222.403349	0.274746	0.002567	17.2
1919	-0.898748	1223.403347	0.274526	0.002400	7.7
1920	-0.887955	1224.403347	0.274305	0.002039	8.5
1921	-0.895467	1225.403347	0.274085	0.003221	9.7
1922	-0.905511	1226.403334	0.273865	0.002181	8.5
1923	-0.891707	1227.403334	0.273646	0.001211	19.1
1924	-0.891757	1228.403331	0.273427	0.002870	11.9
1925	-0.896091	1228.387624	0.273430	0.001542	12.5
1926	-0.890662	1229.386835	0.273212	0.002136	15.0
1927	-0.900978	1229.371127	0.273215	0.002721	16.3
1928	-0.894305	1230.371127	0.272997	0.003469	13.9
1929	-0.898714	1230.368914	0.272997	0.003315	12.6
1930	-0.893805	1231.368914	0.272779	0.001908	12.1
1931	-0.900142	1231.353424	0.272783	0.002457	7.6
1932	-0.905887	1232.353421	0.272565	0.001935	11.8
1933	-0.910391	1232.337713	0.272569	0.003237	12.3
1934	-0.899219	1233.337713	0.272351	0.002561	9.1
1935	-0.893357	1234.337420	0.272134	0.003248	9.2
1936	-0.894642	1234.321713	0.272138	0.002667	7.3
1937	-0.892943	1235.128527	0.271963	0.002742	6.9
1938	-0.902913	1236.128527	0.271747	0.003086	6.9
1939	-0.899111	1237.128527	0.271531	0.001748	11.3
1940	-0.895643	1238.125800	0.271316	0.002894	11.5
1941	-0.890326	1239.125761	0.271100	0.002318	11.2
1942	-0.903196	1240.125761	0.270885	0.002733	7.9
1943	-0.898391	1240.110054	0.270889	0.001559	9.3
1944	-0.885472	1241.110054	0.270674	0.002461	8.8
1945	-0.907294	1241.094346	0.270677	0.003011	8.1
1946	-0.899392	1242.029837	0.270477	0.002677	8.0
1947	-0.896130	1243.029837	0.270263	0.002667	9.4
1948	-0.898416	1243.159060	0.270235	0.002858	7.1
1949	-0.896278	1244.159060	0.270022	0.003195	8.2
1950	-0.896207	1244.143447	0.270025	0.002069	8.8
1951	-0.885407	1245.143447	0.269812	0.002606	9.7
1952	-0.896313	1246.143447	0.269599	0.002300	7.3
1953	-0.895675	1247.143447	0.269386	0.002140	6.5
1954	-0.899538	1247.127740	0.269390	0.003088	12.9
1955	-0.909916	1248.127740	0.269177	0.002988	11.8
1956	-0.900575	1249.127740	0.268965	0.002409	8.4
1957	-0.896958	1250.127740	0.268754	0.002257	17.7
1958	-0.904339	1251.127740	0.268543	0.001785	11.0
1959	-0.895063	1252.127411	0.268332	0.001575	10.4
1960	-0.888945	1253.118007	0.268123	0.002042	15.4
1961	-0.893968	1254.089666	0.267919	0.003555	8.3
1962	-0.890589	1255.089666	0.267709	0.002505	7.1
1963	-0.893058	1256.089666	0.267499	0.002277	13.2
1964	-0.884050	1257.089666	0.267290	0.001788	14.7
1965	-0.904702	1257.108507	0.267286	0.002431	10.3
1966	-0.893890	1258.108507	0.267077	0.002464	7.9
1967	-0.897134	1259.108507	0.266868	0.002004	11.1
1968	-0.890340	1260.108506	0.266660	0.002024	11.8
1969	-0.893872	1261.108506	0.266452	0.002253	13.3
1970	-0.894244	1262.108506	0.266244	0.003281	11.1
1971	-0.896243	1263.108506	0.266037	0.002391	11.4
1972	-0.891424	1264.108506	0.265830	0.002307	12.9
1973	-0.892495	1264.092799	0.265833	0.002563	11.2
1974	-0.891862	1265.092798	0.265627	0.001957	10.5
1975	-0.890677	1266.092798	0.265420	0.002669	8.8
1976	-0.897025	1267.092798	0.265214	0.002522	11.2
1977	-0.894581	1268.092798	0.265008	0.002636	15.7
1978	-0.890553	1268.077091	0.265012	0.002553	10.8
1979	-0.891189	1269.077001	0.264806	0.002565	10.8
1980	-0.895897	1269.061352	0.264809	0.002759	16.9
1981	-0.899259	1270.061352	0.264604	0.002509	12.6
1982	-0.888288	1271.061352	0.264400	0.002446	12.1
1983	-0.901925	1271.046266	0.264403	0.001847	12.8
1984	-0.899823	1271.030559	0.264406	0.002113	15.5
1985	-0.899230	1272.030559	0.264201	0.002202	8.9
1986	-0.894944	1272.015886	0.264204	0.002915	10.0
1987	-0.895248	1273.015886	0.264000	0.002587	10.7
1988	-0.892996	1274.015886	0.263796	0.002351	12.7
1989	-0.891355	1275.015885	0.263593	0.002925	15.9
1990	-0.889181	1276.015885	0.263390	0.002292	10.5
1991	-0.887348	1277.015885	0.263187	0.002560	9.7
1992	-0.894344	1278.015663	0.262984	0.001766	10.0
1993	-0.898829	1279.015663	0.262782	0.002480	11.0
1994	-0.891065	1280.015656	0.262580	0.002429	12.1
1995	-0.889882	1280.927666	0.262396	0.002057	7.0
1996	-0.898059	1280.911998	0.262399	0.003541	8.2
1997	-0.902246	1280.896291	0.262402	0.002221	6.7
1998	-0.897668	1281.896291	0.262201	0.002702	10.5
1999	-0.895815	1281.880584	0.262204	0.003163	5.7
