1:ItNr	2:Metric	2:Metric0	2:Metric1	3a:Time	3b:StepSize	4:||Gradient0||	4:||Gradient1||	4:||Gradient||	Time0[ms]	Time1[ms]	Time[ms]
0	-0.413975	-0.413977	0.000000	0.000000	740.792850	0.004768	0.000000	0.004768	59.5	180.6	4186.6
1	-0.419076	-0.419078	0.000000	0.000000	740.792850	0.003690	0.000000	0.003690	54.9	153.0	209.5
2	-0.425154	-0.425156	0.000000	0.820247	712.945650	0.004012	0.000000	0.004012	32.0	125.5	158.9
3	-0.418277	-0.418280	0.000000	1.820245	681.703882	0.003308	0.000000	0.003308	38.6	116.5	157.0
4	-0.424617	-0.424620	0.000000	0.954975	708.570588	0.003857	0.000000	0.003857	35.6	66.9	104.2
5	-0.429987	-0.429990	0.000000	0.095531	737.438186	0.004015	0.000000	0.004015	49.7	128.2	179.8
6	-0.428395	-0.428398	0.000001	0.000000	740.792850	0.003498	0.000000	0.003498	54.3	131.9	198.9
7	-0.418336	-0.418338	0.000001	0.994302	707.303650	0.003467	0.000000	0.003467	45.1	142.1	189.1
8	-0.427858	-0.427861	0.000001	0.134409	736.081595	0.002915	0.000000	0.002915	56.4	99.5	157.7
9	-0.428450	-0.428453	0.000001	0.000000	740.792850	0.003857	0.000000	0.003857	62.9	119.5	184.0
10	-0.426809	-0.426812	0.000001	0.000000	740.792850	0.004773	0.000000	0.004773	47.7	126.4	175.7
11	-0.429059	-0.429062	0.000001	0.000000	740.792850	0.003898	0.000000	0.003898	32.5	100.5	134.5
12	-0.425861	-0.425864	0.000001	0.000000	740.792850	0.004164	0.000000	0.004164	53.4	75.2	130.1
13	-0.430100	-0.430104	0.000001	0.000000	740.792850	0.003429	0.000000	0.003429	46.6	90.2	138.4
14	-0.425915	-0.425919	0.000001	0.206397	733.582898	0.004227	0.000000	0.004227	67.9	111.6	181.4
15	-0.429451	-0.429455	0.000001	0.000000	740.792850	0.003881	0.000000	0.003881	27.0	141.8	171.7
16	-0.427758	-0.427762	0.000001	0.000000	740.792850	0.004664	0.000000	0.004664	32.7	119.2	154.6
17	-0.434341	-0.434346	0.000001	0.976008	707.892445	0.003201	0.000000	0.003201	74.5	93.7	170.0
18	-0.430757	-0.430761	0.000001	0.110737	736.907008	0.003684	0.000000	0.003684	51.4	97.4	152.9
19	-0.425057	-0.425061	0.000001	1.110732	703.579154	0.003450	0.000000	0.003450	42.9	80.8	125.2
20	-0.433345	-0.433349	0.000001	1.068438	704.927541	0.003301	0.000000	0.003301	63.0	97.3	163.6
21	-0.426852	-0.426856	0.000001	0.371573	727.913180	0.004083	0.000000	0.004083	58.7	86.7	147.1
22	-0.428309	-0.428313	0.000001	0.000000	740.792850	0.004325	0.000000	0.004325	121.3	92.4	215.7
23	-0.420257	-0.420262	0.000001	1.000000	707.120447	0.004073	0.000000	0.004073	89.5	82.3	174.1
24	-0.430802	-0.430807	0.000001	1.999948	676.377623	0.004634	0.000000	0.004634	62.7	95.1	160.0
25	-0.431479	-0.431484	0.000001	2.116497	672.967441	0.003998	0.000000	0.003998	70.1	123.9	195.9
26	-0.434351	-0.434356	0.000001	1.251226	699.136750	0.004011	0.000000	0.004011	50.8	118.4	170.9
27	-0.430906	-0.430911	0.000001	1.020758	706.453887	0.004491	0.000000	0.004491	75.9	132.1	209.8
28	-0.420955	-0.420960	0.000001	2.020734	675.766877	0.004186	0.000000	0.004186	31.7	154.3	187.5
29	-0.434088	-0.434092	0.000001	1.155478	702.158154	0.003705	0.000000	0.003705	56.9	121.6	180.2
30	-0.429200	-0.429205	0.000001	0.291105	730.664270	0.004999	0.000000	0.004999	51.9	136.4	190.0
31	-0.430067	-0.430072	0.000001	1.291105	697.885982	0.003670	0.000000	0.003670	32.0	128.9	162.5
32	-0.422972	-0.422978	0.000001	0.425996	726.064261	0.002977	0.000000	0.002977	58.7	110.2	170.3
33	-0.442367	-0.442373	0.000001	0.000000	740.792850	0.004245	0.000000	0.004245	48.5	85.8	136.0
34	-0.428415	-0.428421	0.000001	0.000000	740.792850	0.003712	0.000000	0.003712	39.3	117.9	159.5
35	-0.424329	-0.424335	0.000001	0.000000	740.792850	0.004147	0.000000	0.004147	41.4	127.7	170.7
36	-0.433952	-0.433958	0.000001	0.043616	739.257458	0.004151	0.000000	0.004151	33.9	125.7	161.8
37	-0.425790	-0.425795	0.000001	0.000000	740.792850	0.004899	0.000000	0.004899	27.9	95.4	125.1
38	-0.429300	-0.429306	0.000001	0.000000	740.792850	0.004023	0.000000	0.004023	75.3	96.1	173.2
39	-0.432847	-0.432853	0.000001	0.000000	740.792850	0.004002	0.000000	0.004002	56.0	86.1	143.5
40	-0.436225	-0.436231	0.000001	0.992429	707.363865	0.003474	0.000000	0.003474	74.6	95.0	171.4
41	-0.425846	-0.425852	0.000001	1.992429	676.598788	0.003934	0.000000	0.003934	51.6	119.4	172.7
42	-0.435644	-0.435650	0.000001	1.129764	702.974061	0.005061	0.000000	0.005061	51.6	118.0	171.4
43	-0.435032	-0.435038	0.000001	2.129764	672.581444	0.004136	0.000000	0.004136	63.8	127.9	193.2
44	-0.434686	-0.434693	0.000001	1.264493	698.720137	0.003689	0.000000	0.003689	69.8	132.9	205.8
45	-0.436274	-0.436281	0.000001	0.628568	719.263978	0.004738	0.000000	0.004738	33.2	155.1	198.4
46	-0.441538	-0.441545	0.000001	0.000000	740.792850	0.003752	0.000000	0.003752	33.2	85.4	124.5
47	-0.427140	-0.427147	0.000001	1.000000	707.120447	0.004440	0.000000	0.004440	40.5	97.3	141.3
48	-0.433600	-0.433607	0.000001	2.000000	676.376081	0.004327	0.000000	0.004327	46.7	174.7	223.8
49	-0.444104	-0.444111	0.000001	1.134731	702.816295	0.003746	0.000000	0.003746	38.7	155.6	197.8
50	-0.438041	-0.438048	0.000002	2.134358	672.447865	0.002679	0.000000	0.002679	24.5	130.6	156.8
51	-0.428379	-0.428386	0.000002	1.309107	697.322827	0.004585	0.000000	0.004585	22.9	91.8	116.4
52	-0.435643	-0.435651	0.000002	2.309104	667.406597	0.003577	0.000000	0.003577	70.5	131.6	203.7
53	-0.433205	-0.433213	0.000002	3.032073	647.328671	0.004352	0.000000	0.004353	65.8	113.9	181.3
54	-0.427399	-0.427407	0.000002	4.008035	622.066060	0.003378	0.000000	0.003378	69.5	79.8	155.9
55	-0.436472	-0.436480	0.000002	5.008025	598.148071	0.003968	0.000000	0.003968	72.3	93.7	167.9
56	-0.429931	-0.429939	0.000002	6.008021	576.001095	0.004038	0.000000	0.004038	38.3	146.3	192.1
57	-0.432025	-0.432033	0.000002	5.327634	590.886735	0.004006	0.000000	0.004006	54.1	160.4	216.2
58	-0.436648	-0.436656	0.000002	5.432623	588.539769	0.003954	0.000000	0.003954	73.0	246.8	321.6
59	-0.439280	-0.439288	0.000002	6.432607	567.086084	0.003371	0.000000	0.003371	235.7	149.0	386.5
60	-0.434425	-0.434433	0.000002	7.432607	547.141165	0.004375	0.000000	0.004375	85.4	173.9	260.9
61	-0.439341	-0.439349	0.000002	8.429720	528.603401	0.004064	0.000000	0.004064	68.8	167.1	240.4
62	-0.429235	-0.429244	0.000002	9.429720	511.232113	0.004252	0.000000	0.004252	76.9	173.7	253.8
63	-0.433038	-0.433047	0.000002	8.564731	526.189467	0.003698	0.000000	0.003698	100.5	179.2	283.5
64	-0.435332	-0.435341	0.000002	9.563334	508.997147	0.004548	0.000000	0.004548	48.9	118.6	169.7
65	-0.429543	-0.429552	0.000002	8.698063	523.827086	0.003806	0.000000	0.003806	70.7	151.7	224.2
66	-0.446788	-0.446797	0.000002	9.697832	506.767060	0.004129	0.000000	0.004129	58.3	82.0	141.8
67	-0.432885	-0.432894	0.000002	10.697730	490.781193	0.003816	0.000000	0.003816	60.0	146.9	208.4
68	-0.430741	-0.430750	0.000002	11.697730	475.771552	0.004516	0.000000	0.004516	59.9	104.4	166.0
69	-0.432056	-0.432065	0.000002	10.832459	488.703990	0.004205	0.000000	0.004205	78.0	180.2	271.7
70	-0.432574	-0.432583	0.000002	11.832459	473.819209	0.004020	0.000000	0.004020	28.0	192.1	221.7
71	-0.435080	-0.435089	0.000002	12.832459	459.814339	0.004091	0.000000	0.004091	52.9	186.5	241.0
72	-0.430985	-0.430994	0.000002	13.832459	446.613596	0.003891	0.000000	0.003891	47.2	142.9	191.8
73	-0.439435	-0.439444	0.000002	14.832446	434.149815	0.003672	0.000000	0.003672	47.2	162.7	211.6
74	-0.445652	-0.445661	0.000002	15.832446	422.362658	0.004207	0.000000	0.004207	40.5	184.2	227.2
75	-0.441488	-0.441498	0.000002	16.831670	411.207062	0.003513	0.000000	0.003513	44.1	128.4	203.2
76	-0.442699	-0.442709	0.000002	17.828998	400.645148	0.003315	0.000000	0.003315	89.0	171.6	262.2
77	-0.437240	-0.437250	0.000002	18.827989	390.595912	0.003593	0.000000	0.003593	96.5	186.6	284.9
78	-0.438457	-0.438466	0.000002	18.863934	390.243714	0.003728	0.000000	0.003728	68.1	195.7	265.6
79	-0.441191	-0.441200	0.000002	17.998665	398.902116	0.004481	0.000000	0.004481	79.9	173.8	255.7
80	-0.439420	-0.439430	0.000002	17.147688	407.800598	0.004144	0.000000	0.004144	24.1	131.1	157.0
81	-0.435278	-0.435288	0.000002	18.147687	397.383622	0.003683	0.000000	0.003683	99.0	125.4	225.8
82	-0.435696	-0.435706	0.000002	19.147687	387.485577	0.004183	0.000000	0.004183	87.4	94.6	183.5
83	-0.432135	-0.432145	0.000002	20.147687	378.068633	0.003505	0.000000	0.003505	59.4	133.2	200.7
84	-0.447041	-0.447052	0.000002	19.282420	386.189551	0.003949	0.000000	0.003949	93.0	122.9	217.8
85	-0.440143	-0.440153	0.000002	20.251730	377.115086	0.003940	0.000000	0.003940	78.1	137.4	219.3
86	-0.431854	-0.431865	0.000002	21.251730	368.189651	0.003650	0.000000	0.003650	72.2	198.5	272.7
87	-0.438255	-0.438266	0.000002	20.388692	375.867149	0.003826	0.000000	0.003826	52.6	183.8	238.7
88	-0.440813	-0.440824	0.000002	19.523463	383.892413	0.004670	0.000000	0.004670	105.2	222.8	330.3
89	-0.441431	-0.441442	0.000002	19.397393	385.090437	0.004752	0.000000	0.004752	48.8	165.0	215.3
90	-0.424536	-0.424547	0.000002	20.397393	375.788150	0.003298	0.000000	0.003298	27.1	192.1	220.8
91	-0.441751	-0.441761	0.000002	19.532122	383.810394	0.003924	0.000000	0.003924	43.8	133.8	181.7
92	-0.432305	-0.432316	0.000002	18.666851	392.182623	0.003440	0.000000	0.003440	40.4	125.9	173.2
93	-0.439124	-0.439135	0.000002	17.801581	400.928249	0.004499	0.000000	0.004499	74.9	151.5	228.0
94	-0.429993	-0.430004	0.000002	18.780754	391.059701	0.004246	0.000000	0.004245	41.8	157.8	201.5
95	-0.446990	-0.447002	0.000002	19.780747	381.470450	0.003678	0.000000	0.003678	69.1	150.8	221.7
96	-0.428500	-0.428512	0.000002	18.956291	389.341691	0.003864	0.000000	0.003864	77.1	121.6	200.2
97	-0.434374	-0.434386	0.000002	19.956291	379.835418	0.003242	0.000000	0.003242	48.8	138.9	189.5
98	-0.436938	-0.436950	0.000002	20.955599	370.788413	0.004284	0.000000	0.004284	40.0	99.6	141.3
99	-0.448045	-0.448057	0.000002	20.201822	377.571895	0.004209	0.000000	0.004209	57.8	163.0	222.3
100	-0.435724	-0.435736	0.000002	21.201822	368.625080	0.003964	0.000000	0.003964	93.5	120.1	215.2
101	-0.438183	-0.438195	0.000002	21.604210	365.143491	0.003558	0.000000	0.003558	79.7	135.9	217.5
102	-0.435905	-0.435917	0.000002	22.603662	356.773926	0.003759	0.000000	0.003759	93.5	111.8	207.5
103	-0.442826	-0.442838	0.000002	23.603612	348.775564	0.003897	0.000000	0.003897	61.3	114.1	177.1
104	-0.443998	-0.444010	0.000002	22.738341	355.675354	0.004037	0.000000	0.004037	99.0	129.8	230.4
105	-0.433792	-0.433804	0.000002	23.738341	347.725232	0.003930	0.000000	0.003930	43.7	167.6	213.2
106	-0.430633	-0.430646	0.000002	24.738341	340.122743	0.004312	0.000000	0.004312	37.8	110.6	158.5
107	-0.436110	-0.436122	0.000002	24.124153	344.752175	0.004534	0.000000	0.004534	74.3	140.1	216.2
108	-0.437542	-0.437554	0.000002	23.294676	351.208122	0.004310	0.000000	0.004310	85.9	152.3	240.0
109	-0.436816	-0.436828	0.000003	24.294676	343.454272	0.004379	0.000000	0.004379	73.5	191.4	267.7
110	-0.444943	-0.444955	0.000003	25.294676	336.035400	0.003937	0.000000	0.003937	92.4	221.4	315.4
111	-0.452089	-0.452101	0.000003	26.294676	328.930257	0.003866	0.000000	0.003866	86.0	181.4	269.1
112	-0.453521	-0.453533	0.000003	27.294676	322.119356	0.003860	0.000000	0.003860	103.9	178.8	287.0
113	-0.437443	-0.437455	0.000003	26.429584	327.994652	0.004223	0.000000	0.004223	72.1	213.9	288.7
114	-0.441759	-0.441771	0.000003	27.429584	321.222042	0.003890	0.000000	0.003890	56.1	119.3	181.0
115	-0.446051	-0.446063	0.000003	26.565562	327.056998	0.004118	0.000000	0.004118	76.4	145.4	223.7
116	-0.443044	-0.443057	0.000003	25.709017	333.054533	0.005315	0.000000	0.005315	82.7	236.5	321.3
117	-0.439926	-0.439939	0.000003	26.709017	326.073578	0.003968	0.000000	0.003968	84.4	191.3	277.9
118	-0.458160	-0.458173	0.000003	27.709017	319.379261	0.004503	0.000000	0.004503	33.4	183.3	218.9
119	-0.440428	-0.440441	0.000003	26.843746	325.155345	0.004538	0.000000	0.004538	92.3	197.2	291.1
120	-0.448862	-0.448875	0.000003	26.066259	330.526585	0.004113	0.000000	0.004113	36.1	178.2	215.9
121	-0.444079	-0.444092	0.000003	27.066259	323.650107	0.003844	0.000000	0.003844	53.7	211.0	268.5
122	-0.439928	-0.439941	0.000003	28.066259	317.053922	0.005270	0.000000	0.005270	79.4	269.0	350.3
123	-0.442208	-0.442221	0.000003	29.065816	310.723987	0.003424	0.000000	0.003424	33.8	193.3	229.1
124	-0.438569	-0.438582	0.000003	28.236993	315.954508	0.003912	0.000000	0.003912	51.4	208.9	262.1
125	-0.444287	-0.444301	0.000003	27.483317	320.866040	0.004107	0.000000	0.004107	47.7	153.4	202.9
126	-0.429173	-0.429187	0.000003	28.483291	314.381878	0.004423	0.000000	0.004423	62.2	95.8	159.4
127	-0.440073	-0.440087	0.000003	27.618020	319.977036	0.003771	0.000000	0.003771	71.4	176.0	249.1
128	-0.441746	-0.441760	0.000003	26.760953	325.718997	0.004270	0.000000	0.004270	65.4	149.5	216.6
129	-0.443519	-0.443533	0.000003	27.756759	319.066530	0.004607	0.000000	0.004607	62.9	187.8	252.2
130	-0.443128	-0.443142	0.000003	28.756759	312.654003	0.003348	0.000000	0.003348	48.1	201.7	251.3
131	-0.443357	-0.443372	0.000003	27.891526	318.187036	0.003896	0.000000	0.003896	50.2	142.7	194.5
132	-0.449273	-0.449287	0.000003	28.502993	314.256750	0.004009	0.000000	0.004009	68.6	145.0	215.2
133	-0.444862	-0.444876	0.000003	29.502993	308.034213	0.003499	0.000000	0.003499	86.0	179.6	267.2
134	-0.441554	-0.441569	0.000003	28.637831	313.403097	0.004101	0.000000	0.004101	116.7	115.3	234.3
135	-0.446284	-0.446298	0.000003	27.772560	318.963162	0.004633	0.000000	0.004633	83.1	136.1	221.0
136	-0.446003	-0.446017	0.000003	28.529146	314.090816	0.004025	0.000000	0.004025	54.0	137.9	193.5
137	-0.442518	-0.442532	0.000003	29.521719	307.920041	0.004236	0.000000	0.004236	74.7	184.7	260.9
138	-0.434027	-0.434041	0.000003	30.475002	302.217564	0.004198	0.000000	0.004198	70.2	211.0	283.9
139	-0.434109	-0.434123	0.000003	29.609731	307.384556	0.003919	0.000000	0.003919	55.9	180.6	238.0
140	-0.438530	-0.438545	0.000003	30.324256	303.105217	0.004911	0.000000	0.004911	38.3	144.7	184.6
141	-0.436260	-0.436274	0.000003	29.459003	308.302761	0.003866	0.000000	0.003866	66.7	153.6	222.4
142	-0.446828	-0.446843	0.000003	30.458981	302.311659	0.004202	0.000000	0.004202	89.9	157.8	250.0
143	-0.438531	-0.438546	0.000003	29.593710	307.481897	0.004623	0.000000	0.004623	66.0	152.3	224.1
144	-0.436457	-0.436471	0.000003	30.593710	301.522219	0.004284	0.000000	0.004284	103.0	177.5	287.3
145	-0.447653	-0.447668	0.000003	29.728439	306.665260	0.005370	0.000000	0.005370	66.1	236.0	304.3
146	-0.448928	-0.448943	0.000003	30.728439	300.736891	0.003971	0.000000	0.003971	65.0	114.1	180.8
147	-0.445800	-0.445815	0.000003	29.863168	305.852949	0.004178	0.000000	0.004178	50.2	161.6	213.4
148	-0.440466	-0.440481	0.000003	30.863168	299.955644	0.003405	0.000000	0.003404	73.7	140.5	215.9
149	-0.450822	-0.450836	0.000003	29.998490	305.041381	0.003691	0.000000	0.003691	62.2	157.0	220.9
150	-0.449429	-0.449444	0.000003	29.596657	307.463988	0.004026	0.000000	0.004026	48.2	212.8	262.7
151	-0.436036	-0.436051	0.000003	30.596656	301.504999	0.004297	0.000000	0.004297	65.8	147.4	214.9
152	-0.435054	-0.435069	0.000003	31.596656	295.772601	0.004244	0.000000	0.004244	56.0	126.6	184.9
153	-0.443849	-0.443864	0.000003	32.596656	290.254111	0.002858	0.000000	0.002858	58.6	164.3	225.0
154	-0.451897	-0.451912	0.000003	31.731395	295.016845	0.003678	0.000000	0.003678	59.0	157.1	217.8
155	-0.444814	-0.444829	0.000003	31.556048	296.001135	0.003987	0.000000	0.003987	78.8	124.5	205.0
156	-0.437041	-0.437056	0.000003	30.691308	300.952915	0.003103	0.000000	0.003103	36.8	148.7	187.1
157	-0.438344	-0.438359	0.000003	29.826446	306.073926	0.004635	0.000000	0.004635	56.7	137.1	195.7
158	-0.439876	-0.439891	0.000003	30.053938	304.710084	0.004694	0.000000	0.004694	66.3	189.9	258.1
159	-0.451647	-0.451662	0.000003	29.260859	309.518184	0.004696	0.000000	0.004696	40.5	111.8	155.0
160	-0.445369	-0.445384	0.000003	30.156566	304.098789	0.004007	0.000000	0.004007	83.4	148.0	233.0
161	-0.446432	-0.446447	0.000003	29.291295	309.330865	0.004132	0.000000	0.004132	68.4	102.5	172.7
162	-0.446745	-0.446760	0.000003	28.731274	312.814226	0.003456	0.000000	0.003456	68.8	138.9	209.3
163	-0.442684	-0.442699	0.000003	29.729170	306.660839	0.004022	0.000000	0.004022	72.1	147.1	221.4
164	-0.430114	-0.430129	0.000003	29.609743	307.384488	0.003814	0.000000	0.003814	59.8	176.5	238.4
165	-0.439213	-0.439229	0.000003	30.609742	301.428554	0.003565	0.000000	0.003565	74.7	143.6	219.8
166	-0.441237	-0.441253	0.000003	31.606021	295.719948	0.003837	0.000000	0.003837	80.1	190.8	272.4
167	-0.436372	-0.436388	0.000003	32.606019	290.203414	0.004260	0.000000	0.004259	79.4	191.9	273.2
168	-0.453592	-0.453608	0.000003	33.601986	284.909965	0.003903	0.000000	0.003903	96.4	146.4	244.2
169	-0.441883	-0.441899	0.000003	34.556713	280.013862	0.004122	0.000000	0.004122	49.2	174.5	225.5
170	-0.448514	-0.448530	0.000003	33.778226	283.993312	0.003881	0.000000	0.003881	40.7	118.5	164.0
171	-0.441687	-0.441703	0.000003	34.778225	278.901845	0.004295	0.000000	0.004295	74.3	143.1	218.9
172	-0.441289	-0.441305	0.000003	35.778225	273.989719	0.004266	0.000000	0.004266	98.3	180.0	280.7
173	-0.439548	-0.439564	0.000003	36.778133	269.248054	0.004198	0.000000	0.004198	42.4	87.4	133.1
174	-0.441103	-0.441119	0.000003	35.912862	273.341549	0.004511	0.000000	0.004511	101.1	105.7	208.4
175	-0.437170	-0.437186	0.000003	36.912861	268.621676	0.003720	0.000000	0.003720	73.0	172.1	246.8
176	-0.443912	-0.443928	0.000003	37.908733	264.080538	0.003379	0.000000	0.003379	51.9	187.2	240.8
177	-0.439183	-0.439200	0.000003	38.874679	259.820180	0.005032	0.000000	0.005032	40.9	179.8	222.2
178	-0.443804	-0.443820	0.000003	38.237065	262.616822	0.003605	0.000000	0.003605	81.2	170.8	253.7
179	-0.442381	-0.442397	0.000003	37.371794	266.509707	0.003508	0.000000	0.003507	92.2	176.1	273.8
180	-0.450815	-0.450831	0.000003	38.371787	262.020913	0.003643	0.000000	0.003643	48.5	156.0	206.9
181	-0.445675	-0.445692	0.000003	38.735619	260.425023	0.003942	0.000000	0.003942	36.5	92.3	131.0
182	-0.442590	-0.442606	0.000003	39.735581	256.137334	0.003705	0.000000	0.003705	69.7	109.9	181.7
183	-0.444188	-0.444205	0.000003	38.870474	259.838430	0.004738	0.000000	0.004738	67.3	186.7	255.6
184	-0.441064	-0.441081	0.000003	39.870474	255.569719	0.003920	0.000000	0.003920	42.7	104.2	148.6
185	-0.442399	-0.442416	0.000003	39.005203	259.255017	0.004339	0.000000	0.004339	82.0	113.3	196.8
186	-0.441666	-0.441683	0.000003	38.139932	263.048154	0.003725	0.000000	0.003725	80.6	101.0	183.3
187	-0.435544	-0.435561	0.000003	39.139932	258.674219	0.003535	0.000000	0.003535	114.5	124.8	241.0
188	-0.442459	-0.442476	0.000003	38.274677	262.450182	0.003910	0.000000	0.003910	61.0	118.1	180.8
189	-0.440992	-0.441009	0.000003	39.274677	258.095945	0.004024	0.000000	0.004024	93.1	138.4	233.0
190	-0.439838	-0.439855	0.000003	38.409472	261.854706	0.003991	0.000000	0.003991	56.0	119.2	176.9
191	-0.445785	-0.445802	0.000003	38.224822	262.671113	0.004218	0.000000	0.004218	54.3	137.9	203.5
192	-0.443143	-0.443160	0.000003	39.224822	258.309604	0.003766	0.000000	0.003766	57.1	138.5	197.3
193	-0.445663	-0.445680	0.000003	38.359551	262.074925	0.004373	0.000000	0.004373	57.1	90.5	149.2
194	-0.446982	-0.446999	0.000003	39.359525	257.733141	0.003984	0.000000	0.003984	71.6	106.0	179.3
195	-0.442601	-0.442618	0.000003	38.494254	261.481553	0.003453	0.000000	0.003453	47.5	171.4	220.4
196	-0.441994	-0.442011	0.000003	39.494254	257.159134	0.003976	0.000000	0.003975	78.3	170.2	250.0
197	-0.446372	-0.446390	0.000003	38.628983	260.890745	0.003651	0.000000	0.003651	72.7	124.4	198.8
198	-0.449434	-0.449451	0.000003	38.031456	263.531527	0.003863	0.000000	0.003863	64.0	185.1	250.7
199	-0.442117	-0.442134	0.000003	37.166198	267.451724	0.003311	0.000000	0.003311	92.9	149.6	244.1
200	-0.443010	-0.443027	0.000003	36.300929	271.490361	0.003941	0.000000	0.003941	66.6	132.2	200.3
201	-0.440578	-0.440595	0.000003	37.300908	266.833749	0.003560	0.000000	0.003560	83.3	115.8	201.4
202	-0.447244	-0.447262	0.000003	36.435637	270.853614	0.003859	0.000000	0.003859	90.5	168.2	260.1
203	-0.444053	-0.444070	0.000004	35.570366	274.996450	0.003888	0.000000	0.003888	47.5	154.6	208.3
204	-0.447966	-0.447983	0.000004	34.705263	279.267145	0.004623	0.000000	0.004624	56.6	134.3	192.9
205	-0.440210	-0.440227	0.000003	35.705263	274.342256	0.002999	0.000000	0.002999	59.5	133.8	194.8
206	-0.448752	-0.448769	0.000003	36.704345	269.592349	0.005491	0.000000	0.005491	60.6	155.4	217.6
207	-0.439496	-0.439514	0.000003	35.839074	273.696400	0.003576	0.000000	0.003576	76.6	133.8	211.8
208	-0.438296	-0.438313	0.000003	34.973803	277.927335	0.004744	0.000000	0.004744	70.2	142.5	214.4
209	-0.446695	-0.446713	0.000004	35.973803	273.049175	0.004624	0.000000	0.004624	52.5	141.4	196.0
210	-0.443416	-0.443433	0.000004	35.108532	277.259970	0.003875	0.000000	0.003875	54.9	173.8	230.4
211	-0.448247	-0.448265	0.000004	36.108532	272.405005	0.003498	0.000000	0.003498	73.8	145.4	222.0
212	-0.441064	-0.441082	0.000004	37.108495	267.717307	0.004243	0.000000	0.004243	49.9	209.4	261.1
213	-0.447010	-0.447028	0.000004	38.105881	263.199694	0.004565	0.000000	0.004565	88.6	184.3	274.5
214	-0.440990	-0.441008	0.000004	39.105881	258.820760	0.003356	0.000000	0.003356	66.4	215.5	285.8
215	-0.447509	-0.447527	0.000004	40.105881	254.585149	0.004414	0.000000	0.004414	78.3	179.3	259.4
216	-0.446072	-0.446090	0.000004	41.105879	250.485946	0.004105	0.000000	0.004105	39.3	123.0	164.0
217	-0.448057	-0.448074	0.000004	42.105879	246.516649	0.004712	0.000000	0.004712	59.6	136.1	197.2
218	-0.445000	-0.445019	0.000004	41.426579	249.199140	0.004028	0.000000	0.004028	63.5	118.0	183.1
219	-0.438967	-0.438985	0.000004	42.426415	245.270836	0.004365	0.000000	0.004365	68.9	116.3	186.7
220	-0.444668	-0.444686	0.000004	43.426415	241.463844	0.003443	0.000000	0.003443	62.7	118.2	182.6
221	-0.447713	-0.447731	0.000004	44.426408	237.773254	0.004372	0.000000	0.004372	62.3	132.8	196.9
222	-0.443290	-0.443308	0.000004	43.561137	240.959975	0.004562	0.000000	0.004562	63.6	167.0	232.3
223	-0.447805	-0.447823	0.000004	42.762116	243.979510	0.004627	0.000000	0.004627	54.0	121.3	176.9
224	-0.445091	-0.445109	0.000004	43.762116	240.212191	0.004491	0.000000	0.004491	61.0	118.9	183.1
225	-0.448505	-0.448523	0.000004	43.138059	242.549431	0.003678	0.000000	0.003678	45.9	146.6	194.1
226	-0.450602	-0.450621	0.000004	44.137894	238.826418	0.004193	0.000000	0.004193	36.6	204.4	243.6
227	-0.440523	-0.440541	0.000004	43.754484	240.240504	0.004324	0.000000	0.004324	62.3	160.4	224.1
228	-0.448981	-0.448999	0.000004	44.746917	236.614133	0.003747	0.000000	0.003747	66.5	126.7	194.7
229	-0.446861	-0.446880	0.000004	45.746917	233.069188	0.004432	0.000000	0.004432	87.2	96.4	185.2
230	-0.443148	-0.443167	0.000004	46.746917	229.628896	0.003736	0.000000	0.003736	79.5	123.8	217.9
231	-0.447785	-0.447803	0.000004	47.746917	226.288690	0.004052	0.000000	0.004052	93.0	123.9	218.6
232	-0.440835	-0.440854	0.000004	48.746917	223.044264	0.003630	0.000000	0.003630	60.0	166.7	228.5
233	-0.447703	-0.447722	0.000004	49.746917	219.891557	0.003639	0.000000	0.003639	80.6	163.5	246.1
234	-0.442966	-0.442985	0.000004	50.744107	216.835228	0.004176	0.000000	0.004175	84.4	165.4	252.9
235	-0.446385	-0.446404	0.000004	49.878836	219.482298	0.004114	0.000000	0.004114	66.7	120.2	188.5
236	-0.448998	-0.449016	0.000004	49.013565	222.194796	0.004148	0.000000	0.004148	34.2	164.6	200.7
237	-0.447473	-0.447493	0.000004	50.010453	219.075491	0.003621	0.000000	0.003621	56.0	156.0	221.7
238	-0.455584	-0.455603	0.000004	51.010140	216.034157	0.005499	0.000000	0.005499	56.7	151.0	209.5
239	-0.443381	-0.443400	0.000004	52.010140	213.075196	0.004064	0.000000	0.004064	50.2	172.1	223.8
240	-0.449829	-0.449848	0.000004	51.146496	215.625854	0.004176	0.000000	0.004176	53.7	204.4	260.0
241	-0.450610	-0.450629	0.000004	50.281226	218.243299	0.004735	0.000000	0.004735	67.6	94.5	163.6
242	-0.442526	-0.442545	0.000004	51.108087	215.740709	0.004270	0.000000	0.004270	92.6	101.4	195.6
243	-0.436859	-0.436878	0.000004	52.108087	212.789726	0.004186	0.000000	0.004186	61.1	135.0	197.8
244	-0.448002	-0.448022	0.000004	53.108087	209.918383	0.004142	0.000000	0.004142	49.3	127.0	195.1
245	-0.451618	-0.451637	0.000004	54.108087	207.123500	0.004132	0.000000	0.004132	72.7	148.8	223.5
246	-0.448095	-0.448115	0.000004	53.242820	209.537432	0.005247	0.000000	0.005247	68.8	105.3	176.2
247	-0.448582	-0.448602	0.000004	54.242758	206.752787	0.003115	0.000000	0.003115	76.2	148.6	226.3
248	-0.448836	-0.448856	0.000004	55.242758	204.041017	0.003422	0.000000	0.003422	69.6	128.9	201.0
249	-0.447732	-0.447752	0.000004	56.242749	201.399484	0.004434	0.000000	0.004434	45.3	156.0	213.7
250	-0.450053	-0.450073	0.000004	57.240316	198.831635	0.003496	0.000000	0.003496	72.4	207.6	281.8
251	-0.441605	-0.441624	0.000004	58.240316	196.322411	0.003726	0.000000	0.003726	84.0	173.4	259.1
252	-0.452398	-0.452417	0.000004	59.240259	193.875868	0.004132	0.000000	0.004132	58.8	112.3	172.7
253	-0.447902	-0.447921	0.000004	60.240185	191.489591	0.003280	0.000000	0.003280	52.1	119.1	173.3
254	-0.459473	-0.459493	0.000004	59.374914	193.551060	0.004196	0.000000	0.004196	103.7	159.5	264.9
255	-0.448347	-0.448367	0.000004	58.845895	194.833434	0.003740	0.000000	0.003740	57.2	137.6	206.8
256	-0.453497	-0.453517	0.000004	59.845675	192.424022	0.004079	0.000000	0.004079	105.1	120.4	227.5
257	-0.454187	-0.454206	0.000004	59.113106	194.183580	0.005066	0.000000	0.005066	59.5	110.3	171.5
258	-0.459913	-0.459933	0.000004	60.113106	191.789595	0.004330	0.000000	0.004330	69.2	123.9	194.7
259	-0.452516	-0.452536	0.000004	61.113010	189.454143	0.004249	0.000000	0.004249	52.8	151.4	206.3
260	-0.452851	-0.452871	0.000004	60.332304	191.272705	0.004624	0.000000	0.004624	83.0	165.4	250.8
261	-0.442758	-0.442778	0.000004	61.332304	188.949526	0.003128	0.000000	0.003128	37.1	142.3	181.1
262	-0.449446	-0.449466	0.000004	62.332304	186.682104	0.003984	0.000000	0.003984	49.8	108.2	159.6
263	-0.447487	-0.447507	0.000004	63.331558	184.470087	0.003742	0.000000	0.003742	51.1	183.4	236.9
264	-0.448701	-0.448721	0.000004	64.331495	182.308418	0.003734	0.000000	0.003734	27.1	148.2	177.3
265	-0.448271	-0.448291	0.000004	63.466224	184.175983	0.004905	0.000000	0.004905	22.8	82.5	107.1
266	-0.440845	-0.440865	0.000004	62.600953	186.082207	0.003604	0.000000	0.003604	46.6	130.2	178.7
267	-0.442481	-0.442501	0.000004	63.600953	183.882678	0.003593	0.000000	0.003593	43.4	114.2	159.3
268	-0.447833	-0.447853	0.000004	63.239203	184.672330	0.003917	0.000000	0.003917	53.2	153.7	208.4
269	-0.443866	-0.443886	0.000004	62.383771	186.566879	0.003668	0.000000	0.003668	86.2	191.6	279.4
270	-0.449136	-0.449156	0.000004	63.364234	184.398639	0.003897	0.000000	0.003897	83.9	254.8	340.4
271	-0.459905	-0.459925	0.000004	64.362161	182.242923	0.004055	0.000000	0.004055	43.8	211.8	257.1
272	-0.448109	-0.448129	0.000004	65.362160	180.132709	0.004681	0.000000	0.004681	74.3	179.8	255.7
273	-0.449214	-0.449234	0.000004	66.362160	178.070802	0.004411	0.000000	0.004411	72.7	186.6	261.8
274	-0.452461	-0.452481	0.000004	65.496889	179.852131	0.003581	0.000000	0.003581	60.4	188.0	250.1
275	-0.440880	-0.440900	0.000004	66.496888	177.796606	0.003980	0.000000	0.003980	61.7	193.7	257.0
276	-0.452753	-0.452773	0.000004	67.496888	175.787535	0.004168	0.000000	0.004168	45.8	206.8	255.8
277	-0.440562	-0.440582	0.000004	68.496751	173.823627	0.004373	0.000000	0.004373	65.7	209.3	276.6
278	-0.458524	-0.458544	0.000004	67.632620	175.518334	0.004338	0.000000	0.004338	25.4	167.6	194.9
279	-0.446027	-0.446047	0.000004	66.767349	177.248714	0.004862	0.000000	0.004862	29.9	113.7	145.1
280	-0.451555	-0.451575	0.000004	67.767349	175.251936	0.003709	0.000000	0.003709	65.2	102.5	169.8
281	-0.441575	-0.441595	0.000004	68.588362	173.645879	0.003977	0.000000	0.003977	35.4	137.4	174.3
282	-0.452957	-0.452978	0.000004	69.588283	171.729161	0.004482	0.000000	0.004482	70.1	146.5	218.4
283	-0.447411	-0.447431	0.000004	68.723012	173.385283	0.004139	0.000000	0.004139	49.9	131.6	184.0
284	-0.443558	-0.443578	0.000004	69.723003	171.474150	0.004672	0.000000	0.004672	106.5	120.2	228.2
285	-0.454749	-0.454770	0.000004	69.347516	172.186801	0.003743	0.000000	0.003743	98.2	168.4	268.2
286	-0.440193	-0.440213	0.000004	70.347516	170.301837	0.004032	0.000000	0.004032	62.2	93.3	157.5
287	-0.446727	-0.446748	0.000004	71.346752	168.459091	0.004525	0.000000	0.004525	82.2	124.8	209.0
288	-0.438411	-0.438432	0.000004	70.483900	170.047953	0.003693	0.000000	0.003693	78.2	129.7	209.6
289	-0.447607	-0.447628	0.000004	69.618629	171.671654	0.004226	0.000000	0.004226	80.2	128.3	210.1
290	-0.449539	-0.449560	0.000004	70.612046	169.810090	0.003580	0.000000	0.003580	29.4	117.6	148.5
291	-0.446795	-0.446816	0.000004	71.612046	167.976527	0.004193	0.000000	0.004193	76.2	117.4	195.5
292	-0.448576	-0.448596	0.000004	70.747170	169.559997	0.003480	0.000000	0.003480	92.7	162.5	263.5
293	-0.447708	-0.447728	0.000004	69.881904	171.174340	0.003409	0.000000	0.003409	56.3	137.6	195.5
294	-0.450067	-0.450088	0.000004	70.567035	169.893563	0.004806	0.000000	0.004806	57.9	92.9	152.3
295	-0.452776	-0.452797	0.000004	71.567035	168.058206	0.004688	0.000000	0.004688	62.2	173.7	238.3
296	-0.449052	-0.449073	0.000004	70.701764	169.643954	0.005222	0.000000	0.005222	128.5	114.1	245.0
297	-0.448029	-0.448050	0.000004	71.701764	167.813957	0.005103	0.000000	0.005103	67.8	90.6	159.9
298	-0.445754	-0.445775	0.000004	72.701764	166.023020	0.004229	0.000000	0.004229	75.9	128.4	205.9
299	-0.443956	-0.443977	0.000004	73.314140	164.945042	0.004552	0.000000	0.004552	81.9	188.8	272.4
300	-0.441109	-0.441130	0.000004	72.448919	166.472230	0.003696	0.000000	0.003696	56.3	149.1	207.8
301	-0.445397	-0.445418	0.000004	73.448919	164.709666	0.004092	0.000000	0.004092	60.6	145.2	207.5
302	-0.452453	-0.452474	0.000004	74.148707	163.498278	0.004007	0.000000	0.004007	55.6	90.6	147.7
303	-0.439383	-0.439404	0.000004	73.287754	164.991201	0.003626	0.000000	0.003626	72.8	129.2	203.5
304	-0.440783	-0.440804	0.000004	72.422783	166.518802	0.004539	0.000000	0.004539	51.5	150.0	204.0
305	-0.444132	-0.444153	0.000004	73.421373	164.757717	0.005611	0.000000	0.005611	45.6	103.4	150.5
306	-0.455247	-0.455268	0.000004	74.421373	163.031084	0.004297	0.000000	0.004297	98.5	99.8	201.2
307	-0.447941	-0.447962	0.000004	75.421373	161.340265	0.003470	0.000000	0.003470	44.2	157.1	203.3
308	-0.447706	-0.447727	0.000004	76.421373	159.684158	0.003935	0.000000	0.003935	44.0	160.3	205.9
309	-0.451968	-0.451989	0.000004	75.557700	161.112473	0.003783	0.000000	0.003783	42.0	116.8	160.3
310	-0.450104	-0.450126	0.000004	74.694894	162.565098	0.004411	0.000000	0.004411	77.5	84.3	173.7
311	-0.458264	-0.458285	0.000004	75.694894	160.883881	0.003653	0.000000	0.003653	70.0	144.0	215.9
312	-0.447050	-0.447071	0.000004	76.694894	159.237082	0.004249	0.000000	0.004249	86.1	210.3	298.0
313	-0.450636	-0.450657	0.000004	77.694893	157.623656	0.004794	0.000000	0.004793	58.6	141.4	207.9
314	-0.441322	-0.441343	0.000004	78.694847	156.042667	0.003972	0.000000	0.003971	70.3	175.2	252.7
315	-0.452967	-0.452988	0.000004	77.858126	157.363391	0.004017	0.000000	0.004017	77.3	202.6	281.5
316	-0.457527	-0.457548	0.000004	78.855834	155.791097	0.003808	0.000000	0.003808	83.9	189.7	275.1
317	-0.446047	-0.446068	0.000004	79.855834	154.246406	0.003672	0.000000	0.003672	130.1	191.6	323.4
318	-0.454264	-0.454285	0.000004	80.855831	152.732050	0.003809	0.000000	0.003809	90.8	172.0	264.3
319	-0.444212	-0.444234	0.000004	81.782412	151.355174	0.003495	0.000000	0.003495	72.8	148.3	223.4
320	-0.463638	-0.463660	0.000004	82.780886	149.898988	0.003319	0.000000	0.003319	51.6	122.3	175.8
321	-0.456245	-0.456266	0.000004	82.028067	150.994290	0.004506	0.000000	0.004506	121.7	131.4	255.1
322	-0.452923	-0.452944	0.000004	82.167376	150.790399	0.004374	0.000000	0.004374	76.8	151.9	231.3
323	-0.451491	-0.451512	0.000004	81.937701	151.126843	0.003981	0.000000	0.003981	91.3	139.5	232.9
324	-0.442478	-0.442500	0.000004	82.937701	149.672829	0.004836	0.000000	0.004836	87.8	101.6	191.1
325	-0.443837	-0.443858	0.000004	82.072430	150.929301	0.004153	0.000000	0.004153	93.1	149.9	244.5
326	-0.453382	-0.453403	0.000004	83.072430	149.479068	0.004521	0.000000	0.004521	77.7	140.0	221.0
327	-0.447113	-0.447134	0.000004	83.517868	148.842012	0.004413	0.000000	0.004413	72.0	134.8	208.9
328	-0.450192	-0.450214	0.000004	82.661279	150.071946	0.003727	0.000000	0.003727	51.8	120.2	174.4
329	-0.445837	-0.445859	0.000004	81.796021	151.335137	0.005342	0.000000	0.005342	79.4	144.7	227.8
330	-0.441709	-0.441731	0.000004	82.796021	149.877131	0.003609	0.000000	0.003609	77.7	114.8	194.3
331	-0.447112	-0.447134	0.000004	83.796020	148.446953	0.005197	0.000000	0.005197	77.1	104.0	182.6
332	-0.444836	-0.444858	0.000004	84.796020	147.043810	0.004665	0.000000	0.004665	89.8	178.8	270.3
333	-0.440433	-0.440455	0.000004	85.796020	145.666944	0.004459	0.000000	0.004459	75.4	149.2	226.3
334	-0.451980	-0.452002	0.000004	86.796020	144.315624	0.004345	0.000000	0.004345	65.7	170.6	238.0
335	-0.444704	-0.444726	0.000004	87.755306	143.042674	0.004291	0.000000	0.004291	35.5	178.7	215.8
336	-0.438296	-0.438317	0.000004	86.890345	144.189453	0.004282	0.000000	0.004282	51.6	205.4	258.9
337	-0.444402	-0.444423	0.000004	86.025075	145.355188	0.004723	0.000000	0.004723	52.9	187.0	250.4
338	-0.440345	-0.440367	0.000004	87.025075	144.009619	0.004624	0.000000	0.004624	52.8	168.1	222.3
339	-0.452931	-0.452952	0.000004	88.025075	142.688734	0.004428	0.000000	0.004428	39.8	174.7	216.3
340	-0.446784	-0.446805	0.000004	89.025075	141.391859	0.004891	0.000000	0.004891	45.2	129.7	177.3
341	-0.446640	-0.446661	0.000004	90.025075	140.118346	0.004166	0.000000	0.004166	108.6	147.9	259.1
342	-0.442259	-0.442281	0.000004	89.166668	141.210133	0.004103	0.000000	0.004102	53.3	143.8	200.1
343	-0.456196	-0.456217	0.000004	90.166659	139.939889	0.005306	0.000000	0.005306	102.0	168.1	271.9
344	-0.456524	-0.456546	0.000004	91.166659	138.692282	0.004431	0.000000	0.004431	77.6	169.2	249.1
345	-0.450548	-0.450570	0.000004	92.166659	137.466724	0.003639	0.000000	0.003639	69.2	167.8	238.8
346	-0.445620	-0.445642	0.000004	93.166659	136.262636	0.004240	0.000000	0.004240	38.8	159.4	199.7
347	-0.448840	-0.448862	0.000004	92.310748	137.291918	0.003724	0.000000	0.003724	102.8	149.7	254.8
348	-0.442939	-0.442961	0.000004	93.310741	136.090885	0.003983	0.000000	0.003983	66.0	132.9	200.7
349	-0.442872	-0.442894	0.000004	92.920169	136.557468	0.003672	0.000000	0.003671	68.2	143.4	213.2
350	-0.452741	-0.452762	0.000004	93.905340	135.386657	0.004207	0.000000	0.004207	87.4	110.4	199.5
351	-0.448003	-0.448025	0.000004	93.045277	136.407664	0.004220	0.000000	0.004220	71.3	139.9	213.5
352	-0.447708	-0.447730	0.000004	94.045277	135.221978	0.003341	0.000000	0.003341	68.8	152.3	222.7
353	-0.455834	-0.455856	0.000004	93.180022	136.246688	0.004354	0.000000	0.004354	79.6	86.6	168.0
354	-0.445265	-0.445286	0.000004	94.180022	135.063786	0.003680	0.000000	0.003680	92.3	122.7	216.7
355	-0.447843	-0.447865	0.000004	93.314801	136.086052	0.004146	0.000000	0.004146	57.1	154.2	213.1
356	-0.452052	-0.452074	0.000004	94.314801	134.905925	0.003574	0.000000	0.003574	86.4	233.3	321.3
357	-0.458305	-0.458327	0.000004	95.275420	133.791388	0.004453	0.000000	0.004453	62.0	179.6	244.4
358	-0.447470	-0.447491	0.000004	94.410731	134.793790	0.004313	0.000000	0.004313	70.0	162.9	234.5
359	-0.440830	-0.440852	0.000004	93.715260	135.610989	0.004476	0.000000	0.004476	45.7	190.3	239.9
360	-0.456281	-0.456302	0.000004	92.852754	136.638327	0.003830	0.000000	0.003830	52.7	117.6	172.5
361	-0.447505	-0.447527	0.000004	93.852754	135.448645	0.003773	0.000000	0.003773	62.4	156.8	220.9
362	-0.447348	-0.447370	0.000004	92.987483	136.476826	0.003392	0.000000	0.003392	68.7	141.5	211.7
363	-0.445957	-0.445978	0.000004	92.123010	137.519765	0.004189	0.000000	0.004189	57.7	94.9	154.2
364	-0.453918	-0.453939	0.000004	92.847407	136.644744	0.003708	0.000000	0.003708	72.6	127.9	202.2
365	-0.445096	-0.445118	0.000004	93.361570	136.030398	0.004450	0.000000	0.004450	108.4	108.5	218.5
366	-0.447113	-0.447135	0.000004	92.496303	137.067459	0.004051	0.000000	0.004051	77.8	119.9	200.2
367	-0.450075	-0.450097	0.000004	93.492809	135.874471	0.003716	0.000000	0.003716	47.8	179.6	229.7
368	-0.447729	-0.447751	0.000004	92.627540	136.909149	0.004015	0.000000	0.004015	57.1	159.7	218.7
369	-0.440966	-0.440988	0.000004	93.627520	135.714790	0.004850	0.000000	0.004850	60.4	214.2	276.1
370	-0.454024	-0.454046	0.000004	92.786750	136.717586	0.004212	0.000000	0.004212	57.1	136.4	197.5
371	-0.451535	-0.451557	0.000004	91.921479	137.765197	0.004906	0.000000	0.004906	74.3	227.0	303.2
372	-0.445551	-0.445573	0.000004	92.921479	136.555898	0.003650	0.000000	0.003650	131.2	82.8	216.2
373	-0.453525	-0.453547	0.000004	93.921479	135.367644	0.004448	0.000000	0.004448	90.5	120.3	212.2
374	-0.448745	-0.448767	0.000004	94.921479	134.199891	0.003546	0.000000	0.003546	39.2	156.6	198.4
375	-0.443451	-0.443472	0.000004	95.823455	133.163754	0.004158	0.000000	0.004158	68.1	142.6	213.2
376	-0.452612	-0.452634	0.000004	94.958184	134.157412	0.004152	0.000000	0.004152	56.5	135.8	194.0
377	-0.455213	-0.455235	0.000004	95.952977	133.016279	0.004248	0.000000	0.004248	93.8	141.2	236.9
378	-0.448448	-0.448470	0.000004	96.952977	131.888573	0.004529	0.000000	0.004529	76.3	183.0	261.0
379	-0.454370	-0.454392	0.000004	97.952977	130.779828	0.004380	0.000000	0.004380	57.7	143.0	202.3
380	-0.454003	-0.454025	0.000004	98.952976	129.689569	0.004391	0.000000	0.004390	55.6	119.8	177.7
381	-0.451667	-0.451689	0.000004	99.952975	128.617339	0.005343	0.000000	0.005343	38.7	161.0	201.6
382	-0.444203	-0.444226	0.000004	100.952975	127.562692	0.004103	0.000000	0.004103	115.2	175.2	292.1
383	-0.448697	-0.448719	0.000004	101.952975	126.525200	0.003964	0.000000	0.003964	98.9	148.8	249.8
384	-0.452458	-0.452481	0.000004	102.952975	125.504449	0.004138	0.000000	0.004138	97.6	192.0	291.8
385	-0.452523	-0.452546	0.000004	103.731672	124.720928	0.003586	0.000000	0.003586	74.5	184.8	261.7
386	-0.449397	-0.449420	0.000004	104.731672	123.728967	0.003944	0.000000	0.003944	58.1	162.5	222.3
387	-0.447179	-0.447201	0.000004	105.608336	122.872240	0.004493	0.000000	0.004493	87.0	176.5	265.0
388	-0.452219	-0.452241	0.000004	104.743065	123.717757	0.005154	0.000000	0.005154	44.0	146.4	191.9
389	-0.453625	-0.453647	0.000004	105.743064	122.741626	0.004850	0.000000	0.004850	104.0	135.5	241.1
390	-0.445140	-0.445162	0.000004	106.743064	121.780779	0.004314	0.000000	0.004314	62.5	101.7	165.7
391	-0.454845	-0.454867	0.000004	107.743064	120.834857	0.003600	0.000000	0.003600	63.9	175.4	250.9
392	-0.451244	-0.451267	0.000004	108.695240	119.947732	0.005199	0.000000	0.005199	52.9	153.4	208.1
393	-0.454155	-0.454178	0.000004	109.695240	119.029965	0.004259	0.000000	0.004259	68.1	130.9	200.5
394	-0.453445	-0.453468	0.000005	110.695240	118.126136	0.003794	0.000000	0.003794	63.1	125.7	191.1
395	-0.443448	-0.443470	0.000004	111.695235	117.235934	0.004339	0.000000	0.004339	65.1	188.6	255.3
396	-0.447742	-0.447765	0.000004	110.829964	118.005417	0.003801	0.000000	0.003801	54.6	156.1	212.2
397	-0.448459	-0.448481	0.000004	111.829964	117.117022	0.004089	0.000000	0.004089	59.3	139.3	200.2
398	-0.446628	-0.446650	0.000004	111.450380	117.452663	0.004120	0.000000	0.004120	67.1	92.6	162.0
399	-0.455168	-0.455191	0.000004	112.450380	116.572541	0.004988	0.000000	0.004988	76.4	119.5	197.9
400	-0.454946	-0.454968	0.000004	112.058807	116.915597	0.003576	0.000000	0.003576	94.8	152.2	248.4
401	-0.446847	-0.446869	0.000004	111.368629	117.525202	0.004191	0.000000	0.004190	63.5	136.1	201.7
402	-0.455348	-0.455370	0.000004	112.368629	116.643996	0.003287	0.000000	0.003287	81.1	118.9	201.7
403	-0.449950	-0.449973	0.000004	113.368627	115.775908	0.003796	0.000000	0.003796	49.9	138.8	191.2
404	-0.448647	-0.448670	0.000004	114.368282	114.920937	0.004175	0.000000	0.004175	58.2	171.3	231.1
405	-0.448339	-0.448361	0.000004	115.363873	114.081901	0.003989	0.000000	0.003989	92.8	131.0	225.5
406	-0.449016	-0.449039	0.000004	116.363845	113.251416	0.003835	0.000000	0.003835	100.0	147.5	249.6
407	-0.453689	-0.453711	0.000004	115.498574	113.969322	0.004372	0.000000	0.004372	65.8	148.7	216.0
408	-0.444488	-0.444511	0.000005	115.823166	113.698947	0.004087	0.000000	0.004087	75.7	100.7	178.0
409	-0.450318	-0.450340	0.000005	116.823165	112.873984	0.003619	0.000000	0.003619	85.6	107.0	195.7
410	-0.454163	-0.454185	0.000004	117.823165	112.060907	0.004651	0.000000	0.004651	66.3	163.3	231.2
411	-0.443931	-0.443953	0.000004	116.957894	112.763752	0.003500	0.000000	0.003500	47.9	217.5	266.9
412	-0.449023	-0.449045	0.000004	116.166468	113.414380	0.004048	0.000000	0.004048	73.1	164.3	240.4
413	-0.450877	-0.450900	0.000004	117.156417	112.601718	0.004266	0.000000	0.004266	76.7	167.4	245.9
414	-0.451842	-0.451865	0.000005	116.291517	113.311078	0.004178	0.000000	0.004178	63.2	168.1	233.8
415	-0.453323	-0.453345	0.000004	115.426261	114.029731	0.003916	0.000000	0.003916	52.0	147.5	201.0
416	-0.453377	-0.453399	0.000004	114.560990	114.757570	0.004442	0.000000	0.004441	79.0	91.7	172.8
417	-0.444647	-0.444670	0.000004	115.560990	113.917231	0.004726	0.000000	0.004726	65.8	145.2	213.4
418	-0.440130	-0.440152	0.000005	116.560990	113.089109	0.004001	0.000000	0.004001	72.6	153.9	228.1
419	-0.450436	-0.450458	0.000004	117.560981	112.272948	0.004293	0.000000	0.004293	92.7	133.8	228.1
420	-0.453587	-0.453610	0.000005	116.695807	112.978385	0.003436	0.000000	0.003436	86.1	153.5	249.5
421	-0.449401	-0.449423	0.000004	117.692016	112.166874	0.003857	0.000000	0.003857	81.9	177.4	261.0
422	-0.453727	-0.453749	0.000005	118.691982	111.363942	0.004794	0.000000	0.004794	75.2	163.3	240.2
423	-0.445586	-0.445609	0.000005	119.690950	110.573209	0.003842	0.000000	0.003842	98.2	112.0	211.9
424	-0.450968	-0.450990	0.000005	118.825711	111.257434	0.004299	0.000000	0.004299	103.4	121.5	232.5
425	-0.462723	-0.462746	0.000004	119.811795	110.478315	0.003741	0.000000	0.003741	101.8	92.8	196.1
426	-0.446257	-0.446280	0.000005	118.946524	111.161388	0.004397	0.000000	0.004397	88.6	135.9	226.2
427	-0.447591	-0.447613	0.000004	119.940659	110.377303	0.004210	0.000000	0.004210	60.6	149.7	211.9
428	-0.457527	-0.457549	0.000005	119.075388	111.059124	0.003975	0.000000	0.003975	76.4	172.2	250.2
429	-0.459569	-0.459592	0.000004	120.075388	110.271891	0.003978	0.000000	0.003978	110.0	131.0	243.4
430	-0.452843	-0.452866	0.000005	121.075388	109.495741	0.004915	0.000000	0.004915	80.3	193.4	275.4
431	-0.459428	-0.459451	0.000004	122.075387	108.730440	0.003751	0.000000	0.003751	66.7	165.9	236.0
432	-0.449687	-0.449709	0.000004	123.075329	107.975806	0.004795	0.000000	0.004795	73.8	183.6	259.1
433	-0.447824	-0.447846	0.000004	124.075329	107.231532	0.004389	0.000000	0.004389	78.9	189.0	269.5
434	-0.455381	-0.455403	0.000005	123.210058	107.874930	0.003864	0.000000	0.003864	66.0	111.9	179.5
435	-0.450124	-0.450146	0.000005	122.344787	108.526094	0.004633	0.000000	0.004633	88.7	132.3	222.6
436	-0.445131	-0.445154	0.000004	123.344787	107.774241	0.003444	0.000000	0.003444	76.4	171.7	251.0
437	-0.443040	-0.443062	0.000004	124.344787	107.032733	0.003331	0.000000	0.003331	54.4	171.6	230.6
438	-0.445518	-0.445541	0.000005	125.330863	106.311475	0.003843	0.000000	0.003843	98.4	157.9	258.0
439	-0.443525	-0.443547	0.000005	126.330811	105.589929	0.004673	0.000000	0.004673	126.7	163.2	292.8
440	-0.454085	-0.454108	0.000005	127.330806	104.878078	0.004148	0.000000	0.004148	87.0	115.9	204.4
441	-0.450685	-0.450708	0.000005	126.465536	105.493462	0.004090	0.000000	0.004090	101.6	136.1	239.4
442	-0.451895	-0.451917	0.000005	127.465535	104.782903	0.003907	0.000000	0.003907	81.6	128.0	211.2
443	-0.449922	-0.449945	0.000005	128.429828	104.106724	0.004222	0.000000	0.004222	72.0	161.8	235.8
444	-0.448408	-0.448430	0.000004	127.564560	104.713061	0.004072	0.000000	0.004072	91.2	145.6	238.3
445	-0.450231	-0.450254	0.000005	128.564422	104.013037	0.004135	0.000000	0.004135	64.7	146.8	213.0
446	-0.446539	-0.446561	0.000004	129.564420	103.322218	0.003926	0.000000	0.003926	60.6	131.0	194.8
447	-0.454910	-0.454933	0.000005	128.699149	103.919427	0.003996	0.000000	0.003996	75.6	105.8	183.1
448	-0.447651	-0.447674	0.000005	129.699149	103.229845	0.004514	0.000000	0.004514	91.6	110.7	203.8
449	-0.456404	-0.456426	0.000004	130.699149	102.549355	0.003544	0.000000	0.003543	100.7	99.3	201.4
450	-0.456430	-0.456452	0.000005	131.699148	101.877777	0.003647	0.000000	0.003647	84.6	159.9	246.0
451	-0.457122	-0.457145	0.000005	130.833878	102.458358	0.003997	0.000000	0.003997	36.7	155.6	196.0
452	-0.448071	-0.448093	0.000005	130.237413	102.862443	0.004238	0.000000	0.004238	85.7	136.4	223.7
453	-0.445528	-0.445551	0.000005	129.372142	103.454334	0.003517	0.000000	0.003517	43.3	176.6	221.5
454	-0.451060	-0.451083	0.000005	130.372142	102.770890	0.004439	0.000000	0.004439	38.5	146.1	186.2
455	-0.448491	-0.448514	0.000005	131.372136	102.096421	0.004214	0.000000	0.004214	66.4	113.4	181.3
456	-0.447390	-0.447413	0.000005	132.372124	101.430752	0.004226	0.000000	0.004226	84.9	140.0	226.8
457	-0.457874	-0.457896	0.000004	133.371085	100.774377	0.003977	0.000000	0.003977	63.8	185.3	259.4
458	-0.443603	-0.443625	0.000004	132.505815	101.342414	0.004094	0.000000	0.004094	67.6	152.1	221.4
459	-0.449822	-0.449845	0.000005	131.644313	101.914375	0.004072	0.000000	0.004072	44.0	138.9	185.4
460	-0.454343	-0.454365	0.000004	132.273743	101.495857	0.003731	0.000000	0.003731	79.5	168.3	249.5
461	-0.446778	-0.446800	0.000004	133.273739	100.837964	0.003777	0.000000	0.003777	48.6	169.5	220.9
462	-0.452178	-0.452200	0.000005	134.266667	100.193108	0.004273	0.000000	0.004273	100.0	149.2	250.8
463	-0.462180	-0.462202	0.000005	135.002817	99.720314	0.003719	0.000000	0.003719	82.5	195.6	279.6
464	-0.450082	-0.450104	0.000005	135.553375	99.369623	0.003514	0.000000	0.003514	19.6	175.5	210.0
465	-0.448041	-0.448063	0.000005	135.026051	99.705464	0.003603	0.000000	0.003603	73.0	232.3	309.4
466	-0.453461	-0.453483	0.000005	136.026050	99.070503	0.003493	0.000000	0.003493	63.8	147.1	214.8
467	-0.460594	-0.460616	0.000005	135.198296	99.595516	0.003848	0.000000	0.003848	52.4	95.9	151.0
468	-0.444591	-0.444614	0.000004	135.194516	99.597926	0.004159	0.000000	0.004159	123.0	102.2	228.1
469	-0.451756	-0.451779	0.000005	136.194304	98.964463	0.004138	0.000000	0.004138	73.3	120.0	195.2
470	-0.440389	-0.440411	0.000004	137.193992	98.339069	0.004024	0.000000	0.004024	66.5	158.1	226.1
471	-0.457396	-0.457418	0.000005	138.193992	97.721338	0.004940	0.000000	0.004940	38.0	166.9	206.7
472	-0.459936	-0.459959	0.000005	137.328721	98.255388	0.004517	0.000000	0.004517	39.0	105.1	145.6
473	-0.448690	-0.448712	0.000005	138.328721	97.638704	0.003909	0.000000	0.003909	89.4	124.1	215.0
474	-0.459191	-0.459214	0.000005	139.328721	97.029713	0.004105	0.000000	0.004105	87.7	133.0	222.5
475	-0.449140	-0.449163	0.000004	140.328665	96.428306	0.004497	0.000000	0.004497	109.3	156.0	266.9
476	-0.446391	-0.446414	0.000005	139.463394	96.948279	0.003861	0.000000	0.003861	88.4	156.0	245.9
477	-0.447608	-0.447630	0.000005	139.564222	96.887399	0.003906	0.000000	0.003906	83.5	184.3	269.5
478	-0.447337	-0.447359	0.000005	140.226923	96.489157	0.003828	0.000000	0.003828	51.2	165.9	218.6
479	-0.448487	-0.448509	0.000005	141.225310	95.895331	0.003921	0.000000	0.003922	72.2	96.8	170.7
480	-0.450814	-0.450836	0.000005	140.361432	96.408724	0.004239	0.000000	0.004239	91.3	131.9	229.0
481	-0.450653	-0.450675	0.000005	139.627754	96.849078	0.004133	0.000000	0.004133	91.5	170.6	263.7
482	-0.446890	-0.446913	0.000005	140.627272	96.250154	0.004435	0.000000	0.004434	75.1	100.8	178.3
483	-0.448266	-0.448289	0.000005	139.762001	96.768202	0.004445	0.000000	0.004445	76.9	141.8	220.3
484	-0.455644	-0.455666	0.000005	140.762001	96.169989	0.004000	0.000000	0.004000	84.0	168.1	254.3
485	-0.455932	-0.455954	0.000005	141.762001	95.579126	0.004381	0.000000	0.004381	62.5	98.7	162.8
486	-0.455003	-0.455025	0.000004	142.762001	94.995480	0.005392	0.000000	0.005392	72.3	128.7	202.5
487	-0.457112	-0.457134	0.000005	143.754806	94.423041	0.004417	0.000000	0.004417	90.6	168.8	260.9
488	-0.441797	-0.441819	0.000005	144.754806	93.853387	0.004514	0.000000	0.004514	110.8	124.3	236.6
489	-0.451116	-0.451140	0.000005	145.754806	93.290564	0.004079	0.000000	0.004079	49.4	155.4	206.4
490	-0.458854	-0.458877	0.000005	144.889535	93.777162	0.004098	0.000000	0.004098	38.7	203.8	247.7
491	-0.457082	-0.457104	0.000005	144.024321	94.268831	0.004445	0.000000	0.004445	83.7	142.8	228.0
492	-0.444897	-0.444920	0.000005	143.178352	94.754574	0.005679	0.000000	0.005679	78.1	241.4	323.0
493	-0.458636	-0.458659	0.000005	144.178352	94.180924	0.003765	0.000000	0.003765	120.0	184.7	307.2
494	-0.453255	-0.453278	0.000005	145.178352	93.614178	0.003739	0.000000	0.003739	85.9	195.8	283.7
495	-0.451304	-0.451327	0.000005	144.313700	94.103815	0.004500	0.000000	0.004500	51.4	168.4	221.5
496	-0.458750	-0.458773	0.000005	143.450546	94.597739	0.003647	0.000000	0.003647	69.4	171.5	242.4
497	-0.452296	-0.452319	0.000005	144.450545	94.025981	0.003853	0.000000	0.003853	55.3	153.6	216.7
498	-0.446167	-0.446190	0.000005	145.432771	93.471074	0.003953	0.000000	0.003953	63.1	188.0	252.9
499	-0.452010	-0.452033	0.000005	146.432771	92.912813	0.004257	0.000000	0.004257	116.2	191.9	309.7
500	-0.440858	-0.440881	0.000005	145.567500	93.395469	0.004564	0.000000	0.004564	77.7	167.8	247.0
501	-0.445469	-0.445492	0.000005	146.567500	92.838109	0.003325	0.000000	0.003325	58.9	213.0	274.0
502	-0.453023	-0.453046	0.000005	147.567482	92.287372	0.003936	0.000000	0.003936	24.5	204.0	230.0
503	-0.453042	-0.453065	0.000005	146.702347	92.763459	0.004217	0.000000	0.004218	33.4	172.6	207.7
504	-0.449082	-0.449105	0.000005	145.846268	93.239424	0.004653	0.000000	0.004653	44.3	131.7	177.9
505	-0.448980	-0.449003	0.000005	145.074254	93.672857	0.004209	0.000000	0.004209	62.3	185.7	249.5
506	-0.445449	-0.445472	0.000005	146.058895	93.120752	0.004432	0.000000	0.004432	72.9	169.5	244.0
507	-0.446559	-0.446583	0.000005	147.058762	92.566729	0.003939	0.000000	0.003939	49.4	202.3	253.6
508	-0.460268	-0.460291	0.000005	148.058762	92.019187	0.003682	0.000000	0.003682	59.8	144.7	206.2
509	-0.451487	-0.451510	0.000005	148.983506	91.518585	0.004574	0.000000	0.004574	67.8	105.1	174.4
510	-0.442511	-0.442534	0.000005	148.119961	91.985888	0.004478	0.000000	0.004478	57.6	143.3	202.6
511	-0.450669	-0.450692	0.000005	149.119961	91.445176	0.004112	0.000000	0.004112	74.0	168.0	243.5
512	-0.451955	-0.451979	0.000005	150.119051	90.911268	0.004688	0.000000	0.004688	73.9	163.6	239.4
513	-0.459497	-0.459520	0.000005	149.253780	91.373301	0.004937	0.000000	0.004937	58.2	184.9	244.9
514	-0.455101	-0.455124	0.000005	148.388509	91.840054	0.003826	0.000000	0.003826	64.1	134.0	200.3
515	-0.443916	-0.443940	0.000005	149.388501	91.301054	0.003991	0.000000	0.003991	72.5	143.9	218.0
516	-0.448791	-0.448815	0.000005	150.388501	90.768340	0.003850	0.000000	0.003850	75.1	120.6	197.4
517	-0.444028	-0.444052	0.000005	149.527841	91.226451	0.004481	0.000000	0.004480	71.3	130.0	203.9
518	-0.449094	-0.449117	0.000005	150.527841	90.694605	0.004993	0.000000	0.004993	70.5	158.7	231.1
519	-0.450818	-0.450841	0.000005	149.662603	91.154416	0.004673	0.000000	0.004673	60.0	162.2	223.7
520	-0.445236	-0.445259	0.000005	150.662603	90.623407	0.003955	0.000000	0.003954	49.7	123.6	175.0
521	-0.437264	-0.437287	0.000005	150.223859	90.855620	0.003205	0.000000	0.003205	59.8	173.5	235.1
522	-0.453232	-0.453255	0.000005	149.358647	91.317054	0.004184	0.000000	0.004184	70.6	149.9	222.1
523	-0.450965	-0.450988	0.000005	150.358622	90.784168	0.004504	0.000000	0.004504	64.4	183.4	249.9
524	-0.449788	-0.449812	0.000005	151.346286	90.263911	0.004121	0.000000	0.004121	61.9	163.6	227.2
525	-0.451130	-0.451154	0.000005	152.346286	89.743197	0.004411	0.000000	0.004412	50.7	164.6	222.0
526	-0.454357	-0.454381	0.000005	151.833466	90.009477	0.003521	0.000000	0.003521	29.6	97.1	128.4
527	-0.456265	-0.456288	0.000005	152.831243	89.492830	0.003532	0.000000	0.003532	73.6	230.3	305.7
528	-0.450423	-0.450446	0.000005	153.831242	88.980949	0.003939	0.000000	0.003938	33.8	134.0	170.6
529	-0.444949	-0.444972	0.000005	154.830955	88.475035	0.003390	0.000000	0.003390	72.9	156.3	230.9
530	-0.446670	-0.446694	0.000005	153.975104	88.907790	0.003346	0.000000	0.003346	66.0	112.1	179.8
531	-0.458205	-0.458229	0.000005	154.971049	88.404598	0.003866	0.000000	0.003866	54.7	149.4	205.8
532	-0.443535	-0.443559	0.000005	154.217184	88.784955	0.003837	0.000000	0.003836	48.6	116.6	167.1
533	-0.452396	-0.452419	0.000005	153.355626	89.223676	0.004620	0.000000	0.004620	69.1	141.9	212.7
534	-0.451328	-0.451352	0.000005	152.490355	89.668673	0.004933	0.000000	0.004932	48.6	108.1	158.7
535	-0.448664	-0.448688	0.000005	153.490355	89.154784	0.004230	0.000000	0.004230	53.5	148.3	204.9
536	-0.455290	-0.455314	0.000005	154.490355	88.646751	0.004132	0.000000	0.004132	73.5	129.6	205.0
537	-0.446891	-0.446914	0.000005	153.667391	89.064420	0.004124	0.000000	0.004124	60.9	89.9	152.4
538	-0.442801	-0.442824	0.000005	152.807746	89.504928	0.004280	0.000000	0.004280	52.2	141.4	203.2
539	-0.458450	-0.458474	0.000005	153.807672	88.992947	0.004962	0.000000	0.004962	54.2	163.1	218.9
540	-0.448301	-0.448324	0.000005	154.807672	88.486752	0.004363	0.000000	0.004363	59.8	100.2	161.6
541	-0.448842	-0.448866	0.000005	155.807672	87.986283	0.004840	0.000000	0.004840	79.9	262.8	344.1
542	-0.448083	-0.448106	0.000005	154.942472	88.418957	0.003641	0.000000	0.003641	55.4	180.1	237.4
543	-0.446618	-0.446642	0.000005	155.942466	87.919255	0.004870	0.000000	0.004870	67.2	162.1	230.8
544	-0.449014	-0.449038	0.000005	155.083099	88.348342	0.003961	0.000000	0.003960	45.2	171.9	218.7
545	-0.456816	-0.456839	0.000005	156.083099	87.849433	0.003686	0.000000	0.003687	57.7	123.9	183.2
546	-0.451337	-0.451361	0.000005	155.218526	88.280445	0.004146	0.000000	0.004146	96.6	144.8	243.1
547	-0.444963	-0.444986	0.000005	156.218516	87.782305	0.005275	0.000000	0.005275	64.6	141.9	208.0
548	-0.444702	-0.444726	0.000005	157.205097	87.296324	0.004298	0.000000	0.004298	67.6	137.3	206.9
549	-0.454231	-0.454255	0.000005	156.843129	87.474000	0.003662	0.000000	0.003662	56.5	124.7	183.5
550	-0.449471	-0.449494	0.000005	157.142001	87.327243	0.003877	0.000000	0.003877	81.3	115.9	198.7
551	-0.449250	-0.449274	0.000005	158.142001	86.839768	0.003973	0.000000	0.003973	63.5	124.1	189.7
552	-0.455694	-0.455718	0.000005	159.126791	86.364997	0.005140	0.000000	0.005140	84.4	144.1	230.0
553	-0.449656	-0.449679	0.000005	160.126791	85.888177	0.004762	0.000000	0.004762	67.1	86.3	155.1
554	-0.446502	-0.446525	0.000005	159.261520	86.300447	0.004474	0.000000	0.004474	102.8	84.2	188.5
555	-0.452434	-0.452458	0.000005	160.261520	85.824337	0.004415	0.000000	0.004415	66.6	119.0	187.6
556	-0.450526	-0.450550	0.000005	161.261520	85.353452	0.003200	0.000000	0.003200	76.8	148.6	227.0
557	-0.446701	-0.446725	0.000005	161.910276	85.050715	0.004685	0.000000	0.004685	102.6	107.9	212.2
558	-0.455540	-0.455564	0.000005	161.045071	85.454936	0.004893	0.000000	0.004893	60.4	133.6	195.6
559	-0.454970	-0.454993	0.000005	162.045066	84.988086	0.004126	0.000000	0.004126	73.3	108.5	183.5
560	-0.458091	-0.458114	0.000005	161.179795	85.391741	0.004188	0.000000	0.004188	89.1	132.5	223.3
561	-0.445979	-0.446002	0.000005	162.179795	84.925577	0.004097	0.000000	0.004097	77.9	124.5	203.8
562	-0.446546	-0.446569	0.000005	163.179795	84.464476	0.004546	0.000000	0.004546	65.7	143.7	211.0
563	-0.448020	-0.448043	0.000005	162.314525	84.863160	0.004089	0.000000	0.004088	92.0	163.8	257.6
564	-0.452361	-0.452384	0.000005	163.314474	84.402758	0.003591	0.000000	0.003591	56.9	188.8	247.5
565	-0.439825	-0.439848	0.000005	164.223994	83.988308	0.005345	0.000000	0.005345	34.2	181.6	217.5
566	-0.452535	-0.452559	0.000005	165.223990	83.537303	0.003758	0.000000	0.003758	60.2	167.3	231.6
567	-0.444534	-0.444558	0.000005	164.526142	83.851524	0.003731	0.000000	0.003730	79.0	172.2	254.5
568	-0.448169	-0.448193	0.000005	163.660885	84.244424	0.003976	0.000000	0.003976	50.6	142.7	195.9
569	-0.449664	-0.449688	0.000005	164.660885	83.790669	0.004520	0.000000	0.004520	73.4	163.9	239.3
570	-0.457351	-0.457375	0.000005	165.660885	83.341777	0.003827	0.000000	0.003827	48.8	137.5	188.0
571	-0.448844	-0.448868	0.000005	164.796015	83.729728	0.004054	0.000000	0.004054	68.5	124.2	194.6
572	-0.458609	-0.458633	0.000005	163.930747	84.121489	0.004370	0.000000	0.004370	86.1	93.9	181.5
573	-0.447097	-0.447120	0.000005	164.539083	83.845676	0.004582	0.000000	0.004582	67.4	124.5	195.3
574	-0.457882	-0.457906	0.000005	165.539083	83.396196	0.003836	0.000000	0.003836	85.4	128.2	216.8
575	-0.449036	-0.449060	0.000005	166.539083	82.951509	0.003557	0.000000	0.003557	69.6	117.7	189.3
576	-0.450360	-0.450384	0.000005	165.723572	83.313798	0.003992	0.000000	0.003992	52.4	149.4	203.3
577	-0.455242	-0.455266	0.000005	166.723533	82.870003	0.003447	0.000000	0.003447	60.9	172.8	235.5
578	-0.457089	-0.457113	0.000005	165.858372	83.253695	0.004353	0.000000	0.004353	74.7	157.9	234.2
579	-0.448537	-0.448560	0.000005	166.858372	82.810522	0.003000	0.000000	0.003000	102.7	132.3	236.9
580	-0.452560	-0.452584	0.000005	165.993102	83.193710	0.003535	0.000000	0.003535	50.0	150.7	202.3
581	-0.455192	-0.455215	0.000005	166.993098	82.751175	0.004659	0.000000	0.004659	79.2	192.6	274.2
582	-0.461179	-0.461203	0.000005	167.880846	82.362242	0.003830	0.000000	0.003830	52.4	136.2	190.0
583	-0.451867	-0.451891	0.000005	167.019375	82.739610	0.003633	0.000000	0.003633	56.8	148.5	206.7
584	-0.450086	-0.450110	0.000005	168.019362	82.301885	0.004341	0.000000	0.004341	32.9	156.3	191.1
585	-0.451954	-0.451977	0.000005	169.019362	81.868762	0.004044	0.000000	0.004044	49.5	160.1	211.2
586	-0.449335	-0.449359	0.000005	170.019362	81.440173	0.004199	0.000000	0.004199	63.6	160.3	225.8
587	-0.453377	-0.453400	0.000005	171.017895	81.016667	0.004802	0.000000	0.004802	58.9	132.2	192.6
588	-0.447879	-0.447902	0.000005	172.015399	80.597973	0.004182	0.000000	0.004182	76.6	107.9	186.3
589	-0.448197	-0.448220	0.000005	173.015399	80.182552	0.003870	0.000000	0.003870	75.4	133.1	210.0
590	-0.447499	-0.447523	0.000005	173.655819	79.918750	0.003930	0.000000	0.003930	66.0	123.1	190.8
591	-0.447635	-0.447659	0.000005	174.655819	79.510284	0.004962	0.000000	0.004962	63.3	159.4	224.2
592	-0.452317	-0.452341	0.000005	173.790548	79.863474	0.004402	0.000000	0.004402	59.2	143.2	204.8
593	-0.453389	-0.453412	0.000005	172.928988	80.218280	0.004692	0.000000	0.004692	62.7	97.6	168.3
594	-0.455219	-0.455243	0.000005	173.928988	79.806754	0.003444	0.000000	0.003444	59.7	157.8	219.8
595	-0.452048	-0.452072	0.000005	173.063719	80.162587	0.003775	0.000000	0.003775	73.0	152.0	226.6
596	-0.454257	-0.454281	0.000005	172.198473	80.521598	0.003832	0.000000	0.003833	80.1	145.6	227.2
597	-0.458556	-0.458579	0.000005	173.198472	80.106963	0.005169	0.000000	0.005169	127.5	188.2	317.4
598	-0.459491	-0.459515	0.000005	174.198472	79.696576	0.005000	0.000000	0.005000	80.0	113.8	195.6
599	-0.447803	-0.447827	0.000005	175.198472	79.290372	0.004135	0.000000	0.004135	86.6	124.5	212.6
600	-0.455921	-0.455944	0.000005	176.198472	78.888288	0.003646	0.000000	0.003646	63.3	160.9	243.9
601	-0.448470	-0.448494	0.000005	175.333201	79.235961	0.004602	0.000000	0.004602	50.2	148.2	207.1
602	-0.451049	-0.451072	0.000005	176.333201	78.834427	0.005643	0.000000	0.005643	80.1	137.6	219.5
603	-0.452940	-0.452964	0.000005	177.333201	78.436942	0.003741	0.000000	0.003741	80.5	156.3	238.4
604	-0.460259	-0.460283	0.000005	178.333201	78.043446	0.004150	0.000000	0.004150	96.5	163.0	261.3
605	-0.462726	-0.462750	0.000005	179.333187	77.653883	0.003646	0.000000	0.003646	71.7	203.6	277.0
606	-0.443935	-0.443959	0.000005	178.471087	77.989497	0.004523	0.000000	0.004523	77.4	133.8	212.8
607	-0.445450	-0.445474	0.000005	179.471087	77.600466	0.004625	0.000000	0.004625	48.6	150.3	200.5
608	-0.452505	-0.452529	0.000005	180.470674	77.215455	0.004441	0.000000	0.004441	62.4	106.7	170.7
609	-0.452768	-0.452792	0.000005	181.470674	76.834089	0.004586	0.000000	0.004586	52.7	128.2	182.4
610	-0.444833	-0.444856	0.000005	180.605403	77.163854	0.003703	0.000000	0.003703	67.9	142.1	212.7
611	-0.453010	-0.453034	0.000005	181.605403	76.782996	0.003638	0.000000	0.003638	80.7	164.7	247.5
612	-0.457260	-0.457284	0.000005	182.432128	76.470959	0.004798	0.000000	0.004798	62.7	132.3	197.0
613	-0.458462	-0.458486	0.000005	181.654082	76.764552	0.003998	0.000000	0.003998	69.4	162.9	234.5
614	-0.444302	-0.444325	0.000005	182.654082	76.387616	0.003551	0.000000	0.003551	52.4	158.0	212.6
615	-0.449270	-0.449294	0.000005	183.654082	76.014364	0.004222	0.000000	0.004222	44.9	120.4	166.8
616	-0.448251	-0.448274	0.000005	182.788811	76.337115	0.003946	0.000000	0.003946	72.6	90.0	164.1
617	-0.448845	-0.448869	0.000005	183.788784	75.964365	0.004434	0.000000	0.004434	75.5	136.1	213.2
618	-0.449371	-0.449395	0.000005	184.759137	75.606119	0.003364	0.000000	0.003364	56.5	152.6	210.8
619	-0.457946	-0.457970	0.000005	184.396746	75.739514	0.004036	0.000000	0.004036	92.2	171.9	265.7
620	-0.451733	-0.451757	0.000005	185.378922	75.379063	0.003632	0.000000	0.003632	44.9	143.4	189.9
621	-0.455971	-0.455995	0.000005	184.516648	75.695327	0.004305	0.000000	0.004305	24.2	168.2	193.9
622	-0.457970	-0.457994	0.000005	185.516648	75.328793	0.003097	0.000000	0.003097	56.1	130.7	189.5
623	-0.444921	-0.444945	0.000005	186.516648	74.965792	0.003764	0.000000	0.003764	47.3	116.9	165.9
624	-0.453066	-0.453090	0.000005	185.651377	75.279682	0.003979	0.000000	0.003979	52.0	151.9	206.4
625	-0.449642	-0.449666	0.000005	185.180275	75.451688	0.003845	0.000000	0.003845	63.3	123.3	188.2
626	-0.446704	-0.446728	0.000005	184.315047	75.769653	0.004178	0.000000	0.004178	92.0	145.6	239.2
627	-0.450568	-0.450592	0.000005	185.311712	75.403620	0.003730	0.000000	0.003730	73.0	136.9	213.4
628	-0.448370	-0.448394	0.000005	184.455235	75.717953	0.004023	0.000000	0.004023	56.2	155.1	212.9
629	-0.441331	-0.441355	0.000005	183.589965	76.038186	0.003374	0.000000	0.003374	53.8	124.0	179.5
630	-0.456343	-0.456367	0.000005	184.452029	75.719135	0.005063	0.000000	0.005063	73.0	133.0	208.7
631	-0.447346	-0.447371	0.000005	185.452029	75.352371	0.003918	0.000000	0.003918	78.9	156.7	237.2
632	-0.452162	-0.452187	0.000005	184.586758	75.669513	0.003753	0.000000	0.003753	65.5	169.2	236.4
633	-0.444434	-0.444458	0.000005	185.586743	75.303234	0.004242	0.000000	0.004242	69.2	178.2	250.1
634	-0.452678	-0.452703	0.000005	186.586743	74.940478	0.003652	0.000000	0.003652	76.8	135.8	214.3
635	-0.447471	-0.447495	0.000005	185.721472	75.254156	0.003187	0.000000	0.003187	24.2	128.7	168.2
636	-0.457166	-0.457190	0.000005	186.721471	74.891872	0.003942	0.000000	0.003942	65.6	165.8	244.3
637	-0.456095	-0.456120	0.000005	185.862213	75.202956	0.003301	0.000000	0.003301	69.6	171.9	243.7
638	-0.464218	-0.464243	0.000005	184.997629	75.518587	0.003767	0.000000	0.003767	64.5	171.1	237.2
639	-0.456920	-0.456945	0.000005	185.997571	75.153780	0.003611	0.000000	0.003611	51.5	134.7	187.9
640	-0.449067	-0.449092	0.000005	186.985565	74.796777	0.003988	0.000000	0.003988	53.4	106.6	170.4
641	-0.449686	-0.449710	0.000005	187.968681	74.444887	0.003591	0.000000	0.003590	66.3	129.9	197.6
642	-0.445409	-0.445433	0.000005	188.968681	74.090335	0.003665	0.000000	0.003665	68.0	96.4	165.9
643	-0.440933	-0.440957	0.000005	188.103617	74.396847	0.004889	0.000000	0.004889	98.6	181.3	281.7
644	-0.453882	-0.453906	0.000005	187.238958	74.705761	0.004614	0.000000	0.004614	55.2	135.2	192.8
645	-0.448619	-0.448643	0.000005	188.238958	74.348725	0.004782	0.000000	0.004782	83.1	135.6	221.9
646	-0.448375	-0.448400	0.000005	189.238958	73.995086	0.004410	0.000000	0.004410	73.4	106.5	181.7
647	-0.455860	-0.455885	0.000005	190.238958	73.644795	0.004810	0.000000	0.004810	50.9	143.7	196.6
648	-0.448508	-0.448533	0.000005	191.238958	73.297805	0.004142	0.000000	0.004142	45.7	179.1	229.3
649	-0.453327	-0.453351	0.000005	192.238957	72.954070	0.003693	0.000000	0.003693	29.9	135.9	167.6
650	-0.450170	-0.450194	0.000005	192.777906	72.770148	0.004397	0.000000	0.004397	60.8	149.4	211.9
651	-0.459915	-0.459939	0.000005	191.972093	73.045485	0.004189	0.000000	0.004189	86.6	170.4	258.5
652	-0.452006	-0.452030	0.000005	191.975446	73.044335	0.003473	0.000000	0.003473	76.3	153.5	231.5
653	-0.449762	-0.449787	0.000005	191.112440	73.341525	0.004441	0.000000	0.004441	81.5	163.8	246.9
654	-0.453792	-0.453816	0.000005	192.111220	72.997798	0.004276	0.000000	0.004276	89.0	127.4	217.9
655	-0.452549	-0.452573	0.000005	191.256107	73.291883	0.004511	0.000000	0.004512	60.2	105.2	166.9
656	-0.455608	-0.455633	0.000005	192.256107	72.948203	0.004266	0.000000	0.004266	63.1	199.8	269.0
657	-0.455835	-0.455859	0.000005	193.255766	72.607847	0.003990	0.000000	0.003990	66.9	188.7	257.3
658	-0.456702	-0.456726	0.000005	194.255766	72.270537	0.003311	0.000000	0.003311	73.9	167.5	243.7
659	-0.448974	-0.448999	0.000005	193.428910	72.549218	0.003936	0.000000	0.003936	84.5	151.0	237.0
660	-0.455092	-0.455116	0.000005	192.584721	72.835968	0.004901	0.000000	0.004901	82.5	144.1	228.2
661	-0.451049	-0.451073	0.000005	191.719450	73.132240	0.004127	0.000000	0.004127	84.9	116.1	202.9
662	-0.456683	-0.456708	0.000005	190.854179	73.430932	0.003522	0.000000	0.003522	79.2	129.2	210.1
663	-0.450504	-0.450528	0.000005	191.854178	73.085950	0.004079	0.000000	0.004079	43.8	183.9	229.5
664	-0.451330	-0.451355	0.000005	190.990722	73.383636	0.004176	0.000000	0.004176	64.7	179.7	246.3
665	-0.454473	-0.454497	0.000005	191.990554	73.039154	0.003716	0.000000	0.003716	42.0	122.1	165.7
666	-0.452548	-0.452572	0.000005	192.990485	72.697858	0.004489	0.000000	0.004489	60.2	135.7	197.7
667	-0.450874	-0.450898	0.000005	193.990485	72.359713	0.003566	0.000000	0.003565	77.7	115.4	194.8
668	-0.443859	-0.443884	0.000005	193.125218	72.652115	0.004188	0.000000	0.004188	54.2	161.6	217.3
669	-0.453358	-0.453382	0.000005	194.125217	72.314395	0.003822	0.000000	0.003822	82.8	133.3	217.5
670	-0.443549	-0.443573	0.000005	195.125216	71.979800	0.003747	0.000000	0.003747	59.6	134.1	195.5
671	-0.440552	-0.440576	0.000005	196.125196	71.648294	0.003992	0.000000	0.003992	66.7	155.3	223.6
672	-0.456993	-0.457018	0.000005	197.124255	71.320128	0.004440	0.000000	0.004440	84.6	187.4	273.6
673	-0.459715	-0.459739	0.000005	198.124251	70.994652	0.004268	0.000000	0.004268	47.3	138.0	187.1
674	-0.450408	-0.450433	0.000005	199.123813	70.672272	0.004821	0.000000	0.004821	66.8	148.2	217.4
675	-0.456725	-0.456749	0.000005	198.258542	70.951169	0.003881	0.000000	0.003881	52.4	116.2	170.8
676	-0.457698	-0.457723	0.000005	199.258503	70.629054	0.003541	0.000000	0.003541	108.9	186.8	297.3
677	-0.453460	-0.453484	0.000005	198.847108	70.761221	0.003161	0.000000	0.003161	64.5	138.1	205.6
678	-0.448502	-0.448527	0.000005	197.981892	71.040805	0.003718	0.000000	0.003719	46.3	127.3	175.0
679	-0.450664	-0.450688	0.000005	197.126807	71.319294	0.004388	0.000000	0.004388	53.8	99.0	154.4
680	-0.450393	-0.450418	0.000005	196.261579	71.603318	0.003627	0.000000	0.003627	54.6	112.1	168.2
681	-0.444718	-0.444743	0.000005	197.210336	71.291994	0.004032	0.000000	0.004032	85.3	123.3	210.1
682	-0.451123	-0.451147	0.000005	198.208282	70.967436	0.004120	0.000000	0.004119	56.8	151.0	209.5
683	-0.448869	-0.448894	0.000005	199.208282	70.645162	0.004089	0.000000	0.004089	60.0	126.8	188.4
684	-0.450392	-0.450416	0.000005	199.678295	70.494698	0.003683	0.000000	0.003683	20.3	144.5	166.4
685	-0.457612	-0.457637	0.000005	200.447260	70.249909	0.004526	0.000000	0.004526	69.9	93.8	165.5
686	-0.456577	-0.456601	0.000005	201.447121	69.934148	0.004525	0.000000	0.004525	49.7	118.9	178.6
687	-0.457056	-0.457080	0.000005	202.447006	69.621205	0.004112	0.000000	0.004112	61.2	128.0	191.0
688	-0.447057	-0.447081	0.000005	201.581735	69.891853	0.004143	0.000000	0.004143	68.8	92.4	163.3
689	-0.448286	-0.448310	0.000005	202.581596	69.579295	0.003774	0.000000	0.003774	37.2	146.0	185.3
690	-0.453561	-0.453586	0.000005	201.716325	69.849616	0.004494	0.000000	0.004494	67.3	119.8	188.9
691	-0.447673	-0.447698	0.000005	200.851091	70.122034	0.004381	0.000000	0.004382	30.5	129.0	161.4
692	-0.455889	-0.455914	0.000005	201.851091	69.807376	0.004304	0.000000	0.004304	24.5	103.0	138.4
693	-0.439053	-0.439078	0.000005	202.839044	69.499269	0.004295	0.000000	0.004295	62.8	133.5	200.3
694	-0.453706	-0.453731	0.000005	203.839044	69.190162	0.003895	0.000000	0.003895	46.4	137.6	185.8
695	-0.448312	-0.448336	0.000005	204.839044	68.883793	0.004449	0.000000	0.004448	15.2	99.8	116.7
696	-0.452623	-0.452648	0.000005	205.839044	68.580124	0.003672	0.000000	0.003672	55.6	94.4	151.7
697	-0.464750	-0.464775	0.000005	204.973775	68.842722	0.004814	0.000000	0.004814	34.6	131.5	168.4
698	-0.457987	-0.458011	0.000005	205.973775	68.539415	0.004648	0.000000	0.004648	62.4	108.8	172.7
699	-0.450222	-0.450247	0.000005	206.973775	68.238769	0.004606	0.000000	0.004606	45.6	123.7	170.8
700	-0.462406	-0.462431	0.000005	206.108504	68.498755	0.003719	0.000000	0.003719	39.2	120.2	161.0
701	-0.440388	-0.440413	0.000005	207.107210	68.198852	0.004771	0.000000	0.004771	38.3	103.2	143.3
702	-0.448024	-0.448049	0.000005	206.241943	68.458532	0.004387	0.000000	0.004387	44.1	136.1	181.7
703	-0.449666	-0.449691	0.000005	207.241943	68.158594	0.004084	0.000000	0.004083	55.1	115.1	171.9
704	-0.452110	-0.452134	0.000005	208.237957	67.862452	0.004130	0.000000	0.004129	65.6	123.2	191.8
705	-0.459113	-0.459138	0.000005	207.376620	68.118400	0.003822	0.000000	0.003822	56.3	115.5	173.4
706	-0.447351	-0.447375	0.000005	208.376620	67.821428	0.004328	0.000000	0.004328	37.7	81.3	120.5
707	-0.452382	-0.452407	0.000005	209.376620	67.527034	0.004425	0.000000	0.004425	61.4	104.8	168.1
708	-0.459559	-0.459584	0.000005	210.376618	67.235186	0.004625	0.000000	0.004625	76.2	131.5	209.3
709	-0.452650	-0.452675	0.000005	211.376618	66.945848	0.004073	0.000000	0.004072	53.8	106.7	162.2
710	-0.443330	-0.443355	0.000005	212.376618	66.658991	0.003442	0.000000	0.003442	43.2	114.3	159.5
711	-0.453266	-0.453291	0.000005	213.376597	66.374587	0.005182	0.000000	0.005182	48.4	114.3	165.0
712	-0.453912	-0.453937	0.000005	214.376431	66.092640	0.004652	0.000000	0.004652	55.6	107.4	165.0
713	-0.454920	-0.454945	0.000005	213.704338	66.281902	0.004332	0.000000	0.004331	77.8	88.8	168.2
714	-0.468339	-0.468364	0.000005	214.704338	66.000694	0.004123	0.000000	0.004123	49.7	93.2	144.5
715	-0.453016	-0.453041	0.000005	213.839067	66.243875	0.004628	0.000000	0.004628	45.0	99.2	145.9
716	-0.458533	-0.458558	0.000005	213.326505	66.388776	0.004483	0.000000	0.004483	43.1	125.3	169.9
717	-0.453493	-0.453517	0.000005	212.461234	66.634831	0.003520	0.000000	0.003520	48.7	124.9	175.3
718	-0.450078	-0.450103	0.000005	213.461229	66.350628	0.003358	0.000000	0.003358	65.1	94.9	161.6
719	-0.449246	-0.449271	0.000005	214.461229	66.068838	0.004136	0.000000	0.004136	72.1	115.7	189.2
720	-0.454293	-0.454318	0.000005	215.454517	65.791299	0.004302	0.000000	0.004302	58.6	113.0	174.7
721	-0.451936	-0.451960	0.000005	216.454517	65.514230	0.003452	0.000000	0.003452	97.0	127.3	226.6
722	-0.450974	-0.450999	0.000005	215.598421	65.751283	0.004716	0.000000	0.004716	59.6	100.6	162.5
723	-0.451528	-0.451553	0.000005	216.598386	65.474560	0.004195	0.000000	0.004195	66.5	96.5	164.5
724	-0.456541	-0.456566	0.000005	217.598386	65.200147	0.004104	0.000000	0.004104	67.9	100.2	169.7
725	-0.461630	-0.461655	0.000005	218.598384	64.928025	0.003983	0.000000	0.003983	54.8	108.8	165.7
726	-0.447656	-0.447681	0.000005	219.598384	64.658164	0.004357	0.000000	0.004357	78.4	141.8	221.8
727	-0.456502	-0.456527	0.000005	220.598384	64.390538	0.004898	0.000000	0.004898	45.3	119.6	166.4
728	-0.445515	-0.445540	0.000005	221.598384	64.125117	0.003593	0.000000	0.003593	56.5	148.0	206.0
729	-0.455924	-0.455949	0.000005	222.597992	63.861979	0.003944	0.000000	0.003944	63.9	106.6	172.1
730	-0.451132	-0.451157	0.000005	221.732909	64.089579	0.003979	0.000000	0.003979	43.6	115.7	163.3
731	-0.452332	-0.452357	0.000005	222.732908	63.826629	0.004420	0.000000	0.004420	45.2	111.9	158.6
732	-0.462974	-0.462999	0.000005	223.732908	63.565828	0.004174	0.000000	0.004174	60.8	99.7	162.0
733	-0.455191	-0.455216	0.000005	224.685724	63.319307	0.004732	0.000000	0.004732	77.5	101.1	180.2
734	-0.452967	-0.452992	0.000005	225.685076	63.062793	0.003148	0.000000	0.003148	72.3	107.8	181.6
735	-0.451172	-0.451197	0.000005	224.821704	63.284281	0.004021	0.000000	0.004021	48.3	103.2	153.4
736	-0.453563	-0.453588	0.000005	223.958037	63.507407	0.004153	0.000000	0.004153	80.9	214.2	296.7
737	-0.446774	-0.446799	0.000005	224.958034	63.249204	0.003940	0.000000	0.003941	74.5	221.1	297.3
738	-0.448407	-0.448432	0.000005	224.092763	63.472498	0.004518	0.000000	0.004518	66.4	217.5	285.9
739	-0.453605	-0.453630	0.000005	223.227492	63.697374	0.004839	0.000000	0.004839	45.8	165.1	212.4
740	-0.453830	-0.453855	0.000005	224.227492	63.437626	0.003809	0.000000	0.003809	89.5	196.4	287.3
741	-0.453111	-0.453136	0.000005	225.227279	63.180042	0.004455	0.000000	0.004455	107.7	229.6	338.9
742	-0.455471	-0.455496	0.000005	224.362008	63.402847	0.004464	0.000000	0.004464	59.6	192.0	253.2
743	-0.456953	-0.456977	0.000005	223.496737	63.627229	0.003941	0.000000	0.003942	68.3	118.3	190.0
744	-0.451404	-0.451429	0.000005	224.496656	63.368072	0.004166	0.000000	0.004166	72.8	200.5	275.1
745	-0.441552	-0.441577	0.000005	225.496656	63.110998	0.003678	0.000000	0.003678	60.5	152.8	215.0
746	-0.454453	-0.454478	0.000005	224.840388	63.279472	0.005089	0.000000	0.005089	74.3	171.4	248.7
747	-0.446396	-0.446421	0.000005	225.338278	63.151573	0.003899	0.000000	0.003899	59.5	177.6	238.8
748	-0.457093	-0.457118	0.000005	226.338278	62.896249	0.004281	0.000000	0.004281	54.7	83.6	141.4
749	-0.451671	-0.451696	0.000005	225.473202	63.117003	0.003751	0.000000	0.003751	68.1	168.9	238.9
750	-0.452382	-0.452407	0.000005	226.473202	62.861957	0.004224	0.000000	0.004224	73.1	151.5	236.9
751	-0.454939	-0.454964	0.000005	225.619123	63.079658	0.003796	0.000000	0.003796	90.4	104.1	198.8
752	-0.454289	-0.454314	0.000005	226.619123	62.824913	0.004315	0.000000	0.004315	54.9	167.1	223.5
753	-0.448251	-0.448276	0.000005	225.753852	63.045216	0.003775	0.000000	0.003774	53.3	164.0	220.1
754	-0.450063	-0.450088	0.000005	226.753848	62.790750	0.004294	0.000000	0.004294	88.5	154.8	244.8
755	-0.455543	-0.455567	0.000005	227.753848	62.538329	0.003952	0.000000	0.003951	97.7	168.1	267.3
756	-0.449646	-0.449671	0.000005	228.753821	62.287935	0.004649	0.000000	0.004649	76.5	159.3	238.2
757	-0.451564	-0.451589	0.000005	229.753821	62.039533	0.004217	0.000000	0.004217	26.2	197.3	225.8
758	-0.455834	-0.455858	0.000005	228.888596	62.254341	0.003903	0.000000	0.003903	69.1	186.8	257.5
759	-0.451853	-0.451878	0.000005	229.888596	62.006206	0.003703	0.000000	0.003703	89.3	166.7	258.0
760	-0.449239	-0.449264	0.000005	229.023892	62.220653	0.003817	0.000000	0.003817	61.7	185.5	248.7
761	-0.445692	-0.445716	0.000005	228.158630	62.436729	0.003895	0.000000	0.003895	45.4	162.6	209.5
762	-0.458332	-0.458357	0.000005	229.158630	62.187140	0.003625	0.000000	0.003625	62.5	157.5	221.5
763	-0.449481	-0.449506	0.000005	230.158630	61.939539	0.004188	0.000000	0.004188	52.6	153.0	207.1
764	-0.458055	-0.458080	0.000005	230.518341	61.850956	0.004470	0.000000	0.004470	32.4	126.2	160.4
765	-0.460484	-0.460509	0.000005	231.494649	61.611800	0.002926	0.000000	0.002926	69.8	128.0	199.4
766	-0.447811	-0.447836	0.000005	232.494649	61.368750	0.003806	0.000000	0.003806	69.6	171.9	245.6
767	-0.450028	-0.450053	0.000005	233.482108	61.130623	0.003926	0.000000	0.003926	54.6	123.3	181.5
768	-0.443768	-0.443793	0.000005	233.797691	61.054909	0.003542	0.000000	0.003542	63.9	99.2	164.6
769	-0.451558	-0.451583	0.000005	234.658393	60.849361	0.004616	0.000000	0.004616	75.2	98.1	175.6
770	-0.451726	-0.451751	0.000005	235.290290	60.699334	0.004513	0.000000	0.004513	88.6	135.4	229.8
771	-0.447375	-0.447400	0.000005	236.290290	60.463416	0.004670	0.000000	0.004670	60.3	124.8	187.1
772	-0.452516	-0.452541	0.000005	237.290290	60.229325	0.004201	0.000000	0.004201	68.1	126.1	195.7
773	-0.453795	-0.453820	0.000005	238.290289	59.997040	0.004855	0.000000	0.004855	54.1	176.6	232.9
774	-0.442506	-0.442532	0.000005	239.290268	59.766544	0.003936	0.000000	0.003936	32.0	172.9	207.3
775	-0.445267	-0.445293	0.000005	240.290268	59.537808	0.004056	0.000000	0.004056	39.9	113.7	155.5
776	-0.450320	-0.450346	0.000005	241.290258	59.310818	0.003837	0.000000	0.003837	59.4	135.8	196.7
777	-0.451626	-0.451651	0.000005	240.426036	59.506888	0.003936	0.000000	0.003936	64.3	189.4	255.5
778	-0.456222	-0.456247	0.000005	239.567229	59.703017	0.003222	0.000000	0.003222	88.5	187.5	277.6
779	-0.452032	-0.452057	0.000005	240.567226	59.474767	0.004246	0.000000	0.004246	59.9	188.6	250.0
780	-0.452569	-0.452594	0.000005	241.567225	59.248255	0.004619	0.000000	0.004619	68.3	126.0	195.8
781	-0.447474	-0.447499	0.000005	240.701957	59.444148	0.004445	0.000000	0.004445	62.0	120.4	183.9
782	-0.460988	-0.461014	0.000005	241.701957	59.217868	0.003846	0.000000	0.003846	71.6	136.2	210.0
783	-0.460725	-0.460750	0.000005	240.836734	59.413550	0.003735	0.000000	0.003735	43.8	159.5	206.4
784	-0.457079	-0.457105	0.000005	241.836734	59.187503	0.003880	0.000000	0.003880	30.8	153.5	186.9
785	-0.446586	-0.446611	0.000005	242.824273	58.965954	0.004793	0.000000	0.004793	58.4	174.7	234.5
786	-0.454139	-0.454165	0.000005	243.824273	58.743293	0.004758	0.000000	0.004758	76.0	143.9	221.4
787	-0.455720	-0.455746	0.000005	244.824273	58.522307	0.003834	0.000000	0.003834	76.5	103.5	181.7
788	-0.461002	-0.461027	0.000005	245.824273	58.302978	0.003927	0.000000	0.003927	74.9	178.9	256.2
789	-0.447884	-0.447910	0.000005	246.823245	58.085510	0.004471	0.000000	0.004471	45.6	121.1	168.2
790	-0.451539	-0.451565	0.000005	245.957976	58.273778	0.003910	0.000000	0.003910	107.6	155.1	265.0
791	-0.456056	-0.456081	0.000005	245.092705	58.463271	0.004882	0.000000	0.004882	72.0	119.8	193.2
792	-0.445961	-0.445986	0.000005	246.092645	58.244396	0.004659	0.000000	0.004659	59.1	111.9	172.6
793	-0.442779	-0.442805	0.000005	245.227374	58.433697	0.004430	0.000000	0.004430	61.9	116.7	180.1
794	-0.455583	-0.455608	0.000005	244.579001	58.576355	0.003891	0.000000	0.003891	70.9	117.5	190.0
795	-0.457596	-0.457622	0.000005	245.475220	58.379349	0.003897	0.000000	0.003897	118.2	142.7	263.7
796	-0.455334	-0.455359	0.000005	246.451455	58.166256	0.004444	0.000000	0.004444	84.2	156.7	243.1
797	-0.448576	-0.448602	0.000005	245.622241	58.347157	0.004163	0.000000	0.004163	56.1	164.6	223.2
798	-0.447976	-0.448001	0.000005	246.622240	58.129137	0.004309	0.000000	0.004309	58.7	148.8	209.4
799	-0.449149	-0.449175	0.000005	247.591897	57.919282	0.003889	0.000000	0.003889	64.2	156.9	222.8
800	-0.449666	-0.449692	0.000005	248.591897	57.704442	0.003947	0.000000	0.003947	69.2	122.5	193.2
801	-0.448170	-0.448196	0.000005	247.726637	57.890241	0.004669	0.000000	0.004669	72.2	115.4	189.2
802	-0.455444	-0.455470	0.000005	246.861373	58.077242	0.003798	0.000000	0.003798	85.1	119.3	206.4
803	-0.444709	-0.444734	0.000005	245.996121	58.265453	0.004053	0.000000	0.004053	46.3	159.6	208.6
804	-0.452929	-0.452955	0.000005	246.996049	58.048057	0.003765	0.000000	0.003765	62.5	179.5	243.6
805	-0.461576	-0.461602	0.000005	246.130796	58.236078	0.004026	0.000000	0.004026	43.8	100.7	146.1
806	-0.445882	-0.445908	0.000005	245.265525	58.425325	0.005028	0.000000	0.005028	80.1	121.5	203.2
807	-0.459902	-0.459928	0.000005	246.265525	58.206721	0.003525	0.000000	0.003526	90.1	150.1	241.7
808	-0.457590	-0.457616	0.000005	247.265455	57.989762	0.003619	0.000000	0.003619	77.4	111.7	191.2
809	-0.455345	-0.455371	0.000005	246.698135	58.112657	0.003814	0.000000	0.003814	115.8	122.9	240.4
810	-0.455237	-0.455263	0.000005	247.697052	57.896615	0.004080	0.000000	0.004080	90.4	113.2	205.3
811	-0.450441	-0.450467	0.000005	247.016134	58.043707	0.004399	0.000000	0.004399	101.1	161.1	267.6
812	-0.461860	-0.461886	0.000005	246.150863	58.231703	0.004208	0.000000	0.004208	74.7	136.0	212.5
813	-0.460977	-0.461003	0.000005	247.150863	58.014543	0.004123	0.000000	0.004123	77.8	128.0	207.7
814	-0.462281	-0.462307	0.000005	246.288580	58.201700	0.004934	0.000000	0.004934	72.7	192.9	267.3
815	-0.463575	-0.463601	0.000005	245.423309	58.390724	0.004761	0.000000	0.004761	42.1	166.4	210.8
816	-0.449904	-0.449930	0.000005	246.423309	58.172378	0.003564	0.000000	0.003564	83.5	134.1	220.9
817	-0.445410	-0.445435	0.000005	245.598189	58.352421	0.004694	0.000000	0.004694	59.8	165.5	227.5
818	-0.450672	-0.450698	0.000005	246.598189	58.134361	0.003740	0.000000	0.003740	55.9	171.9	229.3
819	-0.452650	-0.452676	0.000005	247.598189	57.917925	0.003966	0.000000	0.003966	105.7	111.1	218.5
820	-0.454200	-0.454225	0.000005	246.834647	58.083038	0.004936	0.000000	0.004936	73.1	145.2	221.0
821	-0.452435	-0.452461	0.000005	247.834470	57.867021	0.004012	0.000000	0.004012	42.7	189.8	234.1
822	-0.451774	-0.451799	0.000005	248.834458	57.652570	0.003856	0.000000	0.003856	83.6	160.5	247.3
823	-0.453352	-0.453378	0.000005	249.748959	57.457838	0.003566	0.000000	0.003566	36.9	139.3	178.4
824	-0.456290	-0.456315	0.000005	249.002038	57.616787	0.004974	0.000000	0.004974	44.8	150.7	197.1
825	-0.458172	-0.458198	0.000005	250.001725	57.404247	0.003626	0.000000	0.003626	82.9	215.3	299.9
826	-0.452833	-0.452859	0.000005	249.136767	57.588051	0.003846	0.000000	0.003846	58.9	183.5	244.5
827	-0.453611	-0.453636	0.000005	250.075804	57.388559	0.004766	0.000000	0.004766	70.1	148.1	220.1
828	-0.445271	-0.445297	0.000005	251.075804	57.177631	0.004710	0.000000	0.004710	50.0	153.9	205.6
829	-0.452281	-0.452307	0.000005	252.075804	56.968247	0.004686	0.000000	0.004686	79.9	119.3	201.9
830	-0.459428	-0.459454	0.000005	252.989585	56.778252	0.003886	0.000000	0.003886	82.1	135.0	218.6
831	-0.450507	-0.450532	0.000005	252.124333	56.958125	0.004001	0.000000	0.004001	69.4	136.4	209.3
832	-0.447156	-0.447182	0.000005	251.318369	57.126700	0.005575	0.000000	0.005575	73.6	132.9	212.2
833	-0.458608	-0.458634	0.000005	252.318369	56.917689	0.004438	0.000000	0.004438	83.8	155.2	240.9
834	-0.445238	-0.445264	0.000005	251.453098	57.098451	0.004095	0.000000	0.004095	76.6	115.2	193.4
835	-0.448317	-0.448342	0.000005	250.701289	57.256445	0.003669	0.000000	0.003669	92.3	134.6	228.5
836	-0.455081	-0.455107	0.000005	249.836018	57.439369	0.004885	0.000000	0.004885	64.2	151.9	217.8
837	-0.445617	-0.445642	0.000005	248.970784	57.623457	0.003754	0.000000	0.003753	104.4	203.3	309.6
838	-0.447925	-0.447951	0.000005	248.157143	57.797648	0.003666	0.000000	0.003666	29.2	151.5	182.4
839	-0.449956	-0.449982	0.000005	249.156978	57.583742	0.004071	0.000000	0.004071	88.8	179.3	269.7
840	-0.454423	-0.454449	0.000005	250.146098	57.373681	0.003532	0.000000	0.003532	69.0	132.3	202.8
841	-0.448389	-0.448415	0.000005	251.146098	57.162862	0.004283	0.000000	0.004283	83.7	147.9	233.3
842	-0.452430	-0.452456	0.000005	252.145155	56.953783	0.004418	0.000000	0.004418	77.2	140.3	219.2
843	-0.454349	-0.454375	0.000005	253.145155	56.746032	0.004651	0.000000	0.004651	56.4	136.7	194.8
844	-0.453817	-0.453842	0.000005	252.299567	56.921604	0.004342	0.000000	0.004342	96.3	157.8	255.7
845	-0.457366	-0.457391	0.000005	253.299567	56.714088	0.004551	0.000000	0.004551	69.0	124.0	194.7
846	-0.453711	-0.453737	0.000005	252.434303	56.893556	0.003672	0.000000	0.003672	87.8	131.2	220.9
847	-0.457186	-0.457212	0.000005	253.434297	56.686245	0.003837	0.000000	0.003837	63.7	155.6	220.9
848	-0.456886	-0.456912	0.000005	254.434297	56.480438	0.003357	0.000000	0.003357	70.6	129.5	201.9
849	-0.448281	-0.448307	0.000005	255.434263	56.276127	0.004218	0.000000	0.004218	60.9	115.6	178.4
850	-0.454609	-0.454635	0.000005	255.213987	56.321007	0.004377	0.000000	0.004377	52.0	129.5	183.5
851	-0.454447	-0.454473	0.000005	256.213987	56.117839	0.004336	0.000000	0.004336	68.2	166.6	238.6
852	-0.446512	-0.446538	0.000005	255.348718	56.293548	0.003562	0.000000	0.003562	55.9	178.2	236.5
853	-0.457324	-0.457350	0.000005	254.720850	56.421739	0.004555	0.000000	0.004555	83.4	171.6	256.7
854	-0.447660	-0.447686	0.000005	253.855656	56.599344	0.003742	0.000000	0.003742	82.6	120.2	204.4
855	-0.447549	-0.447575	0.000005	252.990393	56.778085	0.003067	0.000000	0.003067	130.7	249.3	381.6
856	-0.459977	-0.460003	0.000005	252.161544	56.950366	0.003799	0.000000	0.003799	118.9	188.2	309.0
857	-0.454055	-0.454081	0.000005	251.765459	57.033064	0.004287	0.000000	0.004288	50.7	96.1	148.4
858	-0.459011	-0.459037	0.000005	252.765104	56.824809	0.004187	0.000000	0.004187	67.4	157.4	226.3
859	-0.455575	-0.455600	0.000005	253.764646	56.618091	0.003857	0.000000	0.003857	74.9	99.1	175.8
860	-0.461088	-0.461113	0.000005	254.764646	56.412778	0.003833	0.000000	0.003833	70.9	163.7	236.8
861	-0.454252	-0.454278	0.000005	255.611758	56.240016	0.003704	0.000000	0.003704	115.9	99.0	216.4
862	-0.461422	-0.461447	0.000005	254.938998	56.377134	0.004201	0.000000	0.004201	79.8	143.8	226.1
863	-0.453971	-0.453997	0.000005	254.389373	56.489652	0.005469	0.000000	0.005469	79.9	148.2	230.5
864	-0.457488	-0.457514	0.000005	255.389373	56.285268	0.003992	0.000000	0.003991	60.5	117.3	179.2
865	-0.454593	-0.454619	0.000005	255.878322	56.185872	0.004453	0.000000	0.004453	103.3	163.8	269.2
866	-0.464933	-0.464959	0.000005	256.877593	55.983823	0.004115	0.000000	0.004114	64.3	120.2	186.0
867	-0.454638	-0.454665	0.000005	257.877591	55.783076	0.003589	0.000000	0.003589	131.4	156.3	289.3
868	-0.464055	-0.464081	0.000005	258.766530	55.605829	0.004634	0.000000	0.004634	80.4	163.9	247.1
869	-0.451086	-0.451111	0.000005	259.766529	55.407779	0.004747	0.000000	0.004747	48.4	126.8	176.8
870	-0.451742	-0.451768	0.000005	260.764028	55.211625	0.004479	0.000000	0.004479	46.4	135.7	183.8
871	-0.453524	-0.453550	0.000005	259.898757	55.381697	0.004119	0.000000	0.004119	71.0	151.3	223.9
872	-0.451941	-0.451967	0.000005	259.033610	55.552795	0.005179	0.000000	0.005179	57.2	126.1	184.9
873	-0.448395	-0.448421	0.000005	259.267676	55.506400	0.003954	0.000000	0.003954	109.9	137.0	249.1
874	-0.452276	-0.452302	0.000005	258.402414	55.678294	0.002847	0.000000	0.002847	101.4	139.0	241.8
875	-0.461517	-0.461543	0.000005	257.751525	55.808304	0.004275	0.000000	0.004275	63.2	289.8	354.7
876	-0.453370	-0.453396	0.000005	258.751454	55.608826	0.004056	0.000000	0.004056	43.1	187.0	232.0
877	-0.455081	-0.455108	0.000005	259.352414	55.489623	0.004058	0.000000	0.004058	83.4	161.1	246.1
878	-0.451521	-0.451546	0.000005	260.352414	55.292399	0.004250	0.000000	0.004250	74.9	160.4	236.9
879	-0.450676	-0.450702	0.000005	259.722523	55.416465	0.003968	0.000000	0.003968	91.7	172.7	266.1
880	-0.458889	-0.458915	0.000005	260.716631	55.220914	0.003336	0.000000	0.003336	57.8	138.2	197.7
881	-0.446027	-0.446053	0.000005	261.716631	55.025592	0.004344	0.000000	0.004344	53.6	114.7	169.8
882	-0.447808	-0.447834	0.000005	260.851375	55.194515	0.004843	0.000000	0.004843	67.6	167.7	237.5
883	-0.453224	-0.453250	0.000005	261.851375	54.999378	0.003575	0.000000	0.003575	69.5	183.2	254.2
884	-0.448717	-0.448743	0.000005	262.829527	54.809836	0.005993	0.000000	0.005993	82.0	148.0	231.7
885	-0.443666	-0.443692	0.000005	263.829525	54.617406	0.003857	0.000000	0.003857	70.8	144.1	217.9
886	-0.447561	-0.447587	0.000005	262.964428	54.783798	0.004216	0.000000	0.004216	68.9	136.3	207.8
887	-0.450795	-0.450821	0.000005	263.964428	54.591550	0.004713	0.000000	0.004713	93.6	119.6	215.1
888	-0.450735	-0.450761	0.000005	264.823589	54.427453	0.004246	0.000000	0.004246	129.4	193.2	324.6
889	-0.454303	-0.454329	0.000005	265.823589	54.237693	0.004300	0.000000	0.004300	62.6	151.8	216.2
890	-0.442982	-0.443008	0.000005	264.958318	54.401809	0.004200	0.000000	0.004200	80.4	142.8	225.7
891	-0.457101	-0.457127	0.000005	264.093048	54.566921	0.004341	0.000000	0.004341	19.3	195.3	220.8
892	-0.450822	-0.450848	0.000005	265.093048	54.376190	0.004577	0.000000	0.004577	75.2	159.9	236.6
893	-0.448430	-0.448456	0.000005	266.093048	54.186787	0.003863	0.000000	0.003863	60.1	140.6	202.5
894	-0.461500	-0.461526	0.000005	265.227777	54.350595	0.003422	0.000000	0.003422	91.6	111.6	216.1
895	-0.459288	-0.459314	0.000005	266.227773	54.161371	0.003403	0.000000	0.003403	71.9	157.8	231.3
896	-0.456422	-0.456448	0.000005	265.363239	54.324884	0.004163	0.000000	0.004163	59.3	180.7	241.6
897	-0.454366	-0.454392	0.000005	265.421666	54.313803	0.003503	0.000000	0.003503	49.5	139.8	190.8
898	-0.456515	-0.456541	0.000005	266.421661	54.124834	0.004166	0.000000	0.004166	57.0	135.2	194.5
899	-0.452738	-0.452764	0.000005	265.556590	54.288229	0.004314	0.000000	0.004314	59.3	120.7	182.0
900	-0.456701	-0.456728	0.000005	266.556590	54.099438	0.003558	0.000000	0.003558	70.5	148.8	220.9
901	-0.450557	-0.450583	0.000005	267.197083	53.979206	0.003238	0.000000	0.003238	106.2	160.4	268.2
902	-0.448962	-0.448988	0.000005	268.197062	53.792558	0.003854	0.000000	0.003854	55.8	110.2	167.7
903	-0.440173	-0.440200	0.000005	269.197053	53.607194	0.004045	0.000000	0.004045	73.6	94.1	169.2
904	-0.458940	-0.458967	0.000005	270.194169	53.423631	0.004691	0.000000	0.004691	70.9	171.0	243.5
905	-0.463148	-0.463175	0.000005	271.193317	53.240950	0.004141	0.000000	0.004141	63.9	127.4	193.0
906	-0.458552	-0.458578	0.000005	272.193317	53.059360	0.003988	0.000000	0.003988	92.6	108.1	203.7
907	-0.453043	-0.453069	0.000005	273.193317	52.879005	0.004145	0.000000	0.004145	83.2	117.7	202.5
908	-0.447209	-0.447235	0.000005	272.328159	53.034969	0.003541	0.000000	0.003541	78.1	154.5	237.5
909	-0.450808	-0.450835	0.000005	273.232769	52.871915	0.003651	0.000000	0.003651	63.6	174.0	239.6
910	-0.449174	-0.449200	0.000005	273.921170	52.748502	0.003626	0.000000	0.003626	60.2	112.4	174.2
911	-0.455383	-0.455409	0.000005	274.920438	52.570380	0.003401	0.000000	0.003401	54.5	141.6	198.2
912	-0.452630	-0.452656	0.000005	275.849776	52.405799	0.003705	0.000000	0.003705	46.4	150.8	198.8
913	-0.448632	-0.448658	0.000005	275.064563	52.544788	0.004724	0.000000	0.004724	58.1	143.1	203.2
914	-0.458704	-0.458730	0.000005	274.505707	52.644161	0.004289	0.000000	0.004289	55.2	111.1	167.8
915	-0.447213	-0.447239	0.000005	273.959835	52.741587	0.004334	0.000000	0.004335	41.1	148.9	191.4
916	-0.452243	-0.452269	0.000005	274.959835	52.563382	0.004272	0.000000	0.004272	65.8	164.8	248.0
917	-0.448357	-0.448384	0.000005	275.959764	52.386389	0.004659	0.000000	0.004659	64.8	150.2	216.9
918	-0.459977	-0.460004	0.000005	276.959764	52.210572	0.004961	0.000000	0.004961	40.1	79.8	121.4
919	-0.456518	-0.456545	0.000005	277.959764	52.035932	0.005018	0.000000	0.005018	53.3	143.9	198.8
920	-0.454319	-0.454345	0.000005	278.959764	51.862455	0.004270	0.000000	0.004270	54.2	163.4	220.3
921	-0.443210	-0.443236	0.000005	279.947089	51.692309	0.004109	0.000000	0.004109	64.8	201.3	267.7
922	-0.458369	-0.458395	0.000005	280.947078	51.521114	0.004152	0.000000	0.004152	86.2	147.6	235.6
923	-0.456973	-0.457000	0.000005	280.081813	51.669178	0.004458	0.000000	0.004458	49.4	89.4	141.4
924	-0.453781	-0.453808	0.000005	281.081687	51.498156	0.004669	0.000000	0.004669	53.0	149.8	210.7
925	-0.449009	-0.449035	0.000005	280.349607	51.623262	0.004340	0.000000	0.004340	119.2	125.2	246.3
926	-0.456865	-0.456892	0.000005	281.349607	51.452522	0.003603	0.000000	0.003603	65.4	196.6	264.8
927	-0.453587	-0.453613	0.000005	281.100516	51.494946	0.003652	0.000000	0.003652	55.3	144.6	201.5
928	-0.445599	-0.445625	0.000005	280.271829	51.636590	0.004211	0.000000	0.004211	106.9	214.7	337.3
929	-0.440625	-0.440652	0.000005	279.559482	51.758972	0.003652	0.000000	0.003652	79.6	152.3	235.2
930	-0.453917	-0.453943	0.000005	280.559316	51.587363	0.004241	0.000000	0.004241	57.6	162.3	221.7
931	-0.447151	-0.447178	0.000005	280.036938	51.676880	0.004342	0.000000	0.004342	50.3	195.9	248.2
932	-0.457036	-0.457063	0.000005	281.036934	51.505787	0.003767	0.000000	0.003767	52.4	176.0	231.5
933	-0.447340	-0.447366	0.000005	282.036932	51.335821	0.004484	0.000000	0.004483	69.1	190.4	261.1
934	-0.454771	-0.454797	0.000005	283.036910	51.166978	0.004609	0.000000	0.004609	45.4	187.4	234.2
935	-0.450585	-0.450612	0.000005	282.313747	51.288971	0.003918	0.000000	0.003918	78.8	170.4	250.7
936	-0.451652	-0.451679	0.000005	281.448972	51.435618	0.004106	0.000000	0.004106	40.8	194.1	236.5
937	-0.450831	-0.450858	0.000005	281.412090	51.441891	0.004230	0.000000	0.004230	60.7	124.8	187.0
938	-0.447326	-0.447352	0.000005	282.412090	51.272347	0.004485	0.000000	0.004485	101.4	109.7	213.0
939	-0.447046	-0.447072	0.000005	283.412089	51.103916	0.003929	0.000000	0.003929	69.3	140.2	211.1
940	-0.447056	-0.447082	0.000005	284.412089	50.936588	0.004025	0.000000	0.004025	60.3	169.1	231.1
941	-0.453822	-0.453848	0.000005	285.184042	50.808167	0.003838	0.000000	0.003838	40.1	132.3	174.6
942	-0.445972	-0.445998	0.000005	284.318771	50.952157	0.004091	0.000000	0.004091	56.8	128.4	186.8
943	-0.452091	-0.452118	0.000005	285.318771	50.785820	0.004219	0.000000	0.004219	61.8	118.1	181.7
944	-0.458526	-0.458553	0.000005	286.318771	50.620565	0.004560	0.000000	0.004560	112.2	173.1	287.1
945	-0.456419	-0.456445	0.000005	287.317431	50.456602	0.005698	0.000000	0.005698	98.0	155.3	255.8
946	-0.446331	-0.446358	0.000005	288.317431	50.293479	0.004369	0.000000	0.004369	107.2	119.2	228.3
947	-0.443060	-0.443086	0.000005	289.317431	50.131408	0.004060	0.000000	0.004060	86.5	138.1	226.1
948	-0.462028	-0.462054	0.000005	290.246702	49.981734	0.003529	0.000000	0.003529	60.7	168.0	231.8
949	-0.455557	-0.455584	0.000005	291.246696	49.821664	0.004830	0.000000	0.004830	62.5	120.7	185.1
950	-0.466878	-0.466904	0.000005	292.246386	49.662663	0.004313	0.000000	0.004313	95.4	117.1	214.1
951	-0.462829	-0.462856	0.000005	291.406587	49.796165	0.003645	0.000000	0.003645	72.4	195.8	270.5
952	-0.456595	-0.456621	0.000005	292.403381	49.637786	0.004974	0.000000	0.004974	91.6	153.5	253.8
953	-0.454589	-0.454616	0.000005	293.403367	49.479909	0.003852	0.000000	0.003852	29.5	142.8	173.9
954	-0.458976	-0.459003	0.000005	292.538096	49.616458	0.003851	0.000000	0.003851	74.5	173.5	249.6
955	-0.457631	-0.457659	0.000005	293.538096	49.458714	0.003689	0.000000	0.003689	60.8	104.7	167.8
956	-0.451234	-0.451261	0.000005	294.537969	49.301990	0.004077	0.000000	0.004077	55.0	133.9	190.4
957	-0.456517	-0.456544	0.000005	295.453543	49.159348	0.004562	0.000000	0.004562	65.7	164.4	231.6
958	-0.457299	-0.457326	0.000005	296.453543	49.004493	0.004574	0.000000	0.004574	49.8	141.1	192.7
959	-0.452684	-0.452711	0.000005	297.453543	48.850610	0.003978	0.000000	0.003977	73.4	122.7	197.6
960	-0.450080	-0.450107	0.000005	298.330181	48.716503	0.003930	0.000000	0.003930	43.3	170.8	217.4
961	-0.456136	-0.456163	0.000005	297.908744	48.780882	0.004381	0.000000	0.004381	75.2	188.2	264.9
962	-0.461822	-0.461849	0.000005	298.908744	48.628398	0.004295	0.000000	0.004295	64.2	180.8	246.5
963	-0.457773	-0.457800	0.000005	299.888358	48.479945	0.003955	0.000000	0.003955	43.6	181.3	227.4
964	-0.461464	-0.461490	0.000005	300.888357	48.329334	0.003978	0.000000	0.003978	47.9	123.7	173.2
965	-0.454370	-0.454397	0.000005	300.023086	48.459599	0.004952	0.000000	0.004952	61.2	157.0	219.9
966	-0.459758	-0.459785	0.000005	301.023086	48.309114	0.004508	0.000000	0.004508	100.9	120.7	223.5
967	-0.450964	-0.450991	0.000005	300.157815	48.439269	0.004869	0.000000	0.004869	100.4	172.5	274.5
968	-0.467683	-0.467710	0.000005	301.157815	48.288910	0.004077	0.000000	0.004077	63.8	130.4	195.8
969	-0.457571	-0.457597	0.000005	300.292545	48.418957	0.004090	0.000000	0.004090	85.7	141.3	229.2
970	-0.452995	-0.453022	0.000005	301.292545	48.268724	0.003521	0.000000	0.003521	83.0	171.1	255.5
971	-0.445696	-0.445723	0.000005	302.292545	48.119420	0.004532	0.000000	0.004532	89.3	147.2	240.3
972	-0.451707	-0.451734	0.000005	303.240839	47.978687	0.003404	0.000000	0.003404	121.6	150.6	273.9
973	-0.454130	-0.454157	0.000005	304.219647	47.834287	0.004845	0.000000	0.004845	45.5	275.4	323.0
974	-0.455625	-0.455651	0.000005	303.354376	47.961893	0.004000	0.000000	0.004000	72.1	293.1	373.1
975	-0.453540	-0.453567	0.000005	304.354376	47.814479	0.004175	0.000000	0.004175	62.7	160.3	225.8
976	-0.443856	-0.443882	0.000005	304.454148	47.799821	0.004199	0.000000	0.004199	60.3	215.9	277.8
977	-0.455216	-0.455243	0.000005	303.588876	47.927243	0.003748	0.000000	0.003748	85.1	196.9	283.6
978	-0.459383	-0.459410	0.000005	303.341144	47.963850	0.003681	0.000000	0.003681	76.3	159.1	237.4
979	-0.462158	-0.462185	0.000005	302.661793	48.064523	0.003885	0.000000	0.003885	70.7	153.5	229.5
980	-0.446788	-0.446815	0.000005	303.659253	47.916853	0.004849	0.000000	0.004849	142.0	169.1	319.6
981	-0.450565	-0.450592	0.000005	304.659253	47.769715	0.003956	0.000000	0.003956	69.6	198.7	272.5
982	-0.452852	-0.452879	0.000005	303.796384	47.896623	0.003798	0.000000	0.003797	95.1	188.7	286.7
983	-0.446622	-0.446649	0.000005	302.995484	48.015021	0.003378	0.000000	0.003378	67.7	161.6	230.9
984	-0.456045	-0.456072	0.000005	303.962502	47.872138	0.003891	0.000000	0.003891	103.8	153.6	259.0
985	-0.459985	-0.460012	0.000005	304.955255	47.726335	0.003499	0.000000	0.003499	111.6	128.7	242.3
986	-0.451688	-0.451714	0.000005	305.955255	47.580363	0.005018	0.000000	0.005018	88.6	132.3	222.7
987	-0.456919	-0.456946	0.000005	306.955255	47.435281	0.004518	0.000000	0.004518	91.0	163.4	256.7
988	-0.451190	-0.451217	0.000005	307.955251	47.291082	0.005020	0.000000	0.005020	107.9	198.5	307.9
989	-0.455508	-0.455535	0.000005	308.955251	47.147757	0.005019	0.000000	0.005019	41.5	218.4	261.7
990	-0.462003	-0.462030	0.000005	309.955251	47.005297	0.003805	0.000000	0.003805	78.1	187.1	267.2
991	-0.456039	-0.456066	0.000005	309.089980	47.128513	0.003955	0.000000	0.003955	124.3	199.0	324.9
992	-0.453021	-0.453049	0.000005	310.089979	46.986169	0.004027	0.000000	0.004027	56.1	219.9	280.3
993	-0.460886	-0.460913	0.000005	311.089979	46.844683	0.004250	0.000000	0.004250	50.0	248.0	300.9
994	-0.447957	-0.447984	0.000005	310.224708	46.967057	0.003739	0.000000	0.003739	69.5	213.4	286.2
995	-0.461434	-0.461462	0.000005	309.359496	47.090064	0.003910	0.000000	0.003910	38.3	247.6	288.5
996	-0.455442	-0.455469	0.000005	308.494225	47.213725	0.003811	0.000000	0.003811	85.4	137.2	224.5
997	-0.455280	-0.455307	0.000005	307.628954	47.338038	0.004444	0.000000	0.004444	103.7	128.5	234.0
998	-0.452117	-0.452144	0.000005	306.763683	47.463007	0.004407	0.000000	0.004407	77.6	180.3	259.5
999	-0.454827	-0.454854	0.000005	307.762487	47.318811	0.003967	0.000000	0.003967	115.0	218.0	334.5
