1:ItNr	2:Metric	2:Metric0	2:Metric1	3a:Time	3b:StepSize	4:||Gradient0||	4:||Gradient1||	4:||Gradient||	Time0[ms]	Time1[ms]	Time[ms]
0	-0.328697	-0.328697	0.000000	0.000000	1549.707054	0.001629	0.000000	0.001629	73.6	99.0	2154.2
1	-0.320390	-0.320390	0.000000	0.000000	1549.707054	0.000968	0.000000	0.000968	76.2	111.8	189.3
2	-0.327667	-0.327667	0.000000	0.000000	1549.707054	0.001198	0.000000	0.001198	45.8	119.4	166.4
3	-0.329235	-0.329235	0.000000	0.000000	1549.707054	0.000934	0.000000	0.000934	49.9	94.0	145.2
4	-0.335937	-0.335937	0.000000	0.000000	1549.707054	0.000887	0.000000	0.000887	67.0	128.5	196.7
5	-0.328143	-0.328143	0.000000	0.000000	1549.707054	0.000851	0.000000	0.000851	46.3	133.4	181.0
6	-0.327552	-0.327552	0.000000	0.000000	1549.707054	0.000463	0.000000	0.000463	37.1	119.3	160.7
7	-0.336286	-0.336286	0.000000	0.000000	1549.707054	0.000554	0.000000	0.000554	70.4	133.2	204.8
8	-0.333795	-0.333795	0.000000	0.000000	1549.707054	0.000508	0.000000	0.000508	46.0	127.7	175.6
9	-0.329772	-0.329772	0.000000	0.000000	1549.707054	0.000506	0.000000	0.000506	66.8	140.4	208.3
10	-0.342002	-0.342002	0.000000	0.000000	1549.707054	0.000504	0.000000	0.000504	74.6	141.0	216.7
11	-0.330803	-0.330803	0.000000	0.000000	1549.707054	0.000517	0.000000	0.000517	43.2	97.0	147.7
12	-0.337990	-0.337990	0.000000	0.000000	1549.707054	0.000506	0.000000	0.000506	52.7	107.2	161.2
13	-0.341984	-0.341984	0.000000	0.000000	1549.707054	0.000444	0.000000	0.000444	35.3	138.2	175.8
14	-0.334876	-0.334876	0.000000	0.000000	1549.707054	0.000398	0.000000	0.000398	53.0	97.6	151.9
15	-0.339024	-0.339024	0.000000	0.000000	1549.707054	0.000462	0.000000	0.000462	50.4	108.2	159.7
16	-0.338037	-0.338037	0.000000	0.000000	1549.707054	0.000692	0.000000	0.000692	52.3	107.4	160.9
17	-0.328073	-0.328073	0.000000	0.999995	1479.266147	0.000381	0.000000	0.000381	39.8	114.1	155.4
18	-0.336479	-0.336479	0.000000	0.936751	1483.530877	0.000581	0.000000	0.000581	50.7	121.6	173.5
19	-0.335539	-0.335539	0.000000	0.873508	1487.820268	0.000265	0.000000	0.000265	57.7	95.9	155.0
20	-0.338924	-0.338924	0.000000	0.810264	1492.134535	0.000584	0.000000	0.000584	49.7	93.6	144.3
21	-0.333517	-0.333517	0.000000	0.747020	1496.473887	0.000679	0.000000	0.000679	57.5	128.5	187.7
22	-0.340473	-0.340473	0.000000	1.747020	1430.686199	0.000497	0.000000	0.000497	57.7	116.0	174.8
23	-0.337733	-0.337733	0.000000	2.747020	1370.439222	0.000325	0.000000	0.000325	55.5	139.4	196.1
24	-0.340288	-0.340288	0.000000	2.683786	1374.098195	0.000542	0.000000	0.000542	58.5	123.4	183.0
25	-0.332710	-0.332710	0.000000	2.620543	1377.777327	0.000308	0.000000	0.000308	20.5	134.4	156.8
26	-0.337950	-0.337950	0.000000	2.594921	1379.273449	0.000316	0.000000	0.000316	36.6	130.0	167.6
27	-0.335156	-0.335156	0.000000	2.531677	1382.980379	0.000321	0.000000	0.000321	50.8	120.8	173.1
28	-0.335912	-0.335912	0.000000	2.468434	1386.707293	0.000295	0.000000	0.000295	50.0	119.2	170.5
29	-0.328413	-0.328414	0.000000	2.405190	1390.454349	0.000303	0.000000	0.000303	20.8	113.1	135.1
30	-0.335657	-0.335657	0.000000	2.341946	1394.221707	0.000406	0.000000	0.000406	47.3	103.7	152.2
31	-0.340402	-0.340402	0.000000	2.282201	1397.799472	0.000372	0.000000	0.000372	55.8	124.7	181.5
32	-0.339120	-0.339120	0.000000	2.218957	1401.606795	0.000405	0.000000	0.000405	36.7	76.2	113.9
33	-0.330964	-0.330964	0.000000	2.155716	1405.434776	0.000302	0.000000	0.000302	67.8	103.1	172.0
34	-0.344573	-0.344574	0.000000	2.092472	1409.283863	0.000425	0.000000	0.000425	25.1	115.9	142.3
35	-0.337497	-0.337497	0.000000	2.029228	1413.154091	0.000319	0.000000	0.000319	72.3	111.6	185.0
36	-0.334859	-0.334859	0.000000	1.965985	1417.045634	0.000452	0.000000	0.000452	46.5	80.6	128.3
37	-0.346114	-0.346114	0.000000	1.902741	1420.958668	0.000323	0.000000	0.000323	63.3	71.6	136.0
38	-0.335356	-0.335356	0.000000	1.839497	1424.893375	0.000320	0.000000	0.000320	40.4	87.1	128.7
39	-0.333938	-0.333938	0.000000	1.776253	1428.849934	0.000312	0.000000	0.000312	70.3	96.2	167.6
40	-0.333517	-0.333517	0.000000	1.713018	1432.828011	0.000372	0.000000	0.000372	61.9	96.0	159.0
41	-0.340239	-0.340239	0.000000	1.649774	1436.828819	0.000328	0.000000	0.000328	59.7	80.4	141.2
42	-0.327993	-0.327993	0.000000	1.586530	1440.852030	0.000322	0.000000	0.000322	68.7	89.5	159.7
43	-0.343521	-0.343521	0.000000	1.523287	1444.897825	0.000558	0.000000	0.000558	67.3	92.7	161.2
44	-0.342380	-0.342380	0.000000	1.460043	1448.966390	0.000303	0.000000	0.000303	46.3	110.2	157.5
45	-0.340930	-0.340931	0.000000	1.396800	1453.057958	0.000337	0.000000	0.000337	24.4	117.5	143.1
46	-0.342270	-0.342270	0.000000	1.333556	1457.172700	0.000500	0.000000	0.000500	63.3	133.0	197.7
47	-0.335689	-0.335689	0.000000	1.270327	1461.309835	0.000410	0.000000	0.000410	39.4	120.6	161.0
48	-0.339567	-0.339567	0.000000	2.268983	1398.593505	0.000366	0.000000	0.000366	67.1	101.5	170.1
49	-0.337574	-0.337574	0.000000	2.205739	1402.405159	0.000322	0.000000	0.000322	41.9	172.0	215.0
50	-0.337102	-0.337103	0.000000	2.142495	1406.237647	0.000385	0.000000	0.000385	61.7	115.8	178.8
51	-0.341681	-0.341681	0.000000	2.079264	1410.090406	0.000429	0.000000	0.000428	29.0	123.9	154.0
52	-0.332477	-0.332477	0.000000	2.657043	1375.651581	0.000450	0.000000	0.000450	35.9	125.1	162.2
53	-0.339499	-0.339499	0.000000	3.651886	1320.136220	0.000513	0.000000	0.000513	32.2	111.5	144.8
54	-0.339716	-0.339716	0.000000	4.651867	1268.673670	0.000418	0.000000	0.000418	41.0	97.5	140.1
55	-0.334720	-0.334720	0.000000	4.588623	1271.809269	0.000292	0.000000	0.000292	81.7	102.3	185.5
56	-0.337168	-0.337168	0.000000	4.525379	1274.960406	0.000325	0.000000	0.000325	38.9	95.1	135.0
57	-0.343655	-0.343655	0.000000	4.462136	1278.127188	0.000419	0.000000	0.000419	51.9	113.7	167.2
58	-0.339727	-0.339727	0.000000	4.399259	1281.291221	0.000467	0.000000	0.000467	75.1	103.9	180.2
59	-0.335264	-0.335265	0.000000	5.399224	1232.757758	0.000303	0.000000	0.000303	27.1	148.1	176.9
60	-0.348209	-0.348209	0.000000	5.335980	1235.718126	0.000358	0.000000	0.000358	53.8	104.1	159.0
61	-0.337381	-0.337381	0.000000	5.272738	1238.692678	0.000280	0.000000	0.000280	60.9	143.5	214.6
62	-0.346648	-0.346648	0.000000	5.209496	1241.681556	0.000358	0.000000	0.000358	94.2	149.0	244.4
63	-0.340537	-0.340537	0.000000	5.146253	1244.684966	0.000484	0.000000	0.000484	48.2	109.8	159.1
64	-0.341621	-0.341621	0.000000	5.083091	1247.699079	0.000385	0.000000	0.000385	49.0	92.6	143.5
65	-0.346661	-0.346661	0.000000	5.021460	1250.654219	0.000443	0.000000	0.000443	61.8	78.0	141.1
66	-0.336375	-0.336375	0.000000	4.958216	1253.701272	0.000336	0.000000	0.000336	63.2	81.1	145.4
67	-0.341419	-0.341419	0.000000	4.894972	1256.763190	0.000346	0.000000	0.000346	48.2	146.8	196.1
68	-0.340190	-0.340190	0.000000	4.831729	1259.840119	0.000574	0.000000	0.000574	72.0	97.9	171.3
69	-0.342665	-0.342665	0.000000	4.768485	1262.932151	0.000339	0.000000	0.000339	21.6	131.4	154.2
70	-0.345864	-0.345864	0.000000	4.725122	1265.060965	0.000412	0.000000	0.000412	46.4	89.0	136.8
71	-0.342657	-0.342657	0.000000	4.661880	1268.178618	0.000346	0.000000	0.000346	63.9	139.0	204.1
72	-0.340738	-0.340739	0.000000	4.598637	1271.311768	0.000444	0.000000	0.000444	32.2	83.9	117.5
73	-0.339941	-0.339941	0.000000	4.548984	1273.782459	0.000361	0.000000	0.000361	61.0	111.4	173.5
74	-0.330074	-0.330074	0.000000	4.485753	1276.942754	0.000481	0.000000	0.000481	73.7	83.6	158.3
75	-0.340341	-0.340342	0.000000	4.422510	1280.119412	0.000324	0.000000	0.000324	55.2	111.6	167.9
76	-0.340562	-0.340562	0.000000	4.359276	1283.311427	0.000508	0.000000	0.000508	50.7	113.3	165.9
77	-0.346078	-0.346078	0.000000	4.296032	1286.519891	0.000390	0.000000	0.000390	45.8	140.7	188.3
78	-0.343111	-0.343111	0.000000	4.305418	1286.042696	0.000533	0.000000	0.000533	35.1	136.2	172.7
79	-0.340554	-0.340554	0.000000	4.242174	1289.264849	0.000539	0.000000	0.000539	40.5	161.8	204.1
80	-0.341514	-0.341515	0.000000	4.178931	1292.503188	0.000634	0.000000	0.000634	60.2	95.3	161.9
81	-0.343934	-0.343934	0.000000	5.177919	1243.179360	0.000308	0.000000	0.000308	69.5	108.7	179.4
82	-0.344101	-0.344102	0.000000	5.114675	1246.190054	0.000361	0.000000	0.000361	73.1	120.9	195.1
83	-0.341466	-0.341466	0.000000	5.051431	1249.215366	0.000246	0.000000	0.000246	63.9	110.5	175.5
84	-0.342189	-0.342189	0.000000	4.989142	1252.209429	0.000490	0.000000	0.000490	66.8	155.7	223.6
85	-0.339374	-0.339374	0.000000	4.926144	1255.252161	0.000322	0.000000	0.000322	48.1	120.5	169.8
86	-0.343262	-0.343262	0.000000	5.925814	1208.648638	0.000339	0.000000	0.000339	30.2	149.2	180.7
87	-0.341732	-0.341732	0.000000	5.862570	1211.494199	0.000422	0.000000	0.000422	121.1	164.9	287.1
88	-0.344352	-0.344352	0.000000	6.803093	1170.511774	0.000390	0.000000	0.000390	38.3	163.7	203.2
89	-0.343700	-0.343700	0.000000	6.761004	1172.286423	0.000375	0.000000	0.000375	56.9	221.7	281.2
90	-0.342427	-0.342427	0.000000	6.697760	1174.963165	0.000499	0.000000	0.000499	57.8	144.8	204.6
91	-0.337891	-0.337891	0.000000	7.598248	1137.966501	0.000310	0.000000	0.000310	82.0	117.1	201.7
92	-0.341118	-0.341118	0.000000	8.376668	1107.812782	0.000315	0.000000	0.000315	63.3	139.2	204.0
93	-0.341048	-0.341049	0.000000	8.313424	1110.202888	0.000657	0.000000	0.000657	51.5	113.4	167.4
94	-0.344321	-0.344321	0.000000	9.290977	1074.374319	0.000409	0.000000	0.000409	52.4	140.1	193.6
95	-0.346382	-0.346382	0.000000	9.259239	1075.501223	0.000346	0.000000	0.000346	65.8	72.0	139.1
96	-0.343368	-0.343368	0.000000	9.206566	1077.376610	0.000327	0.000000	0.000327	72.1	82.1	155.3
97	-0.344402	-0.344402	0.000000	9.143324	1079.637002	0.000449	0.000000	0.000449	70.4	124.3	196.0
98	-0.346831	-0.346831	0.000000	9.080081	1081.906930	0.000419	0.000000	0.000419	58.5	80.7	140.3
99	-0.343981	-0.343981	0.000000	10.062416	1047.692105	0.000446	0.000000	0.000446	60.6	145.8	208.0
100	-0.342281	-0.342281	0.000000	11.062415	1015.015487	0.000335	0.000000	0.000335	55.8	103.0	160.1
101	-0.346023	-0.346023	0.000000	10.999172	1017.021582	0.000317	0.000000	0.000317	61.9	87.2	150.2
102	-0.337928	-0.337928	0.000000	10.935928	1019.035622	0.000278	0.000000	0.000278	54.8	114.4	170.2
103	-0.340319	-0.340319	0.000000	10.872685	1021.057640	0.000480	0.000000	0.000480	48.9	86.5	136.8
104	-0.341968	-0.341969	0.000000	11.432760	1003.425181	0.000521	0.000000	0.000521	63.8	127.8	192.6
105	-0.351083	-0.351083	0.000000	12.432728	973.412890	0.000274	0.000000	0.000274	53.5	82.8	137.8
106	-0.343765	-0.343765	0.000000	13.026552	956.425083	0.000304	0.000000	0.000304	49.1	99.5	149.6
107	-0.337268	-0.337268	0.000000	12.963309	958.206060	0.000356	0.000000	0.000356	71.7	139.1	211.8
108	-0.344341	-0.344341	0.000000	12.900181	959.990394	0.000332	0.000000	0.000332	51.3	109.0	162.5
109	-0.343890	-0.343890	0.000000	13.600660	940.555717	0.000343	0.000000	0.000343	44.2	144.5	189.8
110	-0.340078	-0.340078	0.000000	13.537416	942.278031	0.000433	0.000000	0.000433	67.3	123.5	192.1
111	-0.342499	-0.342499	0.000000	13.474172	944.006663	0.000425	0.000000	0.000425	68.4	118.9	189.3
112	-0.338147	-0.338147	0.000000	13.424172	945.377812	0.000241	0.000000	0.000241	68.8	119.2	189.1
113	-0.338030	-0.338030	0.000000	13.360928	947.117841	0.000375	0.000000	0.000375	48.8	150.4	200.3
114	-0.343519	-0.343519	0.000000	13.298463	948.842745	0.000307	0.000000	0.000307	16.0	112.6	129.7
115	-0.351608	-0.351608	0.000000	13.235220	950.595570	0.000359	0.000000	0.000359	41.6	112.8	155.7
116	-0.341230	-0.341230	0.000000	13.171976	952.354871	0.000279	0.000000	0.000279	36.8	149.0	187.8
117	-0.340554	-0.340554	0.000000	13.108733	954.120708	0.000304	0.000000	0.000304	50.0	133.7	185.0
118	-0.341135	-0.341135	0.000000	13.059019	955.513378	0.000400	0.000000	0.000400	52.4	103.5	157.2
119	-0.348358	-0.348358	0.000000	13.027873	956.387968	0.000413	0.000000	0.000413	68.0	100.2	169.6
120	-0.341818	-0.341818	0.000000	14.015934	929.401105	0.000448	0.000000	0.000448	76.0	132.6	209.7
121	-0.339352	-0.339352	0.000000	13.952691	931.082772	0.000580	0.000000	0.000580	49.1	121.4	175.1
122	-0.338550	-0.338551	0.000000	14.952691	905.185329	0.000390	0.000000	0.000390	85.2	130.3	216.7
123	-0.343404	-0.343404	0.000000	15.825159	883.739512	0.000491	0.000000	0.000491	56.4	123.7	181.3
124	-0.341468	-0.341468	0.000000	16.825159	860.375711	0.000358	0.000000	0.000357	33.4	86.7	121.5
125	-0.346359	-0.346359	0.000000	17.825159	838.215449	0.000249	0.000000	0.000249	75.2	114.7	191.6
126	-0.337773	-0.337773	0.000000	17.761915	839.583075	0.000343	0.000000	0.000343	47.2	84.2	132.8
127	-0.338397	-0.338398	0.000000	17.698673	840.955138	0.000331	0.000000	0.000331	66.1	81.1	148.2
128	-0.345517	-0.345518	0.000000	18.696407	819.818476	0.000371	0.000000	0.000371	63.7	139.8	204.8
129	-0.341919	-0.341919	0.000000	18.633264	821.124607	0.000380	0.000000	0.000380	37.1	84.8	124.2
130	-0.344381	-0.344382	0.000000	18.637458	821.037721	0.000273	0.000000	0.000273	38.7	136.9	177.1
131	-0.344138	-0.344139	0.000000	18.574216	822.349796	0.000256	0.000000	0.000256	66.3	132.0	199.4
132	-0.340089	-0.340090	0.000000	18.510972	823.666090	0.000242	0.000000	0.000242	25.3	118.9	145.2
133	-0.343474	-0.343474	0.000000	18.451553	824.906652	0.000408	0.000000	0.000408	56.4	144.0	201.5
134	-0.339447	-0.339447	0.000000	18.388310	826.231138	0.000459	0.000000	0.000459	34.2	94.9	130.2
135	-0.344457	-0.344457	0.000000	19.388310	805.773952	0.000289	0.000000	0.000289	82.3	126.3	209.8
136	-0.343330	-0.343330	0.000000	19.325315	807.032709	0.000309	0.000000	0.000309	54.9	118.7	174.9
137	-0.344935	-0.344936	0.000000	19.262072	808.300380	0.000464	0.000000	0.000464	44.8	101.6	147.5
138	-0.348017	-0.348018	0.000000	20.261566	788.720619	0.000476	0.000000	0.000476	53.4	105.2	159.7
139	-0.338062	-0.338062	0.000000	21.143501	772.215105	0.000300	0.000000	0.000300	67.9	127.5	196.8
140	-0.346843	-0.346843	0.000000	21.081948	773.344625	0.000399	0.000000	0.000399	51.7	133.6	186.4
141	-0.344257	-0.344257	0.000000	21.018707	774.508565	0.000565	0.000000	0.000565	69.7	114.1	185.1
142	-0.339975	-0.339975	0.000000	22.018707	756.504571	0.000530	0.000000	0.000530	23.0	130.0	154.5
143	-0.339999	-0.340000	0.000000	23.018707	739.318592	0.000216	0.000000	0.000216	32.0	127.8	161.3
144	-0.340541	-0.340541	0.000000	23.925284	724.399390	0.000334	0.000000	0.000334	31.8	102.9	135.8
145	-0.341105	-0.341105	0.000000	23.913130	724.595415	0.000387	0.000000	0.000387	35.0	108.3	144.8
146	-0.346352	-0.346352	0.000000	24.912209	708.827764	0.000477	0.000000	0.000477	23.9	139.2	164.3
147	-0.346065	-0.346066	0.000000	25.005275	707.393839	0.000382	0.000000	0.000382	71.5	120.0	192.8
148	-0.336286	-0.336286	0.000000	24.942031	708.367636	0.000781	0.000000	0.000781	62.0	105.6	168.7
149	-0.339915	-0.339915	0.000000	25.942031	693.277372	0.000266	0.000000	0.000266	58.1	109.4	168.7
150	-0.343514	-0.343514	0.000000	25.878799	694.212491	0.000298	0.000000	0.000298	52.2	103.0	156.5
151	-0.341844	-0.341845	0.000000	25.815564	695.150183	0.000303	0.000000	0.000303	86.6	89.7	177.4
152	-0.342781	-0.342781	0.000000	25.752321	696.090541	0.000330	0.000000	0.000330	51.9	87.0	140.0
153	-0.342777	-0.342777	0.000000	25.689298	697.030145	0.000348	0.000000	0.000348	65.2	97.6	164.4
154	-0.341638	-0.341639	0.000000	26.003476	692.371091	0.000221	0.000000	0.000221	47.7	116.5	165.4
155	-0.348298	-0.348299	0.000000	25.940239	693.303844	0.000364	0.000000	0.000364	47.5	123.0	171.6
156	-0.333315	-0.333315	0.000000	25.877111	694.237490	0.000361	0.000000	0.000361	38.0	129.7	168.8
157	-0.346972	-0.346972	0.000000	26.622895	683.365591	0.000383	0.000000	0.000383	23.8	112.3	137.2
158	-0.341785	-0.341786	0.000000	26.559652	684.274315	0.000429	0.000000	0.000429	39.9	112.4	153.6
159	-0.338752	-0.338752	0.000000	27.526159	670.645458	0.000520	0.000000	0.000520	52.4	95.2	149.8
160	-0.345025	-0.345025	0.000000	27.462915	671.520645	0.000221	0.000000	0.000221	50.0	120.0	171.2
161	-0.346235	-0.346235	0.000000	27.399672	672.398118	0.000410	0.000000	0.000410	65.2	109.4	175.7
162	-0.342464	-0.342465	0.000000	27.337324	673.265407	0.000353	0.000000	0.000353	56.6	96.8	154.5
163	-0.347453	-0.347453	0.000000	27.274081	674.147447	0.000301	0.000000	0.000301	66.1	87.2	154.4
164	-0.341830	-0.341831	0.000000	27.210837	675.031804	0.000393	0.000000	0.000393	63.2	145.4	224.2
165	-0.334935	-0.334936	0.000000	27.324795	673.439963	0.000389	0.000000	0.000389	25.6	152.4	179.5
166	-0.348048	-0.348048	0.000000	28.239371	660.931435	0.000303	0.000000	0.000303	48.3	126.3	178.5
167	-0.348305	-0.348306	0.000000	28.503131	657.409895	0.000459	0.000000	0.000459	41.4	80.2	122.6
168	-0.340566	-0.340567	0.000000	29.439681	645.203295	0.000411	0.000000	0.000411	85.7	85.0	172.1
169	-0.338188	-0.338188	0.000000	30.439681	632.660385	0.000266	0.000000	0.000266	77.7	100.0	179.0
170	-0.344275	-0.344275	0.000000	30.410523	633.019196	0.000249	0.000000	0.000249	59.6	110.9	172.3
171	-0.347870	-0.347871	0.000000	30.347377	633.797678	0.000333	0.000000	0.000333	51.4	79.7	132.3
172	-0.337827	-0.337827	0.000000	30.287458	634.538143	0.000574	0.000000	0.000574	49.2	179.9	230.3
173	-0.341972	-0.341973	0.000000	31.287456	622.402592	0.000424	0.000000	0.000424	57.6	121.0	179.7
174	-0.342818	-0.342818	0.000000	31.228646	623.103424	0.000426	0.000000	0.000426	55.5	166.6	223.7
175	-0.347522	-0.347522	0.000000	32.222590	611.466820	0.000238	0.000000	0.000238	28.5	157.4	186.9
176	-0.346910	-0.346910	0.000000	32.159355	612.194189	0.000186	0.000000	0.000186	70.7	116.1	188.0
177	-0.341069	-0.341069	0.000000	32.096186	612.922526	0.000454	0.000000	0.000454	63.1	114.4	178.6
178	-0.344033	-0.344034	0.000000	32.032944	613.653430	0.000319	0.000000	0.000319	20.9	129.3	152.8
179	-0.341385	-0.341385	0.000000	32.920160	603.556225	0.000450	0.000000	0.000450	53.4	137.1	191.6
180	-0.340693	-0.340694	0.000000	32.856941	604.264701	0.000282	0.000000	0.000282	33.2	93.2	127.4
181	-0.343277	-0.343277	0.000000	32.793697	604.975118	0.000351	0.000000	0.000351	64.2	135.8	201.3
182	-0.347906	-0.347906	0.000000	33.752226	594.384017	0.000453	0.000000	0.000453	53.3	108.3	162.7
183	-0.341231	-0.341231	0.000000	34.477593	586.612474	0.000403	0.000000	0.000403	42.0	94.5	139.7
184	-0.346167	-0.346167	0.000000	35.477593	576.225834	0.000414	0.000000	0.000414	49.9	114.1	165.1
185	-0.347102	-0.347102	0.000000	35.414563	576.869634	0.000453	0.000000	0.000453	46.0	126.2	173.5
186	-0.335461	-0.335461	0.000000	35.370181	577.323815	0.000201	0.000000	0.000201	46.5	113.5	161.0
187	-0.345664	-0.345664	0.000000	35.307228	577.969280	0.000299	0.000000	0.000299	52.5	145.5	199.1
188	-0.344290	-0.344290	0.000000	35.244522	578.613654	0.000305	0.000000	0.000305	39.9	125.9	166.9
189	-0.344813	-0.344813	0.000000	35.905354	571.894312	0.000549	0.000000	0.000549	54.4	104.6	160.1
190	-0.347117	-0.347117	0.000000	35.842110	572.530614	0.000497	0.000000	0.000497	27.5	143.9	172.5
191	-0.347040	-0.347040	0.000000	36.842110	562.632451	0.000245	0.000000	0.000245	17.8	121.7	140.6
192	-0.345347	-0.345347	0.000000	37.688472	554.518579	0.000282	0.000000	0.000282	28.2	126.2	160.1
193	-0.346134	-0.346135	0.000000	37.625229	555.116775	0.000375	0.000000	0.000375	57.3	174.6	233.2
194	-0.340445	-0.340445	0.000000	37.561985	555.716271	0.000361	0.000000	0.000361	72.5	146.5	220.1
195	-0.346142	-0.346143	0.000000	38.561922	546.386800	0.000424	0.000000	0.000424	55.1	150.7	209.8
196	-0.343682	-0.343682	0.000000	38.499487	546.960147	0.000174	0.000000	0.000174	55.4	132.2	188.9
197	-0.341173	-0.341173	0.000000	38.436259	547.542001	0.000358	0.000000	0.000358	48.1	149.9	199.1
198	-0.343925	-0.343925	0.000000	38.488121	547.064651	0.000275	0.000000	0.000275	41.3	127.9	170.7
199	-0.343064	-0.343065	0.000000	38.425276	547.643201	0.000245	0.000000	0.000245	46.9	117.9	166.1
200	-0.343291	-0.343291	0.000000	38.371807	548.136395	0.000265	0.000000	0.000265	62.4	125.7	189.2
201	-0.341351	-0.341351	0.000000	38.344286	548.390591	0.000448	0.000000	0.000448	44.4	83.3	128.9
202	-0.339816	-0.339816	0.000000	39.320735	539.513454	0.000263	0.000000	0.000263	45.6	119.8	166.5
203	-0.345784	-0.345784	0.000000	39.257491	540.079704	0.000387	0.000000	0.000387	45.4	166.0	212.6
204	-0.337116	-0.337116	0.000000	40.256413	531.272503	0.000381	0.000000	0.000381	40.2	117.0	158.3
205	-0.345420	-0.345420	0.000000	40.193170	531.821579	0.000474	0.000000	0.000474	64.8	116.0	181.9
206	-0.349302	-0.349302	0.000000	40.835760	526.294944	0.000886	0.000000	0.000886	55.9	100.1	166.0
207	-0.346048	-0.346049	0.000000	41.232442	522.940240	0.000315	0.000000	0.000315	56.2	87.1	144.6
208	-0.346058	-0.346058	0.000000	42.232441	514.670124	0.000200	0.000000	0.000200	49.6	119.1	169.7
209	-0.341579	-0.341580	0.000000	42.169661	515.181615	0.000274	0.000000	0.000274	44.4	114.3	159.8
210	-0.338206	-0.338206	0.000000	42.111763	515.654239	0.000429	0.000000	0.000429	42.3	125.1	169.2
211	-0.346952	-0.346953	0.000000	42.048519	516.171489	0.000234	0.000000	0.000234	43.3	121.5	166.0
212	-0.341191	-0.341191	0.000000	41.987166	516.674269	0.000283	0.000000	0.000283	39.8	151.3	192.3
213	-0.343271	-0.343271	0.000000	41.925140	517.183564	0.000307	0.000000	0.000307	12.0	145.8	159.1
214	-0.347352	-0.347352	0.000000	41.861896	517.703888	0.000515	0.000000	0.000515	27.4	142.6	171.2
215	-0.350469	-0.350470	0.000000	41.798653	518.225261	0.000319	0.000000	0.000319	25.5	124.1	150.6
216	-0.343840	-0.343840	0.000000	41.735409	518.747686	0.000522	0.000000	0.000522	56.4	112.0	170.1
217	-0.345682	-0.345682	0.000000	42.735204	510.610246	0.000216	0.000000	0.000216	53.6	109.0	163.6
218	-0.346762	-0.346762	0.000000	42.671960	511.117422	0.000216	0.000000	0.000216	59.4	77.0	137.8
219	-0.344769	-0.344770	0.000000	42.608915	511.624007	0.000331	0.000000	0.000331	93.3	119.7	214.1
220	-0.341994	-0.341994	0.000000	42.725164	510.690695	0.000281	0.000000	0.000281	108.7	126.5	236.4
221	-0.348331	-0.348332	0.000000	42.888758	509.383016	0.000377	0.000000	0.000377	114.8	149.7	265.6
222	-0.347696	-0.347696	0.000000	42.825521	509.887704	0.000520	0.000000	0.000520	38.2	113.5	152.9
223	-0.342608	-0.342608	0.000000	43.825517	502.022196	0.000844	0.000000	0.000844	57.5	137.6	196.3
224	-0.336853	-0.336854	0.000000	44.825517	494.395636	0.000475	0.000000	0.000475	40.2	133.0	174.3
225	-0.341562	-0.341562	0.000000	45.825517	486.997330	0.000215	0.000000	0.000215	97.2	161.1	269.8
226	-0.345187	-0.345187	0.000000	45.762341	487.458160	0.000270	0.000000	0.000270	71.0	150.2	222.2
227	-0.341339	-0.341340	0.000000	45.699111	487.920268	0.000269	0.000000	0.000269	27.9	153.4	182.3
228	-0.349495	-0.349495	0.000000	45.636115	488.381534	0.000351	0.000000	0.000351	55.4	81.6	138.1
229	-0.345722	-0.345722	0.000000	46.583163	481.537806	0.000700	0.000000	0.000700	42.7	104.0	147.7
230	-0.340430	-0.340430	0.000000	47.503259	475.070069	0.000618	0.000000	0.000618	60.4	76.8	138.9
231	-0.340810	-0.340811	0.000000	47.440016	475.509070	0.000380	0.000000	0.000380	51.7	107.6	160.5
232	-0.344047	-0.344047	0.000000	48.440001	468.661402	0.000649	0.000000	0.000649	45.0	102.5	148.6
233	-0.352093	-0.352093	0.000000	48.376757	469.088633	0.000351	0.000000	0.000351	38.4	112.6	152.1
234	-0.336535	-0.336535	0.000000	49.376757	462.423242	0.000353	0.000000	0.000353	47.1	78.4	126.5
235	-0.349291	-0.349292	0.000000	49.400799	462.265324	0.000406	0.000000	0.000406	53.9	107.9	163.1
236	-0.346232	-0.346232	0.000000	50.400742	455.791454	0.000295	0.000000	0.000295	50.0	118.3	169.4
237	-0.345744	-0.345744	0.000000	50.337499	456.195532	0.000439	0.000000	0.000439	23.2	104.3	128.6
238	-0.338133	-0.338134	0.000000	50.274255	456.600328	0.000476	0.000000	0.000476	45.0	119.7	165.9
239	-0.347938	-0.347938	0.000000	51.274255	450.282721	0.000361	0.000000	0.000361	36.1	119.9	157.1
240	-0.346079	-0.346079	0.000000	51.211011	450.677087	0.000192	0.000000	0.000192	42.4	113.1	156.8
241	-0.343573	-0.343573	0.000000	51.147781	451.072060	0.000288	0.000000	0.000288	63.8	93.9	158.8
242	-0.345894	-0.345895	0.000000	51.676017	447.793499	0.000354	0.000000	0.000354	54.8	99.9	155.7
243	-0.346195	-0.346195	0.000000	52.380343	443.495446	0.000295	0.000000	0.000295	43.8	126.2	171.1
244	-0.341185	-0.341186	0.000000	52.317100	443.878006	0.000527	0.000000	0.000527	39.1	106.2	146.4
245	-0.349737	-0.349738	0.000000	52.253856	444.261228	0.000274	0.000000	0.000274	34.2	121.0	156.6
246	-0.339605	-0.339606	0.000000	53.253856	438.278226	0.000246	0.000000	0.000246	51.3	91.2	143.6
247	-0.344581	-0.344581	0.000000	53.190613	438.651828	0.000281	0.000000	0.000281	33.5	189.3	223.9
248	-0.348567	-0.348567	0.000000	53.511197	436.764533	0.000373	0.000000	0.000373	52.9	109.7	164.2
249	-0.348750	-0.348751	0.000000	54.508574	430.995400	0.000238	0.000000	0.000238	32.4	97.4	131.1
250	-0.349565	-0.349565	0.000000	54.445331	431.356690	0.000459	0.000000	0.000459	64.4	101.3	166.8
251	-0.343043	-0.343043	0.000000	54.382087	431.718588	0.000283	0.000000	0.000283	40.2	89.4	131.0
252	-0.346141	-0.346141	0.000000	55.381974	426.067126	0.000262	0.000000	0.000262	31.9	121.7	154.7
253	-0.346626	-0.346626	0.000000	55.472251	425.564148	0.000234	0.000000	0.000234	42.2	113.7	157.5
254	-0.343625	-0.343626	0.000000	55.411855	425.900510	0.000345	0.000000	0.000345	36.4	114.4	152.0
255	-0.338132	-0.338132	0.000000	56.393036	420.500986	0.000406	0.000000	0.000406	29.5	138.0	168.5
256	-0.344520	-0.344520	0.000000	56.331488	420.835666	0.000481	0.000000	0.000481	63.6	180.2	244.9
257	-0.343304	-0.343305	0.000000	57.329042	415.476142	0.000404	0.000000	0.000404	65.9	106.7	175.7
258	-0.340958	-0.340958	0.000000	58.329042	410.238764	0.000349	0.000000	0.000349	70.4	227.8	299.3
259	-0.341718	-0.341718	0.000000	58.265798	410.566081	0.000263	0.000000	0.000263	72.0	134.7	207.9
260	-0.350612	-0.350612	0.000000	58.202583	410.893773	0.000477	0.000000	0.000477	41.5	191.9	234.5
261	-0.342190	-0.342190	0.000000	58.360564	410.075817	0.000259	0.000000	0.000259	64.5	131.9	197.7
262	-0.349980	-0.349980	0.000000	58.297383	410.402550	0.000497	0.000000	0.000497	22.1	103.5	126.7
263	-0.342623	-0.342623	0.000000	59.289453	405.331545	0.000270	0.000000	0.000270	57.3	159.8	218.2
264	-0.350229	-0.350230	0.000000	60.289260	400.346223	0.000404	0.000000	0.000404	42.5	106.9	150.7
265	-0.350937	-0.350937	0.000000	61.255997	395.641038	0.000273	0.000000	0.000273	68.5	94.9	164.4
266	-0.339887	-0.339887	0.000000	61.194598	395.936583	0.000546	0.000000	0.000546	54.3	108.4	164.4
267	-0.348143	-0.348143	0.000000	62.193390	391.183099	0.000251	0.000000	0.000251	40.1	153.8	196.0
268	-0.347837	-0.347837	0.000000	62.146976	391.401465	0.000355	0.000000	0.000355	70.9	116.5	188.5
269	-0.343491	-0.343491	0.000000	62.083817	391.698999	0.000240	0.000000	0.000240	33.4	180.8	215.5
270	-0.341861	-0.341861	0.000000	62.605251	389.256029	0.000315	0.000000	0.000315	48.7	88.6	139.1
271	-0.341556	-0.341557	0.000000	62.542924	389.546436	0.000242	0.000000	0.000241	81.0	91.8	174.3
272	-0.349035	-0.349035	0.000000	62.515331	389.675138	0.000332	0.000000	0.000332	87.8	132.6	221.6
273	-0.350667	-0.350667	0.000000	62.457289	389.946147	0.000241	0.000000	0.000241	43.1	160.4	205.6
274	-0.343365	-0.343366	0.000000	62.394343	390.240478	0.000483	0.000000	0.000483	48.9	119.6	169.7
275	-0.344952	-0.344952	0.000000	63.389817	385.637147	0.000252	0.000000	0.000252	73.2	134.7	208.9
276	-0.341717	-0.341717	0.000000	64.387995	381.129084	0.000273	0.000000	0.000273	74.1	192.1	267.3
277	-0.351032	-0.351032	0.000000	64.328637	381.394212	0.000253	0.000000	0.000253	82.4	146.5	230.0
278	-0.341849	-0.341849	0.000000	64.265397	381.677084	0.000336	0.000000	0.000336	29.3	179.6	210.0
279	-0.340249	-0.340249	0.000000	64.202159	381.960371	0.000280	0.000000	0.000280	74.3	156.9	232.2
280	-0.347381	-0.347381	0.000000	64.577906	380.283294	0.000279	0.000000	0.000279	40.3	132.9	174.7
281	-0.349636	-0.349636	0.000000	64.525285	380.517273	0.000411	0.000000	0.000411	55.3	86.6	143.1
282	-0.339693	-0.339694	0.000000	64.462041	380.798864	0.000318	0.000000	0.000318	76.0	100.0	177.0
283	-0.346467	-0.346467	0.000000	64.398797	381.080872	0.000479	0.000000	0.000479	78.1	106.0	185.3
284	-0.349324	-0.349324	0.000000	65.398794	376.670165	0.000211	0.000000	0.000211	102.3	131.7	235.1
285	-0.345813	-0.345813	0.000000	65.335551	376.946088	0.000227	0.000000	0.000227	49.8	131.5	182.4
286	-0.344891	-0.344891	0.000000	65.274943	377.210890	0.000202	0.000000	0.000202	57.8	152.3	211.3
287	-0.349311	-0.349312	0.000000	65.212065	377.486008	0.000235	0.000000	0.000235	95.2	133.7	230.0
288	-0.348249	-0.348249	0.000000	65.157723	377.724097	0.000257	0.000000	0.000257	70.5	135.3	206.9
289	-0.352931	-0.352931	0.000000	65.094484	378.001548	0.000527	0.000000	0.000527	58.5	129.8	189.4
290	-0.346184	-0.346184	0.000000	65.031240	378.279427	0.000234	0.000000	0.000234	66.1	163.8	231.0
291	-0.343748	-0.343749	0.000000	64.968002	378.557687	0.000485	0.000000	0.000485	58.1	172.4	231.6
292	-0.347979	-0.347979	0.000000	64.910317	378.811872	0.000428	0.000000	0.000428	59.8	124.7	186.7
293	-0.339474	-0.339475	0.000000	65.910317	374.453219	0.000349	0.000000	0.000349	74.3	142.8	218.2
294	-0.340299	-0.340299	0.000000	66.909955	370.195256	0.000333	0.000000	0.000333	39.3	133.1	173.6
295	-0.345676	-0.345676	0.000000	67.874838	366.176175	0.000244	0.000000	0.000244	47.1	147.3	195.5
296	-0.344847	-0.344847	0.000000	68.691626	362.841547	0.000285	0.000000	0.000285	55.7	175.4	232.5
297	-0.345719	-0.345719	0.000000	68.628993	363.095100	0.000201	0.000000	0.000201	56.7	163.6	221.7
298	-0.345147	-0.345147	0.000000	68.596822	363.225474	0.000250	0.000000	0.000250	57.6	134.6	194.5
299	-0.354185	-0.354185	0.000000	68.541027	363.451808	0.000298	0.000000	0.000298	52.7	139.4	193.3
300	-0.349633	-0.349633	0.000000	68.478075	363.707513	0.000232	0.000000	0.000232	56.7	185.6	243.6
301	-0.343358	-0.343359	0.000000	69.386112	360.053634	0.000344	0.000000	0.000344	25.9	127.5	154.4
302	-0.343354	-0.343355	0.000000	70.238084	356.691490	0.000431	0.000000	0.000431	68.2	115.5	184.8
303	-0.348835	-0.348836	0.000000	71.200603	352.967846	0.000388	0.000000	0.000388	89.1	152.0	242.2
304	-0.347385	-0.347385	0.000000	71.140502	353.198079	0.000395	0.000000	0.000395	67.3	187.7	257.2
305	-0.345743	-0.345743	0.000000	72.140502	349.405979	0.000270	0.000000	0.000270	35.5	97.5	134.2
306	-0.347767	-0.347768	0.000000	72.953573	346.382231	0.000440	0.000000	0.000440	49.1	139.8	190.1
307	-0.342794	-0.342794	0.000000	73.904878	342.910174	0.000218	0.000000	0.000218	53.6	207.8	262.4
308	-0.345254	-0.345254	0.000000	73.841634	343.138838	0.000462	0.000000	0.000462	65.5	112.8	179.8
309	-0.343678	-0.343678	0.000000	74.836908	339.575314	0.000399	0.000000	0.000399	63.4	140.0	205.1
310	-0.349635	-0.349635	0.000000	74.773664	339.799551	0.000301	0.000000	0.000301	55.7	158.2	219.8
311	-0.344543	-0.344543	0.000000	74.710638	340.023311	0.000510	0.000000	0.000510	61.4	168.1	231.2
312	-0.341958	-0.341958	0.000000	74.722837	339.979978	0.000154	0.000000	0.000154	73.2	136.3	211.0
313	-0.345577	-0.345577	0.000000	74.661119	340.199326	0.000328	0.000000	0.000328	64.0	113.1	178.2
314	-0.347262	-0.347263	0.000000	74.598330	340.422768	0.000260	0.000000	0.000260	56.9	113.2	171.2
315	-0.346145	-0.346146	0.000000	74.535087	340.648125	0.000359	0.000000	0.000359	68.4	180.0	249.5
316	-0.345955	-0.345955	0.000000	74.515239	340.718909	0.000347	0.000000	0.000347	66.7	155.4	223.0
317	-0.346351	-0.346352	0.000000	74.452268	340.943685	0.000210	0.000000	0.000210	91.3	172.0	265.8
318	-0.349504	-0.349504	0.000000	74.588894	340.456371	0.000302	0.000000	0.000302	68.1	118.2	194.3
319	-0.343906	-0.343907	0.000000	74.622623	340.336282	0.000356	0.000000	0.000356	45.8	137.1	184.2
320	-0.344995	-0.344996	0.000000	74.564506	340.543257	0.000240	0.000000	0.000240	47.0	136.7	184.8
321	-0.337928	-0.337928	0.000000	74.501262	340.768774	0.000413	0.000000	0.000413	47.7	137.4	187.8
322	-0.345215	-0.345216	0.000000	74.449056	340.955159	0.000336	0.000000	0.000336	99.9	124.9	225.9
323	-0.349218	-0.349218	0.000000	74.385824	341.181181	0.000384	0.000000	0.000384	56.4	198.3	256.1
324	-0.346974	-0.346974	0.000000	75.385823	337.641440	0.000192	0.000000	0.000192	43.1	149.0	193.3
325	-0.345042	-0.345042	0.000000	75.407930	337.564017	0.000181	0.000000	0.000181	60.1	144.4	205.6
326	-0.343296	-0.343296	0.000000	75.344809	337.785176	0.000247	0.000000	0.000247	48.1	147.9	197.1
327	-0.341500	-0.341501	0.000000	75.600281	336.891856	0.000301	0.000000	0.000301	63.9	109.7	175.5
328	-0.346464	-0.346464	0.000000	76.336137	334.344972	0.000424	0.000000	0.000424	62.2	113.2	176.4
329	-0.337798	-0.337798	0.000000	76.287305	334.512793	0.000320	0.000000	0.000320	93.7	105.5	200.5
330	-0.344127	-0.344127	0.000000	77.287302	331.109384	0.000347	0.000000	0.000347	55.8	132.1	189.5
331	-0.337166	-0.337166	0.000000	77.229378	331.304634	0.000247	0.000000	0.000247	72.5	141.5	215.4
332	-0.347287	-0.347287	0.000000	78.202703	328.054047	0.000259	0.000000	0.000259	55.4	163.3	219.9
333	-0.352105	-0.352105	0.000000	78.139462	328.263313	0.000613	0.000000	0.000613	92.9	123.8	219.4
334	-0.346962	-0.346962	0.000000	79.139462	324.985252	0.000300	0.000000	0.000300	65.3	88.9	155.8
335	-0.351040	-0.351041	0.000000	79.076218	325.190628	0.000218	0.000000	0.000218	37.6	149.7	188.5
336	-0.349795	-0.349796	0.000000	80.071471	321.988470	0.000275	0.000000	0.000275	59.8	171.8	232.7
337	-0.347932	-0.347932	0.000000	80.986427	319.099797	0.000290	0.000000	0.000290	55.7	187.9	244.8
338	-0.343563	-0.343564	0.000000	80.923770	319.295960	0.000404	0.000000	0.000404	64.7	182.8	248.6
339	-0.345680	-0.345680	0.000000	81.813263	316.533560	0.000419	0.000000	0.000419	33.5	186.6	221.2
340	-0.344387	-0.344387	0.000000	81.750019	316.728389	0.000275	0.000000	0.000275	35.4	170.5	207.2
341	-0.348958	-0.348958	0.000000	82.491431	314.459351	0.000328	0.000000	0.000328	55.1	168.1	224.8
342	-0.343657	-0.343657	0.000000	82.576818	314.200116	0.000354	0.000000	0.000354	53.0	184.7	238.9
343	-0.343420	-0.343421	0.000000	82.513581	314.392063	0.000324	0.000000	0.000324	76.3	128.8	206.2
344	-0.342908	-0.342909	0.000000	82.450347	314.584233	0.000349	0.000000	0.000349	51.7	190.5	243.2
345	-0.342953	-0.342954	0.000000	83.443281	311.593507	0.000223	0.000000	0.000223	29.3	143.5	174.0
346	-0.339371	-0.339372	0.000000	83.380053	311.782255	0.000263	0.000000	0.000263	39.9	99.8	140.9
347	-0.342399	-0.342400	0.000000	83.316910	311.970976	0.000265	0.000000	0.000265	53.8	165.8	220.8
348	-0.345194	-0.345195	0.000000	83.408000	311.698799	0.000428	0.000000	0.000428	94.8	134.1	230.7
349	-0.346574	-0.346574	0.000000	83.344956	311.887124	0.000309	0.000000	0.000309	86.1	176.1	263.2
350	-0.339180	-0.339180	0.000000	83.588412	311.161126	0.000536	0.000000	0.000536	33.8	158.8	193.6
351	-0.347100	-0.347100	0.000000	84.588412	308.214201	0.000156	0.000000	0.000156	42.2	154.1	197.4
352	-0.348024	-0.348024	0.000000	85.166625	306.535581	0.000289	0.000000	0.000289	40.0	130.7	171.7
353	-0.341121	-0.341122	0.000000	85.105441	306.712340	0.000308	0.000000	0.000308	69.0	136.0	206.1
354	-0.348260	-0.348260	0.000000	85.042526	306.894312	0.000263	0.000000	0.000263	115.8	177.3	294.2
355	-0.351080	-0.351081	0.000000	85.954728	304.276855	0.000249	0.000000	0.000249	115.4	102.0	218.5
356	-0.345412	-0.345412	0.000000	86.313247	303.260307	0.000332	0.000000	0.000332	86.8	102.8	192.3
357	-0.344731	-0.344732	0.000000	86.339284	303.186745	0.000319	0.000000	0.000319	77.5	122.8	201.9
358	-0.347613	-0.347613	0.000000	86.276043	303.365480	0.000253	0.000000	0.000253	73.6	151.8	226.4
359	-0.341800	-0.341801	0.000000	86.212803	303.544419	0.000442	0.000000	0.000442	60.0	183.6	244.7
360	-0.344860	-0.344860	0.000000	86.149560	303.723582	0.000446	0.000000	0.000446	54.2	157.6	212.9
361	-0.341592	-0.341592	0.000000	87.149548	300.915249	0.000283	0.000000	0.000283	27.1	175.2	203.5
362	-0.345432	-0.345432	0.000000	87.092309	301.074594	0.000345	0.000000	0.000345	69.3	166.5	237.2
363	-0.341791	-0.341792	0.000000	88.092226	298.315008	0.000418	0.000000	0.000418	66.6	144.8	212.5
364	-0.342873	-0.342874	0.000000	89.092226	295.605325	0.000382	0.000000	0.000382	34.5	84.7	120.3
365	-0.341828	-0.341829	0.000000	89.972266	293.261093	0.000242	0.000000	0.000242	76.6	120.1	198.2
366	-0.348085	-0.348086	0.000000	90.888593	290.859392	0.000302	0.000000	0.000302	78.8	128.0	208.4
367	-0.351269	-0.351269	0.000000	91.050004	290.440403	0.000239	0.000000	0.000239	56.5	142.4	201.0
368	-0.340234	-0.340235	0.000000	91.682624	288.809819	0.000266	0.000000	0.000266	88.7	173.3	264.4
369	-0.342429	-0.342429	0.000000	91.720538	288.712676	0.000232	0.000000	0.000232	38.2	133.2	172.5
370	-0.342718	-0.342718	0.000000	91.664699	288.855768	0.000328	0.000000	0.000328	47.3	135.2	183.8
371	-0.348681	-0.348681	0.000000	91.744762	288.650645	0.000262	0.000000	0.000262	90.4	131.9	223.4
372	-0.346346	-0.346347	0.000000	91.681518	288.812653	0.000310	0.000000	0.000310	61.8	127.9	190.7
373	-0.342549	-0.342550	0.000000	92.624553	286.415631	0.000532	0.000000	0.000532	110.1	79.1	190.2
374	-0.340566	-0.340567	0.000000	92.561310	286.575139	0.000497	0.000000	0.000497	89.9	98.7	192.3
375	-0.346402	-0.346402	0.000000	93.561310	284.073639	0.000244	0.000000	0.000244	69.3	127.8	198.8
376	-0.346622	-0.346623	0.000000	94.300672	282.252024	0.000316	0.000000	0.000316	62.7	132.4	196.8
377	-0.348621	-0.348621	0.000000	94.256947	282.359103	0.000297	0.000000	0.000297	30.2	118.3	149.5
378	-0.349132	-0.349133	0.000000	94.863612	280.880663	0.000222	0.000000	0.000222	38.6	118.8	158.6
379	-0.350738	-0.350739	0.000000	94.800532	281.033667	0.000240	0.000000	0.000240	86.1	132.6	219.8
380	-0.348247	-0.348247	0.000000	94.762828	281.125201	0.000477	0.000000	0.000477	72.1	203.5	276.7
381	-0.339257	-0.339257	0.000000	95.748490	278.751770	0.000303	0.000000	0.000303	63.4	153.5	218.0
382	-0.346192	-0.346192	0.000000	96.748487	276.384426	0.000164	0.000000	0.000164	25.4	109.5	135.9
383	-0.348369	-0.348369	0.000000	96.685666	276.531963	0.000214	0.000000	0.000214	55.0	125.3	181.8
384	-0.348991	-0.348991	0.000000	96.625839	276.672612	0.000258	0.000000	0.000258	37.3	178.8	217.2
385	-0.347148	-0.347148	0.000000	96.562597	276.821446	0.000212	0.000000	0.000212	34.8	165.1	201.4
386	-0.347420	-0.347420	0.000000	96.572861	276.797281	0.000443	0.000000	0.000443	34.2	198.3	233.7
387	-0.343808	-0.343809	0.000000	97.563348	274.484896	0.000330	0.000000	0.000330	41.1	169.6	211.9
388	-0.334880	-0.334881	0.000000	98.563067	272.189806	0.000519	0.000000	0.000519	44.0	183.9	235.3
389	-0.346225	-0.346226	0.000000	98.697187	271.884819	0.000297	0.000000	0.000297	72.4	137.4	211.0
390	-0.335157	-0.335157	0.000000	99.696822	269.633015	0.000212	0.000000	0.000212	58.7	166.7	226.7
391	-0.343183	-0.343183	0.000000	99.633716	269.774067	0.000282	0.000000	0.000282	45.4	153.9	204.5
392	-0.347445	-0.347445	0.000000	99.582258	269.889192	0.000259	0.000000	0.000259	74.1	132.4	208.0
393	-0.343679	-0.343680	0.000000	100.532365	267.779272	0.000451	0.000000	0.000451	43.2	140.5	184.8
394	-0.343583	-0.343584	0.000000	101.515270	265.630954	0.000233	0.000000	0.000233	57.8	149.6	208.7
395	-0.347261	-0.347261	0.000000	102.515211	263.480488	0.000257	0.000000	0.000257	52.3	105.9	159.6
396	-0.343982	-0.343982	0.000000	102.457689	263.603251	0.000259	0.000000	0.000259	50.7	150.8	202.6
397	-0.336422	-0.336422	0.000000	102.394452	263.738341	0.000268	0.000000	0.000268	57.7	189.0	247.8
398	-0.340392	-0.340392	0.000000	103.004866	262.440090	0.000404	0.000000	0.000404	53.9	156.0	211.0
399	-0.346654	-0.346654	0.000000	102.942203	262.572775	0.000290	0.000000	0.000290	58.2	155.7	214.9
400	-0.347228	-0.347228	0.000000	103.935448	260.485304	0.000377	0.000000	0.000377	70.7	131.0	202.8
401	-0.348752	-0.348752	0.000000	103.872213	260.617213	0.000344	0.000000	0.000344	33.8	113.7	148.6
402	-0.344724	-0.344725	0.000000	104.364343	259.594135	0.000280	0.000000	0.000280	63.2	194.5	258.9
403	-0.345733	-0.345734	0.000000	104.301625	259.724070	0.000239	0.000000	0.000239	53.0	139.2	193.3
404	-0.349139	-0.349139	0.000000	104.243065	259.845511	0.000360	0.000000	0.000360	48.0	123.4	172.5
405	-0.344656	-0.344656	0.000000	104.463339	259.389303	0.000221	0.000000	0.000221	53.2	120.1	174.4
406	-0.344373	-0.344373	0.000000	105.439310	257.387106	0.000246	0.000000	0.000246	56.7	152.6	210.4
407	-0.343028	-0.343029	0.000000	105.376154	257.515734	0.000280	0.000000	0.000280	45.0	173.0	219.6
408	-0.343376	-0.343377	0.000000	105.313279	257.643919	0.000425	0.000000	0.000425	55.9	152.2	209.3
409	-0.344407	-0.344408	0.000000	106.312528	255.621725	0.000265	0.000000	0.000265	42.1	155.2	198.4
410	-0.340058	-0.340058	0.000000	106.511947	255.221952	0.000206	0.000000	0.000206	39.1	151.0	191.3
411	-0.339145	-0.339145	0.000000	106.484432	255.277038	0.000353	0.000000	0.000353	44.8	125.0	170.9
412	-0.336935	-0.336935	0.000000	106.429078	255.387928	0.000278	0.000000	0.000278	72.0	135.7	208.8
413	-0.343493	-0.343494	0.000000	107.429003	253.399523	0.000257	0.000000	0.000257	69.0	152.1	222.2
414	-0.342393	-0.342394	0.000000	107.606143	253.050495	0.000341	0.000000	0.000341	42.9	147.8	191.8
415	-0.343716	-0.343716	0.000000	108.605978	251.098358	0.000388	0.000000	0.000388	54.3	127.8	183.2
416	-0.343707	-0.343708	0.000000	108.542734	251.220946	0.000325	0.000000	0.000325	61.9	116.2	180.1
417	-0.350535	-0.350535	0.000000	108.483580	251.335715	0.000299	0.000000	0.000299	60.8	112.3	174.2
418	-0.339986	-0.339987	0.000000	109.467130	249.440975	0.000271	0.000000	0.000271	67.1	137.4	206.7
419	-0.346416	-0.346417	0.000000	110.463524	247.550401	0.000169	0.000000	0.000169	49.9	157.4	208.6
420	-0.345034	-0.345034	0.000000	110.405777	247.659189	0.000409	0.000000	0.000409	60.3	172.8	234.2
421	-0.345069	-0.345070	0.000000	110.342534	247.778439	0.000244	0.000000	0.000244	72.2	111.3	184.8
422	-0.346190	-0.346190	0.000000	111.331492	245.926707	0.000426	0.000000	0.000426	79.7	99.8	181.7
423	-0.349518	-0.349519	0.000000	111.279688	246.023018	0.000408	0.000000	0.000408	70.3	166.6	238.0
424	-0.344877	-0.344877	0.000000	112.201971	244.319569	0.000280	0.000000	0.000280	78.3	146.5	226.0
425	-0.350354	-0.350355	0.000000	113.177139	242.543911	0.000238	0.000000	0.000238	32.9	130.3	165.9
426	-0.349204	-0.349204	0.000000	113.114441	242.657299	0.000191	0.000000	0.000191	61.5	134.3	196.9
427	-0.339997	-0.339998	0.000000	113.599026	241.783682	0.000220	0.000000	0.000220	48.7	84.1	134.1
428	-0.342801	-0.342801	0.000000	113.537871	241.893586	0.000305	0.000000	0.000305	113.0	88.1	202.2
429	-0.345455	-0.345455	0.000000	113.544202	241.882204	0.000402	0.000000	0.000402	118.5	126.7	246.3
430	-0.347428	-0.347429	0.000000	114.542427	240.100821	0.000242	0.000000	0.000242	67.9	106.6	175.7
431	-0.348260	-0.348261	0.000000	114.601827	239.995646	0.000334	0.000000	0.000334	40.9	121.8	163.8
432	-0.344984	-0.344985	0.000000	114.543888	240.098233	0.000330	0.000000	0.000330	49.4	104.0	154.5
433	-0.350891	-0.350891	0.000000	115.543826	238.339947	0.000314	0.000000	0.000314	28.5	176.2	205.9
434	-0.347124	-0.347125	0.000000	115.485802	238.441272	0.000456	0.000000	0.000456	24.8	124.2	150.1
435	-0.345708	-0.345708	0.000000	116.485802	236.706974	0.000406	0.000000	0.000406	57.5	104.9	163.6
436	-0.347829	-0.347829	0.000000	117.485802	234.997724	0.000336	0.000000	0.000336	77.5	123.7	203.7
437	-0.346903	-0.346903	0.000000	118.485794	233.312994	0.000402	0.000000	0.000402	60.2	169.0	230.7
438	-0.347807	-0.347807	0.000000	119.485486	231.652742	0.000235	0.000000	0.000235	62.6	144.0	207.9
439	-0.344951	-0.344951	0.000000	120.485383	230.015621	0.000399	0.000000	0.000399	65.4	139.7	206.3
440	-0.346312	-0.346312	0.000000	120.422149	230.118466	0.000225	0.000000	0.000225	50.0	154.5	206.3
441	-0.348160	-0.348161	0.000000	120.909426	229.328305	0.000312	0.000000	0.000312	50.8	153.5	205.8
442	-0.354739	-0.354740	0.000000	120.846744	229.429645	0.000189	0.000000	0.000189	50.2	169.5	221.8
443	-0.332213	-0.332214	0.000000	120.783572	229.531868	0.000508	0.000000	0.000508	74.1	149.3	224.8
444	-0.347774	-0.347775	0.000000	121.781104	227.928257	0.000284	0.000000	0.000284	66.8	152.2	222.1
445	-0.343931	-0.343931	0.000000	121.717867	228.029249	0.000335	0.000000	0.000335	75.7	141.6	218.4
446	-0.340544	-0.340544	0.000000	122.701951	226.467684	0.000402	0.000000	0.000402	52.5	132.5	186.1
447	-0.339977	-0.339977	0.000000	123.701951	224.902621	0.000217	0.000000	0.000217	41.0	132.1	174.8
448	-0.347115	-0.347115	0.000000	123.638713	225.000953	0.000361	0.000000	0.000361	56.6	161.9	219.6
449	-0.340362	-0.340363	0.000000	123.575769	225.098911	0.000333	0.000000	0.000333	39.3	128.1	168.7
450	-0.347895	-0.347896	0.000000	123.517506	225.189661	0.000406	0.000000	0.000406	68.9	132.4	202.5
451	-0.353732	-0.353733	0.000000	123.454262	225.288252	0.000564	0.000000	0.000564	56.9	95.7	154.0
452	-0.341325	-0.341325	0.000000	124.454262	223.739392	0.000243	0.000000	0.000243	68.1	135.3	205.2
453	-0.338085	-0.338085	0.000000	124.391018	223.836716	0.000212	0.000000	0.000212	78.5	175.5	255.1
454	-0.340451	-0.340451	0.000000	124.328479	223.933040	0.000348	0.000000	0.000348	76.4	164.2	241.7
455	-0.344117	-0.344117	0.000000	124.265556	224.030039	0.000310	0.000000	0.000310	51.6	171.1	223.7
456	-0.351241	-0.351242	0.000000	125.264899	222.499372	0.000211	0.000000	0.000211	45.4	143.1	190.2
457	-0.348147	-0.348148	0.000000	126.238980	221.027394	0.000356	0.000000	0.000356	87.9	183.5	272.9
458	-0.351829	-0.351829	0.000000	126.428903	220.742659	0.000374	0.000000	0.000374	51.5	176.1	229.1
459	-0.346809	-0.346810	0.000000	127.428903	219.255465	0.000296	0.000000	0.000296	25.8	179.8	206.6
460	-0.350935	-0.350936	0.000000	128.426032	217.792360	0.000185	0.000000	0.000185	59.4	127.7	188.1
461	-0.335125	-0.335126	0.000000	128.362803	217.884556	0.000410	0.000000	0.000410	88.9	159.1	249.1
462	-0.345242	-0.345242	0.000000	129.357866	216.442605	0.000433	0.000000	0.000433	31.3	114.3	147.1
463	-0.352603	-0.352604	0.000000	129.942160	215.604760	0.000235	0.000000	0.000235	54.5	175.8	232.4
464	-0.345295	-0.345295	0.000000	130.940905	214.187536	0.000431	0.000000	0.000431	84.8	184.3	273.5
465	-0.340003	-0.340004	0.000000	130.982443	214.128997	0.000621	0.000000	0.000621	85.0	149.7	236.0
466	-0.345380	-0.345381	0.000000	131.982443	212.729300	0.000395	0.000000	0.000395	39.5	195.1	235.8
467	-0.344242	-0.344243	0.000000	132.982443	211.347783	0.000303	0.000000	0.000303	66.9	133.2	201.3
468	-0.342756	-0.342756	0.000000	133.982021	209.984668	0.000521	0.000000	0.000521	31.7	163.9	196.8
469	-0.343312	-0.343313	0.000000	133.918777	210.070392	0.000270	0.000000	0.000270	56.2	153.7	211.1
470	-0.342043	-0.342044	0.000000	133.855578	210.156125	0.000165	0.000000	0.000165	82.1	172.0	255.4
471	-0.348642	-0.348642	0.000000	133.792419	210.241873	0.000542	0.000000	0.000542	33.8	115.2	150.1
472	-0.348574	-0.348574	0.000000	134.783019	208.904978	0.000259	0.000000	0.000259	46.0	124.7	171.9
473	-0.343811	-0.343812	0.000000	135.780200	207.576264	0.000200	0.000000	0.000200	55.5	140.8	197.4
474	-0.348995	-0.348995	0.000000	135.721929	207.653443	0.000210	0.000000	0.000210	45.9	182.6	229.6
475	-0.349493	-0.349494	0.000000	135.658737	207.737205	0.000372	0.000000	0.000372	42.7	110.7	154.6
476	-0.348661	-0.348662	0.000000	135.595493	207.821103	0.000232	0.000000	0.000232	60.4	87.5	149.0
477	-0.342907	-0.342907	0.000000	135.534092	207.902622	0.000202	0.000000	0.000202	120.2	293.3	420.5
478	-0.354289	-0.354290	0.000000	136.398189	206.761262	0.000396	0.000000	0.000396	142.4	119.2	262.8
479	-0.350312	-0.350312	0.000000	136.334971	206.844340	0.000515	0.000000	0.000515	54.2	103.6	158.8
480	-0.349233	-0.349234	0.000000	136.271727	206.927518	0.000359	0.000000	0.000359	79.8	156.1	237.1
481	-0.344372	-0.344373	0.000000	137.271727	205.620099	0.000202	0.000000	0.000202	93.1	168.4	262.9
482	-0.341228	-0.341228	0.000000	137.208484	205.702295	0.000450	0.000000	0.000450	51.3	117.1	169.5
483	-0.345191	-0.345192	0.000000	138.207182	204.411935	0.000339	0.000000	0.000339	81.5	138.8	221.4
484	-0.351772	-0.351773	0.000000	138.239534	204.370405	0.000314	0.000000	0.000314	42.9	156.3	200.3
485	-0.350183	-0.350184	0.000000	139.237920	203.097046	0.000241	0.000000	0.000241	86.4	154.5	242.0
486	-0.345222	-0.345222	0.000000	139.950490	202.197882	0.000305	0.000000	0.000305	53.3	138.0	192.4
487	-0.343272	-0.343272	0.000000	140.948018	200.952433	0.000369	0.000000	0.000369	79.5	146.5	227.1
488	-0.346122	-0.346122	0.000000	141.348027	200.457306	0.000213	0.000000	0.000213	84.6	176.7	262.3
489	-0.347486	-0.347487	0.000000	141.284807	200.535397	0.000254	0.000000	0.000254	60.0	138.2	199.3
490	-0.339154	-0.339154	0.000000	141.771342	199.935983	0.000183	0.000000	0.000183	50.7	140.1	191.9
491	-0.346335	-0.346335	0.000000	142.254461	199.344312	0.000324	0.000000	0.000324	33.9	223.9	258.9
492	-0.351235	-0.351235	0.000000	142.191553	199.421156	0.000260	0.000000	0.000260	38.8	125.8	165.9
493	-0.347916	-0.347917	0.000000	143.081082	198.340039	0.000269	0.000000	0.000269	66.5	102.3	170.0
494	-0.351940	-0.351940	0.000000	144.076426	197.144128	0.000318	0.000000	0.000318	104.9	140.1	246.3
495	-0.347784	-0.347785	0.000000	144.107945	197.106493	0.000303	0.000000	0.000303	64.8	107.0	172.9
496	-0.347069	-0.347070	0.000000	144.044702	197.182023	0.000349	0.000000	0.000349	62.1	171.2	235.3
497	-0.343554	-0.343554	0.000000	143.983692	197.254939	0.000449	0.000000	0.000449	40.3	122.4	164.0
498	-0.354051	-0.354051	0.000000	144.983692	196.066540	0.000375	0.000000	0.000375	68.0	122.7	191.7
499	-0.342613	-0.342613	0.000000	144.921182	196.140407	0.000500	0.000000	0.000500	61.0	118.2	180.6
500	-0.345737	-0.345737	0.000000	144.857938	196.215198	0.000288	0.000000	0.000288	86.3	168.2	255.7
501	-0.345277	-0.345278	0.000000	145.857938	195.039256	0.000393	0.000000	0.000393	57.5	120.4	179.1
502	-0.346186	-0.346186	0.000000	145.794694	195.113209	0.000144	0.000000	0.000144	78.8	124.1	203.9
503	-0.336038	-0.336039	0.000000	146.444827	194.355649	0.000445	0.000000	0.000445	69.0	162.7	233.1
504	-0.348589	-0.348590	0.000000	146.423132	194.380834	0.000465	0.000000	0.000465	73.0	113.6	187.8
505	-0.343176	-0.343176	0.000000	147.423132	193.226712	0.000307	0.000000	0.000307	70.9	139.9	212.0
506	-0.344279	-0.344279	0.000000	147.359889	193.299297	0.000342	0.000000	0.000342	35.4	163.4	199.9
507	-0.341295	-0.341295	0.000000	148.281024	192.247468	0.000164	0.000000	0.000164	66.2	163.8	231.1
508	-0.349184	-0.349184	0.000000	148.218238	192.318798	0.000406	0.000000	0.000406	30.6	107.2	139.3
509	-0.346017	-0.346017	0.000000	148.445200	192.061199	0.000220	0.000000	0.000220	66.2	150.5	222.6
510	-0.352518	-0.352518	0.000000	148.407222	192.104254	0.000332	0.000000	0.000332	60.8	163.4	225.5
511	-0.347553	-0.347554	0.000000	149.377326	191.010441	0.000301	0.000000	0.000301	44.2	161.4	206.6
512	-0.347159	-0.347159	0.000000	149.318805	191.076071	0.000275	0.000000	0.000275	61.7	126.7	189.4
513	-0.342610	-0.342611	0.000000	149.259875	191.142206	0.000354	0.000000	0.000354	65.5	133.4	200.0
514	-0.345692	-0.345693	0.000000	149.199729	191.209753	0.000310	0.000000	0.000310	54.8	199.4	255.3
515	-0.347397	-0.347397	0.000000	150.192021	190.101430	0.000223	0.000000	0.000223	69.3	162.0	232.4
516	-0.347157	-0.347157	0.000000	150.620283	189.627051	0.000343	0.000000	0.000343	77.8	190.6	269.8
517	-0.345013	-0.345014	0.000000	151.496914	188.663364	0.000431	0.000000	0.000431	41.2	119.1	161.3
518	-0.341792	-0.341793	0.000000	151.433670	188.732561	0.000293	0.000000	0.000293	63.7	151.5	216.5
519	-0.346520	-0.346521	0.000000	152.431696	187.646485	0.000287	0.000000	0.000287	72.1	132.0	205.5
520	-0.343296	-0.343297	0.000000	152.374548	187.708338	0.000262	0.000000	0.000262	58.1	122.1	181.4
521	-0.348582	-0.348582	0.000000	153.365793	186.641242	0.000492	0.000000	0.000492	36.1	125.4	163.5
522	-0.348281	-0.348281	0.000000	154.365793	185.576945	0.000422	0.000000	0.000422	51.3	108.7	163.7
523	-0.348932	-0.348933	0.000000	155.365793	184.524718	0.000439	0.000000	0.000439	54.9	162.9	218.9
524	-0.352415	-0.352416	0.000000	155.304167	184.589217	0.000255	0.000000	0.000255	54.7	170.2	226.4
525	-0.345402	-0.345402	0.000000	155.247505	184.648561	0.000434	0.000000	0.000434	45.9	139.4	186.4
526	-0.351433	-0.351433	0.000000	155.184261	184.714843	0.000363	0.000000	0.000363	117.5	135.3	253.9
527	-0.351508	-0.351509	0.000000	156.184261	183.672342	0.000266	0.000000	0.000266	75.3	113.1	189.4
528	-0.340160	-0.340160	0.000000	156.125911	183.732849	0.000254	0.000000	0.000254	67.8	127.5	196.5
529	-0.348158	-0.348159	0.000000	156.102086	183.757566	0.000281	0.000000	0.000281	62.5	105.5	169.1
530	-0.345155	-0.345156	0.000000	156.910173	182.922919	0.000436	0.000000	0.000436	53.7	147.3	202.8
531	-0.347364	-0.347365	0.000000	156.847206	182.987683	0.000385	0.000000	0.000385	73.9	183.9	258.9
532	-0.346909	-0.346910	0.000000	157.847206	181.964532	0.000226	0.000000	0.000226	59.3	85.5	145.9
533	-0.344729	-0.344730	0.000000	157.783963	182.028900	0.000366	0.000000	0.000365	74.6	115.9	192.1
534	-0.346656	-0.346656	0.000000	157.815350	181.996949	0.000282	0.000000	0.000282	50.4	146.4	197.8
535	-0.345598	-0.345599	0.000000	158.815298	180.984869	0.000197	0.000000	0.000197	33.0	133.7	167.8
536	-0.348394	-0.348394	0.000000	158.803415	180.996830	0.000428	0.000000	0.000428	64.3	147.8	213.3
537	-0.353199	-0.353200	0.000000	159.786699	180.012403	0.000284	0.000000	0.000284	68.2	110.6	181.5
538	-0.348348	-0.348349	0.000000	159.880906	179.918648	0.000223	0.000000	0.000223	65.9	87.7	154.9
539	-0.343888	-0.343889	0.000000	159.830827	179.968475	0.000240	0.000000	0.000240	49.6	158.7	209.5
540	-0.353503	-0.353503	0.000000	159.767593	180.031429	0.000238	0.000000	0.000238	44.6	161.0	207.0
541	-0.355744	-0.355745	0.000000	160.418110	179.385885	0.000411	0.000000	0.000411	41.4	134.5	176.9
542	-0.346382	-0.346382	0.000000	160.354870	179.448437	0.000240	0.000000	0.000240	71.2	100.2	172.4
543	-0.352053	-0.352053	0.000000	160.291895	179.510772	0.000311	0.000000	0.000311	24.0	141.1	166.2
544	-0.340292	-0.340293	0.000000	161.212883	178.603442	0.000365	0.000000	0.000365	108.7	183.6	293.4
545	-0.344311	-0.344311	0.000000	162.212869	177.628615	0.000298	0.000000	0.000298	45.4	139.9	186.4
546	-0.346280	-0.346280	0.000000	163.212854	176.664372	0.000208	0.000000	0.000208	54.8	112.7	168.7
547	-0.337339	-0.337340	0.000000	163.153577	176.721238	0.000543	0.000000	0.000543	62.2	144.9	208.2
548	-0.347334	-0.347334	0.000000	164.153574	175.766784	0.000303	0.000000	0.000303	58.8	172.1	232.0
549	-0.342494	-0.342495	0.000000	164.090330	175.826841	0.000185	0.000000	0.000185	52.5	152.9	206.5
550	-0.347663	-0.347663	0.000000	164.029738	175.884420	0.000408	0.000000	0.000408	38.0	88.7	129.5
551	-0.345808	-0.345808	0.000000	163.976749	175.934804	0.000221	0.000000	0.000221	83.3	130.0	214.4
552	-0.347448	-0.347448	0.000000	164.962173	175.002516	0.000176	0.000000	0.000176	65.6	149.5	216.1
553	-0.344596	-0.344597	0.000000	164.904710	175.056609	0.000270	0.000000	0.000270	59.2	128.4	189.3
554	-0.343661	-0.343661	0.000000	164.843086	175.114657	0.000256	0.000000	0.000256	37.0	124.7	163.2
555	-0.343904	-0.343905	0.000000	165.613721	174.391508	0.000424	0.000000	0.000424	66.2	115.3	182.6
556	-0.341857	-0.341857	0.000000	165.550478	174.450628	0.000282	0.000000	0.000282	87.5	117.4	205.9
557	-0.347773	-0.347774	0.000000	166.508800	173.559045	0.000414	0.000000	0.000414	57.3	152.1	210.5
558	-0.350966	-0.350966	0.000000	167.440354	172.701056	0.000326	0.000000	0.000326	142.8	149.6	306.9
559	-0.355279	-0.355280	0.000000	167.467640	172.676053	0.000280	0.000000	0.000280	79.8	135.0	216.3
560	-0.351673	-0.351673	0.000000	168.466955	171.765298	0.000332	0.000000	0.000332	81.2	196.5	278.7
561	-0.350353	-0.350353	0.000000	168.403713	171.822651	0.000344	0.000000	0.000344	39.3	180.7	221.1
562	-0.348089	-0.348090	0.000000	168.340469	171.880044	0.000400	0.000000	0.000400	44.5	110.8	156.4
563	-0.341008	-0.341008	0.000000	169.340469	170.977030	0.000243	0.000000	0.000243	54.4	135.4	190.9
564	-0.348581	-0.348581	0.000000	169.285641	171.026295	0.000423	0.000000	0.000423	62.6	109.6	173.3
565	-0.346788	-0.346788	0.000000	169.222741	171.082847	0.000398	0.000000	0.000398	80.4	122.9	204.5
566	-0.336637	-0.336638	0.000000	170.221158	170.189578	0.000253	0.000000	0.000253	80.8	151.9	233.8
567	-0.343872	-0.343873	0.000000	170.157914	170.245884	0.000240	0.000000	0.000240	77.7	151.9	230.7
568	-0.348774	-0.348775	0.000000	170.110986	170.287689	0.000363	0.000000	0.000363	85.1	116.2	202.3
569	-0.340049	-0.340049	0.000000	170.219913	170.190685	0.000312	0.000000	0.000312	68.4	139.9	209.4
570	-0.349372	-0.349373	0.000000	171.219844	169.305351	0.000384	0.000000	0.000384	79.2	108.0	188.4
571	-0.351808	-0.351809	0.000000	172.197135	168.448916	0.000281	0.000000	0.000281	50.8	146.3	198.6
572	-0.350605	-0.350605	0.000000	172.142790	168.496313	0.000238	0.000000	0.000238	52.7	169.5	224.7
573	-0.344881	-0.344882	0.000000	173.136837	167.633555	0.000439	0.000000	0.000439	36.9	145.5	183.6
574	-0.346676	-0.346676	0.000000	174.136753	166.774570	0.000336	0.000000	0.000336	37.3	163.4	201.8
575	-0.344741	-0.344741	0.000000	175.136687	165.924329	0.000318	0.000000	0.000318	55.2	158.8	215.1
576	-0.352023	-0.352023	0.000000	175.273814	165.808405	0.000289	0.000000	0.000289	81.1	119.6	201.8
577	-0.337250	-0.337251	0.000000	175.210615	165.861812	0.000335	0.000000	0.000335	86.1	120.8	208.9
578	-0.345098	-0.345098	0.000000	175.246895	165.831149	0.000196	0.000000	0.000196	73.0	119.9	194.0
579	-0.339723	-0.339724	0.000000	175.507581	165.611159	0.000306	0.000000	0.000306	53.2	196.5	250.7
580	-0.343193	-0.343194	0.000000	175.454591	165.655829	0.000323	0.000000	0.000323	47.5	124.3	172.9
581	-0.346573	-0.346573	0.000000	176.454581	164.816881	0.000344	0.000000	0.000344	46.2	173.1	220.5
582	-0.345052	-0.345053	0.000000	176.391338	164.869687	0.000282	0.000000	0.000282	26.4	156.2	184.0
583	-0.346016	-0.346017	0.000000	176.328165	164.922469	0.000393	0.000000	0.000393	48.3	157.4	206.7
584	-0.352285	-0.352285	0.000000	176.264922	164.975343	0.000733	0.000000	0.000733	68.6	180.6	251.5
585	-0.351190	-0.351191	0.000000	177.264922	164.143247	0.000286	0.000000	0.000286	56.6	142.9	200.7
586	-0.351753	-0.351754	0.000000	177.900611	163.618643	0.000364	0.000000	0.000364	46.9	167.9	216.1
587	-0.343439	-0.343440	0.000000	178.900286	162.800408	0.000359	0.000000	0.000359	67.2	129.7	198.3
588	-0.351548	-0.351548	0.000000	178.845438	162.845089	0.000261	0.000000	0.000261	79.0	173.0	253.4
589	-0.345121	-0.345121	0.000000	179.603178	162.229973	0.000343	0.000000	0.000343	48.2	116.6	166.0
590	-0.348534	-0.348534	0.000000	180.106172	161.824214	0.000352	0.000000	0.000352	42.2	139.6	182.9
591	-0.345763	-0.345764	0.000000	181.075187	161.048215	0.000226	0.000000	0.000226	73.2	163.4	237.8
592	-0.346372	-0.346372	0.000000	181.015423	161.095859	0.000327	0.000000	0.000327	41.0	115.6	157.7
593	-0.343973	-0.343974	0.000000	180.952268	161.146237	0.000231	0.000000	0.000231	68.9	170.3	243.0
594	-0.347014	-0.347014	0.000000	180.889370	161.196442	0.000223	0.000000	0.000223	69.6	156.9	227.7
595	-0.353192	-0.353193	0.000000	180.929840	161.164135	0.000407	0.000000	0.000407	59.1	139.7	200.0
596	-0.351171	-0.351172	0.000000	181.929807	160.369975	0.000237	0.000000	0.000237	80.4	198.3	279.8
597	-0.345794	-0.345795	0.000000	181.907245	160.387807	0.000362	0.000000	0.000362	66.6	162.0	229.6
598	-0.342321	-0.342321	0.000000	182.904169	159.603643	0.000310	0.000000	0.000310	66.0	137.3	204.4
599	-0.339066	-0.339067	0.000000	183.825573	158.885669	0.000252	0.000000	0.000252	48.4	103.5	153.1
600	-0.343974	-0.343975	0.000000	184.153165	158.631957	0.000288	0.000000	0.000288	80.7	131.9	213.8
601	-0.346709	-0.346710	0.000000	184.089926	158.680871	0.000310	0.000000	0.000310	79.6	120.0	201.0
602	-0.349426	-0.349426	0.000000	184.183968	158.608143	0.000315	0.000000	0.000315	84.5	180.7	266.3
603	-0.346336	-0.346336	0.000000	184.684986	158.221797	0.000363	0.000000	0.000363	37.9	120.8	159.7
604	-0.352456	-0.352457	0.000000	184.622123	158.270169	0.000335	0.000000	0.000335	53.9	125.9	180.9
605	-0.343676	-0.343677	0.000000	185.622099	157.504199	0.000242	0.000000	0.000242	74.1	95.3	170.5
606	-0.340598	-0.340598	0.000000	186.611471	156.753613	0.000178	0.000000	0.000178	51.2	103.4	155.7
607	-0.347348	-0.347348	0.000000	186.548652	156.801058	0.000191	0.000000	0.000191	56.9	147.4	206.3
608	-0.344285	-0.344285	0.000000	186.549283	156.800581	0.000253	0.000000	0.000253	26.0	134.8	161.8
609	-0.344281	-0.344281	0.000000	186.532854	156.812994	0.000504	0.000000	0.000504	40.5	145.1	186.7
610	-0.343833	-0.343834	0.000000	187.532854	156.061012	0.000429	0.000000	0.000429	52.2	108.1	161.5
611	-0.348044	-0.348044	0.000000	187.469610	156.108356	0.000277	0.000000	0.000277	57.4	160.0	218.5
612	-0.344257	-0.344258	0.000000	187.411901	156.151582	0.000372	0.000000	0.000372	64.7	160.6	226.4
613	-0.346646	-0.346646	0.000000	188.411737	155.406037	0.000321	0.000000	0.000321	54.1	89.5	145.6
614	-0.343349	-0.343349	0.000000	188.384037	155.426596	0.000504	0.000000	0.000504	64.0	136.6	201.7
615	-0.343322	-0.343323	0.000000	188.320793	155.473557	0.000262	0.000000	0.000262	60.2	136.0	197.4
616	-0.347321	-0.347322	0.000000	188.257549	155.520545	0.000362	0.000000	0.000362	64.2	165.2	231.4
617	-0.343184	-0.343185	0.000000	188.240846	155.532960	0.000470	0.000000	0.000470	31.7	111.4	144.2
618	-0.338482	-0.338483	0.000000	189.240846	154.793175	0.000177	0.000000	0.000177	94.5	134.3	229.9
619	-0.350426	-0.350427	0.000000	189.177730	154.839659	0.000219	0.000000	0.000219	64.0	113.1	178.4
620	-0.350982	-0.350982	0.000000	189.121504	154.881093	0.000319	0.000000	0.000319	116.5	139.4	258.3
621	-0.339810	-0.339810	0.000000	189.254923	154.782812	0.000193	0.000000	0.000193	84.7	148.3	234.2
622	-0.344387	-0.344388	0.000000	190.249986	154.053729	0.000176	0.000000	0.000176	50.9	143.2	195.2
623	-0.341168	-0.341169	0.000000	190.217846	154.077171	0.000310	0.000000	0.000310	59.8	113.6	174.5
624	-0.342716	-0.342716	0.000000	190.155175	154.122901	0.000362	0.000000	0.000362	84.7	115.3	201.2
625	-0.349233	-0.349233	0.000000	190.120987	154.147859	0.000424	0.000000	0.000424	47.3	127.8	176.1
626	-0.348312	-0.348312	0.000000	191.120987	153.421161	0.000242	0.000000	0.000242	62.3	176.0	239.3
627	-0.348145	-0.348145	0.000000	192.024818	152.770219	0.000279	0.000000	0.000279	59.4	181.7	242.3
628	-0.343379	-0.343379	0.000000	191.962641	152.814823	0.000360	0.000000	0.000360	52.6	167.4	221.2
629	-0.350786	-0.350787	0.000000	192.961883	152.101148	0.000314	0.000000	0.000314	50.1	186.2	237.4
630	-0.350282	-0.350283	0.000000	193.960737	151.394383	0.000367	0.000000	0.000367	46.5	184.0	232.4
631	-0.346604	-0.346605	0.000000	194.960729	150.693361	0.000284	0.000000	0.000284	57.6	192.3	251.1
632	-0.342339	-0.342339	0.000000	195.115345	150.585550	0.000288	0.000000	0.000288	79.8	142.8	223.8
633	-0.345282	-0.345283	0.000000	196.114486	149.892569	0.000338	0.000000	0.000338	72.7	131.7	205.4
634	-0.347569	-0.347570	0.000000	197.114466	149.205363	0.000520	0.000000	0.000520	53.9	127.1	182.0
635	-0.342101	-0.342101	0.000000	197.051302	149.248584	0.000336	0.000000	0.000336	41.8	139.1	182.1
636	-0.347470	-0.347471	0.000000	198.051302	148.567243	0.000229	0.000000	0.000229	63.2	167.7	231.9
637	-0.345269	-0.345270	0.000000	199.032711	147.904591	0.000302	0.000000	0.000302	63.5	176.7	241.2
638	-0.344712	-0.344713	0.000000	199.672300	147.475910	0.000239	0.000000	0.000239	69.5	163.9	234.5
639	-0.344899	-0.344900	0.000000	199.613830	147.514996	0.000251	0.000000	0.000251	67.6	142.8	211.5
640	-0.344073	-0.344074	0.000000	199.570020	147.544295	0.000233	0.000000	0.000233	43.5	146.6	191.3
641	-0.343400	-0.343401	0.000000	200.563766	146.882537	0.000254	0.000000	0.000254	41.9	159.6	203.0
642	-0.343914	-0.343914	0.000000	200.511369	146.917281	0.000248	0.000000	0.000248	38.9	113.0	153.5
643	-0.344497	-0.344498	0.000000	200.451227	146.957181	0.000186	0.000000	0.000186	78.7	132.0	211.9
644	-0.348540	-0.348540	0.000000	200.960023	146.620313	0.000261	0.000000	0.000261	67.3	174.9	243.3
645	-0.336985	-0.336985	0.000000	200.897013	146.661948	0.000398	0.000000	0.000398	62.0	125.6	188.9
646	-0.350489	-0.350489	0.000000	201.897011	146.003968	0.000433	0.000000	0.000433	47.0	110.5	158.8
647	-0.341540	-0.341541	0.000000	202.897011	145.351865	0.000219	0.000000	0.000219	69.0	150.2	220.3
648	-0.340160	-0.340160	0.000000	203.233035	145.134049	0.000189	0.000000	0.000189	56.2	134.9	192.1
649	-0.345602	-0.345603	0.000000	203.169837	145.174964	0.000270	0.000000	0.000270	49.7	156.5	207.3
650	-0.341188	-0.341188	0.000000	203.182301	145.166893	0.000266	0.000000	0.000266	76.3	165.5	242.9
651	-0.346504	-0.346505	0.000000	204.178242	144.524834	0.000723	0.000000	0.000723	27.8	164.1	192.9
652	-0.344697	-0.344698	0.000000	204.114998	144.565437	0.000311	0.000000	0.000311	25.7	109.7	137.0
653	-0.349258	-0.349259	0.000000	205.114998	143.926092	0.000428	0.000000	0.000428	68.1	137.5	206.7
654	-0.344795	-0.344795	0.000000	205.051755	143.966359	0.000221	0.000000	0.000221	63.5	116.2	180.8
655	-0.346532	-0.346532	0.000000	204.988593	144.006597	0.000394	0.000000	0.000394	63.1	169.7	233.9
656	-0.353221	-0.353222	0.000000	205.988448	143.372266	0.000324	0.000000	0.000324	96.9	119.8	217.7
657	-0.348505	-0.348505	0.000000	206.988437	142.743416	0.000391	0.000000	0.000391	47.6	172.4	221.1
658	-0.342322	-0.342323	0.000000	206.932502	142.778445	0.000209	0.000000	0.000209	59.9	167.9	228.9
659	-0.341933	-0.341934	0.000000	207.753897	142.265765	0.000256	0.000000	0.000256	75.8	144.6	221.5
660	-0.347902	-0.347903	0.000000	207.690658	142.305105	0.000245	0.000000	0.000245	101.9	179.7	282.7
661	-0.347330	-0.347330	0.000000	208.648583	141.711513	0.000277	0.000000	0.000277	60.6	122.0	183.8
662	-0.343309	-0.343310	0.000000	208.590920	141.747104	0.000190	0.000000	0.000190	75.7	104.1	183.1
663	-0.340411	-0.340411	0.000000	208.794784	141.621352	0.000211	0.000000	0.000211	73.6	148.7	223.4
664	-0.350251	-0.350251	0.000000	208.817038	141.607639	0.000358	0.000000	0.000358	31.9	117.6	150.9
665	-0.346236	-0.346237	0.000000	208.764515	141.640010	0.000256	0.000000	0.000256	73.9	267.6	345.1
666	-0.343958	-0.343959	0.000000	209.764400	141.026294	0.000329	0.000000	0.000329	54.5	163.8	219.4
667	-0.347719	-0.347719	0.000000	209.701160	141.064952	0.000285	0.000000	0.000285	52.4	119.4	173.5
668	-0.346827	-0.346828	0.000000	209.638002	141.103582	0.000417	0.000000	0.000417	42.8	130.6	174.5
669	-0.350059	-0.350059	0.000000	209.575354	141.141920	0.000429	0.000000	0.000429	34.2	147.2	182.8
670	-0.349385	-0.349385	0.000000	209.512115	141.180641	0.000339	0.000000	0.000339	36.3	140.6	178.7
671	-0.347573	-0.347573	0.000000	210.512115	140.570821	0.000207	0.000000	0.000207	50.7	120.0	171.8
672	-0.349796	-0.349797	0.000000	210.478424	140.591281	0.000252	0.000000	0.000252	73.4	99.3	174.7
673	-0.338690	-0.338691	0.000000	210.521112	140.565358	0.000178	0.000000	0.000178	103.9	103.6	208.6
674	-0.345521	-0.345521	0.000000	210.481997	140.589111	0.000331	0.000000	0.000331	71.1	152.0	224.2
675	-0.352767	-0.352768	0.000000	210.419875	140.626850	0.000219	0.000000	0.000219	55.7	110.5	167.2
676	-0.345585	-0.345586	0.000000	210.554675	140.544984	0.000448	0.000000	0.000448	56.0	144.5	201.6
677	-0.343626	-0.343626	0.000000	210.491432	140.583381	0.000375	0.000000	0.000375	40.5	164.7	206.3
678	-0.346568	-0.346569	0.000000	210.435030	140.617642	0.000260	0.000000	0.000259	87.2	141.9	230.4
679	-0.348168	-0.348168	0.000000	211.435030	140.012666	0.000211	0.000000	0.000211	50.6	148.2	200.4
680	-0.346821	-0.346822	0.000000	211.529263	139.955925	0.000175	0.000000	0.000175	60.6	144.6	206.4
681	-0.352808	-0.352809	0.000000	211.469945	139.991637	0.000364	0.000000	0.000364	44.2	181.4	226.8
682	-0.347648	-0.347649	0.000000	211.868807	139.751856	0.000233	0.000000	0.000233	33.2	114.1	148.4
683	-0.348851	-0.348852	0.000000	211.805564	139.789821	0.000169	0.000000	0.000169	36.7	93.8	131.6
684	-0.351432	-0.351432	0.000000	211.784685	139.802359	0.000560	0.000000	0.000560	60.2	118.8	180.1
685	-0.343372	-0.343373	0.000000	211.721579	139.840269	0.000371	0.000000	0.000371	74.5	150.8	226.4
686	-0.342365	-0.342365	0.000000	212.721579	139.241949	0.000281	0.000000	0.000281	50.9	124.0	176.0
687	-0.344615	-0.344615	0.000000	213.719366	138.650034	0.000296	0.000000	0.000296	62.6	163.4	228.6
688	-0.344056	-0.344057	0.000000	213.656123	138.687402	0.000354	0.000000	0.000354	64.1	171.4	237.3
689	-0.341334	-0.341335	0.000000	214.655903	138.099015	0.000362	0.000000	0.000362	58.3	148.0	209.4
690	-0.341342	-0.341342	0.000000	214.592660	138.136087	0.000205	0.000000	0.000205	54.7	152.2	208.2
691	-0.344632	-0.344632	0.000000	214.532489	138.171376	0.000350	0.000000	0.000350	40.6	168.3	210.7
692	-0.347063	-0.347064	0.000000	215.478875	137.618416	0.000335	0.000000	0.000335	54.3	170.4	228.7
693	-0.345718	-0.345718	0.000000	215.415631	137.655230	0.000314	0.000000	0.000314	53.3	170.2	224.6
694	-0.347820	-0.347820	0.000000	216.412484	137.077240	0.000349	0.000000	0.000349	50.0	160.2	211.5
695	-0.349220	-0.349220	0.000000	216.349240	137.113766	0.000226	0.000000	0.000226	38.3	136.3	175.6
696	-0.343051	-0.343052	0.000000	216.285997	137.150311	0.000386	0.000000	0.000386	68.3	158.4	227.7
697	-0.348331	-0.348332	0.000000	216.223228	137.186600	0.000418	0.000000	0.000418	48.8	180.7	230.9
698	-0.346738	-0.346739	0.000000	217.186034	136.632058	0.000381	0.000000	0.000381	48.3	197.3	246.8
699	-0.343714	-0.343714	0.000000	217.122793	136.668345	0.000320	0.000000	0.000320	52.1	156.8	209.9
700	-0.344068	-0.344068	0.000000	217.734391	136.318224	0.000423	0.000000	0.000423	97.4	194.8	293.4
701	-0.341770	-0.341771	0.000000	217.671147	136.354346	0.000177	0.000000	0.000177	82.1	204.3	287.4
702	-0.343648	-0.343649	0.000000	218.596392	135.827789	0.000490	0.000000	0.000490	74.1	166.8	242.5
703	-0.347291	-0.347291	0.000000	218.533457	135.863476	0.000326	0.000000	0.000326	63.6	198.2	263.2
704	-0.349277	-0.349277	0.000000	219.533456	135.298634	0.000215	0.000000	0.000215	34.0	181.5	216.6
705	-0.347145	-0.347146	0.000000	220.494549	134.760177	0.000156	0.000000	0.000156	27.9	111.7	140.6
706	-0.337933	-0.337933	0.000000	220.443876	134.788460	0.000261	0.000000	0.000261	31.5	122.4	155.1
707	-0.347772	-0.347772	0.000000	220.395262	134.815604	0.000385	0.000000	0.000385	61.7	140.9	203.7
708	-0.352964	-0.352965	0.000000	220.935415	134.514611	0.000283	0.000000	0.000283	33.7	184.9	219.8
709	-0.346232	-0.346233	0.000000	221.935290	133.960974	0.000416	0.000000	0.000416	30.2	157.7	189.0
710	-0.351247	-0.351248	0.000000	222.924151	133.417901	0.000366	0.000000	0.000366	45.9	136.3	183.2
711	-0.350371	-0.350372	0.000000	223.133815	133.303320	0.000419	0.000000	0.000419	58.4	154.0	214.3
712	-0.350343	-0.350343	0.000000	223.071415	133.337401	0.000422	0.000000	0.000422	24.1	173.4	198.6
713	-0.347172	-0.347173	0.000000	224.071415	132.793325	0.000403	0.000000	0.000403	39.2	206.7	247.7
714	-0.341481	-0.341481	0.000000	225.071415	132.253671	0.000258	0.000000	0.000258	72.7	130.8	204.6
715	-0.340348	-0.340349	0.000000	226.068232	131.720084	0.000253	0.000000	0.000253	73.3	103.3	177.7
716	-0.344214	-0.344215	0.000000	226.374767	131.556862	0.000382	0.000000	0.000382	103.1	120.6	224.8
717	-0.349067	-0.349067	0.000000	226.311576	131.590476	0.000205	0.000000	0.000205	64.3	158.7	224.1
718	-0.340160	-0.340161	0.000000	226.253578	131.621343	0.000302	0.000000	0.000302	81.2	105.6	188.0
719	-0.345060	-0.345060	0.000000	226.190561	131.654898	0.000536	0.000000	0.000536	80.2	141.0	222.4
720	-0.351749	-0.351749	0.000000	227.190559	131.124440	0.000328	0.000000	0.000328	53.1	182.6	236.9
721	-0.346792	-0.346793	0.000000	227.129904	131.156493	0.000284	0.000000	0.000284	52.0	172.5	225.6
722	-0.346616	-0.346617	0.000000	227.684771	130.863856	0.000210	0.000000	0.000210	89.5	160.5	251.2
723	-0.352449	-0.352450	0.000000	227.621533	130.897142	0.000293	0.000000	0.000293	101.4	258.3	361.5
724	-0.342355	-0.342355	0.000000	227.591330	130.913046	0.000431	0.000000	0.000431	53.8	206.3	261.3
725	-0.347401	-0.347401	0.000000	228.590534	130.388952	0.000288	0.000000	0.000288	40.5	144.3	186.0
726	-0.345223	-0.345224	0.000000	229.589666	129.869075	0.000131	0.000000	0.000131	41.8	146.3	189.3
727	-0.343621	-0.343622	0.000000	229.531906	129.899016	0.000443	0.000000	0.000443	59.9	125.0	186.0
728	-0.346195	-0.346195	0.000000	229.469253	129.931509	0.000448	0.000000	0.000448	57.7	175.6	234.4
729	-0.349770	-0.349770	0.000000	229.406010	129.964325	0.000344	0.000000	0.000344	58.0	126.0	185.3
730	-0.349011	-0.349011	0.000000	230.406008	129.447376	0.000345	0.000000	0.000345	78.8	131.5	211.4
731	-0.346955	-0.346956	0.000000	230.364527	129.468738	0.000202	0.000000	0.000202	59.6	174.4	235.1
732	-0.342597	-0.342597	0.000000	231.084981	129.098719	0.000297	0.000000	0.000297	74.7	123.4	199.2
733	-0.342085	-0.342086	0.000000	231.021777	129.131095	0.000428	0.000000	0.000428	50.0	155.9	207.2
734	-0.346135	-0.346135	0.000000	231.950072	128.657200	0.000217	0.000000	0.000217	84.6	159.7	245.4
735	-0.346540	-0.346540	0.000000	232.863903	128.194075	0.000319	0.000000	0.000319	52.6	238.0	291.8
736	-0.346817	-0.346817	0.000000	232.808399	128.222109	0.000246	0.000000	0.000246	47.1	203.3	251.5
737	-0.346456	-0.346457	0.000000	232.746233	128.253522	0.000397	0.000000	0.000397	69.5	140.7	211.2
738	-0.344243	-0.344244	0.000000	233.745702	127.750332	0.000290	0.000000	0.000290	121.9	152.1	275.1
739	-0.342914	-0.342914	0.000000	233.903827	127.671085	0.000522	0.000000	0.000522	93.2	114.5	208.9
740	-0.349521	-0.349521	0.000000	234.638075	127.304386	0.000248	0.000000	0.000248	87.5	133.6	222.3
741	-0.345742	-0.345742	0.000000	234.576604	127.335005	0.000266	0.000000	0.000266	56.2	136.5	193.8
742	-0.352543	-0.352544	0.000000	234.967977	127.140311	0.000219	0.000000	0.000219	83.9	142.4	228.5
743	-0.346288	-0.346288	0.000000	234.923460	127.162426	0.000276	0.000000	0.000276	67.5	148.3	217.0
744	-0.350880	-0.350881	0.000000	234.860321	127.193806	0.000227	0.000000	0.000227	33.8	153.6	188.6
745	-0.344207	-0.344207	0.000000	235.059126	127.095053	0.000269	0.000000	0.000269	52.6	92.1	145.8
746	-0.346860	-0.346861	0.000000	234.997064	127.125865	0.000459	0.000000	0.000459	94.1	123.1	218.3
747	-0.348127	-0.348128	0.000000	235.163840	127.043099	0.000425	0.000000	0.000425	82.1	118.5	202.5
748	-0.345034	-0.345034	0.000000	236.163771	126.549117	0.000440	0.000000	0.000440	58.0	173.5	233.2
749	-0.343405	-0.343405	0.000000	237.163771	126.058928	0.000624	0.000000	0.000624	76.6	163.4	241.0
750	-0.351400	-0.351400	0.000000	238.163771	125.572521	0.000271	0.000000	0.000271	56.2	143.5	221.6
751	-0.347060	-0.347060	0.000000	239.163765	125.089857	0.000533	0.000000	0.000533	53.4	122.9	177.4
752	-0.341199	-0.341200	0.000000	239.100522	125.120272	0.000171	0.000000	0.000171	44.5	127.9	188.6
753	-0.345622	-0.345623	0.000000	239.039095	125.149828	0.000237	0.000000	0.000237	88.8	170.5	261.1
754	-0.350392	-0.350392	0.000000	238.976671	125.179879	0.000317	0.000000	0.000317	84.9	194.1	280.2
755	-0.344449	-0.344450	0.000000	238.913428	125.210338	0.000445	0.000000	0.000445	59.9	207.7	268.7
756	-0.349663	-0.349664	0.000000	239.913300	124.730507	0.000205	0.000000	0.000204	32.6	196.9	230.5
757	-0.348443	-0.348443	0.000000	240.911252	124.255250	0.000275	0.000000	0.000275	36.8	170.7	208.7
758	-0.345188	-0.345188	0.000000	240.848018	124.285257	0.000326	0.000000	0.000326	47.2	148.9	197.3
759	-0.343406	-0.343407	0.000000	240.786276	124.314569	0.000197	0.000000	0.000197	65.6	138.4	205.0
760	-0.342454	-0.342455	0.000000	240.723033	124.344608	0.000216	0.000000	0.000216	77.6	155.8	234.5
761	-0.352078	-0.352079	0.000000	240.691950	124.359378	0.000208	0.000000	0.000208	50.0	153.3	204.5
762	-0.352412	-0.352412	0.000000	241.118704	124.156909	0.000377	0.000000	0.000377	42.9	155.4	199.5
763	-0.349539	-0.349540	0.000000	241.061068	124.184215	0.000228	0.000000	0.000228	81.1	110.1	192.2
764	-0.350228	-0.350228	0.000000	241.069775	124.180090	0.000392	0.000000	0.000392	87.9	131.8	221.3
765	-0.341312	-0.341312	0.000000	241.006531	124.210064	0.000349	0.000000	0.000349	33.4	178.1	213.0
766	-0.344631	-0.344631	0.000000	240.944043	124.239696	0.000237	0.000000	0.000237	79.5	158.1	238.7
767	-0.347859	-0.347859	0.000000	240.880800	124.269699	0.000406	0.000000	0.000406	71.7	151.4	224.2
768	-0.349265	-0.349265	0.000000	240.818272	124.299377	0.000251	0.000000	0.000251	27.0	140.2	168.3
769	-0.349104	-0.349104	0.000000	240.756250	124.328829	0.000393	0.000000	0.000393	75.1	147.5	223.7
770	-0.343361	-0.343361	0.000000	241.276611	124.082159	0.000261	0.000000	0.000261	55.7	168.4	225.6
771	-0.354965	-0.354966	0.000000	242.250661	123.623044	0.000432	0.000000	0.000432	29.5	140.2	170.8
772	-0.343158	-0.343159	0.000000	242.189957	123.651558	0.000305	0.000000	0.000305	60.3	173.4	235.2
773	-0.353747	-0.353748	0.000000	242.126713	123.681278	0.000263	0.000000	0.000263	34.0	182.8	218.0
774	-0.348563	-0.348563	0.000000	242.063470	123.711012	0.000261	0.000000	0.000261	68.2	179.6	249.0
775	-0.348534	-0.348535	0.000000	242.000612	123.740580	0.000259	0.000000	0.000259	26.1	183.1	210.8
776	-0.347367	-0.347368	0.000000	242.428626	123.539528	0.000256	0.000000	0.000256	20.7	128.1	149.8
777	-0.341927	-0.341928	0.000000	242.659835	123.431193	0.000520	0.000000	0.000520	58.6	113.2	172.9
778	-0.350565	-0.350566	0.000000	242.596592	123.460808	0.000278	0.000000	0.000278	84.5	130.0	216.0
779	-0.347316	-0.347316	0.000000	242.533348	123.490436	0.000172	0.000000	0.000172	63.5	118.5	183.2
780	-0.344380	-0.344381	0.000000	242.470137	123.520064	0.000162	0.000000	0.000162	66.2	180.2	247.5
781	-0.339679	-0.339680	0.000000	242.408249	123.549085	0.000395	0.000000	0.000395	61.3	157.0	219.5
782	-0.347429	-0.347429	0.000000	242.842301	123.345832	0.000360	0.000000	0.000360	52.6	188.3	242.0
783	-0.349061	-0.349061	0.000000	243.842299	122.880100	0.000396	0.000000	0.000396	40.2	154.9	196.2
784	-0.345303	-0.345304	0.000000	244.842136	122.417946	0.000436	0.000000	0.000436	62.2	85.6	148.9
785	-0.345714	-0.345715	0.000000	244.787620	122.443055	0.000566	0.000000	0.000566	74.1	130.7	205.9
786	-0.342978	-0.342979	0.000000	245.769901	121.992204	0.000259	0.000000	0.000259	66.7	122.6	190.5
787	-0.350561	-0.350561	0.000000	246.769901	121.536618	0.000234	0.000000	0.000234	59.1	110.6	170.9
788	-0.342700	-0.342701	0.000000	246.707740	121.564838	0.000332	0.000000	0.000332	53.3	143.6	199.6
789	-0.343192	-0.343192	0.000000	246.658143	121.587364	0.000319	0.000000	0.000319	57.1	134.9	193.3
790	-0.348894	-0.348894	0.000000	247.640243	121.142863	0.000279	0.000000	0.000279	68.2	150.3	219.7
791	-0.345719	-0.345719	0.000000	247.685654	121.122388	0.000433	0.000000	0.000433	55.4	179.7	236.3
792	-0.348422	-0.348423	0.000000	248.683734	120.674123	0.000239	0.000000	0.000239	40.4	111.2	152.7
793	-0.347400	-0.347401	0.000000	248.620490	120.702429	0.000425	0.000000	0.000425	71.5	141.3	214.2
794	-0.344130	-0.344130	0.000000	248.557250	120.730747	0.000302	0.000000	0.000302	38.3	235.2	274.6
795	-0.345873	-0.345873	0.000000	249.330433	120.385440	0.000457	0.000000	0.000457	30.0	146.6	178.6
796	-0.342165	-0.342165	0.000000	249.281144	120.407394	0.000384	0.000000	0.000384	58.5	120.5	180.2
797	-0.342561	-0.342562	0.000000	250.281144	119.963546	0.000243	0.000000	0.000243	52.7	178.7	232.5
798	-0.344271	-0.344271	0.000000	250.218215	119.991381	0.000424	0.000000	0.000424	43.7	163.0	207.9
799	-0.341445	-0.341445	0.000000	251.214959	119.552020	0.000369	0.000000	0.000369	22.2	135.9	159.2
800	-0.342776	-0.342777	0.000000	251.151716	119.579802	0.000237	0.000000	0.000237	60.2	166.0	227.4
801	-0.346243	-0.346244	0.000000	251.447621	119.449926	0.000331	0.000000	0.000331	59.3	148.5	208.9
802	-0.344882	-0.344883	0.000000	251.386968	119.476524	0.000280	0.000000	0.000280	62.1	149.9	213.1
803	-0.348277	-0.348277	0.000000	251.851540	119.273097	0.000414	0.000000	0.000414	56.6	153.7	212.9
804	-0.344521	-0.344522	0.000000	251.837360	119.279296	0.000385	0.000000	0.000385	28.5	179.0	208.7
805	-0.345388	-0.345389	0.000000	252.837354	118.843714	0.000260	0.000000	0.000260	60.2	158.9	220.1
806	-0.349533	-0.349534	0.000000	253.822233	118.417814	0.000337	0.000000	0.000337	45.9	177.2	224.1
807	-0.346933	-0.346933	0.000000	253.758990	118.445071	0.000459	0.000000	0.000459	81.6	139.7	222.6
808	-0.346592	-0.346593	0.000000	253.738013	118.454115	0.000444	0.000000	0.000444	60.9	136.6	198.6
809	-0.345219	-0.345219	0.000000	254.737647	118.024682	0.000278	0.000000	0.000278	60.1	127.1	188.7
810	-0.342902	-0.342903	0.000000	255.312332	117.779210	0.000394	0.000000	0.000394	76.5	139.0	216.6
811	-0.349777	-0.349778	0.000000	255.249092	117.806172	0.000347	0.000000	0.000347	73.7	104.2	179.0
812	-0.346681	-0.346682	0.000000	255.186148	117.833021	0.000532	0.000000	0.000532	65.7	116.1	182.9
813	-0.342477	-0.342477	0.000000	256.033301	117.472694	0.000389	0.000000	0.000389	49.5	136.1	186.8
814	-0.346393	-0.346393	0.000000	256.002418	117.485791	0.000474	0.000000	0.000474	48.2	151.6	200.9
815	-0.342067	-0.342068	0.000000	257.002418	117.063184	0.000286	0.000000	0.000286	44.2	191.6	236.8
816	-0.342767	-0.342767	0.000000	258.002418	116.643606	0.000356	0.000000	0.000356	33.3	172.9	210.8
817	-0.344262	-0.344263	0.000000	257.940090	116.669669	0.000212	0.000000	0.000212	36.6	164.0	201.8
818	-0.343784	-0.343784	0.000000	258.008619	116.641014	0.000416	0.000000	0.000416	67.2	156.0	224.4
819	-0.347840	-0.347840	0.000000	257.945423	116.667439	0.000190	0.000000	0.000190	43.6	152.7	197.4
820	-0.343698	-0.343698	0.000000	257.897860	116.687336	0.000244	0.000000	0.000244	71.1	177.1	249.5
821	-0.347929	-0.347929	0.000000	257.839952	116.711568	0.000321	0.000000	0.000321	33.3	172.6	207.1
822	-0.343056	-0.343057	0.000000	257.776820	116.737999	0.000270	0.000000	0.000270	72.0	184.2	257.3
823	-0.344003	-0.344003	0.000000	258.776778	116.320762	0.000307	0.000000	0.000307	57.9	148.4	207.2
824	-0.346743	-0.346743	0.000000	259.775937	115.906828	0.000229	0.000000	0.000229	30.5	170.7	202.3
825	-0.349881	-0.349881	0.000000	260.339436	115.674676	0.000341	0.000000	0.000341	69.1	182.5	252.9
826	-0.347376	-0.347377	0.000000	260.482930	115.615708	0.000323	0.000000	0.000323	45.8	173.4	220.4
827	-0.344739	-0.344739	0.000000	261.482732	115.206504	0.000276	0.000000	0.000276	78.0	160.8	240.8
828	-0.347510	-0.347510	0.000000	262.411720	114.828872	0.000308	0.000000	0.000308	80.6	157.9	239.6
829	-0.346046	-0.346046	0.000000	262.348476	114.854502	0.000292	0.000000	0.000292	52.8	102.7	157.2
830	-0.343062	-0.343063	0.000000	262.285233	114.880143	0.000368	0.000000	0.000368	34.1	163.8	199.9
831	-0.348082	-0.348083	0.000000	262.221989	114.905796	0.000487	0.000000	0.000487	58.3	198.4	257.9
832	-0.338242	-0.338243	0.000000	263.221988	114.501515	0.000207	0.000000	0.000207	44.1	187.6	233.2
833	-0.344924	-0.344925	0.000000	264.221631	114.100211	0.000379	0.000000	0.000379	89.0	123.9	216.4
834	-0.346340	-0.346340	0.000000	264.184340	114.115130	0.000493	0.000000	0.000493	138.8	92.2	232.0
835	-0.343063	-0.343063	0.000000	265.184340	113.716383	0.000397	0.000000	0.000397	34.2	193.5	228.9
836	-0.351495	-0.351495	0.000000	265.140025	113.733995	0.000274	0.000000	0.000274	25.2	159.6	186.0
837	-0.344555	-0.344556	0.000000	265.081776	113.757152	0.000275	0.000000	0.000275	84.8	187.7	273.5
838	-0.348773	-0.348774	0.000000	266.072374	113.364611	0.000235	0.000000	0.000235	45.1	180.0	227.8
839	-0.347768	-0.347769	0.000000	266.009139	113.389588	0.000275	0.000000	0.000275	48.9	130.9	180.9
840	-0.347419	-0.347420	0.000000	266.422947	113.226339	0.000203	0.000000	0.000203	53.4	135.8	190.3
841	-0.345520	-0.345521	0.000000	266.361621	113.250503	0.000298	0.000000	0.000298	59.5	143.4	204.0
842	-0.342974	-0.342975	0.000000	266.298399	113.275425	0.000273	0.000000	0.000273	56.8	112.0	169.9
843	-0.348500	-0.348501	0.000000	267.027153	112.988820	0.000365	0.000000	0.000365	80.4	103.2	184.7
844	-0.348087	-0.348087	0.000000	267.011771	112.994854	0.000219	0.000000	0.000219	81.7	144.1	226.9
845	-0.356905	-0.356906	0.000000	266.948569	113.019656	0.000310	0.000000	0.000310	59.9	130.9	191.8
846	-0.340531	-0.340532	0.000000	266.891643	113.042004	0.000231	0.000000	0.000231	57.9	107.9	166.9
847	-0.348212	-0.348212	0.000000	267.654834	112.743125	0.000273	0.000000	0.000273	66.9	116.9	185.2
848	-0.345706	-0.345707	0.000000	267.611681	112.759983	0.000282	0.000000	0.000282	67.0	118.0	186.1
849	-0.350149	-0.350149	0.000000	267.774677	112.696336	0.000522	0.000000	0.000522	44.9	132.4	178.4
850	-0.346109	-0.346109	0.000000	268.774677	112.307426	0.000301	0.000000	0.000301	55.4	206.6	263.0
851	-0.345665	-0.345666	0.000000	269.774677	111.921191	0.000263	0.000000	0.000263	44.1	164.8	210.1
852	-0.348143	-0.348143	0.000000	269.715471	111.943984	0.000286	0.000000	0.000286	26.5	108.1	135.8
853	-0.346546	-0.346546	0.000000	269.653190	111.967972	0.000313	0.000000	0.000313	55.0	152.8	209.0
854	-0.348507	-0.348507	0.000000	269.590694	111.992052	0.000246	0.000000	0.000246	64.8	169.4	235.3
855	-0.342658	-0.342659	0.000000	269.592838	111.991226	0.000459	0.000000	0.000459	30.7	157.8	190.4
856	-0.349644	-0.349644	0.000000	270.592825	111.607164	0.000335	0.000000	0.000335	29.3	104.2	134.9
857	-0.348233	-0.348233	0.000000	271.589565	111.226961	0.000186	0.000000	0.000186	70.9	95.9	168.0
858	-0.346662	-0.346663	0.000000	271.528186	111.250299	0.000380	0.000000	0.000380	63.8	156.0	221.0
859	-0.348264	-0.348265	0.000000	271.464951	111.274353	0.000266	0.000000	0.000266	59.6	159.9	221.0
860	-0.349251	-0.349252	0.000000	271.421788	111.290777	0.000357	0.000000	0.000357	69.7	111.8	182.8
861	-0.344867	-0.344867	0.000000	271.388932	111.303283	0.000410	0.000000	0.000410	72.0	118.7	191.7
862	-0.344083	-0.344083	0.000000	271.341423	111.321371	0.000392	0.000000	0.000392	94.7	100.0	195.8
863	-0.344581	-0.344582	0.000000	272.331973	110.945451	0.000208	0.000000	0.000208	97.8	128.2	227.3
864	-0.346700	-0.346701	0.000000	272.269323	110.969152	0.000283	0.000000	0.000283	78.7	196.2	276.0
865	-0.347271	-0.347271	0.000000	272.206334	110.992992	0.000156	0.000000	0.000156	68.9	160.3	230.5
866	-0.343033	-0.343034	0.000000	272.207923	110.992390	0.000327	0.000000	0.000327	39.3	191.6	231.9
867	-0.335080	-0.335080	0.000000	272.164166	111.008957	0.000389	0.000000	0.000389	52.3	151.9	205.3
868	-0.346593	-0.346594	0.000000	272.101016	111.032874	0.000369	0.000000	0.000369	28.6	121.6	151.3
869	-0.346717	-0.346717	0.000000	273.101015	110.655341	0.000250	0.000000	0.000250	67.3	116.0	184.7
870	-0.350176	-0.350176	0.000000	273.037827	110.679121	0.000314	0.000000	0.000314	38.0	150.0	189.5
871	-0.340871	-0.340872	0.000000	274.032625	110.305930	0.000299	0.000000	0.000299	43.6	130.0	174.7
872	-0.337607	-0.337608	0.000000	274.544125	110.115023	0.000205	0.000000	0.000205	57.6	108.7	167.4
873	-0.342617	-0.342617	0.000000	274.481490	110.138365	0.000282	0.000000	0.000282	54.5	158.9	214.5
874	-0.346496	-0.346496	0.000000	275.308077	109.831121	0.000238	0.000000	0.000238	200.8	114.9	317.2
875	-0.348216	-0.348216	0.000000	276.304361	109.463070	0.000210	0.000000	0.000210	71.3	167.9	240.2
876	-0.347673	-0.347673	0.000000	276.481381	109.397933	0.000389	0.000000	0.000389	42.9	103.0	147.0
877	-0.343233	-0.343234	0.000000	276.418254	109.421152	0.000319	0.000000	0.000319	50.9	113.4	166.2
878	-0.348498	-0.348498	0.000000	277.418254	109.054482	0.000262	0.000000	0.000262	73.9	122.1	197.2
879	-0.348642	-0.348643	0.000000	277.355076	109.077575	0.000461	0.000000	0.000461	66.7	120.4	188.1
880	-0.339313	-0.339314	0.000000	277.293543	109.100076	0.000310	0.000000	0.000310	60.9	117.1	179.0
881	-0.344851	-0.344851	0.000000	278.293543	108.735550	0.000246	0.000000	0.000246	80.8	106.7	188.6
882	-0.351087	-0.351087	0.000000	278.230301	108.758532	0.000224	0.000000	0.000224	69.2	110.4	180.9
883	-0.340023	-0.340024	0.000000	278.186171	108.774573	0.000374	0.000000	0.000374	85.5	114.1	200.6
884	-0.342873	-0.342873	0.000000	278.122931	108.797570	0.000332	0.000000	0.000332	71.0	154.0	227.0
885	-0.346214	-0.346214	0.000000	278.059687	108.820578	0.000214	0.000000	0.000214	55.5	171.4	228.0
886	-0.344970	-0.344971	0.000000	277.997854	108.843083	0.000178	0.000000	0.000178	66.0	167.2	235.7
887	-0.346573	-0.346573	0.000000	277.939805	108.864218	0.000257	0.000000	0.000257	57.2	160.5	219.5
888	-0.344848	-0.344848	0.000000	277.877744	108.886823	0.000225	0.000000	0.000225	29.0	130.9	161.2
889	-0.354664	-0.354664	0.000000	277.836836	108.901729	0.000331	0.000000	0.000331	68.1	131.8	201.0
890	-0.346574	-0.346574	0.000000	277.780200	108.922372	0.000300	0.000000	0.000300	85.9	136.1	223.1
891	-0.340889	-0.340889	0.000000	277.716974	108.945426	0.000272	0.000000	0.000272	73.1	149.0	223.3
892	-0.350104	-0.350105	0.000000	277.659472	108.966402	0.000248	0.000000	0.000248	55.9	187.4	244.5
893	-0.346884	-0.346885	0.000000	277.684295	108.957346	0.000291	0.000000	0.000291	41.8	145.5	188.3
894	-0.348105	-0.348106	0.000000	277.769289	108.926350	0.000410	0.000000	0.000410	57.2	145.0	204.1
895	-0.345763	-0.345763	0.000000	278.401463	108.696356	0.000184	0.000000	0.000184	40.1	145.2	186.5
896	-0.344144	-0.344144	0.000000	278.370139	108.707730	0.000329	0.000000	0.000329	60.3	130.7	192.2
897	-0.344631	-0.344631	0.000000	278.674937	108.597163	0.000193	0.000000	0.000193	41.4	145.2	187.8
898	-0.341750	-0.341750	0.000000	279.390363	108.338522	0.000244	0.000000	0.000244	60.0	112.4	173.4
899	-0.351374	-0.351375	0.000000	279.665847	108.239258	0.000208	0.000000	0.000208	72.7	158.0	231.9
900	-0.339978	-0.339979	0.000000	279.613532	108.258095	0.000178	0.000000	0.000178	22.7	139.1	163.0
901	-0.342936	-0.342937	0.000000	279.551733	108.280354	0.000312	0.000000	0.000312	52.3	96.6	150.0
902	-0.344884	-0.344884	0.000000	279.529556	108.288345	0.000486	0.000000	0.000486	62.9	123.7	187.7
903	-0.343642	-0.343643	0.000000	279.916255	108.149186	0.000340	0.000000	0.000340	69.5	135.9	206.6
904	-0.346709	-0.346710	0.000000	279.853011	108.171921	0.000242	0.000000	0.000242	70.1	160.0	231.6
905	-0.344332	-0.344332	0.000000	280.830976	107.821432	0.000207	0.000000	0.000207	57.0	175.0	233.0
906	-0.350039	-0.350040	0.000000	281.232231	107.678285	0.000238	0.000000	0.000238	52.9	121.4	175.4
907	-0.338580	-0.338581	0.000000	281.758272	107.491194	0.000292	0.000000	0.000292	66.1	163.7	230.9
908	-0.344395	-0.344396	0.000000	281.758552	107.491095	0.000375	0.000000	0.000375	46.0	141.3	188.4
909	-0.348197	-0.348198	0.000000	282.758537	107.137230	0.000328	0.000000	0.000328	67.8	111.4	180.4
910	-0.345317	-0.345318	0.000000	282.695293	107.159541	0.000233	0.000000	0.000233	59.1	137.5	197.7
911	-0.349878	-0.349878	0.000000	283.693191	106.808583	0.000313	0.000000	0.000313	72.8	146.5	220.3
912	-0.343679	-0.343679	0.000000	284.241797	106.616618	0.000235	0.000000	0.000235	79.9	136.0	217.6
913	-0.342177	-0.342178	0.000000	284.204604	106.629611	0.000266	0.000000	0.000266	83.4	130.9	216.2
914	-0.353091	-0.353092	0.000000	284.141842	106.651543	0.000299	0.000000	0.000299	55.6	103.3	160.1
915	-0.348472	-0.348472	0.000000	284.078652	106.673633	0.000317	0.000000	0.000317	64.0	120.9	186.0
916	-0.350727	-0.350727	0.000000	284.015434	106.695742	0.000571	0.000000	0.000571	70.9	99.8	171.7
917	-0.345186	-0.345187	0.000000	285.015434	106.347081	0.000283	0.000000	0.000283	84.1	144.2	229.6
918	-0.352989	-0.352989	0.000000	286.015430	106.000692	0.000294	0.000000	0.000294	69.8	180.1	250.9
919	-0.343110	-0.343111	0.000000	285.952372	106.022468	0.000215	0.000000	0.000215	64.3	152.0	217.4
920	-0.348365	-0.348366	0.000000	285.889950	106.044033	0.000322	0.000000	0.000322	45.2	166.8	213.5
921	-0.348619	-0.348620	0.000000	285.826709	106.065890	0.000209	0.000000	0.000209	50.0	150.4	201.8
922	-0.349492	-0.349493	0.000000	286.074134	105.980428	0.000282	0.000000	0.000282	72.4	186.3	259.9
923	-0.341428	-0.341429	0.000000	286.046834	105.989851	0.000356	0.000000	0.000356	69.2	165.3	235.6
924	-0.342902	-0.342902	0.000000	286.351388	105.884826	0.000167	0.000000	0.000167	41.0	134.3	176.4
925	-0.351309	-0.351310	0.000000	286.297056	105.903547	0.000309	0.000000	0.000309	37.9	128.7	167.8
926	-0.343776	-0.343777	0.000000	286.244637	105.921615	0.000172	0.000000	0.000172	48.9	146.6	196.6
927	-0.344753	-0.344753	0.000000	286.516274	105.828052	0.000368	0.000000	0.000368	78.2	168.5	248.4
928	-0.344964	-0.344964	0.000000	286.464440	105.845893	0.000294	0.000000	0.000294	54.9	177.4	233.5
929	-0.344147	-0.344147	0.000000	286.655753	105.780074	0.000297	0.000000	0.000297	62.2	154.4	217.8
930	-0.344039	-0.344040	0.000000	286.592509	105.801823	0.000303	0.000000	0.000303	43.9	127.2	172.3
931	-0.345490	-0.345490	0.000000	287.591478	105.459322	0.000395	0.000000	0.000395	46.6	138.1	185.8
932	-0.344343	-0.344344	0.000000	288.591478	105.118682	0.000402	0.000000	0.000402	84.9	120.8	207.2
933	-0.344491	-0.344492	0.000000	289.591478	104.780235	0.000283	0.000000	0.000283	58.0	162.0	221.1
934	-0.347024	-0.347025	0.000000	290.591445	104.443972	0.000336	0.000000	0.000336	28.3	136.8	166.2
935	-0.352404	-0.352404	0.000000	291.586799	104.111396	0.000272	0.000000	0.000272	62.7	106.5	170.9
936	-0.347644	-0.347645	0.000000	291.523555	104.132465	0.000307	0.000000	0.000307	35.2	179.2	215.7
937	-0.346143	-0.346144	0.000000	291.460440	104.153499	0.000335	0.000000	0.000335	50.8	164.4	216.3
938	-0.350793	-0.350793	0.000000	292.460420	103.821236	0.000389	0.000000	0.000389	67.7	163.6	232.3
939	-0.345443	-0.345444	0.000000	293.460391	103.491088	0.000316	0.000000	0.000316	32.0	114.2	147.4
940	-0.352138	-0.352138	0.000000	294.460388	103.163026	0.000334	0.000000	0.000334	56.6	143.3	201.0
941	-0.341238	-0.341239	0.000000	294.488743	103.153754	0.000270	0.000000	0.000270	59.2	167.4	227.7
942	-0.346909	-0.346909	0.000000	294.522723	103.142645	0.000208	0.000000	0.000208	64.5	179.0	244.6
943	-0.342134	-0.342134	0.000000	294.500909	103.149776	0.000272	0.000000	0.000272	36.9	187.3	225.2
944	-0.348396	-0.348396	0.000000	294.445756	103.167811	0.000397	0.000000	0.000397	33.7	150.7	185.7
945	-0.350197	-0.350197	0.000000	294.382513	103.188499	0.000515	0.000000	0.000515	58.0	125.9	185.0
946	-0.352979	-0.352980	0.000000	295.382513	102.862348	0.000241	0.000000	0.000241	66.2	128.5	195.9
947	-0.340584	-0.340585	0.000000	295.569698	102.801526	0.000504	0.000000	0.000504	56.7	125.0	183.0
948	-0.342238	-0.342239	0.000000	295.506705	102.821986	0.000358	0.000000	0.000358	43.2	168.1	212.4
949	-0.346168	-0.346168	0.000000	296.506705	102.498144	0.000279	0.000000	0.000279	44.2	128.2	173.5
950	-0.345713	-0.345714	0.000000	297.506292	102.176469	0.000393	0.000000	0.000393	70.5	124.8	198.5
951	-0.342341	-0.342342	0.000000	297.443049	102.196761	0.000221	0.000000	0.000221	65.2	141.2	207.6
952	-0.348503	-0.348504	0.000000	297.380661	102.216787	0.000555	0.000000	0.000555	52.2	108.5	161.9
953	-0.344028	-0.344029	0.000000	297.495517	102.179925	0.000275	0.000000	0.000275	95.1	104.0	200.2
954	-0.352476	-0.352476	0.000000	298.118309	101.980511	0.000474	0.000000	0.000474	71.2	107.0	179.3
955	-0.347094	-0.347094	0.000000	298.055065	102.000725	0.000246	0.000000	0.000246	87.9	127.1	216.1
956	-0.344150	-0.344151	0.000000	298.045241	102.003866	0.000274	0.000000	0.000274	64.2	140.8	206.2
957	-0.352696	-0.352696	0.000000	297.982265	102.024005	0.000335	0.000000	0.000335	64.2	161.2	226.6
958	-0.350184	-0.350185	0.000000	298.968317	101.709596	0.000149	0.000000	0.000149	36.4	130.5	168.1
959	-0.341038	-0.341038	0.000000	298.905219	101.729657	0.000357	0.000000	0.000357	52.4	91.8	145.6
960	-0.338124	-0.338125	0.000000	298.886542	101.735597	0.000378	0.000000	0.000378	51.4	138.7	191.3
961	-0.347369	-0.347370	0.000000	298.823301	101.755713	0.000353	0.000000	0.000353	37.9	102.9	141.9
962	-0.348884	-0.348885	0.000000	299.821547	101.439097	0.000257	0.000000	0.000257	57.1	149.9	208.1
963	-0.353750	-0.353751	0.000000	299.758303	101.459098	0.000383	0.000000	0.000383	44.8	134.5	180.6
964	-0.346657	-0.346657	0.000000	299.695081	101.479100	0.000379	0.000000	0.000379	60.5	179.9	241.9
965	-0.344587	-0.344587	0.000000	299.631837	101.499116	0.000451	0.000000	0.000451	41.9	168.0	211.0
966	-0.350521	-0.350522	0.000000	300.631817	101.183547	0.000315	0.000000	0.000315	39.8	116.4	157.5
967	-0.346445	-0.346446	0.000000	300.573631	101.201855	0.000276	0.000000	0.000276	63.0	125.0	189.1
968	-0.342759	-0.342760	0.000000	300.554245	101.207957	0.000401	0.000000	0.000401	101.3	156.1	258.5
969	-0.346984	-0.346985	0.000000	301.548149	100.896093	0.000483	0.000000	0.000483	73.2	148.0	222.4
970	-0.343323	-0.343324	0.000000	301.484905	100.915880	0.000242	0.000000	0.000242	67.0	164.2	232.2
971	-0.347758	-0.347759	0.000000	301.995162	100.756457	0.000338	0.000000	0.000338	62.8	163.0	227.0
972	-0.350984	-0.350985	0.000000	301.933884	100.775576	0.000289	0.000000	0.000289	58.8	151.8	211.7
973	-0.348578	-0.348578	0.000000	302.500279	100.599135	0.000215	0.000000	0.000215	27.1	166.4	194.6
974	-0.343880	-0.343880	0.000000	302.437036	100.618805	0.000306	0.000000	0.000306	32.7	114.3	148.2
975	-0.343249	-0.343250	0.000000	302.383457	100.635476	0.000328	0.000000	0.000328	62.4	157.3	220.7
976	-0.341800	-0.341800	0.000000	302.320230	100.655156	0.000194	0.000000	0.000194	46.1	144.5	192.1
977	-0.339695	-0.339696	0.000000	302.258050	100.674517	0.000333	0.000000	0.000333	37.4	135.6	174.2
978	-0.349656	-0.349657	0.000000	302.213677	100.688339	0.000301	0.000000	0.000301	33.1	185.9	220.2
979	-0.346199	-0.346200	0.000000	302.151187	100.707809	0.000478	0.000000	0.000478	98.7	160.2	259.9
980	-0.346712	-0.346712	0.000000	303.136095	100.401802	0.000402	0.000000	0.000402	84.7	200.3	286.0
981	-0.345756	-0.345757	0.000000	303.072854	100.421395	0.000411	0.000000	0.000411	63.4	162.1	226.7
982	-0.341566	-0.341566	0.000000	304.072854	100.112476	0.000628	0.000000	0.000628	61.0	168.6	230.9
983	-0.347080	-0.347081	0.000000	305.072854	99.805451	0.000588	0.000000	0.000588	61.8	125.5	188.5
984	-0.345052	-0.345052	0.000000	306.072854	99.500303	0.000359	0.000000	0.000359	29.7	170.5	201.3
985	-0.354206	-0.354207	0.000000	306.011643	99.518928	0.000415	0.000000	0.000415	46.7	132.1	180.1
986	-0.341665	-0.341665	0.000000	307.011643	99.215527	0.000387	0.000000	0.000387	62.5	120.2	183.8
987	-0.350327	-0.350327	0.000000	308.009640	98.914573	0.000333	0.000000	0.000333	42.6	117.5	161.5
988	-0.338104	-0.338105	0.000000	309.008581	98.615157	0.000196	0.000000	0.000196	65.0	130.0	196.1
989	-0.346150	-0.346151	0.000000	308.945554	98.633995	0.000169	0.000000	0.000169	44.5	190.3	236.2
990	-0.341709	-0.341709	0.000000	308.885959	98.651813	0.000219	0.000000	0.000219	42.5	115.7	159.8
991	-0.345676	-0.345677	0.000000	308.823474	98.670503	0.000276	0.000000	0.000276	78.7	109.2	189.0
992	-0.346259	-0.346260	0.000000	308.760252	98.689420	0.000376	0.000000	0.000376	79.3	105.3	197.5
993	-0.343310	-0.343310	0.000000	309.758783	98.391486	0.000192	0.000000	0.000192	126.6	155.6	283.5
994	-0.355772	-0.355773	0.000000	309.716433	98.404085	0.000229	0.000000	0.000229	89.7	128.7	219.8
995	-0.345693	-0.345693	0.000000	309.657879	98.421511	0.000246	0.000000	0.000246	67.4	147.8	216.3
996	-0.349385	-0.349386	0.000000	309.594641	98.440338	0.000235	0.000000	0.000235	42.5	154.2	197.8
997	-0.350614	-0.350615	0.000000	309.575587	98.446012	0.000242	0.000000	0.000242	78.0	150.5	229.7
998	-0.349645	-0.349646	0.000000	309.512489	98.464806	0.000491	0.000000	0.000491	49.2	123.7	173.9
999	-0.341689	-0.341690	0.000000	310.511951	98.167948	0.000376	0.000000	0.000376	35.7	150.4	187.2
