1:ItNr	2:Metric	3a:Time	3b:StepSize	4:||Gradient||	Time[ms]
0	-0.318962	0.000000	12.186322	0.015006	139.4
1	-0.316224	0.000000	12.186322	0.030304	11.1
2	-0.313465	1.000000	11.632398	0.023184	13.6
3	-0.320696	0.371017	11.974758	0.019612	13.5
4	-0.317516	1.371014	11.439479	0.018177	17.1
5	-0.323399	0.742406	11.770213	0.011819	10.5
6	-0.321859	0.140630	12.105257	0.015233	10.7
7	-0.319000	0.000000	12.186322	0.022850	12.1
8	-0.323585	0.000000	12.186322	0.011779	9.2
9	-0.331780	0.999969	11.632414	0.019516	8.7
10	-0.337218	0.401622	11.957633	0.019299	11.1
11	-0.333549	0.000000	12.186322	0.018029	12.3
12	-0.325394	0.999989	11.632404	0.011051	10.8
13	-0.320729	1.996885	11.128149	0.016757	6.4
14	-0.336082	2.992185	10.666505	0.011762	7.9
15	-0.324056	3.337332	10.515234	0.021948	8.3
16	-0.332753	4.337332	10.100225	0.020293	10.0
17	-0.334462	5.337332	9.716730	0.020651	13.1
18	-0.333019	6.337332	9.361292	0.018153	13.1
19	-0.326738	7.337332	9.030940	0.018325	15.1
20	-0.326882	6.709712	9.235489	0.016956	6.8
21	-0.326002	7.709706	8.913806	0.017334	6.9
22	-0.324468	7.080779	9.113449	0.018513	8.1
23	-0.331697	6.452110	9.322152	0.015813	9.2
24	-0.330983	7.452110	8.994509	0.020500	10.7
25	-0.330015	6.833544	9.194401	0.023299	15.2
26	-0.323594	7.833544	8.875522	0.015365	12.3
27	-0.323849	7.212751	9.070819	0.018985	14.2
28	-0.336612	8.212463	8.760396	0.010400	13.7
29	-0.333805	7.594747	8.949642	0.013267	11.0
30	-0.329913	8.485111	8.679389	0.012716	12.2
31	-0.328436	7.856648	8.868416	0.025008	15.2
32	-0.328584	8.856373	8.571462	0.016820	15.3
33	-0.333958	8.808604	8.585197	0.022257	11.8
34	-0.334117	8.179654	8.770246	0.021199	8.7
35	-0.326354	9.179654	8.479645	0.017815	11.7
36	-0.333801	10.179654	8.207684	0.020925	15.9
37	-0.329869	11.179654	7.952626	0.022531	14.9
38	-0.336566	12.179654	7.712942	0.017366	16.0
39	-0.327225	13.179654	7.487283	0.022764	13.9
40	-0.332970	14.178998	7.274589	0.021562	12.9
41	-0.330756	15.178998	7.073517	0.013558	11.9
42	-0.325297	16.178998	6.883261	0.020433	16.7
43	-0.329754	15.551222	7.001483	0.018875	10.8
44	-0.338953	16.551222	6.815031	0.012865	11.7
45	-0.331689	17.079180	6.720543	0.016090	13.6
46	-0.331427	17.322456	6.677880	0.012044	9.5
47	-0.341025	18.322456	6.508056	0.013712	7.9
48	-0.330419	18.036841	6.555673	0.016174	8.4
49	-0.326318	19.036837	6.391932	0.015884	13.4
50	-0.330924	20.036425	6.236234	0.014374	15.6
51	-0.326669	21.036312	6.087897	0.023847	12.3
52	-0.330138	22.036312	5.946438	0.014952	12.5
53	-0.329398	23.036312	5.811403	0.022637	15.1
54	-0.336781	22.407330	5.895612	0.018324	13.7
55	-0.336408	23.407330	5.762849	0.015065	17.5
56	-0.326364	24.407330	5.635935	0.018116	11.4
57	-0.336036	25.407330	5.514490	0.018297	12.9
58	-0.320850	26.407330	5.398169	0.017376	8.5
59	-0.331294	27.407330	5.286653	0.021968	12.7
60	-0.332252	28.407027	5.179683	0.018125	16.6
61	-0.333346	29.407027	5.076926	0.010351	10.6
62	-0.327452	30.404582	4.978404	0.015379	10.7
63	-0.332055	29.777282	5.039907	0.018105	9.4
64	-0.330216	30.439582	4.975016	0.017006	8.1
65	-0.338544	31.439582	4.880145	0.020852	9.3
66	-0.325463	32.439582	4.788824	0.021636	8.2
67	-0.334768	33.439582	4.700858	0.015510	13.0
68	-0.332557	34.439582	4.616066	0.010948	11.6
69	-0.334371	35.439581	4.534278	0.019867	14.0
70	-0.330689	36.437109	4.455530	0.025448	15.1
71	-0.333021	37.437109	4.379285	0.020727	13.5
72	-0.334555	38.437109	4.305606	0.011739	12.2
73	-0.324273	39.433751	4.234600	0.013750	11.7
74	-0.328744	38.821439	4.277944	0.020454	11.9
75	-0.333247	39.820686	4.207660	0.013472	14.5
76	-0.332056	40.820685	4.139598	0.013059	12.5
77	-0.329608	41.534041	4.092375	0.014977	13.9
78	-0.323284	42.526497	4.028441	0.012479	21.6
79	-0.335874	42.370440	4.038362	0.021552	12.1
80	-0.324642	41.742072	4.078806	0.017528	17.0
81	-0.329193	42.742072	4.014817	0.018298	8.9
82	-0.335597	42.123585	4.054154	0.013706	9.6
83	-0.333150	43.123580	3.990931	0.016580	10.5
84	-0.329156	44.123504	3.929653	0.018728	14.3
85	-0.324527	43.548784	3.964641	0.020427	16.7
86	-0.326742	44.548784	3.904157	0.010512	13.9
87	-0.330014	44.751696	3.892109	0.014955	16.4
88	-0.324992	45.099977	3.871601	0.017919	12.5
89	-0.326580	46.099970	3.813903	0.012769	15.5
90	-0.327459	47.099969	3.757898	0.016129	11.5
91	-0.333428	48.067673	3.705247	0.015743	16.6
92	-0.331805	49.061241	3.652701	0.013796	14.3
93	-0.321687	48.792733	3.666754	0.015310	17.1
94	-0.327113	49.792705	3.614959	0.017475	11.0
95	-0.324823	50.792702	3.564607	0.017046	7.3
96	-0.329491	51.755283	3.517446	0.011888	13.3
97	-0.325334	52.755111	3.469763	0.018079	15.8
98	-0.321873	53.755110	3.423348	0.009488	16.0
99	-0.323807	54.755110	3.378158	0.011175	13.2
100	-0.330744	54.350229	3.396310	0.016008	14.8
101	-0.329569	53.721253	3.424899	0.014516	12.7
102	-0.333946	54.721253	3.379669	0.014653	12.1
103	-0.326082	55.719295	3.335703	0.013852	14.7
104	-0.328650	56.719294	3.292783	0.014793	13.7
105	-0.329316	57.719294	3.250953	0.015240	13.8
106	-0.327607	57.435458	3.262718	0.019747	11.6
107	-0.336083	58.435458	3.221644	0.026622	13.4
108	-0.328496	59.435458	3.181591	0.020549	10.5
109	-0.329827	60.435458	3.142522	0.018537	15.4
110	-0.329576	61.435447	3.104402	0.015430	15.1
111	-0.331579	62.435447	3.067195	0.010521	14.3
112	-0.327207	63.435146	3.030880	0.015168	11.3
113	-0.330939	63.168505	3.040481	0.019174	12.8
114	-0.327562	64.168505	3.004782	0.014763	15.9
115	-0.326447	65.168505	2.969911	0.012001	12.4
116	-0.330263	66.166640	2.935902	0.014071	16.0
117	-0.331775	65.537781	2.957237	0.015586	9.7
118	-0.329001	66.537780	2.923455	0.013329	9.1
119	-0.328557	67.532030	2.890623	0.017014	10.9
120	-0.330423	68.532030	2.858337	0.020647	10.5
121	-0.325889	69.532030	2.826765	0.016711	6.9
122	-0.330541	70.532028	2.795882	0.015450	6.7
123	-0.323610	71.499914	2.766627	0.016303	16.4
124	-0.324137	72.498238	2.737086	0.013285	14.0
125	-0.326457	73.498222	2.708122	0.015696	12.2
126	-0.342987	74.489664	2.680005	0.019561	13.8
127	-0.326243	75.489616	2.652231	0.017552	13.1
128	-0.336397	76.489551	2.625028	0.014457	14.5
129	-0.335466	77.489374	2.598379	0.015145	13.9
130	-0.332298	78.489374	2.572262	0.013029	12.4
131	-0.333667	79.082592	2.557016	0.006958	12.2
132	-0.326915	79.418933	2.548451	0.011978	8.8
133	-0.333411	78.810606	2.563984	0.013281	11.8
134	-0.333351	78.184973	2.580157	0.012353	10.8
135	-0.335134	78.737771	2.565856	0.015532	11.2
136	-0.334212	78.867835	2.562514	0.012470	13.3
137	-0.334135	78.242642	2.578657	0.025878	9.1
138	-0.330100	79.242596	2.552934	0.021959	12.1
139	-0.329416	80.242596	2.527718	0.016210	10.3
140	-0.329915	81.242596	2.502995	0.016043	13.4
141	-0.333727	80.613678	2.518487	0.015319	11.2
142	-0.328251	81.613678	2.493944	0.011188	11.2
143	-0.330815	80.985500	2.509305	0.019178	10.5
144	-0.330329	81.929172	2.486300	0.014870	10.4
145	-0.332847	81.300189	2.501586	0.016562	10.6
146	-0.331214	80.763079	2.514790	0.019001	11.7
147	-0.336230	80.134187	2.530428	0.018680	11.1
148	-0.333291	81.134187	2.505652	0.010207	13.5
149	-0.336128	82.118994	2.481723	0.013383	9.3
150	-0.333865	83.006339	2.460550	0.016146	8.7
151	-0.330937	83.896727	2.439664	0.015283	8.0
152	-0.335024	83.280124	2.454089	0.018138	15.4
153	-0.326676	84.258249	2.431285	0.017408	18.6
154	-0.336890	85.258243	2.408404	0.017031	25.6
155	-0.332184	86.258243	2.385950	0.017306	9.1
156	-0.327708	87.258243	2.363910	0.011810	17.3
157	-0.333545	87.538019	2.357817	0.015196	15.8
158	-0.325334	88.483838	2.337448	0.016455	10.0
159	-0.331761	89.328910	2.319544	0.020185	6.7
160	-0.330708	90.328910	2.298709	0.016667	9.6
161	-0.329253	91.328910	2.278245	0.010859	7.3
162	-0.326973	90.712128	2.290823	0.017798	7.4
163	-0.337227	91.712053	2.270500	0.015335	7.0
164	-0.331990	92.664416	2.251476	0.013193	7.1
165	-0.334532	93.662075	2.231887	0.013276	6.9
166	-0.328390	94.653749	2.212749	0.012328	7.7
167	-0.325103	94.024784	2.224849	0.010399	11.6
168	-0.338356	93.501560	2.235015	0.016983	12.6
169	-0.333567	94.489311	2.215900	0.016057	12.9
170	-0.326339	95.489310	2.196878	0.012307	12.4
171	-0.329091	94.910845	2.207841	0.017088	14.2
172	-0.342064	94.283421	2.219857	0.015101	11.6
173	-0.334167	93.821165	2.228794	0.015620	12.6
174	-0.333988	94.802427	2.209908	0.021707	8.8
175	-0.332400	95.802427	2.190988	0.014119	12.1
176	-0.338074	96.802427	2.172389	0.022219	13.0
177	-0.332235	97.802427	2.154104	0.015287	12.1
178	-0.339223	98.802427	2.136123	0.018863	13.8
179	-0.333218	98.173524	2.147396	0.016718	13.5
180	-0.328997	99.160993	2.129749	0.013268	13.7
181	-0.327390	100.160471	2.112180	0.011315	11.3
182	-0.324119	101.154202	2.094998	0.015857	13.0
183	-0.335118	100.547406	2.105456	0.016119	12.2
184	-0.328466	99.926154	2.116273	0.012994	12.1
185	-0.328352	100.926068	2.098917	0.013721	16.1
186	-0.323947	101.702023	2.085644	0.014582	12.8
187	-0.323735	102.701881	2.068786	0.019360	12.6
188	-0.336063	103.701881	2.052196	0.017485	14.1
189	-0.330072	104.701881	2.035871	0.012371	9.0
190	-0.334204	104.075154	2.046072	0.020326	10.0
191	-0.320253	105.074427	2.029855	0.012494	10.4
192	-0.333629	106.074427	2.013881	0.017835	12.7
193	-0.328746	105.445489	2.023898	0.015520	10.1
194	-0.324998	106.445240	2.008021	0.014206	9.6
195	-0.326716	105.816261	2.017981	0.018828	9.3
196	-0.329964	106.816259	2.002192	0.014862	12.7
197	-0.328443	107.816259	1.986649	0.009486	13.6
198	-0.329130	107.351605	1.993841	0.013966	12.3
199	-0.332184	108.351583	1.978428	0.015022	9.7
200	-0.338841	107.726365	1.988037	0.019550	13.3
201	-0.332046	108.726365	1.972712	0.016325	12.3
202	-0.330598	108.101277	1.982264	0.021532	12.7
203	-0.329613	109.101277	1.967027	0.019531	16.8
204	-0.325329	110.101277	1.952023	0.017730	11.8
205	-0.323871	111.101253	1.937247	0.018321	14.5
206	-0.325348	110.472271	1.946515	0.011164	13.3
207	-0.321378	109.883034	1.955278	0.020809	12.4
208	-0.334804	109.254068	1.964720	0.018033	13.1
209	-0.328888	110.254068	1.949751	0.017822	11.4
210	-0.325015	111.242778	1.935174	0.015184	13.5
211	-0.321689	112.242778	1.920650	0.021582	16.7
212	-0.327708	113.242778	1.906343	0.018593	11.2
213	-0.333339	114.242778	1.892247	0.010833	11.1
214	-0.329006	115.242778	1.878358	0.013213	17.5
215	-0.331010	114.616362	1.887035	0.017670	11.2
216	-0.324204	115.615904	1.873228	0.023219	14.5
217	-0.327940	116.615904	1.859616	0.017979	10.3
218	-0.329268	117.615904	1.846201	0.018735	12.5
219	-0.333383	117.877070	1.842729	0.015784	9.3
220	-0.332060	118.877070	1.829555	0.021418	12.8
221	-0.331662	119.877070	1.816568	0.017414	17.6
222	-0.342355	120.877070	1.803764	0.015978	13.0
223	-0.321119	121.877070	1.791139	0.012078	16.0
224	-0.331031	121.248553	1.799053	0.018796	12.6
225	-0.338582	120.687715	1.806175	0.012740	14.6
226	-0.331975	121.687700	1.793517	0.021008	5.6
227	-0.331555	121.058739	1.801457	0.013878	13.7
228	-0.328507	120.429756	1.809469	0.019601	13.4
229	-0.333040	121.429756	1.796765	0.013807	14.2
230	-0.330524	122.342033	1.785329	0.014405	17.1
231	-0.327091	122.067621	1.788754	0.015810	16.2
232	-0.326220	123.043915	1.776630	0.016466	9.9
233	-0.332322	122.439433	1.784117	0.010142	12.8
234	-0.338899	123.439427	1.771765	0.017841	20.1
235	-0.339552	122.825589	1.779327	0.014749	11.1
236	-0.334350	123.825589	1.767041	0.009959	12.3
237	-0.333725	123.196612	1.774749	0.008221	14.3
238	-0.327644	122.688957	1.781019	0.013538	10.5
239	-0.327397	123.161550	1.775180	0.011739	12.3
240	-0.328145	124.161550	1.762951	0.021402	15.1
241	-0.336124	125.161168	1.750894	0.013707	15.1
242	-0.337007	126.161168	1.738996	0.012790	11.0
243	-0.333740	125.536119	1.746414	0.015363	10.1
244	-0.340831	126.536119	1.734577	0.014393	7.8
245	-0.328805	127.536011	1.722900	0.019565	15.1
246	-0.329033	128.536011	1.711379	0.013596	13.6
247	-0.325840	129.531465	1.700062	0.016891	11.3
248	-0.330663	129.123175	1.704685	0.013402	12.2
249	-0.326757	130.123175	1.693405	0.011332	17.3
250	-0.327661	129.499933	1.700418	0.016443	13.3
251	-0.335343	130.492881	1.689272	0.012826	14.9
252	-0.324083	131.492880	1.678195	0.012840	15.0
253	-0.324388	132.136326	1.671143	0.010365	13.0
254	-0.329280	133.136008	1.660305	0.014824	17.6
255	-0.328879	134.135977	1.649603	0.017531	7.9
256	-0.330399	133.587909	1.655451	0.018144	12.1
257	-0.328211	134.587909	1.644811	0.014846	9.0
258	-0.330938	133.959074	1.651486	0.014240	14.4
259	-0.332178	134.959025	1.640897	0.008624	10.7
260	-0.326907	134.330731	1.647535	0.022452	13.8
261	-0.334031	133.701931	1.654231	0.018774	9.5
262	-0.331766	134.701931	1.643607	0.016843	12.1
263	-0.329656	134.072948	1.650273	0.012135	13.0
264	-0.331607	135.072931	1.639700	0.019899	8.8
265	-0.333099	134.454337	1.646225	0.015449	8.9
266	-0.330954	135.444955	1.635801	0.008676	10.9
267	-0.330848	134.902353	1.641494	0.016620	17.1
268	-0.331135	134.273724	1.648139	0.018847	12.4
269	-0.327321	134.025519	1.650778	0.008396	10.2
270	-0.326254	134.834779	1.642206	0.013092	9.3
271	-0.325580	135.808704	1.632006	0.013350	7.4
272	-0.331321	135.181405	1.638561	0.011901	8.8
273	-0.332936	136.181395	1.628136	0.016628	10.6
274	-0.328041	136.114447	1.628830	0.020102	13.1
275	-0.335334	136.620312	1.623603	0.014101	12.7
276	-0.323361	137.620257	1.613367	0.015387	12.2
277	-0.332915	137.010958	1.619589	0.014663	12.3
278	-0.334454	136.394011	1.625937	0.014200	11.3
279	-0.330835	137.392921	1.615683	0.016333	10.7
280	-0.330374	138.391653	1.605559	0.013649	12.1
281	-0.335160	139.391652	1.595549	0.016511	10.7
282	-0.336041	140.390976	1.585670	0.012917	8.3
283	-0.331652	141.386660	1.575947	0.015869	10.6
284	-0.329906	142.386660	1.566301	0.010881	9.9
285	-0.326916	143.383668	1.556802	0.005276	8.6
286	-0.334087	144.342832	1.547770	0.012544	8.7
287	-0.332787	145.135074	1.540390	0.013434	10.8
288	-0.333582	144.611612	1.545259	0.021340	12.1
289	-0.332200	145.609621	1.536002	0.012808	9.7
290	-0.327890	146.609621	1.526838	0.014961	10.9
291	-0.328226	145.984706	1.532552	0.013236	8.5
292	-0.324717	146.543043	1.527445	0.010282	13.0
293	-0.329716	147.500017	1.518770	0.019693	14.6
294	-0.328775	146.871035	1.524460	0.012302	14.2
295	-0.332669	147.871035	1.515433	0.017936	9.3
296	-0.334005	148.871035	1.506512	0.016519	13.9
297	-0.338518	149.871035	1.497695	0.015431	9.5
298	-0.320600	149.242325	1.503226	0.016726	11.6
299	-0.324240	150.242321	1.494448	0.014458	12.1
300	-0.333650	151.239807	1.485793	0.012214	13.8
301	-0.321599	150.610980	1.491238	0.014160	14.2
302	-0.327632	151.550043	1.483122	0.019105	13.3
303	-0.327459	152.255261	1.477085	0.018113	13.5
304	-0.327805	151.673266	1.482064	0.013029	13.2
305	-0.334446	151.044586	1.487479	0.014456	13.6
306	-0.333710	152.041457	1.478910	0.011629	10.9
307	-0.331928	152.979486	1.470936	0.012681	7.9
308	-0.332747	152.350736	1.476272	0.010705	15.3
309	-0.330905	151.724289	1.481626	0.017445	7.8
310	-0.327904	151.095361	1.487040	0.019072	7.3
311	-0.330203	152.095361	1.478450	0.013448	11.1
312	-0.335725	153.094690	1.469963	0.016758	20.2
313	-0.332545	153.469263	1.466807	0.017796	12.2
314	-0.325104	154.469263	1.458448	0.010227	12.5
315	-0.334761	153.840306	1.463694	0.017769	8.2
316	-0.329175	154.835181	1.455413	0.014630	8.2
317	-0.324054	154.206262	1.460637	0.018152	11.7
318	-0.331676	155.206261	1.452348	0.018044	13.3
319	-0.331467	156.206242	1.444152	0.012349	15.2
320	-0.321753	156.761450	1.439641	0.013235	13.0
321	-0.328868	156.972009	1.437938	0.017003	11.2
322	-0.332798	156.343027	1.443038	0.022527	14.1
323	-0.325522	155.714061	1.448174	0.016014	10.6
324	-0.333511	156.714061	1.440025	0.015406	13.3
325	-0.326608	157.646224	1.432511	0.017308	11.9
326	-0.336668	157.017242	1.437573	0.015503	12.8
327	-0.330335	157.263907	1.435584	0.016122	14.7
328	-0.322404	158.263907	1.427575	0.015717	13.5
329	-0.324710	159.260649	1.419682	0.013530	14.8
330	-0.326117	160.012229	1.413787	0.016735	11.9
331	-0.333429	159.428192	1.418363	0.011812	6.8
332	-0.335620	160.426084	1.410562	0.016699	10.4
333	-0.331659	161.321875	1.403632	0.014888	10.0
334	-0.336405	162.021258	1.398268	0.014937	7.9
335	-0.328291	163.021258	1.390670	0.017363	9.9
336	-0.323983	162.392278	1.395439	0.012597	9.1
337	-0.336277	161.775247	1.400150	0.020434	13.4
338	-0.327488	162.775229	1.392531	0.012306	9.0
339	-0.335090	163.766638	1.385059	0.019715	11.8
340	-0.328197	163.593320	1.386360	0.008034	12.9
341	-0.327752	162.964859	1.391096	0.014079	14.0
342	-0.338965	163.116590	1.389949	0.016487	10.5
343	-0.329283	164.116518	1.382441	0.011944	17.4
344	-0.327475	165.116506	1.375014	0.014804	14.9
345	-0.329268	164.487524	1.379676	0.013870	8.4
346	-0.334564	163.860382	1.384357	0.020793	10.5
347	-0.331062	164.860382	1.376909	0.017143	16.2
348	-0.329874	165.808728	1.369919	0.018718	7.9
349	-0.325412	166.808724	1.362624	0.007305	26.6
350	-0.331827	167.727188	1.355993	0.014697	14.1
351	-0.329934	167.912515	1.354663	0.018845	9.4
352	-0.330955	168.878629	1.347770	0.019332	13.9
353	-0.328826	169.878629	1.340709	0.011413	11.2
354	-0.323694	170.861305	1.333842	0.022788	8.7
355	-0.332371	170.232565	1.338228	0.021065	9.7
356	-0.329223	171.232565	1.331266	0.022891	8.9
357	-0.330375	172.232565	1.324377	0.014517	12.4
358	-0.336398	173.232565	1.317558	0.014790	9.8
359	-0.336657	174.232296	1.310812	0.019457	12.2
360	-0.335519	175.231436	1.304137	0.012719	9.8
361	-0.332175	176.231435	1.297525	0.018992	8.1
362	-0.330607	177.093268	1.291880	0.008617	9.4
363	-0.331886	177.569579	1.288781	0.015285	11.8
364	-0.328912	177.300358	1.290531	0.014695	15.0
365	-0.327440	176.672400	1.294631	0.008146	14.0
366	-0.333369	177.658199	1.288206	0.009802	13.9
367	-0.330802	177.862009	1.286886	0.014205	14.3
368	-0.332999	178.214544	1.284609	0.015040	12.5
369	-0.332222	179.214532	1.278193	0.009225	15.2
370	-0.323260	178.587033	1.282211	0.016080	13.0
371	-0.329797	179.585297	1.275830	0.011869	15.2
372	-0.327181	180.585297	1.269501	0.020781	12.6
373	-0.327543	181.585297	1.263235	0.008858	14.1
374	-0.332593	182.575964	1.257087	0.014142	15.9
375	-0.338786	183.575928	1.250943	0.015808	13.3
376	-0.332173	182.962814	1.254703	0.016141	12.5
377	-0.329481	182.355116	1.258453	0.016542	10.5
378	-0.325520	183.355116	1.252294	0.010986	11.0
379	-0.334661	182.810243	1.255642	0.012303	10.4
380	-0.332681	183.804082	1.249549	0.013739	11.6
381	-0.328507	184.803747	1.243480	0.014292	12.9
382	-0.330418	184.174964	1.247290	0.018550	14.9
383	-0.331912	185.174960	1.241241	0.010844	13.6
384	-0.329461	184.546184	1.245038	0.023295	15.5
385	-0.324117	185.271301	1.240661	0.014040	17.5
386	-0.325028	186.271301	1.234675	0.016148	18.3
387	-0.321730	187.270632	1.228751	0.010699	9.9
388	-0.336344	186.663089	1.232346	0.020590	11.4
389	-0.337212	187.662675	1.226442	0.016391	8.3
390	-0.330163	188.662675	1.220593	0.018430	11.5
391	-0.330653	189.662675	1.214799	0.017832	10.9
392	-0.330169	189.033705	1.218437	0.012505	16.4
393	-0.323715	189.968848	1.213036	0.012356	13.8
394	-0.336844	189.384059	1.216408	0.015737	13.5
395	-0.327992	190.357523	1.210805	0.018198	11.3
396	-0.331541	189.872465	1.213590	0.012319	12.3
397	-0.338702	190.871225	1.207869	0.011926	7.7
398	-0.330122	190.906544	1.207668	0.012227	7.9
399	-0.330426	190.938796	1.207484	0.018412	12.2
400	-0.339508	191.936036	1.201829	0.010942	10.0
401	-0.335328	191.307116	1.205389	0.013276	10.8
402	-0.321798	190.703220	1.208828	0.018530	14.2
403	-0.340074	190.074238	1.212430	0.018506	10.8
404	-0.334447	191.074238	1.206713	0.009855	8.9
405	-0.331572	191.520984	1.204176	0.012677	7.1
406	-0.330386	190.912242	1.207636	0.011254	14.6
407	-0.333824	190.283897	1.211227	0.015490	13.1
408	-0.334355	189.655933	1.214838	0.023674	17.1
409	-0.322984	190.655933	1.209098	0.015254	12.2
410	-0.322857	190.027050	1.212701	0.014859	11.1
411	-0.325716	191.026881	1.206983	0.011043	14.2
412	-0.327007	190.407917	1.210516	0.011999	12.4
413	-0.337494	191.377599	1.204989	0.011433	12.0
414	-0.326055	190.748620	1.208569	0.018457	13.3
415	-0.324743	190.568614	1.209597	0.015594	12.4
416	-0.328021	191.550389	1.204010	0.011027	15.9
417	-0.336287	191.689349	1.203223	0.016468	9.8
418	-0.329008	192.689331	1.197593	0.009857	13.1
419	-0.330324	193.676737	1.192084	0.012010	12.2
420	-0.333632	193.077850	1.195419	0.013569	15.5
421	-0.327782	194.077850	1.189861	0.015200	10.5
422	-0.321184	194.341359	1.188405	0.022591	10.8
423	-0.331505	195.341330	1.182912	0.008413	16.7
424	-0.328089	196.341036	1.177471	0.013480	13.9
425	-0.333295	195.714719	1.180874	0.015810	11.1
426	-0.327031	195.086042	1.184310	0.012816	12.5
427	-0.327675	195.466688	1.182227	0.011485	13.3
428	-0.332901	196.366182	1.177335	0.012488	13.1
429	-0.333567	195.737645	1.180749	0.015150	14.6
430	-0.331252	196.737645	1.175326	0.017832	12.9
431	-0.330884	197.737645	1.169953	0.014770	15.7
432	-0.330975	198.718013	1.164733	0.018634	15.1
433	-0.335505	199.718013	1.159456	0.011424	13.3
434	-0.326512	199.405842	1.161098	0.018200	12.5
435	-0.331063	200.405842	1.155854	0.009622	13.8
436	-0.327983	201.299493	1.151207	0.009339	15.5
437	-0.332910	202.292638	1.146087	0.020583	11.9
438	-0.321032	203.280793	1.141037	0.011057	9.1
439	-0.332156	204.276222	1.135995	0.013507	13.0
440	-0.332041	203.653196	1.139146	0.017123	11.9
441	-0.335134	203.024240	1.142344	0.011981	11.5
442	-0.331165	202.395263	1.145560	0.011822	17.4
443	-0.327290	201.816210	1.148537	0.019316	10.0
444	-0.335065	202.816210	1.143406	0.012598	8.3
445	-0.331519	203.790363	1.138451	0.013730	8.4
446	-0.330574	204.790363	1.133409	0.012285	12.6
447	-0.329106	205.591968	1.129399	0.014880	7.7
448	-0.327389	205.464749	1.130034	0.015292	9.6
449	-0.329089	206.464543	1.125067	0.013084	9.5
450	-0.338359	205.854967	1.128090	0.016752	7.0
451	-0.326408	206.854967	1.123139	0.014848	7.8
452	-0.329945	206.231934	1.126218	0.013952	7.9
453	-0.330930	206.993330	1.122457	0.009594	13.4
454	-0.335530	207.568814	1.119631	0.010897	15.6
455	-0.324515	208.331085	1.115910	0.012992	10.9
456	-0.323355	209.331019	1.111065	0.019076	19.0
457	-0.328470	210.331019	1.106262	0.018378	9.3
458	-0.330353	211.331019	1.101501	0.015276	11.6
459	-0.334821	212.329183	1.096788	0.015103	12.1
460	-0.325280	213.329183	1.092108	0.019595	11.1
461	-0.323746	214.329183	1.087467	0.012349	13.9
462	-0.333084	215.329183	1.082866	0.015643	15.0
463	-0.332415	216.302346	1.078425	0.012349	12.2
464	-0.333712	215.673421	1.081291	0.013493	9.2
465	-0.333142	215.044439	1.084172	0.006578	7.1
466	-0.331455	216.009949	1.079755	0.012481	8.6
467	-0.334417	216.447868	1.077764	0.011144	14.6
468	-0.330319	216.969176	1.075403	0.009214	10.6
469	-0.325795	217.593848	1.072587	0.017924	10.5
470	-0.327063	217.908806	1.071173	0.016544	17.1
471	-0.329285	218.908806	1.066708	0.018192	12.7
472	-0.328980	218.279823	1.069512	0.014640	14.9
473	-0.332481	217.650875	1.072331	0.012139	9.3
474	-0.322229	218.650875	1.067857	0.020128	14.4
475	-0.325094	218.032499	1.070619	0.020209	13.1
476	-0.331320	219.032499	1.066159	0.015274	8.9
477	-0.337509	220.032499	1.061735	0.014788	14.4
478	-0.337271	221.032499	1.057349	0.016514	12.2
479	-0.340057	222.024239	1.053034	0.011937	11.7
480	-0.337180	221.415552	1.055678	0.010769	10.3
481	-0.329598	220.998372	1.057498	0.017118	13.4
482	-0.329050	220.369398	1.060254	0.018431	11.0
483	-0.329476	221.369398	1.055879	0.016461	9.7
484	-0.331873	220.740415	1.058626	0.022696	14.1
485	-0.328652	221.740415	1.054265	0.011449	12.1
486	-0.331528	222.737853	1.049951	0.016325	17.4
487	-0.323647	222.433297	1.051264	0.010301	15.5
488	-0.325839	223.432739	1.046966	0.010759	8.4
489	-0.331159	224.138286	1.043953	0.016007	13.4
490	-0.332793	223.528867	1.046554	0.015439	8.6
491	-0.337725	223.016158	1.048753	0.020217	8.3
492	-0.328637	222.388457	1.051458	0.018678	12.4
493	-0.325965	222.203076	1.052260	0.015868	15.9
494	-0.331230	223.203076	1.047951	0.013414	17.0
495	-0.336717	224.091897	1.044150	0.016270	13.4
496	-0.331617	223.835839	1.045242	0.011195	10.8
497	-0.329707	223.550619	1.046461	0.015703	15.2
498	-0.330756	222.921638	1.049160	0.010080	22.2
499	-0.319172	223.378439	1.047199	0.015697	12.0
500	-0.332281	222.749480	1.049901	0.017687	9.9
501	-0.338132	223.653083	1.046023	0.013617	17.4
502	-0.325195	223.024100	1.048719	0.015744	12.3
503	-0.329893	224.015873	1.044474	0.010813	9.6
504	-0.329633	223.429910	1.046978	0.011324	11.9
505	-0.339521	224.425683	1.042730	0.017530	10.9
506	-0.332704	224.182387	1.043765	0.011251	11.3
507	-0.327303	225.182381	1.039525	0.013936	9.5
508	-0.329235	225.546865	1.037988	0.017722	13.4
509	-0.328396	226.393291	1.034437	0.010560	10.8
510	-0.329887	227.388278	1.030293	0.009624	14.5
511	-0.327547	228.377337	1.026207	0.014871	10.6
512	-0.322004	228.151140	1.027139	0.011718	12.5
513	-0.333813	227.524987	1.029726	0.015550	8.4
514	-0.331832	228.162077	1.027094	0.012672	14.0
515	-0.324868	227.533094	1.029693	0.018834	18.1
516	-0.332884	228.533094	1.025566	0.013180	14.5
517	-0.333919	229.533093	1.021473	0.022605	12.0
518	-0.330497	230.533093	1.017412	0.016648	12.7
519	-0.330015	231.533093	1.013383	0.017410	14.5
520	-0.333456	231.022916	1.015434	0.013027	12.4
521	-0.331201	230.393933	1.017975	0.014262	10.4
522	-0.327144	230.368410	1.018078	0.013672	11.7
523	-0.331566	231.368410	1.014044	0.015363	13.4
524	-0.329084	230.741565	1.016569	0.014755	14.4
525	-0.341858	231.690598	1.012751	0.014579	13.9
526	-0.326432	232.513006	1.009466	0.008533	13.9
527	-0.336792	233.509846	1.005512	0.014279	12.0
528	-0.332981	234.476281	1.001708	0.010791	12.7
529	-0.331078	235.476281	0.997803	0.012869	11.0
530	-0.332534	234.847933	1.000253	0.012074	18.9
531	-0.342376	234.234022	1.002659	0.016434	11.0
532	-0.328855	233.823653	1.004274	0.019508	23.9
533	-0.327907	234.823485	1.000349	0.016000	21.5
534	-0.337631	235.821173	0.996463	0.012468	21.2
535	-0.326686	235.192297	0.998909	0.016866	11.6
536	-0.327460	236.191995	0.995026	0.023304	21.3
537	-0.335698	235.563012	0.997466	0.015208	30.1
538	-0.331222	236.563012	0.993593	0.013751	16.2
539	-0.327814	237.554467	0.989783	0.017515	13.1
540	-0.319588	238.549553	0.985988	0.015406	21.0
541	-0.324785	238.012610	0.988032	0.016721	13.3
542	-0.330875	237.383627	0.990437	0.020599	23.6
543	-0.334723	238.383627	0.986619	0.021916	7.9
544	-0.333291	239.383627	0.982830	0.016913	10.3
545	-0.324153	240.383627	0.979070	0.011929	12.2
546	-0.332963	239.754645	0.981431	0.014450	19.2
547	-0.329968	239.183898	0.983584	0.019871	16.0
548	-0.333782	240.183469	0.979820	0.015653	10.5
549	-0.329176	241.183469	0.976083	0.011032	11.0
550	-0.333626	240.567307	0.978382	0.011750	7.6
551	-0.332921	241.202370	0.976012	0.019268	9.1
552	-0.334232	242.202318	0.972304	0.014831	13.1
553	-0.332654	242.711530	0.970427	0.013395	12.0
554	-0.333070	243.711489	0.966761	0.013786	15.1
555	-0.325611	244.704892	0.963147	0.015345	12.1
556	-0.329079	244.075911	0.965432	0.007033	15.3
557	-0.328981	245.073753	0.961811	0.010888	12.7
558	-0.335286	246.067253	0.958233	0.007643	11.8
559	-0.338585	245.563851	0.960043	0.014881	14.3
560	-0.329016	244.935003	0.962313	0.014514	14.0
561	-0.332959	245.934969	0.958708	0.011810	7.4
562	-0.326668	246.934969	0.955130	0.017303	9.8
563	-0.341190	247.761822	0.952192	0.015588	12.9
564	-0.331094	248.761803	0.948662	0.014624	12.8
565	-0.337912	248.132821	0.950879	0.011987	13.5
566	-0.328402	249.118612	0.947409	0.012120	9.6
567	-0.329076	248.490474	0.949617	0.006319	16.2
568	-0.331732	247.977784	0.951427	0.013933	15.2
569	-0.328155	248.977515	0.947904	0.012379	16.4
570	-0.328933	249.253256	0.946937	0.015887	15.2
571	-0.337943	248.794004	0.948549	0.017660	15.0
572	-0.324692	249.780618	0.945093	0.012337	10.5
573	-0.341208	249.151636	0.947293	0.019888	15.2
574	-0.326738	248.522654	0.949504	0.020663	12.7
575	-0.330860	249.522654	0.945994	0.016032	13.8
576	-0.329245	250.522649	0.942510	0.010684	12.6
577	-0.324935	250.949636	0.941030	0.015237	15.2
578	-0.326645	251.941299	0.937611	0.015822	14.4
579	-0.323242	252.077216	0.937144	0.007547	11.6
580	-0.321161	253.075771	0.933730	0.017266	13.0
581	-0.327285	252.496500	0.935708	0.017401	14.7
582	-0.335394	251.867544	0.937864	0.017087	13.3
583	-0.321961	252.867543	0.934440	0.016766	14.8
584	-0.331389	253.829592	0.931169	0.015715	12.2
585	-0.324913	254.829591	0.927793	0.014638	13.6
586	-0.330996	254.295488	0.929593	0.012467	15.7
587	-0.334530	254.056091	0.930402	0.019974	14.7
588	-0.323026	255.056091	0.927032	0.011878	11.6
589	-0.326951	254.427114	0.929149	0.015848	12.9
590	-0.328721	255.391281	0.925907	0.017662	11.2
591	-0.328951	256.326126	0.922786	0.009440	16.2
592	-0.328059	257.320880	0.919488	0.012683	12.2
593	-0.331238	258.246357	0.916441	0.010179	14.6
594	-0.330047	258.022119	0.917177	0.011380	13.8
595	-0.326049	258.971957	0.914066	0.013897	12.7
596	-0.338769	258.591973	0.915308	0.017642	8.6
597	-0.325658	258.022533	0.917176	0.014053	11.9
598	-0.334665	257.395383	0.919242	0.014059	13.0
599	-0.330437	258.381983	0.915996	0.010514	15.4
600	-0.327408	257.831319	0.917805	0.013446	16.0
601	-0.328778	257.202638	0.919879	0.014925	13.2
602	-0.334141	256.959160	0.920685	0.019719	11.5
603	-0.328177	257.933918	0.917467	0.011786	12.8
604	-0.330626	258.933918	0.914190	0.013534	23.8
605	-0.334998	259.933918	0.910936	0.020646	16.2
606	-0.333231	260.933918	0.907705	0.015906	15.7
607	-0.334300	260.304937	0.909734	0.012952	12.0
608	-0.325156	261.296287	0.906540	0.011683	17.5
609	-0.325988	260.667308	0.908564	0.011740	13.4
610	-0.326365	260.083500	0.910451	0.018308	13.5
611	-0.324423	261.083141	0.907225	0.015262	14.2
612	-0.327338	262.083140	0.904020	0.013509	9.3
613	-0.334553	263.080893	0.900845	0.007432	10.7
614	-0.327052	262.460697	0.902816	0.011168	13.2
615	-0.332165	263.327404	0.900064	0.025792	12.1
616	-0.330092	264.327404	0.896909	0.015960	10.5
617	-0.328339	265.314608	0.893817	0.018147	12.7
618	-0.332855	266.314608	0.890706	0.013974	10.8
619	-0.332351	267.314605	0.887616	0.013153	13.4
620	-0.326995	266.685639	0.889557	0.015195	7.6
621	-0.325870	267.685562	0.886476	0.017653	9.2
622	-0.328234	268.535639	0.883873	0.014395	15.3
623	-0.327068	268.148955	0.885055	0.015980	11.7
624	-0.330129	269.148821	0.882005	0.013033	13.8
625	-0.327571	268.519839	0.883921	0.009716	14.2
626	-0.327154	269.514057	0.880896	0.020557	16.6
627	-0.327862	270.268430	0.878615	0.012691	10.8
628	-0.325809	269.640078	0.880514	0.016784	8.8
629	-0.326461	270.640046	0.877495	0.012632	9.8
630	-0.329238	271.634690	0.874513	0.016507	14.4
631	-0.334520	272.631083	0.871545	0.012724	13.5
632	-0.331843	273.631082	0.868587	0.014721	12.4
633	-0.326274	273.002100	0.870445	0.016784	13.5
634	-0.328223	274.002092	0.867495	0.015368	13.1
635	-0.321822	273.374778	0.869343	0.009485	15.1
636	-0.336346	274.357838	0.866450	0.019152	13.2
637	-0.331252	274.427568	0.866245	0.020159	12.1
638	-0.322267	275.427559	0.863323	0.010083	15.7
639	-0.330101	276.427389	0.860421	0.013611	31.7
640	-0.331074	275.798436	0.862244	0.014172	12.5
641	-0.327678	275.208450	0.863962	0.018177	9.8
642	-0.332275	276.208398	0.861055	0.019353	13.4
643	-0.328989	275.579416	0.862881	0.019628	13.1
644	-0.326404	276.579416	0.859981	0.013947	12.6
645	-0.330716	277.579415	0.857101	0.018300	11.4
646	-0.326330	278.579386	0.854240	0.008458	11.1
647	-0.332458	277.950504	0.856037	0.013048	12.9
648	-0.335548	277.633964	0.856945	0.017295	14.1
649	-0.332009	277.509952	0.857301	0.008154	15.7
650	-0.331258	277.924771	0.856111	0.013900	13.6
651	-0.327922	277.612384	0.857007	0.013546	11.9
652	-0.328863	277.776390	0.856536	0.012444	12.2
653	-0.326967	278.717174	0.853847	0.016018	14.3
654	-0.329573	279.715073	0.851014	0.015525	15.3
655	-0.333558	280.715066	0.848193	0.008418	15.0
656	-0.327707	280.325159	0.849291	0.013322	14.8
657	-0.328779	281.293448	0.846571	0.015757	16.2
658	-0.330622	281.551731	0.845848	0.020740	13.2
659	-0.332476	282.551730	0.843061	0.020281	14.9
660	-0.333544	283.551730	0.840293	0.015605	11.3
661	-0.331544	284.551730	0.837543	0.017019	7.6
662	-0.328288	283.922748	0.839271	0.009965	8.0
663	-0.333784	283.293791	0.841006	0.014996	10.3
664	-0.339206	282.672981	0.842725	0.014988	11.3
665	-0.327649	283.672974	0.839959	0.018644	12.8
666	-0.333621	283.046841	0.841689	0.016733	10.7
667	-0.329838	284.046839	0.838929	0.017485	14.0
668	-0.337273	285.046832	0.836188	0.011750	11.4
669	-0.323323	284.417850	0.837910	0.011469	13.2
670	-0.328773	285.414652	0.835184	0.013703	14.2
671	-0.334692	286.414534	0.832468	0.017033	14.9
672	-0.326277	287.414484	0.829769	0.011657	13.3
673	-0.328390	287.897067	0.828473	0.019557	14.7
674	-0.320771	287.463754	0.829636	0.015813	11.2
675	-0.330586	288.463754	0.826956	0.015676	13.2
676	-0.334344	289.463754	0.824292	0.016730	10.2
677	-0.331995	288.967694	0.825611	0.013749	8.2
678	-0.330041	289.876937	0.823196	0.009569	9.5
679	-0.332032	289.265398	0.824819	0.015126	10.8
680	-0.342100	288.674638	0.826392	0.014905	12.3
681	-0.329075	289.674624	0.823732	0.018037	12.3
682	-0.337517	289.045645	0.825403	0.016599	12.7
683	-0.323950	290.045506	0.822750	0.014689	10.0
684	-0.324172	291.023753	0.820171	0.010600	7.8
685	-0.332149	292.013534	0.817577	0.017933	13.5
686	-0.329761	291.420348	0.819130	0.011460	12.5
687	-0.332572	290.979409	0.820287	0.011512	10.2
688	-0.334730	290.702268	0.821017	0.014086	11.6
689	-0.336578	290.120005	0.822553	0.011472	15.1
690	-0.329910	290.830984	0.820678	0.011644	9.6
691	-0.332362	290.406057	0.821798	0.014755	9.6
692	-0.327843	289.779203	0.823455	0.022278	6.5
693	-0.319612	290.779203	0.820814	0.012276	7.9
694	-0.322589	290.870945	0.820573	0.014983	9.1
695	-0.330930	291.870945	0.817950	0.013232	8.7
696	-0.328619	292.868464	0.815350	0.009732	12.0
697	-0.331007	292.242332	0.816980	0.016388	13.3
698	-0.330937	292.162308	0.817189	0.013434	16.8
699	-0.333917	293.162308	0.814588	0.018943	10.7
700	-0.333308	292.536703	0.816213	0.009262	9.3
701	-0.331215	291.929312	0.817797	0.015145	8.0
702	-0.326505	292.646145	0.815928	0.017227	9.6
703	-0.333475	293.194893	0.814503	0.013237	15.1
704	-0.327499	292.580644	0.816099	0.013049	9.2
705	-0.343921	291.952033	0.817738	0.012240	14.4
706	-0.334464	291.540377	0.818815	0.015706	12.5
707	-0.331279	290.913624	0.820460	0.015436	10.1
708	-0.326253	291.911076	0.817845	0.012695	9.7
709	-0.335516	291.932585	0.817789	0.011929	10.6
710	-0.328357	292.708244	0.815767	0.021084	11.3
711	-0.327116	292.079261	0.817406	0.014345	11.3
712	-0.325399	291.450279	0.819051	0.016068	11.2
713	-0.335934	292.450279	0.816438	0.020865	13.7
714	-0.330584	291.821296	0.818080	0.015629	12.4
715	-0.337106	291.192451	0.819728	0.014054	12.4
716	-0.337093	290.563469	0.821382	0.019832	15.8
717	-0.327842	291.563469	0.818755	0.020106	11.3
718	-0.330639	292.563469	0.816143	0.015338	14.1
719	-0.328530	291.934486	0.817784	0.016443	12.7
720	-0.336001	292.924534	0.815205	0.011782	11.4
721	-0.335496	293.551263	0.813580	0.011254	12.0
722	-0.329173	293.008315	0.814987	0.017053	16.0
723	-0.326985	293.120063	0.814697	0.023609	16.5
724	-0.331530	293.617619	0.813409	0.010626	19.0
725	-0.332814	294.617619	0.810832	0.014743	15.9
726	-0.329268	293.988960	0.812450	0.020303	15.5
727	-0.336604	293.382396	0.814017	0.017313	13.1
728	-0.342028	294.380123	0.811442	0.013799	14.8
729	-0.331770	295.380123	0.808877	0.019916	15.7
730	-0.324523	294.751146	0.810489	0.008323	15.9
731	-0.331552	294.122171	0.812106	0.016179	10.2
732	-0.334311	295.120364	0.809542	0.014891	12.0
733	-0.337236	294.491382	0.811156	0.018129	12.2
734	-0.325366	295.491376	0.808593	0.013165	11.2
735	-0.332874	294.862399	0.810203	0.009263	8.4
736	-0.329366	294.233424	0.811820	0.014689	9.8
737	-0.332452	295.184309	0.809378	0.020337	8.3
738	-0.335224	294.582624	0.810922	0.021696	13.7
739	-0.332943	295.582622	0.808360	0.010928	7.9
740	-0.316657	296.461445	0.806122	0.018712	10.7
741	-0.332753	296.898579	0.805014	0.017718	9.5
742	-0.328480	297.715781	0.802950	0.011930	8.2
743	-0.337158	297.086804	0.804537	0.013648	9.2
744	-0.327768	296.457844	0.806131	0.014014	9.1
745	-0.333274	297.457843	0.803600	0.012272	13.0
746	-0.327655	298.456633	0.801088	0.013235	14.8
747	-0.329598	299.456632	0.798588	0.014067	13.3
748	-0.334726	298.828314	0.800157	0.016296	10.8
749	-0.332017	299.179646	0.799279	0.007939	17.8
750	-0.326573	300.166799	0.796822	0.012331	13.6
751	-0.334019	299.547053	0.798363	0.014100	14.2
752	-0.340029	298.922518	0.799921	0.013205	16.4
753	-0.334032	298.293539	0.801497	0.015352	12.9
754	-0.328628	299.293361	0.798995	0.011186	13.0
755	-0.330992	300.293352	0.796508	0.010820	13.3
756	-0.329284	299.758959	0.797835	0.013652	13.6
757	-0.326300	300.754655	0.795366	0.018014	10.9
758	-0.327283	300.997034	0.794767	0.010425	14.1
759	-0.329926	301.912778	0.792514	0.013580	14.4
760	-0.328999	301.313343	0.793987	0.012301	13.3
761	-0.339018	300.684399	0.795540	0.013837	22.8
762	-0.331618	300.055425	0.797098	0.013174	16.3
763	-0.334894	301.055421	0.794623	0.014619	18.3
764	-0.328057	300.458966	0.796098	0.020939	14.8
765	-0.335992	299.829984	0.797658	0.013267	14.2
766	-0.332818	299.201002	0.799225	0.015967	12.9
767	-0.327672	300.200953	0.796737	0.007089	12.7
768	-0.330852	301.176788	0.794324	0.014444	15.5
769	-0.337222	300.883093	0.795049	0.015347	11.4
770	-0.333951	300.254271	0.796605	0.016466	13.1
771	-0.324087	299.625292	0.798168	0.013267	17.5
772	-0.330249	298.996311	0.799737	0.017803	13.2
773	-0.327599	298.372340	0.801299	0.017292	10.1
774	-0.331710	297.743360	0.802880	0.008259	11.7
775	-0.327370	298.743353	0.800369	0.014359	14.4
776	-0.330487	298.897245	0.799984	0.015154	13.0
777	-0.325448	298.669154	0.800555	0.019047	15.3
778	-0.336901	299.667292	0.798063	0.019710	11.9
779	-0.327700	300.667291	0.795582	0.017230	13.4
780	-0.331130	300.038499	0.797140	0.013301	12.6
781	-0.330075	299.409516	0.798705	0.011621	12.0
782	-0.332051	300.289846	0.796517	0.012314	13.7
783	-0.337425	299.686680	0.798015	0.015961	15.7
784	-0.322699	300.387741	0.796274	0.013985	12.5
785	-0.326264	301.387741	0.793804	0.017840	12.0
786	-0.328677	302.387741	0.791350	0.011198	16.7
787	-0.328682	303.387135	0.788912	0.009194	11.6
788	-0.327489	302.811996	0.790313	0.028271	10.0
789	-0.335746	303.811996	0.787880	0.021677	17.2
790	-0.329242	304.811996	0.785461	0.016265	11.2
791	-0.331569	304.183013	0.786981	0.017563	14.0
792	-0.328999	305.183013	0.784568	0.015382	11.2
793	-0.336497	305.924910	0.782788	0.018211	16.5
794	-0.324266	306.924908	0.780400	0.013834	12.5
795	-0.329525	307.890400	0.778110	0.016472	20.5
796	-0.332481	308.889848	0.775752	0.011703	20.0
797	-0.329844	309.889847	0.773408	0.016171	14.7
798	-0.329844	310.250298	0.772566	0.014866	12.9
799	-0.331917	310.955801	0.770924	0.012823	14.6
800	-0.328880	311.955780	0.768609	0.015716	11.7
801	-0.331783	311.753089	0.769077	0.009973	9.1
802	-0.331039	311.124106	0.770534	0.013177	9.9
803	-0.334303	312.123720	0.768221	0.012223	12.2
804	-0.332018	312.462846	0.767440	0.015676	11.1
805	-0.335336	311.833875	0.768890	0.018121	10.5
806	-0.330013	311.204973	0.770346	0.011218	8.5
807	-0.332022	310.644452	0.771648	0.014022	9.9
808	-0.324811	310.034902	0.773069	0.016875	9.8
809	-0.332530	311.034902	0.770741	0.018139	9.7
810	-0.339074	312.024328	0.768451	0.017786	8.7
811	-0.329948	313.024328	0.766150	0.017168	9.8
812	-0.327473	314.019949	0.763873	0.012235	10.4
813	-0.333063	313.393414	0.765304	0.013068	11.1
814	-0.335556	312.765291	0.766745	0.023155	13.3
815	-0.341807	313.765291	0.764454	0.012905	11.6
816	-0.331226	313.136308	0.765893	0.010188	11.9
817	-0.326517	314.097482	0.763696	0.014450	9.4
818	-0.326389	314.972432	0.761708	0.012104	11.6
819	-0.333362	314.346034	0.763130	0.013304	11.2
820	-0.335571	313.755663	0.764476	0.015104	10.6
821	-0.331646	313.219777	0.765702	0.015309	10.2
822	-0.328725	314.189976	0.763486	0.010791	10.7
823	-0.328131	315.181073	0.761235	0.015457	9.8
824	-0.324509	315.913116	0.759581	0.016671	8.5
825	-0.324424	315.284150	0.761002	0.011941	9.5
826	-0.333834	316.283749	0.758746	0.012122	10.9
827	-0.334124	315.894840	0.759622	0.015567	9.8
828	-0.331024	316.894672	0.757374	0.015778	11.0
829	-0.326184	317.894670	0.755140	0.011758	11.6
830	-0.330469	317.331769	0.756396	0.012232	12.2
831	-0.325415	318.324505	0.754183	0.016316	8.3
832	-0.329656	317.695523	0.755584	0.012882	7.6
833	-0.336329	318.551719	0.753678	0.014817	8.7
834	-0.332354	319.549665	0.751470	0.017509	11.2
835	-0.322655	320.549655	0.749270	0.015798	11.0
836	-0.329468	321.549653	0.747082	0.015527	10.5
837	-0.331880	322.545343	0.744917	0.015414	10.1
838	-0.323773	321.916366	0.746283	0.012160	12.8
839	-0.334662	321.288479	0.747652	0.014853	8.2
840	-0.328515	320.659504	0.749029	0.024632	11.8
841	-0.333042	321.344091	0.747531	0.009879	9.7
842	-0.328282	322.200839	0.745665	0.010415	8.9
843	-0.331299	323.197674	0.743505	0.012317	11.7
844	-0.332156	322.570979	0.744861	0.014439	9.4
845	-0.342227	323.570951	0.742700	0.019572	9.7
846	-0.334841	322.942095	0.744058	0.010406	21.1
847	-0.333678	323.923882	0.741940	0.013862	15.7
848	-0.331842	323.305920	0.743271	0.011391	13.9
849	-0.333214	323.484224	0.742887	0.018823	12.8
850	-0.322195	322.909179	0.744129	0.016254	9.1
851	-0.330465	323.888117	0.742017	0.011116	7.6
852	-0.327322	324.880772	0.739887	0.007715	12.6
853	-0.331327	325.045501	0.739535	0.016207	9.0
854	-0.327037	325.356717	0.738870	0.017761	9.8
855	-0.327053	326.354532	0.736748	0.015148	12.0
856	-0.329012	327.354531	0.734633	0.010979	11.1
857	-0.325503	326.730938	0.735950	0.015224	8.0
858	-0.329255	327.207012	0.734944	0.009736	7.7
859	-0.329548	328.183444	0.732889	0.007755	11.6
860	-0.342769	327.799807	0.733695	0.017071	8.4
861	-0.333336	327.316044	0.734714	0.015790	10.6
862	-0.328771	328.306204	0.732632	0.013412	10.2
863	-0.334762	329.306174	0.730540	0.018528	9.0
864	-0.334770	329.014456	0.731149	0.011485	11.2
865	-0.334744	330.014456	0.729066	0.016738	8.9
866	-0.338147	330.764134	0.727512	0.016147	9.0
867	-0.327747	330.135181	0.728815	0.018264	9.7
868	-0.334551	331.059862	0.726901	0.007935	12.2
869	-0.332532	331.320807	0.726363	0.006800	9.2
870	-0.332556	331.786659	0.725404	0.016386	9.8
871	-0.330318	331.272281	0.726463	0.010182	10.1
872	-0.328897	330.643756	0.727761	0.010621	8.4
873	-0.340138	330.082025	0.728926	0.021989	8.7
874	-0.327885	330.778293	0.727483	0.011260	8.0
875	-0.324083	331.727021	0.725526	0.010636	11.8
876	-0.330514	331.169669	0.726675	0.011161	11.6
877	-0.333428	331.896894	0.725177	0.010158	10.8
878	-0.333604	331.914418	0.725141	0.010758	9.2
879	-0.328347	332.912215	0.723097	0.014000	9.8
880	-0.328343	332.283233	0.724384	0.011250	9.0
881	-0.334262	333.283129	0.722340	0.012300	8.6
882	-0.333244	333.868694	0.721148	0.014615	9.6
883	-0.336434	333.239909	0.722428	0.014847	9.8
884	-0.334763	332.715516	0.723499	0.016616	13.9
885	-0.321694	333.715513	0.721459	0.014034	10.1
886	-0.333485	333.305946	0.722293	0.016323	14.4
887	-0.336262	334.075970	0.720727	0.016410	10.8
888	-0.324720	335.075970	0.718703	0.014824	11.5
889	-0.333385	336.075970	0.716690	0.014464	13.5
890	-0.320135	337.059712	0.714721	0.010605	6.8
891	-0.331123	336.439770	0.715960	0.017753	10.7
892	-0.336743	337.434330	0.713974	0.015072	11.1
893	-0.322509	338.271716	0.712310	0.016385	9.4
894	-0.332668	339.271472	0.710333	0.017809	10.0
895	-0.331950	340.266502	0.708377	0.015730	10.3
896	-0.330580	339.637667	0.709612	0.017731	10.6
897	-0.326812	340.609297	0.707705	0.014598	9.8
898	-0.330495	341.609297	0.705753	0.022734	10.5
899	-0.329431	342.609193	0.703813	0.017980	10.0
900	-0.333380	342.001319	0.704991	0.020038	9.3
901	-0.321928	342.951733	0.703150	0.015743	9.5
902	-0.323382	342.322751	0.704368	0.017979	12.7
903	-0.333515	343.322749	0.702434	0.015930	10.2
904	-0.330298	342.717128	0.703604	0.012940	10.0
905	-0.328097	342.143368	0.704715	0.015307	11.6
906	-0.331671	341.514386	0.705938	0.016466	11.8
907	-0.337791	340.885406	0.707165	0.015694	12.6
908	-0.327247	341.728380	0.705522	0.013128	13.8
909	-0.331858	341.099692	0.706747	0.015644	8.4
910	-0.322751	340.473877	0.707970	0.016667	9.0
911	-0.332224	339.844895	0.709204	0.019795	8.9
912	-0.330289	340.844895	0.707244	0.016529	11.2
913	-0.330225	340.215916	0.708476	0.012986	9.3
914	-0.329597	339.586934	0.709712	0.011168	10.6
915	-0.335948	340.534825	0.707851	0.016318	9.5
916	-0.322776	341.534767	0.705899	0.013898	9.8
917	-0.332594	340.905789	0.707125	0.018609	9.5
918	-0.331963	341.477915	0.706009	0.011525	10.6
919	-0.324427	340.848932	0.707236	0.011515	12.2
920	-0.332824	340.221155	0.708466	0.011365	8.2
921	-0.334908	341.208463	0.706534	0.017539	7.8
922	-0.328566	340.850278	0.707234	0.010184	10.8
923	-0.331974	341.585062	0.705801	0.009389	9.3
924	-0.328784	341.898650	0.705191	0.015219	11.0
925	-0.335512	342.480254	0.704062	0.015310	10.6
926	-0.336141	343.480010	0.702131	0.020078	9.2
927	-0.332267	344.480010	0.700210	0.014642	10.3
928	-0.329060	343.851054	0.701417	0.017504	9.5
929	-0.337065	344.851054	0.699500	0.019658	13.5
930	-0.333598	345.851054	0.697593	0.018901	15.0
931	-0.333144	346.612862	0.696147	0.010504	12.2
932	-0.337416	345.983889	0.697341	0.016335	24.2
933	-0.330874	345.875849	0.697546	0.018512	14.7
934	-0.338183	345.246866	0.698744	0.009599	19.8
935	-0.327290	346.246866	0.696841	0.016941	12.8
936	-0.329203	347.232942	0.694975	0.009670	8.8
937	-0.324477	348.232127	0.693094	0.012667	10.7
938	-0.331816	349.227834	0.691230	0.022348	10.3
939	-0.336048	350.227028	0.689370	0.020176	9.0
940	-0.331122	349.598046	0.690540	0.010477	10.0
941	-0.332125	350.598046	0.688682	0.016405	11.6
942	-0.331969	349.969074	0.689849	0.015129	11.3
943	-0.324008	350.969073	0.687995	0.016668	10.4
944	-0.324859	351.969073	0.686150	0.007269	13.9
945	-0.334732	351.554446	0.686914	0.010244	12.7
946	-0.334305	351.406891	0.687186	0.014188	11.9
947	-0.334727	350.817510	0.688275	0.012604	10.3
948	-0.329999	351.817465	0.686429	0.016234	10.1
949	-0.340160	352.816274	0.684595	0.014223	10.2
950	-0.329039	353.816274	0.682769	0.009551	9.6
951	-0.338975	353.187459	0.683916	0.018199	11.8
952	-0.329087	354.187444	0.682093	0.016799	11.7
953	-0.333038	353.558462	0.683238	0.010075	9.5
954	-0.333670	354.534779	0.681462	0.010970	9.4
955	-0.337208	355.533724	0.679654	0.017807	10.8
956	-0.328872	355.078189	0.680478	0.012011	13.2
957	-0.334062	354.449206	0.681618	0.012422	12.1
958	-0.332759	353.937268	0.682548	0.014309	9.6
959	-0.331994	354.935776	0.680735	0.015497	8.2
960	-0.330196	355.935776	0.678929	0.022428	7.1
961	-0.327748	356.935776	0.677133	0.014706	10.2
962	-0.328138	356.306793	0.678262	0.013224	10.1
963	-0.330373	357.306770	0.676469	0.017453	9.5
964	-0.328930	357.537512	0.676057	0.013503	12.5
965	-0.330478	358.537512	0.674275	0.015715	9.6
966	-0.323640	358.039371	0.675161	0.012316	11.2
967	-0.326146	357.410607	0.676283	0.014389	11.2
968	-0.335094	358.410606	0.674501	0.011119	11.2
969	-0.333299	359.410409	0.672728	0.012552	10.6
970	-0.330924	359.281692	0.672956	0.010300	11.4
971	-0.330979	358.809942	0.673792	0.014170	12.4
972	-0.329025	358.422479	0.674480	0.013350	7.8
973	-0.333154	359.383125	0.672776	0.014594	8.6
974	-0.335173	360.383125	0.671012	0.014737	13.1
975	-0.332374	361.383125	0.669257	0.015854	10.9
976	-0.324026	360.754243	0.670360	0.014992	9.9
977	-0.337275	360.125442	0.671466	0.017245	9.1
978	-0.328194	361.125255	0.669709	0.015428	9.8
979	-0.322359	362.125229	0.667961	0.010815	8.6
980	-0.329017	363.118502	0.666234	0.018465	8.8
981	-0.325776	364.118501	0.664504	0.009549	10.9
982	-0.324060	365.112212	0.662794	0.008243	6.4
983	-0.333473	366.086805	0.661125	0.013351	8.0
984	-0.332861	366.332647	0.660705	0.012862	9.4
985	-0.327013	367.332642	0.659004	0.013875	9.2
986	-0.329356	368.332641	0.657311	0.013668	9.9
987	-0.330449	367.703706	0.658375	0.013364	7.0
988	-0.331489	368.329871	0.657316	0.018011	11.3
989	-0.323295	367.792628	0.658224	0.011162	8.4
990	-0.330675	367.166076	0.659287	0.015205	9.7
991	-0.323966	366.580513	0.660283	0.006211	6.9
992	-0.333469	365.953901	0.661352	0.011293	9.5
993	-0.333079	366.260385	0.660829	0.014458	10.1
994	-0.335574	366.529744	0.660369	0.018504	13.3
995	-0.330213	367.524958	0.658678	0.016642	10.6
996	-0.325425	368.521708	0.656992	0.014143	9.0
997	-0.332961	369.520398	0.655312	0.015825	6.9
998	-0.326868	370.520364	0.653638	0.008557	6.8
999	-0.337998	370.109541	0.654325	0.024673	13.1
1000	-0.329585	369.483200	0.655375	0.020049	13.2
1001	-0.335828	370.483200	0.653700	0.014050	9.7
1002	-0.322944	369.854276	0.654752	0.017006	14.6
1003	-0.329451	370.854274	0.653081	0.013121	11.7
1004	-0.328057	371.854274	0.651419	0.012517	10.6
1005	-0.325311	372.715568	0.649994	0.016021	9.7
1006	-0.326429	372.148149	0.650932	0.015861	8.9
1007	-0.332687	373.147473	0.649282	0.015943	7.8
1008	-0.332828	372.518799	0.650319	0.016475	10.1
1009	-0.330183	373.039679	0.649459	0.014312	13.1
1010	-0.329897	374.034616	0.647824	0.008272	12.2
1011	-0.323649	374.601731	0.646895	0.015422	10.9
1012	-0.330108	373.972900	0.647925	0.015124	10.2
1013	-0.326714	374.972897	0.646289	0.010359	8.7
1014	-0.332078	374.357339	0.647295	0.011491	9.3
1015	-0.335309	374.058479	0.647784	0.010243	13.4
1016	-0.330493	375.029613	0.646196	0.020717	9.5
1017	-0.336512	374.419501	0.647193	0.017155	7.6
1018	-0.336667	375.419480	0.645560	0.021266	14.2
1019	-0.330006	376.419480	0.643936	0.017008	18.8
1020	-0.329297	375.790821	0.644956	0.014973	18.9
1021	-0.329039	376.788887	0.643338	0.014108	14.4
1022	-0.329110	376.432723	0.643915	0.017413	6.9
1023	-0.334566	375.803740	0.644935	0.013365	6.5
1024	-0.331421	376.803674	0.643314	0.020171	7.5
1025	-0.321281	376.174691	0.644333	0.011337	6.2
1026	-0.341622	375.545709	0.645355	0.010896	8.5
1027	-0.331715	374.916841	0.646380	0.013799	7.7
1028	-0.337398	374.287859	0.647409	0.013254	8.2
1029	-0.325653	375.287855	0.645775	0.016347	11.0
1030	-0.330133	376.287797	0.644150	0.017499	13.1
1031	-0.332882	375.658815	0.645171	0.016644	11.4
1032	-0.329215	376.658815	0.643549	0.008476	12.5
1033	-0.328700	376.030774	0.644567	0.017307	13.6
1034	-0.328776	376.508820	0.643791	0.017877	9.3
1035	-0.327391	377.502288	0.642186	0.010178	9.8
1036	-0.338396	376.873499	0.643201	0.017206	12.3
1037	-0.327340	377.873496	0.641589	0.016589	13.0
1038	-0.326185	377.244514	0.642602	0.011759	10.1
1039	-0.327815	378.230779	0.641015	0.016204	11.9
1040	-0.327510	377.601798	0.642026	0.015788	12.3
1041	-0.333312	378.601798	0.640419	0.008240	10.0
1042	-0.340171	379.534539	0.638928	0.011948	10.5
1043	-0.334326	380.444118	0.637480	0.011760	8.5
1044	-0.326508	380.669968	0.637122	0.009846	6.6
1045	-0.331691	381.669607	0.635540	0.018900	9.4
1046	-0.328025	382.669555	0.633966	0.019936	6.6
1047	-0.334038	383.669555	0.632399	0.013864	9.1
1048	-0.333143	383.040576	0.633384	0.019080	11.5
1049	-0.331384	384.040576	0.631820	0.010222	11.2
1050	-0.325104	383.411804	0.632802	0.015435	11.4
1051	-0.333300	384.411804	0.631241	0.020137	12.8
1052	-0.328143	385.411754	0.629688	0.018793	11.6
1053	-0.326566	386.411754	0.628143	0.008925	7.0
1054	-0.330865	385.783136	0.629113	0.016066	9.9
1055	-0.333081	386.782545	0.627572	0.009974	13.4
1056	-0.331306	386.510594	0.627990	0.010124	6.5
1057	-0.332693	387.507210	0.626458	0.016749	8.5
1058	-0.331088	387.126671	0.627042	0.019997	13.0
1059	-0.336174	388.126670	0.625510	0.020166	12.3
1060	-0.333129	389.126670	0.623985	0.019420	11.2
1061	-0.328750	388.497687	0.624943	0.013222	15.9
1062	-0.331509	387.868705	0.625904	0.014431	12.2
1063	-0.330531	388.863498	0.624385	0.017050	13.9
1064	-0.329641	388.234515	0.625345	0.009205	14.7
1065	-0.329513	387.826621	0.625969	0.009641	13.9
1066	-0.323216	387.415068	0.626600	0.020326	15.8
1067	-0.324494	386.805170	0.627537	0.014290	8.5
1068	-0.323767	387.804558	0.626003	0.009073	8.7
1069	-0.330344	387.508519	0.626456	0.020382	8.6
1070	-0.332632	388.461926	0.624998	0.017295	14.0
1071	-0.328133	389.461926	0.623475	0.010054	10.7
1072	-0.327649	388.840600	0.624420	0.018079	10.5
1073	-0.333844	389.840600	0.622900	0.014706	15.9
1074	-0.332944	390.840597	0.621388	0.016854	13.3
1075	-0.334897	390.390838	0.622067	0.013332	15.5
1076	-0.328711	391.390653	0.620559	0.016821	12.3
1077	-0.338919	390.761671	0.621507	0.013503	13.4
1078	-0.327261	390.132688	0.622458	0.020597	11.8
1079	-0.332200	391.132688	0.620947	0.016652	12.8
1080	-0.337530	390.503709	0.621897	0.010900	12.6
1081	-0.328849	390.621322	0.621719	0.011919	11.9
1082	-0.332417	390.275210	0.622242	0.015143	12.1
1083	-0.329043	390.059587	0.622569	0.016418	11.6
1084	-0.330301	391.059587	0.621058	0.010098	9.5
1085	-0.325179	390.430607	0.622007	0.008452	11.6
1086	-0.336225	391.417014	0.620519	0.010811	10.3
1087	-0.322915	391.109431	0.620983	0.018484	10.4
1088	-0.335783	392.049941	0.619569	0.013414	9.3
1089	-0.332769	393.049941	0.618072	0.014710	9.3
1090	-0.325745	394.048889	0.616585	0.016210	8.9
1091	-0.333232	393.420192	0.617520	0.010747	10.7
1092	-0.329006	392.791223	0.618459	0.016173	9.4
1093	-0.331673	393.007320	0.618136	0.012479	10.4
1094	-0.337685	392.378448	0.619076	0.015414	11.0
1095	-0.330111	391.749882	0.620019	0.022809	10.4
1096	-0.338863	391.314100	0.620674	0.018412	8.8
1097	-0.334232	390.685118	0.621623	0.015555	9.8
1098	-0.327562	391.685118	0.620116	0.019202	11.0
1099	-0.337524	392.637236	0.618689	0.012601	11.9
1100	-0.328927	393.637236	0.617197	0.018091	9.7
1101	-0.328180	393.008305	0.618134	0.011307	9.4
1102	-0.323575	392.379336	0.619075	0.012797	9.9
1103	-0.334113	391.896210	0.619799	0.014141	9.5
1104	-0.333438	392.873521	0.618336	0.015468	11.2
1105	-0.331150	393.873514	0.616845	0.017451	10.8
1106	-0.326282	394.873464	0.615362	0.013105	11.6
1107	-0.322064	395.833074	0.613945	0.013341	10.2
1108	-0.327293	396.815769	0.612501	0.015204	10.6
1109	-0.326756	396.186888	0.613425	0.013706	11.9
1110	-0.335393	397.123127	0.612051	0.023209	7.7
1111	-0.332845	396.494144	0.612973	0.012128	9.1
1112	-0.338376	397.494124	0.611509	0.011178	10.7
1113	-0.332487	398.405761	0.610179	0.011017	10.0
1114	-0.330375	398.201954	0.610476	0.017727	10.7
1115	-0.336768	399.201954	0.609023	0.013704	11.5
1116	-0.333382	400.107797	0.607713	0.017726	11.4
1117	-0.340134	399.478814	0.608622	0.023210	12.8
1118	-0.340260	398.849832	0.609534	0.010231	11.6
1119	-0.332434	398.220849	0.610449	0.018491	12.1
1120	-0.326913	398.094932	0.610632	0.015171	11.2
1121	-0.332135	397.521663	0.611468	0.009944	10.9
1122	-0.318655	396.937159	0.612324	0.012753	10.7
1123	-0.339529	397.918522	0.610889	0.016270	12.3
1124	-0.332984	397.289983	0.611807	0.011536	9.0
1125	-0.337426	398.105031	0.610617	0.014743	11.2
1126	-0.333744	398.929883	0.609418	0.013800	12.1
1127	-0.328676	399.436991	0.608683	0.010619	11.1
1128	-0.319645	400.436947	0.607239	0.014189	23.0
1129	-0.328222	401.436096	0.605802	0.010048	27.3
1130	-0.332621	400.827770	0.606676	0.014764	19.4
1131	-0.327449	401.827377	0.605242	0.014644	16.8
1132	-0.330829	401.198394	0.606143	0.015345	29.9
1133	-0.339206	400.994935	0.606436	0.009615	11.9
1134	-0.326208	400.365964	0.607341	0.015976	9.5
1135	-0.333895	399.738033	0.608247	0.013321	15.3
1136	-0.332708	400.737223	0.606806	0.010706	10.6
1137	-0.331061	400.108523	0.607712	0.012587	7.1
1138	-0.330833	399.542848	0.608530	0.012581	7.9
1139	-0.325511	400.125489	0.607688	0.017418	14.0
1140	-0.336784	399.497966	0.608595	0.011331	9.7
1141	-0.329943	400.497966	0.607151	0.011075	8.9
1142	-0.329051	400.217871	0.607554	0.009854	13.8
1143	-0.326511	399.604649	0.608440	0.014464	13.8
1144	-0.334892	400.542611	0.607086	0.016084	19.5
1145	-0.325367	401.542506	0.605650	0.017791	11.1
1146	-0.331523	400.913523	0.606553	0.010886	11.0
1147	-0.327011	400.285036	0.607458	0.011191	9.4
1148	-0.327773	399.656114	0.608366	0.016634	12.9
1149	-0.332312	400.653892	0.606926	0.014230	9.6
1150	-0.331753	401.653892	0.605490	0.008444	7.4
1151	-0.331854	402.060318	0.604908	0.015557	6.7
1152	-0.329001	402.896334	0.603715	0.011155	9.4
1153	-0.331269	403.886883	0.602308	0.008190	9.1
1154	-0.326226	403.300876	0.603140	0.015257	10.4
1155	-0.330323	404.286212	0.601742	0.015732	18.2
1156	-0.329053	403.933324	0.602242	0.017872	15.8
1157	-0.332837	404.894748	0.600883	0.014886	15.0
1158	-0.328626	404.265791	0.601771	0.018413	14.4
1159	-0.331047	403.636810	0.602663	0.013301	14.8
1160	-0.327063	403.007828	0.603557	0.013283	15.0
1161	-0.328090	402.382922	0.604448	0.021083	10.2
1162	-0.323219	403.382921	0.603023	0.009272	11.1
1163	-0.327190	402.753945	0.603918	0.018725	9.7
1164	-0.324362	402.125344	0.604815	0.021073	10.7
1165	-0.332751	401.496362	0.605716	0.015246	10.7
1166	-0.331685	402.496362	0.604286	0.014068	11.9
1167	-0.333308	403.482652	0.602882	0.012769	15.2
1168	-0.325439	403.086525	0.603445	0.012571	28.4
1169	-0.334772	403.499873	0.602857	0.013403	14.2
1170	-0.330101	404.166012	0.601913	0.017217	13.1
1171	-0.334246	403.537030	0.602804	0.014966	8.0
1172	-0.321822	404.536829	0.601388	0.010805	7.4
1173	-0.324318	405.509744	0.600016	0.015519	6.8
1174	-0.331155	406.503522	0.598621	0.010340	7.6
1175	-0.332630	405.919197	0.599441	0.024149	8.7
1176	-0.328529	406.919193	0.598040	0.012938	9.4
1177	-0.330658	407.919193	0.596646	0.018982	12.3
1178	-0.332237	408.919190	0.595258	0.020028	9.6
1179	-0.336538	409.919190	0.593876	0.009295	8.4
1180	-0.335763	409.290320	0.594744	0.019337	10.7
1181	-0.328463	408.667410	0.595607	0.010251	7.3
1182	-0.335573	408.038593	0.596480	0.013132	13.0
1183	-0.329961	408.991654	0.595157	0.021100	12.2
1184	-0.333424	409.991651	0.593777	0.012926	13.9
1185	-0.326324	409.894264	0.593911	0.018318	12.6
1186	-0.340216	410.894264	0.592536	0.013272	10.2
1187	-0.326188	411.890048	0.591173	0.013677	10.1
1188	-0.329506	411.261299	0.592033	0.013901	12.6
1189	-0.326648	410.635693	0.592891	0.012016	12.7
1190	-0.326745	411.544749	0.591645	0.008340	10.7
1191	-0.332724	411.346389	0.591916	0.017214	16.5
1192	-0.330903	412.344330	0.590553	0.017338	16.2
1193	-0.334618	413.344216	0.589193	0.022141	18.6
1194	-0.330445	412.715234	0.590048	0.024026	14.1
1195	-0.327398	413.715234	0.588691	0.014575	13.2
1196	-0.333228	413.177194	0.589420	0.023620	16.0
1197	-0.329423	412.548609	0.590275	0.013019	17.8
1198	-0.326535	413.548609	0.588916	0.013193	18.1
1199	-0.327424	412.919735	0.589770	0.007707	14.3
1200	-0.329099	413.919561	0.588414	0.011673	13.3
1201	-0.329805	413.338137	0.589202	0.008777	16.4
1202	-0.334719	412.709726	0.590055	0.010585	15.1
1203	-0.327214	413.695152	0.588718	0.013015	15.3
1204	-0.325812	414.560814	0.587548	0.016446	15.7
1205	-0.332392	415.358390	0.586474	0.020100	14.6
1206	-0.329070	416.358376	0.585133	0.017069	9.4
1207	-0.332229	417.358375	0.583798	0.015086	13.9
1208	-0.331444	418.357363	0.582471	0.017810	12.2
1209	-0.335098	419.351196	0.581156	0.016679	13.7
1210	-0.335482	418.722213	0.581987	0.021368	12.4
1211	-0.330371	418.197011	0.582683	0.013489	16.0
1212	-0.326712	418.050354	0.582878	0.008962	13.2
1213	-0.337642	419.048184	0.581556	0.017578	16.6
1214	-0.330272	418.497166	0.582285	0.011579	10.1
1215	-0.332770	417.868228	0.583120	0.020061	13.8
1216	-0.327054	418.868228	0.581794	0.013661	15.1
1217	-0.328451	419.868228	0.580474	0.019064	14.0
1218	-0.325069	420.868163	0.579161	0.011225	15.4
1219	-0.332834	420.239184	0.579986	0.017102	13.7
1220	-0.337089	419.620264	0.580801	0.010875	18.1
1221	-0.326806	420.620218	0.579486	0.010700	17.0
1222	-0.330571	419.997899	0.580304	0.013078	16.1
1223	-0.332035	420.683482	0.579403	0.012473	9.2
1224	-0.337390	421.677423	0.578102	0.013378	13.8
1225	-0.331203	421.156825	0.578783	0.015281	18.3
1226	-0.324488	420.556126	0.579570	0.012692	14.0
1227	-0.326638	419.955809	0.580359	0.016451	16.7
1228	-0.334129	420.501479	0.579642	0.018199	16.3
1229	-0.325317	421.397911	0.578467	0.012406	16.7
1230	-0.332636	420.840524	0.579197	0.012174	13.6
1231	-0.322738	420.215371	0.580018	0.011349	15.7
1232	-0.333528	419.697738	0.580699	0.017624	18.1
1233	-0.323258	420.685620	0.579400	0.013605	10.9
1234	-0.326421	421.685620	0.578091	0.015721	12.9
1235	-0.329954	421.057738	0.578913	0.011309	12.3
1236	-0.330368	420.558336	0.579567	0.016322	13.4
1237	-0.331515	421.554550	0.578263	0.011344	12.9
1238	-0.330127	422.441409	0.577106	0.014049	16.2
1239	-0.335422	421.860839	0.577863	0.014214	23.4
1240	-0.324968	422.859972	0.576562	0.015593	16.9
1241	-0.330332	423.804438	0.575338	0.011841	11.3
1242	-0.321625	424.727795	0.574146	0.012849	15.5
1243	-0.330793	425.727780	0.572861	0.012862	8.7
1244	-0.326560	425.112616	0.573651	0.011726	8.7
1245	-0.328617	425.834368	0.572724	0.011534	9.2
1246	-0.331932	426.833938	0.571446	0.015119	14.2
1247	-0.328809	426.381063	0.572024	0.010937	15.2
1248	-0.317164	427.381059	0.570748	0.021146	16.1
1249	-0.329701	428.381016	0.569478	0.017336	11.5
1250	-0.337337	429.271671	0.568352	0.015848	15.6
1251	-0.332209	430.193597	0.567191	0.015382	21.6
1252	-0.321828	429.564615	0.567982	0.009700	15.6
1253	-0.330564	430.564429	0.566725	0.013146	11.6
1254	-0.327979	430.260105	0.567107	0.013894	17.0
1255	-0.329772	429.631272	0.567898	0.011726	15.7
1256	-0.332168	430.629671	0.566643	0.012698	15.1
1257	-0.321067	431.629632	0.565391	0.010296	17.5
1258	-0.331516	431.350839	0.565740	0.010274	16.9
1259	-0.335296	430.992664	0.566188	0.015665	17.5
1260	-0.332573	430.363748	0.566977	0.011528	17.2
1261	-0.330477	429.752593	0.567745	0.016178	11.7
1262	-0.334181	430.752424	0.566489	0.014432	14.3
1263	-0.328867	431.752302	0.565238	0.014710	10.3
1264	-0.337970	431.364816	0.565722	0.017594	9.5
1265	-0.330353	432.364810	0.564474	0.012925	15.5
1266	-0.328675	433.249063	0.563375	0.014942	16.4
1267	-0.332924	432.620086	0.564157	0.014035	15.4
1268	-0.330041	431.994890	0.564935	0.018379	18.2
1269	-0.327051	431.365964	0.565721	0.016030	16.0
1270	-0.334381	430.736982	0.566508	0.011655	14.8
1271	-0.335393	431.536282	0.565508	0.011465	16.3
1272	-0.336697	432.471811	0.564341	0.013762	15.5
1273	-0.335559	433.471683	0.563099	0.012060	15.1
1274	-0.327123	432.902499	0.563806	0.020651	23.8
1275	-0.329050	433.902461	0.562566	0.018325	18.5
1276	-0.333471	433.273481	0.563345	0.015112	22.3
1277	-0.331789	434.273481	0.562108	0.009856	21.5
1278	-0.331293	433.644852	0.562885	0.014525	11.3
1279	-0.328218	433.043149	0.563631	0.012864	12.5
1280	-0.330594	432.420324	0.564405	0.015688	10.5
1281	-0.323974	433.418365	0.563166	0.016209	12.0
1282	-0.334862	434.380398	0.561976	0.013810	6.7
1283	-0.326844	434.079502	0.562347	0.015918	7.1
1284	-0.336819	433.532400	0.563024	0.012049	7.0
1285	-0.336087	434.532400	0.561788	0.014294	9.4
1286	-0.335936	433.929185	0.562533	0.013254	12.7
1287	-0.331661	434.923647	0.561306	0.010054	14.8
1288	-0.336758	434.299060	0.562076	0.017299	15.2
1289	-0.329465	434.944894	0.561280	0.011748	14.5
1290	-0.333056	435.773772	0.560261	0.015241	17.8
1291	-0.325331	435.163595	0.561011	0.009918	12.4
1292	-0.333650	434.535455	0.561784	0.016792	13.1
1293	-0.325659	434.174677	0.562230	0.008584	13.4
1294	-0.330859	435.121237	0.561063	0.013943	9.0
1295	-0.329491	434.493199	0.561837	0.012769	11.5
1296	-0.326280	435.493029	0.560606	0.013231	8.5
1297	-0.323581	434.880065	0.561360	0.014653	13.8
1298	-0.329865	434.251659	0.562135	0.015659	9.5
1299	-0.325596	435.249474	0.560905	0.013411	19.2
1300	-0.328169	434.628645	0.561670	0.018737	10.3
1301	-0.319085	435.628643	0.560440	0.015334	10.5
1302	-0.330676	435.838376	0.560182	0.016108	8.4
1303	-0.335225	435.209485	0.560954	0.011683	14.4
1304	-0.330234	434.581143	0.561728	0.017819	9.9
1305	-0.333346	434.193115	0.562207	0.011636	16.5
1306	-0.331310	433.577232	0.562969	0.015414	14.8
1307	-0.335821	432.948249	0.563749	0.013211	13.6
1308	-0.331995	433.947786	0.562510	0.015542	21.3
1309	-0.328479	433.321386	0.563286	0.019005	22.1
1310	-0.325035	434.321383	0.562049	0.013902	20.9
1311	-0.328789	435.020051	0.561188	0.021272	19.1
1312	-0.332419	436.020051	0.559960	0.022321	14.7
1313	-0.328823	437.020051	0.558737	0.012481	15.0
1314	-0.332557	436.533153	0.559332	0.006827	11.9
1315	-0.340798	437.507308	0.558143	0.011726	15.8
1316	-0.329665	436.881218	0.558906	0.018860	8.0
1317	-0.331088	436.253738	0.559673	0.013708	8.5
1318	-0.326546	435.721876	0.560325	0.018063	14.1
1319	-0.327579	436.704773	0.559122	0.015343	19.6
1320	-0.328645	437.670203	0.557945	0.014920	10.3
1321	-0.327420	437.537048	0.558107	0.015360	13.7
1322	-0.329032	436.908076	0.558874	0.009284	15.7
1323	-0.324921	436.820781	0.558980	0.010991	20.1
1324	-0.333519	436.238465	0.559692	0.013672	13.0
1325	-0.329952	437.237458	0.558472	0.015188	17.0
1326	-0.328716	438.237458	0.557256	0.009509	12.5
1327	-0.329955	437.640153	0.557982	0.019498	8.6
1328	-0.326672	438.605852	0.556809	0.012362	9.4
1329	-0.337461	437.976920	0.557572	0.016188	11.6
1330	-0.333299	437.348944	0.558336	0.009632	11.4
1331	-0.337134	438.348944	0.557121	0.007597	18.0
1332	-0.336668	437.955789	0.557598	0.013678	11.5
1333	-0.329781	437.337580	0.558350	0.014937	13.5
1334	-0.337959	436.711124	0.559114	0.012535	9.4
1335	-0.326769	437.708526	0.557898	0.013596	6.7
1336	-0.332099	437.079992	0.558664	0.013851	8.1
1337	-0.336026	436.556967	0.559302	0.011514	12.6
1338	-0.327684	437.530495	0.558115	0.010554	14.3
1339	-0.330433	438.131627	0.557384	0.014448	9.7
1340	-0.332419	437.553907	0.558087	0.012165	10.9
1341	-0.330864	437.004314	0.558756	0.019616	9.8
1342	-0.323416	438.003694	0.557540	0.008069	6.8
1343	-0.320194	438.145736	0.557367	0.012893	9.7
1344	-0.334277	437.892859	0.557674	0.013901	11.9
1345	-0.339544	438.500893	0.556936	0.012869	17.4
1346	-0.333151	439.500881	0.555727	0.009802	18.9
1347	-0.322728	440.500769	0.554523	0.012788	16.5
1348	-0.326028	439.871840	0.555280	0.011565	11.4
1349	-0.335880	439.306013	0.555962	0.015622	13.3
1350	-0.325042	440.306002	0.554757	0.016304	18.8
1351	-0.335353	441.305991	0.553557	0.018848	15.9
1352	-0.333829	442.305991	0.552362	0.014885	15.0
1353	-0.332862	443.266657	0.551219	0.018351	11.9
1354	-0.338059	444.255898	0.550047	0.016421	17.8
1355	-0.333564	445.123472	0.549024	0.018228	14.7
1356	-0.334030	444.494497	0.549765	0.021108	14.0
1357	-0.324175	443.865515	0.550509	0.015974	9.0
1358	-0.327749	443.236532	0.551255	0.017975	9.5
1359	-0.330442	443.973297	0.550382	0.007482	12.7
1360	-0.324642	443.637154	0.550780	0.011727	8.8
1361	-0.321175	443.009541	0.551525	0.013120	8.5
1362	-0.328074	444.007414	0.550341	0.012917	12.4
1363	-0.325330	445.007408	0.549160	0.016685	9.0
1364	-0.327921	444.441832	0.549828	0.022417	9.8
1365	-0.332042	445.441364	0.548649	0.013416	13.3
1366	-0.327493	446.441364	0.547476	0.013469	15.5
1367	-0.334776	447.437210	0.546312	0.009950	13.9
1368	-0.341376	446.976506	0.546850	0.008434	10.8
1369	-0.333523	446.411921	0.547510	0.007676	15.9
1370	-0.326907	447.000926	0.546821	0.016563	13.1
1371	-0.326601	446.612243	0.547276	0.012619	14.8
1372	-0.327027	447.612243	0.546108	0.019893	9.2
1373	-0.331407	448.433747	0.545152	0.017170	10.0
1374	-0.334224	449.433747	0.543993	0.016153	12.7
1375	-0.329666	448.804764	0.544721	0.013861	13.7
1376	-0.323020	448.862311	0.544655	0.015748	25.9
1377	-0.330501	448.248329	0.545367	0.017268	18.4
1378	-0.330908	447.626543	0.546091	0.014608	21.5
1379	-0.334201	448.626393	0.544928	0.016417	16.0
1380	-0.324699	447.998320	0.545658	0.014483	15.0
1381	-0.326545	448.006580	0.545649	0.018725	12.8
1382	-0.332913	449.005941	0.544488	0.013530	11.9
1383	-0.337822	450.005940	0.543332	0.014233	13.9
1384	-0.331763	450.744285	0.542482	0.010485	16.6
1385	-0.325045	451.744250	0.541334	0.015422	15.5
1386	-0.339541	452.743514	0.540193	0.009935	11.0
1387	-0.333237	452.264760	0.540739	0.011760	12.0
1388	-0.334955	453.252459	0.539613	0.012033	9.9
1389	-0.321579	454.251649	0.538478	0.014455	8.6
1390	-0.335807	455.251648	0.537348	0.017242	14.7
1391	-0.328434	456.212868	0.536265	0.015221	12.3
1392	-0.334776	456.779455	0.535629	0.019605	13.5
1393	-0.331455	457.779300	0.534511	0.010970	7.4
1394	-0.331014	457.150611	0.535214	0.016197	8.5
1395	-0.341650	456.620045	0.535808	0.011354	12.3
1396	-0.332372	457.620045	0.534689	0.019585	16.2
1397	-0.325173	458.370313	0.533852	0.010072	11.3
1398	-0.328656	458.486257	0.533723	0.015312	11.1
1399	-0.324898	457.883223	0.534395	0.016133	9.0
1400	-0.330156	458.241860	0.533995	0.010216	13.4
1401	-0.340883	457.629958	0.534678	0.016017	11.6
1402	-0.333240	458.627801	0.533565	0.006372	15.0
1403	-0.331202	459.625740	0.532457	0.019100	17.4
1404	-0.328997	459.221113	0.532906	0.016995	11.3
1405	-0.331827	458.673877	0.533514	0.014472	12.8
1406	-0.324556	458.045476	0.534214	0.025551	14.2
1407	-0.324898	457.458103	0.534870	0.015796	16.1
1408	-0.328904	458.458103	0.533754	0.013388	15.0
1409	-0.329883	459.434489	0.532669	0.014684	13.0
1410	-0.327767	460.434484	0.531563	0.017635	14.0
1411	-0.332677	461.271174	0.530641	0.015439	13.6
1412	-0.333481	460.642192	0.531334	0.019813	11.7
1413	-0.342194	461.642191	0.530233	0.012603	11.4
1414	-0.330919	461.362559	0.530540	0.013339	15.8
1415	-0.336495	462.250750	0.529565	0.017043	12.0
1416	-0.326820	463.222152	0.528503	0.011954	19.7
1417	-0.327460	463.769828	0.527906	0.010327	25.2
1418	-0.331446	463.246878	0.528476	0.015476	20.2
1419	-0.334245	464.246698	0.527387	0.014999	20.5
1420	-0.333868	465.246562	0.526302	0.010474	15.9
1421	-0.333801	464.618904	0.526983	0.016310	14.6
1422	-0.335217	464.020456	0.527633	0.015126	15.5
1423	-0.330153	465.018795	0.526549	0.011348	12.2
1424	-0.330303	466.018795	0.525468	0.016827	7.7
1425	-0.329090	465.390362	0.526147	0.011164	13.5
1426	-0.330501	466.389811	0.525068	0.015217	12.8
1427	-0.331242	466.611572	0.524829	0.013096	14.5
1428	-0.327994	467.270159	0.524121	0.012140	12.3
1429	-0.327038	467.991522	0.523348	0.010359	16.0
1430	-0.332112	468.991508	0.522280	0.009999	16.0
1431	-0.339287	469.981477	0.521227	0.015866	8.5
1432	-0.328203	469.354906	0.521893	0.009431	9.7
1433	-0.330097	468.750559	0.522537	0.014574	9.0
1434	-0.327248	469.312515	0.521938	0.012579	11.5
1435	-0.328564	468.694510	0.522597	0.019073	16.9
1436	-0.330722	469.694211	0.521532	0.018715	8.1
1437	-0.330126	469.065229	0.522201	0.012744	13.3
1438	-0.333308	469.770974	0.521450	0.016833	18.0
1439	-0.330675	470.305164	0.520884	0.016007	9.2
1440	-0.332226	469.676319	0.521551	0.015389	8.4
1441	-0.337972	470.676319	0.520490	0.016316	13.5
1442	-0.324918	471.676319	0.519434	0.012270	10.5
1443	-0.328286	472.676318	0.518382	0.013139	7.7
1444	-0.333307	472.523668	0.518542	0.013714	10.0
1445	-0.331237	471.957497	0.519138	0.011249	12.6
1446	-0.326381	471.384900	0.519741	0.018056	13.6
1447	-0.325419	472.384885	0.518688	0.017160	16.0
1448	-0.329793	473.384885	0.517639	0.011087	11.8
1449	-0.327425	472.792171	0.518260	0.012549	14.4
1450	-0.321097	473.792111	0.517213	0.012049	10.6
1451	-0.337855	473.163372	0.517871	0.013398	13.2
1452	-0.328493	472.537109	0.518528	0.019768	14.4
1453	-0.333899	473.537109	0.517479	0.016851	11.0
1454	-0.326622	474.537109	0.516435	0.012192	18.8
1455	-0.332997	473.911142	0.517088	0.020139	20.1
1456	-0.331473	474.909524	0.516047	0.011870	18.7
1457	-0.329285	474.280545	0.516703	0.011844	16.7
1458	-0.330600	474.043434	0.516950	0.013262	11.4
1459	-0.331115	475.039466	0.515912	0.015098	11.9
1460	-0.331757	474.410995	0.516567	0.017880	10.8
1461	-0.329604	475.410992	0.515526	0.014532	15.6
1462	-0.332053	476.410916	0.514490	0.015270	20.5
1463	-0.326054	477.410913	0.513457	0.016158	14.1
1464	-0.338236	478.410913	0.512429	0.018738	9.0
1465	-0.329974	479.410912	0.511405	0.016435	7.8
1466	-0.333898	480.410912	0.510385	0.014343	10.9
1467	-0.323116	479.781945	0.511026	0.009426	7.2
1468	-0.328631	480.780993	0.510009	0.011204	11.8
1469	-0.329872	480.249671	0.510549	0.010245	11.8
1470	-0.328743	480.277122	0.510522	0.016174	7.6
1471	-0.325903	479.648367	0.511163	0.015620	13.6
1472	-0.323930	480.617167	0.510175	0.014550	17.0
1473	-0.325012	479.992189	0.510812	0.011037	14.6
1474	-0.327842	480.901342	0.509887	0.014413	12.2
1475	-0.331796	481.901330	0.508873	0.017684	12.3
1476	-0.335198	482.901322	0.507863	0.013309	14.0
1477	-0.324332	483.901322	0.506857	0.019439	15.5
1478	-0.331037	484.901322	0.505855	0.018704	18.2
1479	-0.330858	485.662547	0.505095	0.016977	15.7
1480	-0.331888	486.662547	0.504100	0.014413	17.8
1481	-0.328022	487.662541	0.503109	0.019680	14.8
1482	-0.333307	487.033780	0.503732	0.010460	18.2
1483	-0.329610	487.062882	0.503703	0.011933	13.4
1484	-0.330765	488.030456	0.502745	0.012437	16.0
1485	-0.330316	489.030424	0.501760	0.016087	12.5
1486	-0.329113	488.401442	0.502379	0.009049	16.8
1487	-0.329959	487.829635	0.502944	0.014404	15.8
1488	-0.333621	488.499396	0.502283	0.013940	16.2
1489	-0.327635	487.871652	0.502902	0.010038	11.8
1490	-0.331141	488.850236	0.501937	0.018446	16.1
1491	-0.335989	488.221385	0.502557	0.013427	22.2
1492	-0.328472	489.221383	0.501572	0.012985	17.6
1493	-0.328047	488.674337	0.502110	0.016011	9.9
1494	-0.330153	489.674257	0.501127	0.021002	17.0
1495	-0.331424	489.045275	0.501745	0.012584	21.5
1496	-0.326822	490.045275	0.500763	0.012410	13.0
1497	-0.327234	491.006738	0.499823	0.013390	14.6
1498	-0.323790	490.377866	0.500438	0.012658	13.8
1499	-0.332376	491.375585	0.499463	0.011595	19.3
1500	-0.333516	490.746620	0.500077	0.015752	17.6
1501	-0.334022	490.117646	0.500692	0.014146	11.5
1502	-0.331405	491.117646	0.499715	0.018649	10.2
1503	-0.340501	490.488664	0.500329	0.020162	17.5
1504	-0.331012	489.859681	0.500945	0.014867	16.4
1505	-0.341503	490.859347	0.499967	0.013094	12.5
1506	-0.335971	491.857155	0.498994	0.014454	13.3
1507	-0.332278	492.855253	0.498025	0.014123	12.6
1508	-0.331869	492.226394	0.498635	0.013866	11.3
1509	-0.335473	493.226388	0.497666	0.015522	13.5
1510	-0.334998	493.401513	0.497496	0.009752	10.7
1511	-0.331062	494.400791	0.496532	0.014604	8.8
1512	-0.336966	495.376582	0.495593	0.010056	6.9
1513	-0.328361	494.779964	0.496167	0.017821	14.8
1514	-0.328341	495.779945	0.495206	0.013662	8.5
1515	-0.334232	496.738468	0.494290	0.007912	10.1
1516	-0.332366	497.540247	0.493525	0.014159	12.5
1517	-0.328517	498.537321	0.492578	0.009775	12.4
1518	-0.326838	498.107209	0.492986	0.012496	11.1
1519	-0.333409	498.964212	0.492174	0.015668	12.3
1520	-0.336745	499.954616	0.491238	0.009226	13.9
1521	-0.328254	499.329935	0.491828	0.016493	9.2
1522	-0.322903	498.700963	0.492423	0.011133	10.9
1523	-0.336224	499.699716	0.491479	0.015658	9.5
1524	-0.333866	500.699649	0.490537	0.009448	9.7
1525	-0.333792	501.145841	0.490117	0.011761	9.1
1526	-0.325723	500.530019	0.490696	0.016666	16.7
1527	-0.332645	501.529645	0.489757	0.012627	16.9
1528	-0.334034	500.926558	0.490323	0.012209	15.2
1529	-0.325165	501.926303	0.489386	0.012921	16.0
1530	-0.328306	502.921698	0.488456	0.018343	21.2
1531	-0.332262	502.292739	0.489043	0.014545	24.6
1532	-0.330401	503.292739	0.488110	0.012308	20.5
1533	-0.331527	502.664112	0.488696	0.013840	16.4
1534	-0.324601	502.149016	0.489178	0.017498	14.1
1535	-0.334047	503.149016	0.488244	0.012894	7.6
1536	-0.332015	502.520049	0.488831	0.014136	11.8
1537	-0.337632	503.392879	0.488017	0.013526	15.6
1538	-0.329731	502.771344	0.488596	0.012633	14.2
1539	-0.325616	503.767750	0.487669	0.017434	6.5
1540	-0.338298	504.767257	0.486742	0.013875	9.3
1541	-0.326366	505.755743	0.485828	0.012087	10.5
1542	-0.326210	506.424996	0.485212	0.013158	14.1
1543	-0.319237	507.327022	0.484383	0.012418	10.9
1544	-0.319754	508.239235	0.483548	0.012733	14.8
1545	-0.323212	507.611660	0.484122	0.010515	9.7
1546	-0.330653	508.609988	0.483210	0.011846	8.2
1547	-0.338127	508.027621	0.483742	0.013619	9.0
1548	-0.327588	509.027621	0.482829	0.014787	15.6
1549	-0.324753	510.027618	0.481920	0.011047	10.6
1550	-0.334516	510.290548	0.481681	0.018048	18.1
1551	-0.331617	510.500035	0.481492	0.015347	8.0
1552	-0.331348	511.500035	0.480587	0.009465	13.9
1553	-0.337107	512.440784	0.479740	0.019208	13.9
1554	-0.327414	511.812630	0.480305	0.019564	13.8
1555	-0.327313	512.812625	0.479406	0.011761	12.8
1556	-0.336788	512.183673	0.479971	0.009853	14.3
1557	-0.340504	511.643334	0.480458	0.019887	8.3
1558	-0.328744	511.046403	0.480997	0.019419	6.5
1559	-0.334551	510.542939	0.481453	0.015492	9.1
1560	-0.332184	509.913963	0.482023	0.007022	14.6
1561	-0.334485	509.347122	0.482538	0.016938	12.0
1562	-0.320085	508.863667	0.482978	0.016684	12.6
1563	-0.336293	508.719142	0.483110	0.024619	7.9
1564	-0.327757	508.090160	0.483685	0.016082	15.9
1565	-0.322346	507.937065	0.483825	0.015471	13.0
1566	-0.338521	508.931563	0.482917	0.013996	16.1
1567	-0.325696	509.931385	0.482007	0.012246	19.2
1568	-0.327859	510.931381	0.481101	0.016254	12.4
1569	-0.326608	511.931379	0.480198	0.013193	13.9
1570	-0.330566	512.931379	0.479299	0.005954	11.1
1571	-0.336656	512.408105	0.479769	0.014952	15.9
1572	-0.328728	511.781165	0.480334	0.011543	13.7
1573	-0.325998	512.772144	0.479442	0.012713	7.2
1574	-0.326651	513.770957	0.478546	0.012754	19.1
1575	-0.327804	513.946989	0.478389	0.010648	13.9
1576	-0.329966	514.481701	0.477911	0.008612	12.1
1577	-0.331879	513.852895	0.478473	0.005852	13.0
1578	-0.327104	514.055559	0.478292	0.013098	15.2
1579	-0.328238	513.866360	0.478461	0.014315	15.3
1580	-0.330502	514.219073	0.478146	0.012792	16.2
1581	-0.317915	513.590165	0.478708	0.014463	12.2
1582	-0.326173	512.966147	0.479268	0.012467	11.7
1583	-0.330074	513.691297	0.478618	0.017888	14.4
1584	-0.333798	514.601723	0.477804	0.017760	9.8
1585	-0.331358	515.601723	0.476914	0.013549	12.2
1586	-0.329699	516.601723	0.476027	0.014245	9.3
1587	-0.326803	515.972761	0.476584	0.014780	17.4
1588	-0.340256	516.716415	0.475925	0.016775	10.3
1589	-0.328020	516.212913	0.476371	0.013701	21.9
1590	-0.344462	516.652310	0.475982	0.013951	17.6
1591	-0.331968	517.649962	0.475100	0.018159	15.8
1592	-0.325805	518.624765	0.474242	0.010570	15.2
1593	-0.335665	519.595653	0.473390	0.009773	16.6
1594	-0.324332	520.175890	0.472883	0.013879	15.3
1595	-0.331569	520.716451	0.472411	0.019140	14.4
1596	-0.325022	521.716117	0.471541	0.012447	13.4
1597	-0.333323	521.087140	0.472088	0.013526	15.3
1598	-0.322227	521.676787	0.471575	0.008893	11.5
1599	-0.333584	522.676607	0.470708	0.011322	16.3
1600	-0.330551	523.641828	0.469873	0.011607	17.4
1601	-0.332791	524.640588	0.469013	0.022315	14.1
1602	-0.334254	525.640546	0.468155	0.017569	13.5
1603	-0.336107	526.640546	0.467301	0.011839	15.4
1604	-0.330416	527.640074	0.466449	0.008894	20.0
1605	-0.334819	528.404202	0.465801	0.017476	15.7
1606	-0.329513	527.775366	0.466334	0.011841	10.8
1607	-0.323464	528.419082	0.465788	0.017455	12.4
1608	-0.325866	527.802634	0.466311	0.017161	15.2
1609	-0.328851	528.800120	0.465465	0.007794	12.4
1610	-0.331816	529.799972	0.464620	0.013430	10.9
1611	-0.327534	529.200522	0.465126	0.016948	14.7
1612	-0.326566	528.611301	0.465625	0.013141	16.5
1613	-0.329627	528.272439	0.465912	0.014132	15.9
1614	-0.327491	527.643618	0.466446	0.014997	17.2
1615	-0.333800	527.849896	0.466271	0.019583	13.5
1616	-0.330859	527.220914	0.466806	0.018973	8.7
1617	-0.324395	526.591931	0.467342	0.016041	8.9
1618	-0.332659	527.591928	0.466490	0.015086	10.5
1619	-0.334868	528.564639	0.465665	0.016698	14.1
1620	-0.331459	527.951677	0.466184	0.017350	10.4
1621	-0.333823	528.951677	0.465337	0.013113	17.5
1622	-0.333876	529.951593	0.464492	0.013247	16.8
1623	-0.329568	530.949119	0.463653	0.017016	16.9
1624	-0.338027	531.938688	0.462823	0.012448	13.5
1625	-0.331955	531.309787	0.463350	0.010255	16.3
1626	-0.333620	531.561457	0.463139	0.011718	14.8
1627	-0.336574	532.545940	0.462315	0.010839	12.8
1628	-0.331853	533.534529	0.461491	0.018233	14.0
1629	-0.319749	534.534409	0.460660	0.015728	11.5
1630	-0.327575	535.534409	0.459833	0.017532	12.6
1631	-0.327460	534.905426	0.460353	0.012969	12.2
1632	-0.333963	534.276444	0.460875	0.014041	13.6
1633	-0.325579	534.207721	0.460932	0.010968	14.7
1634	-0.329445	533.578757	0.461454	0.013263	14.8
1635	-0.331669	533.893417	0.461193	0.019724	12.9
1636	-0.332320	534.893416	0.460363	0.015649	7.0
1637	-0.331707	535.802549	0.459611	0.015162	8.2
1638	-0.326749	536.802545	0.458787	0.014448	13.5
1639	-0.330737	536.547230	0.458997	0.014857	11.9
1640	-0.330088	537.145402	0.458506	0.014235	9.8
1641	-0.335999	536.516420	0.459023	0.013587	13.1
1642	-0.340363	537.503418	0.458212	0.010204	22.4
1643	-0.328868	536.901965	0.458706	0.013357	18.5
1644	-0.329686	537.901797	0.457885	0.010380	14.1
1645	-0.328898	538.901059	0.457068	0.016189	12.8
1646	-0.328540	538.272092	0.457582	0.014371	15.8
1647	-0.330192	539.258926	0.456776	0.009713	17.2
1648	-0.324055	538.630185	0.457289	0.008737	15.2
1649	-0.334675	539.579683	0.456515	0.018064	14.3
1650	-0.339837	538.950704	0.457027	0.016850	12.1
1651	-0.328373	538.321721	0.457541	0.013387	13.1
1652	-0.333520	539.321712	0.456725	0.013750	8.4
1653	-0.332748	538.695812	0.457235	0.008416	15.5
1654	-0.335702	539.235999	0.456795	0.010094	11.3
1655	-0.336200	538.607299	0.457308	0.023354	19.6
1656	-0.324606	539.607267	0.456492	0.011961	20.8
1657	-0.328296	538.980124	0.457003	0.021681	17.8
1658	-0.329274	538.351142	0.457517	0.011330	18.3
1659	-0.321770	539.351130	0.456701	0.011865	30.5
1660	-0.328453	540.351124	0.455887	0.014314	27.8
1661	-0.326318	539.929603	0.456230	0.016626	26.2
1662	-0.327834	540.929603	0.455418	0.011625	11.3
1663	-0.327471	541.796187	0.454717	0.016311	18.0
1664	-0.321537	542.796187	0.453910	0.013947	26.4
1665	-0.330440	542.190810	0.454398	0.014431	10.9
1666	-0.337628	541.742742	0.454760	0.017581	10.4
1667	-0.330145	541.752678	0.454752	0.009612	12.0
1668	-0.331269	542.752183	0.453945	0.011931	24.1
1669	-0.335810	543.749380	0.453144	0.008464	22.1
1670	-0.334681	543.129513	0.453642	0.012169	18.5
1671	-0.335825	544.129487	0.452839	0.017463	15.3
1672	-0.328437	544.906547	0.452217	0.014945	13.8
1673	-0.333859	544.783893	0.452315	0.013698	18.2
1674	-0.322531	544.154910	0.452819	0.016390	13.9
1675	-0.334538	545.105002	0.452059	0.014040	7.9
1676	-0.331058	544.476022	0.452562	0.018263	9.5
1677	-0.332032	545.476022	0.451763	0.021422	6.3
1678	-0.338297	546.476022	0.450967	0.013083	8.2
1679	-0.328792	547.475642	0.450174	0.018724	16.6
1680	-0.328250	546.846665	0.450672	0.017783	13.6
1681	-0.331132	547.845079	0.449881	0.016858	16.8
1682	-0.327890	547.216097	0.450379	0.011469	15.3
1683	-0.335278	547.475141	0.450174	0.018218	16.0
1684	-0.323168	546.995426	0.450554	0.008188	16.4
1685	-0.331948	547.098978	0.450472	0.011109	15.7
1686	-0.335454	548.093908	0.449685	0.011329	16.0
1687	-0.336802	549.037093	0.448941	0.020451	14.1
1688	-0.330121	548.408110	0.449436	0.015224	15.2
1689	-0.333715	549.407444	0.448649	0.014335	15.3
1690	-0.339328	550.407050	0.447864	0.012636	15.2
1691	-0.336155	550.154136	0.448063	0.011434	17.8
1692	-0.324917	549.525155	0.448556	0.011423	8.1
1693	-0.335900	548.953127	0.449007	0.010526	16.6
1694	-0.325382	548.324428	0.449503	0.011068	12.9
1695	-0.331084	549.299499	0.448734	0.018810	12.5
1696	-0.327613	548.670516	0.449229	0.011606	14.1
1697	-0.330350	549.670516	0.448442	0.013979	12.2
1698	-0.329506	550.670509	0.447658	0.014255	9.1
1699	-0.336937	551.669814	0.446877	0.016747	15.7
1700	-0.339076	551.040890	0.447368	0.014610	14.1
1701	-0.333821	550.597095	0.447715	0.013357	16.5
1702	-0.334777	551.597053	0.446933	0.012857	15.0
1703	-0.333469	551.910604	0.446689	0.015679	14.3
1704	-0.336261	551.352781	0.447124	0.011738	19.7
1705	-0.330299	550.724732	0.447615	0.011972	14.6
1706	-0.335932	551.722517	0.446836	0.010312	10.8
1707	-0.328276	552.565300	0.446179	0.013144	26.1
1708	-0.337676	553.565218	0.445402	0.018238	23.9
1709	-0.342163	552.936237	0.445891	0.015434	18.8
1710	-0.330980	552.308144	0.446379	0.012833	15.6
1711	-0.325910	553.308127	0.445602	0.011503	14.3
1712	-0.336058	554.127571	0.444967	0.014885	12.1
1713	-0.335485	553.498591	0.445454	0.009737	12.3
1714	-0.328691	553.160910	0.445716	0.013757	7.7
1715	-0.322197	553.982763	0.445079	0.017709	9.9
1716	-0.333232	554.482342	0.444693	0.014955	16.1
1717	-0.327505	555.482278	0.443921	0.017727	10.1
1718	-0.330384	554.854094	0.444406	0.015204	7.9
1719	-0.333253	554.225413	0.444891	0.013599	17.1
1720	-0.332112	553.596517	0.445378	0.016736	12.7
1721	-0.335364	554.596517	0.444604	0.014695	11.1
1722	-0.326288	555.589111	0.443839	0.017628	11.2
1723	-0.336012	554.960129	0.444324	0.010874	16.7
1724	-0.332757	555.920249	0.443584	0.009002	13.3
1725	-0.331283	556.858184	0.442864	0.019163	12.8
1726	-0.335400	557.411922	0.442440	0.012779	13.2
1727	-0.323887	558.398620	0.441687	0.018385	16.6
1728	-0.335171	557.776765	0.442161	0.015790	20.4
1729	-0.326667	557.172646	0.442623	0.013233	13.2
1730	-0.326464	556.544062	0.443105	0.013175	17.5
1731	-0.324900	557.543871	0.442339	0.020616	14.8
1732	-0.333329	558.543871	0.441576	0.008022	19.1
1733	-0.325791	557.981940	0.442005	0.012197	14.6
1734	-0.324740	557.416456	0.442437	0.013000	14.6
1735	-0.334664	558.416437	0.441673	0.010823	16.5
1736	-0.336842	559.119017	0.441138	0.012021	20.0
1737	-0.333714	559.803090	0.440619	0.011648	8.6
1738	-0.328295	560.471226	0.440113	0.013578	17.6
1739	-0.332610	561.471214	0.439357	0.014779	20.7
1740	-0.332453	560.842265	0.439832	0.020729	17.1
1741	-0.327938	561.842265	0.439077	0.023705	20.0
1742	-0.333464	562.842265	0.438325	0.014760	17.3
1743	-0.327851	563.841221	0.437576	0.012177	17.8
1744	-0.328698	563.212243	0.438048	0.009974	15.4
1745	-0.336854	564.198300	0.437309	0.017925	14.0
1746	-0.332010	565.198297	0.436563	0.017554	12.4
1747	-0.338440	566.198297	0.435820	0.009962	16.6
1748	-0.321362	565.570442	0.436286	0.015144	17.3
1749	-0.330734	565.490134	0.436346	0.014190	13.0
1750	-0.323749	566.489699	0.435604	0.014132	19.7
1751	-0.333943	567.299114	0.435004	0.013635	13.8
1752	-0.332212	566.670132	0.435470	0.015432	15.2
1753	-0.335993	567.670071	0.434730	0.013589	13.9
1754	-0.333242	568.670071	0.433993	0.018133	10.5
1755	-0.336947	568.041117	0.434457	0.016160	16.1
1756	-0.326626	567.412135	0.434921	0.010305	13.5
1757	-0.332611	568.403163	0.434190	0.016664	13.2
1758	-0.333600	567.774180	0.434653	0.010363	9.5
1759	-0.339144	567.145203	0.435118	0.013448	11.6
1760	-0.324401	568.145201	0.434380	0.010492	10.9
1761	-0.323433	567.520817	0.434841	0.015831	11.2
1762	-0.328639	568.518563	0.434105	0.015857	14.7
1763	-0.326621	567.889581	0.434568	0.016479	6.8
1764	-0.329935	567.260686	0.435033	0.013535	8.4
1765	-0.339201	568.260686	0.434295	0.019376	8.2
1766	-0.332303	569.260686	0.433559	0.010306	13.1
1767	-0.337594	568.904532	0.433821	0.017352	11.4
1768	-0.328185	569.903109	0.433088	0.010497	11.1
1769	-0.343215	569.300849	0.433529	0.010804	11.3
1770	-0.332975	568.828139	0.433877	0.013552	9.5
1771	-0.325405	569.813956	0.433153	0.023292	13.0
1772	-0.320895	569.184974	0.433614	0.012071	12.7
1773	-0.327794	568.556061	0.434077	0.018562	16.9
1774	-0.323072	569.556036	0.433342	0.012864	15.0
1775	-0.325046	570.060478	0.432972	0.018800	16.0
1776	-0.328160	571.058006	0.432243	0.012339	17.3
1777	-0.324072	570.429024	0.432702	0.009877	20.4
1778	-0.323028	571.425341	0.431975	0.013094	11.9
1779	-0.328728	570.796974	0.432433	0.017000	12.2
1780	-0.336363	570.168000	0.432893	0.010254	11.3
1781	-0.328974	571.167995	0.432162	0.011581	8.8
1782	-0.327600	572.166512	0.431435	0.013780	15.1
1783	-0.334474	573.166462	0.430709	0.017213	15.8
1784	-0.328936	572.608984	0.431113	0.013700	15.4
1785	-0.329092	572.561635	0.431148	0.021598	14.5
1786	-0.328065	573.561635	0.430423	0.014418	16.1
1787	-0.331241	574.561508	0.429700	0.013573	17.7
1788	-0.329722	574.986796	0.429393	0.012347	15.4
1789	-0.337218	574.834105	0.429503	0.011361	15.5
1790	-0.327262	574.500814	0.429744	0.013226	12.4
1791	-0.338989	573.919188	0.430164	0.010772	8.7
1792	-0.323933	574.692238	0.429606	0.014873	11.6
1793	-0.335375	574.063271	0.430060	0.012038	13.4
1794	-0.327484	573.436302	0.430513	0.012845	14.9
1795	-0.331027	572.808771	0.430968	0.012329	13.6
1796	-0.335481	573.777988	0.430266	0.015535	13.2
1797	-0.331166	574.777983	0.429544	0.016713	14.4
1798	-0.331949	574.149010	0.429998	0.015755	15.0
1799	-0.331916	575.149010	0.429276	0.011878	15.5
1800	-0.328862	576.149010	0.428558	0.015787	16.5
1801	-0.333554	576.903180	0.428017	0.012490	12.9
1802	-0.334551	577.903178	0.427302	0.017659	18.3
1803	-0.335316	578.209525	0.427084	0.014308	14.5
1804	-0.335098	577.941659	0.427275	0.018829	14.4
1805	-0.332751	577.312676	0.427724	0.008993	12.4
1806	-0.323361	577.588996	0.427527	0.011026	8.2
1807	-0.321967	578.574419	0.426824	0.008953	9.3
1808	-0.328491	579.103190	0.426448	0.013288	14.1
1809	-0.329243	580.011654	0.425803	0.018598	15.0
1810	-0.330657	581.011654	0.425096	0.019695	6.9
1811	-0.335539	582.011653	0.424391	0.020939	16.2
1812	-0.331264	581.388471	0.424830	0.011881	14.0
1813	-0.333542	582.388427	0.424126	0.008526	16.3
1814	-0.333076	582.280273	0.424202	0.012867	16.8
1815	-0.328104	581.652345	0.424644	0.016357	16.9
1816	-0.326349	582.647778	0.423944	0.012057	26.4
1817	-0.329630	582.018804	0.424386	0.013188	24.7
1818	-0.329481	583.018803	0.423683	0.013346	20.5
1819	-0.334199	582.505276	0.424044	0.019011	16.7
1820	-0.322473	581.876297	0.424486	0.010488	13.3
1821	-0.333704	582.875565	0.423784	0.013496	18.8
1822	-0.335282	582.246700	0.424226	0.014314	15.6
1823	-0.321931	583.245482	0.423524	0.009988	18.0
1824	-0.332905	584.244818	0.422825	0.013634	24.0
1825	-0.336821	583.616864	0.423264	0.013823	13.7
1826	-0.326846	584.616859	0.422565	0.016816	17.9
1827	-0.332959	583.988709	0.423004	0.019322	10.5
1828	-0.331556	583.359864	0.423444	0.013465	7.4
1829	-0.326866	582.734472	0.423883	0.013323	10.1
1830	-0.322264	583.734309	0.423182	0.015975	15.0
1831	-0.327521	584.531280	0.422625	0.014920	18.0
1832	-0.329808	585.514785	0.421940	0.016834	17.1
1833	-0.331090	586.514695	0.421245	0.012901	16.3
1834	-0.335519	585.885910	0.421682	0.013026	16.5
1835	-0.339210	585.259597	0.422117	0.022489	18.1
1836	-0.328833	586.259595	0.421422	0.011063	16.3
1837	-0.333965	585.899848	0.421672	0.014224	8.4
1838	-0.330688	585.271333	0.422109	0.015856	10.6
1839	-0.334431	584.700727	0.422507	0.009893	11.7
1840	-0.331864	584.072087	0.422946	0.015235	11.0
1841	-0.328758	585.071142	0.422249	0.009180	7.6
1842	-0.326282	585.927551	0.421653	0.021853	16.9
1843	-0.334317	586.927401	0.420959	0.016201	11.8
1844	-0.336456	586.298419	0.421395	0.019454	11.4
1845	-0.331865	585.669849	0.421832	0.013886	17.3
1846	-0.335946	586.669849	0.421138	0.011370	17.1
1847	-0.335531	586.943040	0.420949	0.009829	22.9
1848	-0.326153	587.562555	0.420520	0.014306	27.7
1849	-0.336457	588.380320	0.419956	0.018436	18.6
1850	-0.331103	589.379596	0.419268	0.014579	14.0
1851	-0.330032	588.757258	0.419696	0.010203	14.8
1852	-0.329285	588.128928	0.420129	0.019405	15.4
1853	-0.332151	587.499946	0.420563	0.012160	13.1
1854	-0.324468	586.871015	0.420998	0.010073	15.8
1855	-0.329744	587.802497	0.420354	0.014260	8.8
1856	-0.332414	588.802040	0.419665	0.009475	21.1
1857	-0.324789	589.002680	0.419527	0.013365	13.3
1858	-0.332280	588.698172	0.419737	0.012185	18.5
1859	-0.334386	589.692948	0.419053	0.012130	12.8
1860	-0.330884	589.063965	0.419485	0.015014	15.2
1861	-0.325335	590.063965	0.418799	0.010260	13.7
1862	-0.326460	591.063656	0.418115	0.014452	19.1
1863	-0.328249	590.434729	0.418545	0.013577	12.4
1864	-0.325998	589.805749	0.418976	0.013720	12.1
1865	-0.334193	589.178538	0.419406	0.012438	14.3
1866	-0.331435	588.564236	0.419829	0.016797	9.9
1867	-0.331598	587.970410	0.420238	0.011744	16.2
1868	-0.334307	588.969840	0.419550	0.016314	19.1
1869	-0.334469	589.969830	0.418863	0.016496	15.9
1870	-0.329764	590.134567	0.418750	0.014987	16.4
1871	-0.340050	591.134567	0.418066	0.014791	17.7
1872	-0.333784	592.134467	0.417384	0.012548	16.1
1873	-0.327517	591.509947	0.417810	0.015729	10.3
1874	-0.331747	590.880966	0.418239	0.019292	14.6
1875	-0.332762	591.880964	0.417557	0.006113	17.2
1876	-0.325158	591.291549	0.417959	0.014222	14.4
1877	-0.330692	590.754768	0.418326	0.011553	17.1
1878	-0.338920	591.754575	0.417643	0.013372	15.2
1879	-0.325411	592.752680	0.416964	0.016225	16.6
1880	-0.329042	592.123699	0.417392	0.015357	24.3
1881	-0.332018	593.123699	0.416712	0.010977	31.5
1882	-0.325025	593.170064	0.416681	0.016251	16.6
1883	-0.334815	593.139492	0.416701	0.015989	17.7
1884	-0.333163	594.136488	0.416026	0.014842	13.7
1885	-0.332605	593.536544	0.416432	0.015069	15.2
1886	-0.331374	594.518678	0.415768	0.012410	15.5
1887	-0.335586	593.974317	0.416136	0.012017	11.4
1888	-0.327239	594.954481	0.415473	0.016404	12.9
1889	-0.331680	594.326277	0.415898	0.013542	18.0
1890	-0.330789	593.697979	0.416323	0.016645	16.1
1891	-0.323960	594.697102	0.415647	0.019234	9.8
1892	-0.324510	595.629449	0.415019	0.017527	11.6
1893	-0.322979	596.629449	0.414347	0.011573	12.0
1894	-0.325928	596.000466	0.414769	0.016248	13.1
1895	-0.327930	596.957153	0.414127	0.014534	16.4
1896	-0.327812	596.332137	0.414546	0.012395	16.8
1897	-0.323405	597.332131	0.413876	0.019501	15.6
1898	-0.325824	596.758673	0.414260	0.013174	14.2
1899	-0.326132	597.758352	0.413591	0.009398	17.4
1900	-0.331322	597.953641	0.413460	0.015194	12.5
1901	-0.334570	598.953619	0.412793	0.007226	10.7
1902	-0.340610	599.518351	0.412418	0.011543	17.8
1903	-0.326850	599.087372	0.412704	0.015692	18.2
1904	-0.330483	598.470827	0.413115	0.011879	16.2
1905	-0.322779	597.841856	0.413535	0.008646	13.6
1906	-0.333817	597.213742	0.413955	0.015863	16.9
1907	-0.332742	598.213608	0.413287	0.016560	17.9
1908	-0.330352	599.213605	0.412620	0.015141	16.0
1909	-0.333823	598.584623	0.413039	0.011096	13.4
1910	-0.325191	599.051203	0.412728	0.021151	9.4
1911	-0.329123	598.425202	0.413146	0.009777	12.7
1912	-0.327221	599.425197	0.412480	0.010934	9.4
1913	-0.335606	600.021170	0.412084	0.016752	16.1
1914	-0.329284	601.021170	0.411421	0.015573	14.5
1915	-0.328202	600.392291	0.411838	0.016322	10.3
1916	-0.328492	601.392291	0.411176	0.015305	29.2
1917	-0.330585	600.763308	0.411592	0.013595	25.1
1918	-0.326278	601.452871	0.411136	0.016836	10.9
1919	-0.328661	602.452865	0.410477	0.009079	16.9
1920	-0.331154	601.823970	0.410891	0.023316	8.8
1921	-0.331565	602.823970	0.410232	0.012601	9.6
1922	-0.333334	603.823848	0.409576	0.012408	8.0
1923	-0.329857	604.245625	0.409300	0.015404	12.2
1924	-0.330602	603.616643	0.409712	0.012111	15.1
1925	-0.333825	602.989900	0.410123	0.011814	13.8
1926	-0.340498	603.964558	0.409484	0.014418	13.3
1927	-0.326843	604.964497	0.408830	0.012039	18.2
1928	-0.327705	604.335523	0.409241	0.015370	18.6
1929	-0.331255	605.335522	0.408587	0.013146	15.9
1930	-0.332574	606.329659	0.407940	0.012001	13.8
1931	-0.328152	605.700768	0.408349	0.010215	9.2
1932	-0.334890	605.138409	0.408716	0.019704	14.2
1933	-0.337397	605.001856	0.408805	0.017753	11.0
1934	-0.334804	604.373759	0.409216	0.014994	12.7
1935	-0.330865	603.744777	0.409628	0.012848	15.9
1936	-0.329954	604.744777	0.408973	0.012017	9.5
1937	-0.336197	605.744189	0.408321	0.010215	12.6
1938	-0.332048	605.118246	0.408729	0.011259	11.8
1939	-0.327284	606.083441	0.408100	0.013175	15.9
1940	-0.332078	607.083420	0.407450	0.012506	16.4
1941	-0.334639	607.950137	0.406889	0.015049	17.1
1942	-0.325802	608.830987	0.406320	0.015817	11.2
1943	-0.341379	608.202452	0.406726	0.008364	14.6
1944	-0.332795	607.573471	0.407133	0.016905	16.7
1945	-0.330968	607.028174	0.407486	0.018809	15.7
1946	-0.336208	606.401315	0.407893	0.011628	11.7
1947	-0.332242	605.774083	0.408301	0.017252	13.8
1948	-0.337712	605.364167	0.408569	0.014450	14.2
1949	-0.324548	605.168675	0.408696	0.017946	10.3
1950	-0.325873	606.168636	0.408045	0.015571	7.9
1951	-0.333360	606.217509	0.408013	0.012861	7.6
1952	-0.330448	605.814498	0.408275	0.012167	19.1
1953	-0.323885	605.185528	0.408685	0.012507	9.4
1954	-0.328251	606.185155	0.408034	0.013585	12.4
1955	-0.329363	605.557205	0.408443	0.013452	34.3
1956	-0.332771	604.931296	0.408851	0.012886	11.1
1957	-0.331574	604.316369	0.409253	0.009183	19.3
1958	-0.340285	603.687442	0.409665	0.017733	10.2
1959	-0.323594	603.729629	0.409638	0.010528	12.7
1960	-0.326649	603.162357	0.410010	0.020657	13.6
1961	-0.324045	604.162357	0.409354	0.014500	17.6
1962	-0.331345	605.162354	0.408700	0.008077	13.7
1963	-0.333392	604.584664	0.409078	0.019188	16.2
1964	-0.335863	605.582685	0.408426	0.017012	14.2
1965	-0.336678	604.991817	0.408812	0.014442	17.5
1966	-0.336596	605.991494	0.408160	0.010329	17.7
1967	-0.339367	606.685362	0.407709	0.019511	14.8
1968	-0.333309	607.685359	0.407060	0.011438	13.6
1969	-0.338148	608.626089	0.406452	0.014526	16.9
1970	-0.328243	609.626044	0.405807	0.014867	18.9
1971	-0.338242	610.626044	0.405165	0.018508	10.2
1972	-0.329924	610.288050	0.405382	0.011283	22.4
1973	-0.335098	611.288050	0.404741	0.012972	17.7
1974	-0.336059	612.002752	0.404284	0.012306	20.2
1975	-0.329508	613.002752	0.403646	0.010588	14.2
1976	-0.333574	614.002113	0.403011	0.017757	17.7
1977	-0.333201	613.373170	0.403410	0.019125	14.3
1978	-0.334124	614.373170	0.402776	0.014236	12.4
1979	-0.330605	614.071477	0.402967	0.011183	12.2
1980	-0.330382	615.040713	0.402353	0.016203	13.3
1981	-0.330299	616.040601	0.401721	0.018239	15.8
1982	-0.332661	617.040601	0.401092	0.016651	13.9
1983	-0.327199	616.417939	0.401483	0.008249	10.1
1984	-0.336151	617.412153	0.400858	0.013318	16.0
1985	-0.339325	618.267546	0.400322	0.011121	11.8
1986	-0.330681	617.638601	0.400716	0.016786	12.7
1987	-0.333479	617.013121	0.401109	0.014805	16.3
1988	-0.336506	617.989673	0.400496	0.010622	11.4
1989	-0.336148	617.860007	0.400577	0.012660	10.1
1990	-0.332057	617.251978	0.400959	0.009763	16.1
1991	-0.331904	617.319590	0.400916	0.016015	11.3
1992	-0.328934	616.690607	0.401312	0.011060	8.4
1993	-0.327982	617.332390	0.400908	0.012809	8.7
1994	-0.319979	618.324192	0.400286	0.020577	16.7
1995	-0.327345	617.695209	0.400681	0.013151	17.1
1996	-0.332951	617.066227	0.401076	0.013688	14.3
1997	-0.328042	616.437248	0.401471	0.010484	19.9
1998	-0.338815	617.418087	0.400854	0.016699	13.4
1999	-0.330627	618.395169	0.400242	0.021786	10.4
