1:ItNr	2:Metric	3a:Time	3b:StepSize	4:||Gradient||	Time[ms]
0	-0.168039	0.000000	18.966634	0.008494	6286.4
1	-0.171789	0.000000	18.966634	0.010868	37.9
2	-0.167833	0.000000	18.966634	0.008011	13.9
3	-0.169750	0.999999	18.104515	0.011733	20.7
4	-0.172105	0.198689	18.788865	0.005590	37.1
5	-0.172166	0.000000	18.966634	0.010328	20.5
6	-0.169245	0.000000	18.966634	0.010984	16.3
7	-0.170560	0.998305	18.105909	0.011089	39.8
8	-0.169836	1.998305	17.318637	0.009204	22.7
9	-0.172243	2.998305	16.596977	0.005523	40.7
10	-0.178462	2.199068	17.168764	0.005662	31.3
11	-0.162544	2.010280	17.309625	0.008069	16.9
12	-0.170003	2.940245	16.637228	0.008603	58.9
13	-0.170288	2.138934	17.213382	0.012096	14.6
14	-0.170461	3.138905	16.500306	0.010394	19.4
15	-0.167024	2.770630	16.755943	0.011299	26.2
16	-0.163100	3.770625	16.079502	0.007984	22.6
17	-0.170306	4.770625	15.455555	0.004923	23.1
18	-0.171766	4.212021	15.797992	0.008716	27.9
19	-0.169307	5.211226	15.195753	0.005496	18.1
20	-0.173149	5.624477	14.959893	0.007227	25.4
21	-0.164492	6.557747	14.453261	0.008289	37.6
22	-0.170082	7.487854	13.981373	0.007033	18.8
23	-0.170484	8.477427	13.512011	0.009990	31.8
24	-0.173249	7.775292	13.841712	0.010685	39.9
25	-0.173348	8.775292	13.376840	0.005921	15.6
26	-0.171952	9.775275	12.942185	0.007932	34.2
27	-0.175647	8.976647	13.286987	0.006040	22.3
28	-0.167912	9.890979	12.893709	0.008925	24.5
29	-0.171960	9.999654	12.848508	0.010722	52.5
30	-0.174319	10.998151	12.447573	0.010056	20.4
31	-0.169859	10.196839	12.767297	0.008357	21.5
32	-0.169071	11.196701	12.370811	0.009044	45.1
33	-0.168854	10.395401	12.686550	0.011194	16.7
34	-0.173794	11.394907	12.295121	0.010614	24.0
35	-0.170014	12.394676	11.927030	0.009572	39.5
36	-0.179174	13.378820	11.585602	0.008978	18.8
37	-0.170977	12.577508	11.862087	0.006028	10.5
38	-0.173693	11.784874	12.148874	0.013061	36.4
39	-0.173231	11.447337	12.275254	0.006735	23.3
40	-0.171401	12.217579	11.990618	0.009478	27.4
41	-0.171027	13.217266	11.640302	0.008027	41.5
42	-0.165805	14.146545	11.332531	0.013936	12.1
43	-0.171781	13.711069	11.474706	0.005382	34.3
44	-0.168552	14.623914	11.180672	0.008301	31.8
45	-0.179079	15.623898	10.875394	0.007466	10.4
46	-0.166972	16.481625	10.626522	0.010142	17.3
47	-0.178874	15.768936	10.832495	0.015638	42.4
48	-0.170714	14.977647	11.070744	0.006412	17.8
49	-0.172634	14.258233	11.296633	0.010595	21.9
50	-0.168068	15.077622	11.040066	0.009641	45.9
51	-0.170301	14.276311	11.290844	0.009628	13.3
52	-0.171954	13.475073	11.553255	0.005399	22.8
53	-0.172592	13.815758	11.440202	0.006354	46.1
54	-0.169872	14.210218	11.312038	0.006784	17.3
55	-0.169464	15.139639	11.021120	0.011452	22.9
56	-0.168443	16.139595	10.724385	0.007173	41.5
57	-0.174054	17.139214	10.443301	0.009216	22.4
58	-0.171921	18.129181	10.179086	0.006769	29.5
59	-0.173106	19.078184	9.938058	0.006114	36.1
60	-0.170834	18.317443	10.130346	0.009867	21.2
61	-0.166212	17.518248	10.340536	0.007722	48.8
62	-0.164707	16.716937	10.560224	0.006075	23.7
63	-0.176036	17.713663	10.288340	0.007248	26.1
64	-0.172952	16.916509	10.504641	0.007321	43.4
65	-0.172295	16.115238	10.731423	0.008690	13.1
66	-0.175021	17.115179	10.449887	0.006652	28.1
67	-0.173253	16.328650	10.670070	0.007052	24.6
68	-0.169765	17.293001	10.401361	0.009523	53.0
69	-0.170535	18.293001	10.136648	0.008401	33.9
70	-0.173379	19.291659	9.885404	0.011007	33.2
71	-0.175428	18.491926	10.085588	0.005854	27.8
72	-0.177802	19.019700	9.952581	0.009643	18.5
73	-0.175879	18.219354	10.155683	0.009524	25.7
74	-0.172300	17.418043	10.367507	0.010296	45.1
75	-0.175172	16.616790	10.588339	0.008156	21.2
76	-0.172727	16.107458	10.733673	0.015683	38.0
77	-0.172170	15.316613	10.967414	0.009758	13.4
78	-0.163537	16.316613	10.673512	0.011131	19.7
79	-0.171132	17.310209	10.396689	0.005492	24.4
80	-0.179824	16.788594	10.540199	0.009582	18.7
81	-0.173563	15.992383	10.767063	0.009688	52.4
82	-0.175903	16.992383	10.483662	0.007664	15.9
83	-0.170782	16.191072	10.709541	0.004847	19.7
84	-0.168845	15.409297	10.939495	0.008471	24.1
85	-0.172621	16.406210	10.647946	0.010604	42.0
86	-0.170351	15.857016	10.806608	0.009220	26.6
87	-0.173659	15.091047	11.035959	0.015465	42.5
88	-0.174322	15.217292	10.997490	0.010045	13.9
89	-0.179475	16.063782	10.746322	0.008129	40.2
90	-0.168034	17.049276	10.467987	0.008662	34.7
91	-0.171975	18.049276	10.199915	0.010245	17.3
92	-0.173831	17.251998	10.412510	0.007400	40.3
93	-0.173441	18.251998	10.147237	0.010517	24.6
94	-0.175223	19.251998	9.895144	0.009932	53.7
95	-0.166917	20.251935	9.655288	0.003363	15.2
96	-0.170455	19.902563	9.737759	0.009940	14.1
97	-0.169859	20.403070	9.620043	0.008308	28.0
98	-0.160227	19.678807	9.791322	0.009656	37.9
99	-0.176993	20.675730	9.557105	0.008401	20.0
100	-0.175337	21.607887	9.348018	0.008379	42.6
101	-0.174298	22.550339	9.145722	0.007244	29.0
102	-0.174297	23.549102	8.940681	0.010553	27.2
103	-0.168449	24.156732	8.820375	0.006242	52.7
104	-0.181239	23.355655	8.979674	0.009949	17.9
105	-0.173675	23.576720	8.935142	0.007173	25.4
106	-0.168098	24.569406	8.740498	0.007690	35.5
107	-0.168027	23.768095	8.896946	0.005802	27.5
108	-0.176974	23.484759	8.953613	0.007513	41.0
109	-0.173489	23.307251	8.989484	0.009365	16.9
110	-0.171662	22.512629	9.153649	0.009182	15.9
111	-0.171621	21.711318	9.325381	0.004251	32.4
112	-0.172927	22.704594	9.113443	0.007554	12.9
113	-0.171244	23.698700	8.910758	0.012190	12.7
114	-0.171517	22.910037	9.070803	0.007304	15.9
115	-0.173147	22.116791	9.237685	0.010123	33.3
116	-0.172911	21.317866	9.412084	0.011609	18.9
117	-0.168828	22.317866	9.194805	0.008712	12.3
118	-0.173021	21.526094	9.365998	0.010677	42.0
119	-0.170378	22.526084	9.150819	0.008659	19.4
120	-0.173658	21.768394	9.312936	0.011293	15.7
121	-0.170467	22.768331	9.100171	0.007146	71.0
122	-0.168934	22.142760	9.232124	0.009234	18.9
123	-0.171858	21.358096	9.403145	0.009870	21.7
124	-0.173577	22.358093	9.186274	0.007712	22.3
125	-0.168603	21.556791	9.359242	0.011825	25.1
126	-0.174744	22.556741	9.144378	0.008856	23.3
127	-0.170706	21.755769	9.315686	0.007097	23.9
128	-0.175160	20.954459	9.493611	0.007188	43.8
129	-0.173580	20.209032	9.665340	0.010469	18.3
130	-0.173116	21.192717	9.440002	0.011534	9.2
131	-0.170613	20.391405	9.622754	0.010160	26.7
132	-0.171834	21.391403	9.395757	0.014641	38.0
133	-0.164349	20.590092	9.576784	0.008638	13.7
134	-0.171497	21.590092	9.351924	0.010328	31.2
135	-0.168413	22.589503	9.137505	0.008781	25.8
136	-0.165608	21.788195	9.308626	0.007428	24.3
137	-0.175241	22.786223	9.096453	0.009307	33.8
138	-0.169343	23.694893	8.911517	0.009390	25.4
139	-0.176648	24.584135	8.737674	0.009220	22.0
140	-0.180237	25.584135	8.550106	0.014264	36.7
141	-0.171045	26.583990	8.370448	0.014465	21.0
142	-0.171807	25.782679	8.513820	0.012615	30.1
143	-0.172443	26.782676	8.335643	0.009676	38.7
144	-0.171355	27.564723	8.201412	0.009595	20.6
145	-0.171002	26.769233	8.337988	0.006723	48.7
146	-0.173195	25.970213	8.479828	0.005287	20.6
147	-0.177304	25.169867	8.626824	0.007429	21.1
148	-0.167752	26.169847	8.443939	0.008868	38.7
149	-0.171970	27.169847	8.268644	0.010861	23.5
150	-0.171960	26.512170	8.383101	0.008506	30.2
151	-0.169249	25.710861	8.526910	0.008338	37.7
152	-0.175953	26.671339	8.355111	0.012257	16.7
153	-0.169713	25.873089	8.497399	0.006847	20.5
154	-0.176758	25.571492	8.552428	0.007904	38.8
155	-0.173028	26.514649	8.382664	0.010360	15.1
156	-0.171075	25.718765	8.525468	0.009916	10.9
157	-0.176487	24.917454	8.674246	0.006521	39.5
158	-0.173910	25.917454	8.489363	0.011230	25.2
159	-0.174277	25.915726	8.489676	0.008694	21.5
160	-0.174390	26.915726	8.312497	0.006558	35.4
161	-0.163607	27.886504	8.147429	0.010687	16.3
162	-0.170823	28.886455	7.984117	0.010559	21.4
163	-0.173925	28.085157	8.114455	0.010186	37.8
164	-0.172568	27.355170	8.236954	0.013502	15.5
165	-0.173225	26.553859	8.375752	0.007218	15.5
166	-0.175413	27.522154	8.208607	0.006514	31.9
167	-0.171098	28.521267	8.042995	0.009938	30.1
168	-0.173444	29.521267	7.883795	0.009861	19.4
169	-0.169683	29.061235	7.956242	0.009818	40.6
170	-0.169928	29.927024	7.820982	0.012549	30.2
171	-0.174073	30.927023	7.670367	0.009516	27.8
172	-0.180679	30.125711	7.790587	0.005940	51.4
173	-0.173380	31.125196	7.641205	0.008938	22.9
174	-0.172314	31.430396	7.596725	0.009366	36.8
175	-0.171185	31.685354	7.559963	0.009105	52.3
176	-0.172277	31.305499	7.614865	0.008869	20.0
177	-0.175120	32.285012	7.474885	0.010255	62.0
178	-0.170097	33.285011	7.337188	0.009091	18.6
179	-0.179709	34.285011	7.204472	0.006529	18.5
180	-0.172709	35.285000	7.076474	0.006579	38.7
181	-0.168863	36.284272	6.953031	0.007384	18.2
182	-0.171139	37.042464	6.862205	0.009279	30.0
183	-0.174057	36.241158	6.958268	0.007512	29.7
184	-0.176234	35.439848	7.057059	0.009868	25.3
185	-0.169875	35.030673	7.108594	0.011844	16.1
186	-0.175101	34.229362	7.211731	0.011452	21.2
187	-0.178430	33.428051	7.317905	0.013234	30.7
188	-0.172576	34.428051	7.185880	0.007756	40.8
189	-0.174383	35.189387	7.088515	0.007133	27.0
190	-0.175028	34.402767	7.189159	0.017102	23.7
191	-0.172384	35.402767	7.061698	0.007737	25.1
192	-0.179258	36.393430	6.939807	0.012237	18.7
193	-0.172558	37.391704	6.821163	0.009729	21.7
194	-0.177619	38.391704	6.706312	0.007475	39.6
195	-0.172196	37.593974	6.797616	0.009302	20.9
196	-0.167964	36.793125	6.891811	0.007813	29.9
197	-0.171854	35.992510	6.988626	0.010718	47.9
198	-0.170910	36.992510	6.868116	0.007276	11.5
199	-0.175826	36.227506	6.959928	0.008518	22.2
200	-0.173939	37.225397	6.840646	0.009793	34.2
201	-0.172296	38.225397	6.725144	0.010195	15.3
202	-0.175459	37.546009	6.803185	0.005343	42.5
203	-0.170564	37.609890	6.795770	0.010081	31.0
204	-0.177811	38.445898	6.700198	0.009280	36.4
205	-0.173805	37.784402	6.775595	0.007858	32.1
206	-0.172253	38.784402	6.662261	0.008135	17.1
207	-0.179295	39.529058	6.580299	0.007590	43.9
208	-0.177999	40.529033	6.473356	0.005083	44.1
209	-0.172224	40.076564	6.521312	0.007007	11.5
210	-0.168142	40.506707	6.475705	0.007924	25.2
211	-0.173799	39.705584	6.561164	0.007922	23.8
212	-0.172916	39.844715	6.546161	0.013115	17.9
213	-0.171922	39.891273	6.541156	0.009519	13.3
214	-0.170499	39.089962	6.628383	0.009847	17.9
215	-0.170671	38.290881	6.717716	0.010442	45.9
216	-0.170791	37.489622	6.809743	0.006507	12.7
217	-0.170885	36.689028	6.904247	0.010635	22.0
218	-0.173052	37.417519	6.818148	0.009188	42.3
219	-0.170928	36.674204	6.906022	0.007985	15.9
220	-0.170415	37.674189	6.788322	0.006406	25.0
221	-0.169154	36.881144	6.881331	0.006367	32.3
222	-0.172503	37.006874	6.866416	0.009885	16.9
223	-0.176471	37.930640	6.758781	0.007969	24.1
224	-0.179317	38.888054	6.650731	0.013846	33.6
225	-0.175373	39.883192	6.542024	0.006228	25.5
226	-0.167963	40.883183	6.436309	0.004598	26.0
227	-0.173460	40.957806	6.428557	0.012655	34.4
228	-0.173777	41.898566	6.332407	0.007956	17.8
229	-0.177823	42.898566	6.233306	0.008264	9.3
230	-0.173630	42.101658	6.312026	0.006222	44.7
231	-0.172500	43.029033	6.220605	0.007039	28.8
232	-0.168412	42.290403	6.293202	0.006256	31.7
233	-0.168688	41.500339	6.372754	0.007600	52.3
234	-0.174275	40.985971	6.425636	0.009641	27.7
235	-0.169836	40.389101	6.488111	0.009404	28.0
236	-0.174957	39.892856	6.540986	0.008842	26.6
237	-0.174852	39.091544	6.628209	0.008784	14.9
238	-0.173158	38.290239	6.717789	0.009377	44.6
239	-0.173660	39.289788	6.606414	0.006648	31.6
240	-0.178318	40.289664	6.498638	0.011273	19.3
241	-0.163922	39.549572	6.578070	0.013199	38.1
242	-0.173934	38.748261	6.666291	0.007991	25.6
243	-0.177653	38.018439	6.748727	0.011113	43.4
244	-0.173197	37.217156	6.841614	0.013302	13.9
245	-0.169350	38.217156	6.726080	0.006724	23.1
246	-0.171194	37.731037	6.781752	0.007965	32.1
247	-0.170116	38.295214	6.717225	0.011103	22.1
248	-0.170955	37.493902	6.809245	0.011950	20.8
249	-0.172023	38.426239	6.702415	0.008181	13.8
250	-0.176069	37.637995	6.792513	0.006511	26.7
251	-0.169394	38.611512	6.681584	0.006263	39.3
252	-0.177373	39.385534	6.595939	0.008146	18.1
253	-0.174198	40.378873	6.489192	0.007699	35.2
254	-0.175616	41.378870	6.385164	0.009494	35.0
255	-0.169792	42.378850	6.284420	0.006564	20.3
256	-0.170985	42.415591	6.280779	0.009912	38.9
257	-0.175142	42.362370	6.286054	0.008779	25.9
258	-0.162318	43.362344	6.188390	0.010046	45.6
259	-0.174125	44.322865	6.097395	0.009387	31.6
260	-0.169091	43.521613	6.173115	0.006059	13.5
261	-0.171912	44.415439	6.088766	0.007926	15.7
262	-0.172337	45.415436	5.997089	0.008648	43.1
263	-0.170251	45.989391	5.945707	0.011635	27.3
264	-0.171489	45.441930	5.994698	0.007073	16.5
265	-0.172966	44.640628	6.067878	0.007204	49.4
266	-0.171628	45.090419	6.026582	0.007926	18.6
267	-0.178127	46.090401	5.936756	0.007058	15.9
268	-0.173843	47.090363	5.849570	0.009184	46.8
269	-0.171385	47.421001	5.821302	0.009111	30.5
270	-0.171012	47.071835	5.851162	0.012771	36.2
271	-0.171016	47.946277	5.776952	0.011704	18.4
272	-0.173962	48.946277	5.694360	0.009749	21.3
273	-0.168663	48.155089	5.759508	0.007579	36.0
274	-0.173060	49.151712	5.677685	0.010634	20.2
275	-0.179999	50.150540	5.597980	0.007248	20.2
276	-0.167117	51.093864	5.524732	0.006983	42.4
277	-0.174820	50.296139	5.586548	0.009866	16.4
278	-0.172043	50.074669	5.603956	0.006787	19.5
279	-0.175394	50.723672	5.553248	0.010046	30.4
280	-0.171319	49.943448	5.614321	0.004882	29.5
281	-0.172556	50.941264	5.536451	0.009454	21.6
282	-0.175313	51.941262	5.460549	0.010964	45.1
283	-0.167651	52.330706	5.431549	0.010114	17.7
284	-0.175710	53.330706	5.358476	0.009421	25.0
285	-0.172439	52.529407	5.416871	0.007613	41.5
286	-0.173432	53.515723	5.345171	0.012339	14.6
287	-0.174356	54.514003	5.274509	0.008714	35.2
288	-0.176030	55.364519	5.215764	0.007024	29.5
289	-0.168592	55.835864	5.183768	0.009819	10.6
290	-0.170286	56.620402	5.131374	0.007882	36.4
291	-0.175244	55.819090	5.184900	0.009425	23.9
292	-0.167801	55.017788	5.239554	0.007750	15.4
293	-0.171828	55.145699	5.230753	0.006602	58.0
294	-0.166868	54.344880	5.286349	0.012029	25.7
295	-0.168618	53.544220	5.343128	0.008224	28.2
296	-0.171440	52.745797	5.400976	0.012066	32.6
297	-0.166929	51.944486	5.460307	0.005630	16.6
298	-0.170692	52.839089	5.394153	0.007213	41.1
299	-0.168970	52.037867	5.453326	0.010266	26.6
300	-0.163891	51.236555	5.513819	0.009526	23.6
301	-0.173450	52.236555	5.438532	0.012063	44.1
302	-0.169955	51.435243	5.498695	0.007961	19.2
303	-0.174630	52.435241	5.423817	0.007667	31.4
304	-0.171306	51.633961	5.483651	0.009839	40.6
305	-0.175132	52.633564	5.409209	0.007112	21.1
306	-0.169056	51.832253	5.468722	0.010495	64.2
307	-0.167321	51.035209	5.529231	0.006720	18.5
308	-0.175735	50.234076	5.591415	0.004480	46.5
309	-0.173699	51.233765	5.514032	0.010843	19.1
310	-0.170506	52.229625	5.439046	0.009912	33.1
311	-0.174141	53.229604	5.365774	0.006093	46.0
312	-0.171602	54.229602	5.294449	0.009597	29.8
313	-0.173597	53.777100	5.326488	0.011215	37.7
314	-0.172943	54.777100	5.256196	0.009500	17.7
315	-0.171091	55.765578	5.188514	0.007268	12.4
316	-0.172537	54.964361	5.243239	0.008988	33.1
317	-0.167753	55.963956	5.175141	0.008018	36.7
318	-0.176947	56.959936	5.109026	0.007138	10.7
319	-0.176418	57.959936	5.044322	0.007280	23.5
320	-0.174548	58.851340	4.988010	0.010150	47.2
321	-0.176862	59.806402	4.929056	0.012282	18.2
322	-0.172288	60.806318	4.868809	0.011462	22.2
323	-0.172103	61.806215	4.810017	0.010666	52.5
324	-0.162431	62.806155	4.752626	0.010361	23.6
325	-0.169645	63.796896	4.697098	0.007519	50.4
326	-0.176497	62.995601	4.741907	0.007639	15.2
327	-0.169241	63.992641	4.686280	0.007763	21.0
328	-0.173558	63.191332	4.730883	0.011441	32.3
329	-0.176227	62.457435	4.772484	0.011129	12.1
330	-0.174100	61.813979	4.809566	0.005815	21.2
331	-0.172981	61.012873	4.856546	0.007385	50.9
332	-0.175799	62.012512	4.798064	0.008525	17.9
333	-0.170258	61.765039	4.812410	0.010200	53.7
334	-0.168632	60.963741	4.859457	0.009673	19.7
335	-0.167075	60.162431	4.907435	0.008371	24.7
336	-0.170662	59.361156	4.956366	0.012113	40.5
337	-0.179708	60.361139	4.895449	0.009031	35.2
338	-0.173217	61.361083	4.836014	0.008117	43.8
339	-0.167675	62.039915	4.796480	0.010117	23.1
340	-0.175208	61.238609	4.843216	0.008456	18.3
341	-0.171429	60.437385	4.890866	0.006956	37.9
342	-0.167383	59.638160	4.939340	0.010021	21.9
343	-0.175018	58.849033	4.988155	0.006883	53.6
344	-0.174059	58.047722	5.038720	0.010033	36.8
345	-0.176755	58.682297	4.998592	0.007614	13.9
346	-0.171081	59.681077	4.936713	0.006862	16.6
347	-0.175060	58.879770	4.986235	0.006450	58.3
348	-0.170433	59.878892	4.924639	0.008698	22.8
349	-0.176181	59.243011	4.963664	0.005653	24.8
350	-0.172749	59.087944	4.973274	0.007358	48.0
351	-0.172517	59.678684	4.936859	0.010144	20.4
352	-0.175545	60.678636	4.876420	0.008669	12.6
353	-0.169641	59.877329	4.924734	0.009490	16.9
354	-0.177618	60.873401	4.864819	0.008711	45.3
355	-0.173381	60.072091	4.912903	0.008505	19.3
356	-0.172067	60.551085	4.884047	0.009989	27.6
357	-0.173137	61.551085	4.824883	0.004983	36.5
358	-0.170337	62.548317	4.767293	0.011460	19.9
359	-0.173404	63.548254	4.710911	0.007274	9.4
360	-0.171571	63.149329	4.733244	0.008643	24.9
361	-0.174122	64.131680	4.678626	0.007729	33.3
362	-0.170837	65.131245	4.624330	0.015409	23.6
363	-0.172062	66.131245	4.571257	0.007809	50.4
364	-0.175621	67.131245	4.519388	0.007352	19.2
365	-0.169226	68.119587	4.469268	0.012379	29.7
366	-0.165426	67.318275	4.509818	0.006631	30.1
367	-0.171262	66.517512	4.551081	0.005027	18.8
368	-0.170882	66.775837	4.537687	0.008072	20.5
369	-0.176721	66.005514	4.577863	0.012049	51.9
370	-0.172138	65.204297	4.620411	0.009083	14.8
371	-0.176643	66.204258	4.567430	0.011784	22.6
372	-0.172409	65.762406	4.590690	0.010902	55.4
373	-0.170727	66.506684	4.551644	0.007637	14.9
374	-0.173757	65.705373	4.593710	0.007775	23.5
375	-0.174068	64.904062	4.636560	0.010299	43.0
376	-0.174308	64.654418	4.650073	0.007665	20.4
377	-0.175800	63.853107	4.693986	0.008908	22.1
378	-0.178702	63.093003	4.736414	0.009966	49.2
379	-0.172910	64.093003	4.680753	0.007677	12.9
380	-0.175808	63.291693	4.725250	0.007985	22.8
381	-0.170272	62.490870	4.770573	0.008364	51.7
382	-0.172127	61.689558	4.816803	0.007331	13.6
383	-0.175477	62.687974	4.759338	0.007959	28.4
384	-0.176709	63.687963	4.703140	0.008392	45.7
385	-0.171339	64.687123	4.648298	0.009541	14.3
386	-0.174056	65.687111	4.594677	0.008162	56.9
387	-0.180035	66.686574	4.542307	0.006775	15.7
388	-0.168555	65.885264	4.584199	0.007929	57.0
389	-0.176155	66.884835	4.532060	0.007078	25.7
390	-0.163408	66.094318	4.573195	0.007212	26.0
391	-0.174450	65.293498	4.615635	0.005903	54.4
392	-0.173071	66.100296	4.572881	0.007213	16.6
393	-0.173947	67.097882	4.521100	0.008048	31.6
394	-0.173801	66.314928	4.561641	0.011376	40.2
395	-0.176198	67.314468	4.510012	0.007012	21.5
396	-0.168447	68.314467	4.459516	0.008915	32.3
397	-0.176416	68.003339	4.475105	0.005830	28.6
398	-0.169313	68.993896	4.425848	0.009692	9.4
399	-0.168616	68.192971	4.465591	0.011393	63.2
400	-0.173924	67.391666	4.506073	0.011817	12.1
401	-0.173853	66.590355	4.547297	0.005884	15.0
402	-0.172367	67.510559	4.500020	0.008522	64.0
403	-0.170344	66.709278	4.541131	0.011718	16.8
404	-0.177117	65.907967	4.583001	0.010202	24.6
405	-0.172566	66.907967	4.530867	0.004293	30.6
406	-0.176238	66.551542	4.549312	0.009223	16.4
407	-0.171978	67.453378	4.502929	0.006642	23.3
408	-0.170209	68.451536	4.452683	0.007803	47.6
409	-0.169863	67.813153	4.484688	0.007394	25.2
410	-0.175276	68.804996	4.435158	0.007684	41.2
411	-0.169370	68.048528	4.472834	0.007608	27.4
412	-0.172035	67.247257	4.513447	0.006247	48.1
413	-0.175919	68.038170	4.473355	0.009553	17.6
414	-0.179792	69.038151	4.423673	0.011642	18.3
415	-0.170368	68.236839	4.463396	0.011006	22.8
416	-0.170156	69.236839	4.413932	0.006420	36.5
417	-0.170364	68.509647	4.449792	0.006555	16.6
418	-0.174043	67.708351	4.489987	0.008100	30.6
419	-0.176400	68.707255	4.439990	0.009540	37.8
420	-0.172940	69.707091	4.391049	0.010289	22.0
421	-0.175065	68.905788	4.430185	0.009327	57.3
422	-0.169117	68.104477	4.470026	0.007851	25.2
423	-0.174006	67.303167	4.510589	0.005108	35.2
424	-0.182210	66.514272	4.551250	0.007483	21.5
425	-0.168096	67.513540	4.499869	0.009722	21.5
426	-0.173812	67.464379	4.502369	0.009735	39.7
427	-0.171638	66.663068	4.543525	0.007552	25.6
428	-0.169893	66.020959	4.577050	0.009184	48.9
429	-0.169254	65.219806	4.619580	0.009624	17.0
430	-0.168069	66.219476	4.566633	0.010845	17.1
431	-0.174988	65.418245	4.608973	0.011421	37.6
432	-0.173548	66.418243	4.556249	0.004538	22.5
433	-0.172400	67.173954	4.517199	0.008666	13.3
434	-0.172957	66.377229	4.558388	0.010778	27.1
435	-0.171571	66.804866	4.536187	0.006005	49.0
436	-0.171669	67.787644	4.485977	0.009766	23.4
437	-0.166278	68.625510	4.444040	0.009107	48.7
438	-0.174032	67.824214	4.484130	0.007800	41.3
439	-0.174228	67.022955	4.524948	0.007782	26.4
440	-0.173861	66.221644	4.566519	0.004865	42.0
441	-0.174530	67.000773	4.526089	0.011150	22.5
442	-0.165923	66.199505	4.567679	0.007262	15.8
443	-0.170153	67.199481	4.515892	0.008600	18.7
444	-0.172853	68.194431	4.465518	0.006644	30.7
445	-0.167150	69.194422	4.416008	0.008072	14.0
446	-0.176937	68.406988	4.454901	0.004566	31.2
447	-0.172819	67.607244	4.495110	0.010725	49.5
448	-0.174947	66.807408	4.536056	0.008085	16.8
449	-0.164170	67.807402	4.484979	0.009374	42.3
450	-0.172306	68.739319	4.438404	0.006960	16.7
451	-0.171676	69.739319	4.389490	0.009316	18.9
452	-0.173502	70.739278	4.341644	0.010728	52.8
453	-0.174246	71.737840	4.294895	0.012246	20.9
454	-0.173193	70.936529	4.332329	0.008641	35.6
455	-0.174464	71.936529	4.285713	0.006423	33.9
456	-0.173583	72.933585	4.240223	0.006834	25.2
457	-0.171739	73.890537	4.197461	0.006815	41.0
458	-0.175984	73.089868	4.233180	0.006200	21.6
459	-0.165831	74.089824	4.188664	0.009794	15.0
460	-0.167884	74.627801	4.165100	0.009411	41.4
461	-0.170742	75.627801	4.121995	0.008241	26.5
462	-0.171176	74.826490	4.156464	0.008735	52.2
463	-0.170501	75.557657	4.124989	0.007629	16.2
464	-0.169226	76.556986	4.082735	0.010076	28.8
465	-0.174732	77.542847	4.041890	0.007804	30.5
466	-0.175081	78.532769	4.001690	0.010059	17.9
467	-0.168503	77.731651	4.034160	0.007485	35.8
468	-0.170579	76.930384	4.067168	0.010563	14.9
469	-0.173565	76.129087	4.100721	0.007540	26.9
470	-0.167588	75.327775	4.134834	0.010673	28.9
471	-0.172549	74.526464	4.169518	0.008036	22.5
472	-0.171524	73.725153	4.204789	0.008055	14.0
473	-0.172646	72.971127	4.238529	0.007478	19.8
474	-0.171501	73.971127	4.193899	0.014791	26.3
475	-0.176960	73.293245	4.224049	0.007284	18.1
476	-0.176968	74.293245	4.179722	0.008082	14.6
477	-0.168764	73.492105	4.215160	0.008102	22.0
478	-0.175322	72.690796	4.251211	0.009473	29.7
479	-0.171461	73.690790	4.206315	0.005511	25.8
480	-0.178502	73.716522	4.205172	0.005781	34.4
481	-0.173432	74.181915	4.184611	0.009016	21.5
482	-0.170083	73.380635	4.220138	0.011098	24.2
483	-0.176547	72.579324	4.256275	0.007365	54.1
484	-0.169149	71.780642	4.292914	0.009197	12.7
485	-0.172963	72.780467	4.247146	0.008578	38.5
486	-0.174971	71.989975	4.283250	0.010995	33.5
487	-0.172303	72.989975	4.237679	0.009088	9.2
488	-0.175265	73.989148	4.193103	0.007938	12.0
489	-0.173260	74.988333	4.149455	0.009676	30.2
490	-0.171361	75.974116	4.107274	0.008401	18.6
491	-0.174282	76.274426	4.094594	0.011141	30.6
492	-0.170712	75.494556	4.127687	0.007695	28.7
493	-0.171562	75.359928	4.133454	0.008205	22.2
494	-0.169076	74.558617	4.168115	0.008735	38.3
495	-0.172460	75.558588	4.124950	0.009907	28.3
496	-0.168837	76.558584	4.082668	0.006983	40.8
497	-0.169673	77.543803	4.041850	0.010538	17.7
498	-0.173502	76.747352	4.074784	0.009620	57.2
499	-0.167453	75.946042	4.108464	0.014245	22.6
500	-0.173407	76.946042	4.066518	0.007880	53.7
501	-0.180813	77.946042	4.025419	0.007318	28.4
502	-0.165985	78.946034	3.985144	0.009260	31.3
503	-0.172124	79.940110	3.945897	0.010577	20.7
504	-0.169094	79.332327	3.969800	0.007457	24.3
505	-0.172520	80.332322	3.930625	0.009002	28.4
506	-0.177205	79.535280	3.961786	0.010772	24.6
507	-0.168695	80.535280	3.922768	0.009011	24.0
508	-0.174095	79.733968	3.953972	0.006535	40.0
509	-0.172951	78.940306	3.985372	0.004892	19.1
510	-0.173653	79.863396	3.948898	0.009498	22.7
511	-0.173800	79.195338	3.975228	0.009291	32.8
512	-0.175197	78.412000	4.006552	0.013061	22.4
513	-0.175776	79.411274	3.966679	0.009250	28.0
514	-0.170966	78.609963	3.998589	0.006351	29.0
515	-0.167959	79.609704	3.958856	0.010203	19.2
516	-0.169511	80.441679	3.926387	0.010353	37.7
517	-0.178570	79.982004	3.944260	0.006773	19.8
518	-0.174719	79.180695	3.975809	0.009147	27.1
519	-0.173482	80.180695	3.936515	0.008418	40.0
520	-0.175289	81.151178	3.899116	0.014900	12.6
521	-0.169749	82.151166	3.861317	0.008889	38.0
522	-0.175865	83.151166	3.824242	0.006131	20.7
523	-0.175596	82.349928	3.853891	0.010603	19.4
524	-0.175407	81.549611	3.883967	0.009165	31.1
525	-0.170727	82.549153	3.846476	0.008480	30.0
526	-0.174467	81.842792	3.872895	0.007498	26.2
527	-0.173416	82.684887	3.841440	0.009077	49.1
528	-0.171680	81.883610	3.871358	0.008548	23.5
529	-0.168209	81.085117	3.901639	0.008013	39.6
530	-0.168309	80.812879	3.912072	0.009597	21.7
531	-0.168884	81.812879	3.874022	0.008428	20.6
532	-0.166758	81.025413	3.903923	0.009672	46.9
533	-0.177915	81.952157	3.868781	0.010630	25.7
534	-0.173984	82.943623	3.831878	0.009557	43.2
535	-0.175855	82.142313	3.861648	0.005045	15.6
536	-0.166170	82.119157	3.862515	0.009768	20.2
537	-0.171020	82.220226	3.858733	0.006263	40.4
538	-0.178266	81.854526	3.872453	0.005305	18.8
539	-0.175175	81.078559	3.901890	0.011467	21.2
540	-0.170054	80.277270	3.932761	0.006745	33.8
541	-0.173637	81.249146	3.895380	0.004484	27.4
542	-0.176049	80.548566	3.922254	0.007810	21.6
543	-0.171073	81.447299	3.887846	0.008245	36.7
544	-0.172314	81.802011	3.874431	0.014353	17.7
545	-0.174024	82.801978	3.837107	0.010042	24.7
546	-0.172491	82.000666	3.866959	0.006858	32.0
547	-0.173766	82.996806	3.829919	0.007837	26.0
548	-0.171669	83.996424	3.793456	0.008789	30.2
549	-0.175670	84.996421	3.757668	0.014548	36.7
550	-0.173507	84.195110	3.786291	0.008832	17.0
551	-0.172971	85.195110	3.750637	0.010374	21.2
552	-0.177743	84.393799	3.779153	0.005752	33.7
553	-0.171742	83.611266	3.807423	0.012507	20.2
554	-0.171325	84.611266	3.771371	0.009661	17.4
555	-0.170424	83.809955	3.800205	0.011097	25.7
556	-0.172907	83.107327	3.825853	0.009718	37.5
557	-0.169667	84.107327	3.789453	0.009163	15.4
558	-0.171324	85.107327	3.753740	0.006732	26.7
559	-0.170567	84.306104	3.782300	0.006860	33.7
560	-0.178188	85.286983	3.747395	0.008057	17.9
561	-0.174269	86.280482	3.712691	0.007600	45.0
562	-0.174210	85.809586	3.729060	0.007810	28.6
563	-0.174098	85.580978	3.737058	0.006917	21.0
564	-0.173271	84.779702	3.765366	0.007455	51.1
565	-0.171890	83.978570	3.794101	0.009504	15.7
566	-0.167551	84.978536	3.758302	0.009403	17.1
567	-0.166696	85.978070	3.723187	0.009847	29.8
568	-0.168438	86.978070	3.688706	0.009297	25.9
569	-0.169222	86.548145	3.703451	0.010339	20.5
570	-0.176788	87.545190	3.669433	0.007972	32.6
571	-0.168159	88.545190	3.635936	0.010695	28.5
572	-0.169374	89.545190	3.603045	0.011307	24.1
573	-0.174612	88.743878	3.629353	0.007933	27.3
574	-0.176847	88.587834	3.634521	0.010193	27.7
575	-0.177346	88.830217	3.626500	0.007149	68.5
576	-0.174277	89.618903	3.600644	0.004256	23.4
577	-0.170019	90.617197	3.568440	0.008255	38.0
578	-0.171679	91.577813	3.537991	0.007776	26.7
579	-0.176956	92.573423	3.506976	0.010143	13.5
580	-0.173126	93.573423	3.476367	0.006437	47.6
581	-0.170870	92.993658	3.494048	0.008651	19.0
582	-0.184469	92.192665	3.518773	0.005651	20.4
583	-0.167234	93.120122	3.490176	0.009156	32.4
584	-0.170406	94.081806	3.461010	0.003340	20.4
585	-0.176058	95.047986	3.432195	0.010389	22.5
586	-0.166571	95.676370	3.413710	0.007542	52.8
587	-0.173491	94.875059	3.437317	0.009858	24.5
588	-0.175838	94.073748	3.461253	0.006430	36.6
589	-0.177480	95.071504	3.431500	0.006215	18.7
590	-0.173122	95.271567	3.425595	0.009255	19.7
591	-0.172674	95.935351	3.406150	0.007245	37.3
592	-0.171395	95.316547	3.424270	0.011132	14.1
593	-0.176990	94.588982	3.445824	0.014052	51.3
594	-0.174717	95.588982	3.416269	0.009495	11.2
595	-0.174387	96.588982	3.387216	0.009811	17.5
596	-0.173080	97.588981	3.358654	0.005580	49.6
597	-0.172462	98.477082	3.333688	0.008521	22.1
598	-0.171170	99.430004	3.307310	0.009046	42.1
599	-0.175539	98.628699	3.329463	0.008980	24.8
600	-0.176477	99.628699	3.301862	0.008489	10.8
601	-0.173946	98.827389	3.323942	0.008469	35.3
602	-0.169766	99.807017	3.296988	0.011851	51.7
603	-0.172356	100.807016	3.269921	0.010125	15.9
604	-0.170693	101.807016	3.243294	0.006618	36.9
605	-0.176363	102.807016	3.217098	0.009798	37.5
606	-0.168862	103.801524	3.191462	0.009861	17.8
607	-0.172063	104.801524	3.166093	0.005740	41.8
608	-0.170088	104.026424	3.185721	0.008737	25.0
609	-0.170621	104.386444	3.176574	0.011740	20.1
610	-0.170739	105.384140	3.151498	0.009738	33.4
611	-0.172626	106.382930	3.126787	0.013038	25.6
612	-0.171766	107.369718	3.102751	0.009253	22.5
613	-0.170782	106.568407	3.122241	0.007165	35.2
614	-0.169166	105.767095	3.141977	0.004910	16.8
615	-0.173363	105.320486	3.153086	0.006153	24.9
616	-0.174358	106.320382	3.128323	0.006779	28.9
617	-0.171013	107.313026	3.104122	0.009786	26.1
618	-0.169224	106.524308	3.123321	0.006291	21.9
619	-0.174046	107.524173	3.099023	0.007905	53.5
620	-0.170623	106.722925	3.118464	0.007113	17.9
621	-0.178487	105.921798	3.138147	0.004712	34.8
622	-0.169750	105.134498	3.157735	0.005423	37.9
623	-0.169548	104.492246	3.173896	0.008882	25.2
624	-0.176372	103.690940	3.194292	0.007364	50.3
625	-0.172612	102.986926	3.212430	0.008976	10.7
626	-0.174072	103.986888	3.186729	0.007482	29.0
627	-0.174380	103.185680	3.207289	0.011297	31.1
628	-0.173871	104.023803	3.185788	0.007479	12.4
629	-0.177599	103.224669	3.206282	0.008512	23.7
630	-0.174195	102.569922	3.223271	0.010508	43.3
631	-0.175727	103.533221	3.198338	0.005868	21.7
632	-0.167165	104.449124	3.174987	0.004416	26.8
633	-0.170777	103.781615	3.191971	0.007760	20.0
634	-0.168069	104.587038	3.171500	0.008055	37.3
635	-0.174235	103.800569	3.191486	0.007237	13.0
636	-0.174158	103.011855	3.211784	0.009364	32.7
637	-0.179274	103.831006	3.190708	0.007638	28.4
638	-0.168745	104.348101	3.177546	0.004073	18.2
639	-0.171830	105.337653	3.152657	0.012468	20.6
640	-0.173361	105.020815	3.160584	0.007527	45.3
641	-0.177305	106.020764	3.135702	0.006545	10.7
642	-0.172197	106.687503	3.119329	0.004506	51.3
643	-0.172572	107.270586	3.105149	0.007279	17.6
644	-0.174455	107.563805	3.098067	0.011051	16.7
645	-0.178620	108.563663	3.074159	0.009132	34.9
646	-0.173118	107.762351	3.093290	0.006453	18.6
647	-0.171056	108.754411	3.069640	0.007509	16.4
648	-0.173894	109.754015	3.046173	0.006410	28.2
649	-0.170054	108.955358	3.064893	0.006350	14.8
650	-0.171207	109.946643	3.041692	0.015314	17.5
651	-0.177586	110.946643	3.018639	0.005950	41.9
652	-0.177224	110.435786	3.030372	0.011999	22.1
653	-0.170131	109.634931	3.048950	0.012486	11.7
654	-0.171265	110.634927	3.025787	0.011848	16.5
655	-0.173284	109.835825	3.044268	0.003893	36.8
656	-0.174796	109.074021	3.062097	0.008965	25.1
657	-0.168045	108.279502	3.080916	0.008055	12.9
658	-0.169985	109.279500	3.057268	0.006255	22.3
659	-0.170180	110.279135	3.033988	0.007821	39.8
660	-0.171961	111.195352	3.012960	0.006672	15.8
661	-0.176388	112.194992	2.990348	0.008407	22.1
662	-0.172335	111.393681	3.008447	0.008725	30.2
663	-0.178260	110.592400	3.026765	0.010286	15.5
664	-0.175910	109.791089	3.045309	0.008465	43.5
665	-0.168430	110.156318	3.036829	0.010825	14.4
666	-0.168448	111.156215	3.013852	0.010678	10.7
667	-0.178040	110.358172	3.032162	0.008799	14.3
668	-0.173864	111.176934	3.013380	0.011041	37.2
669	-0.173059	110.375623	3.031760	0.009255	15.3
670	-0.173317	110.644654	3.025564	0.007994	19.5
671	-0.171660	111.644514	3.002758	0.008567	30.0
672	-0.170132	110.869665	3.020401	0.011645	14.2
673	-0.174069	111.855900	2.997980	0.008565	14.7
674	-0.169196	111.071651	3.015782	0.006058	38.8
675	-0.177747	110.270362	3.034191	0.009572	13.5
676	-0.174589	111.269831	3.011264	0.012222	29.9
677	-0.179096	112.269719	2.988671	0.008618	15.6
678	-0.175019	111.468409	3.006749	0.008457	46.5
679	-0.176788	110.701165	3.024266	0.007290	23.1
680	-0.169785	109.899881	3.042778	0.003810	19.8
681	-0.171612	109.863396	3.043627	0.011440	14.7
682	-0.171199	109.065713	3.062293	0.006608	23.8
683	-0.167639	110.061552	3.039025	0.009387	17.4
684	-0.167207	110.961766	3.018293	0.012344	21.0
685	-0.172703	110.262224	3.034379	0.011270	32.7
686	-0.172936	109.714249	3.047099	0.006556	15.4
687	-0.168171	109.106205	3.061340	0.009334	21.0
688	-0.170964	109.686837	3.047739	0.007093	35.2
689	-0.170312	110.686582	3.024601	0.011654	21.3
690	-0.174653	111.588559	3.004025	0.007630	29.1
691	-0.179039	112.588559	2.981538	0.011205	19.8
692	-0.172296	111.793170	2.999396	0.006857	10.3
693	-0.172546	111.000130	3.017416	0.009855	34.9
694	-0.171993	110.200102	3.035816	0.007804	28.2
695	-0.172401	111.199848	3.012858	0.009902	20.3
696	-0.172361	112.000964	2.994710	0.009724	42.3
697	-0.177446	112.909897	2.974383	0.010361	26.8
698	-0.172121	113.909897	2.952336	0.006445	55.7
699	-0.174903	113.153519	2.968981	0.009588	13.2
700	-0.176666	112.360182	2.986643	0.003966	61.0
701	-0.174029	113.246415	2.966927	0.007135	12.5
702	-0.178387	113.478445	2.961808	0.010026	21.6
703	-0.176047	114.478442	2.939946	0.004414	40.4
704	-0.176645	113.678989	2.957398	0.008667	12.3
705	-0.173392	114.632730	2.936602	0.009153	39.4
706	-0.180870	115.620644	2.915367	0.005774	13.3
707	-0.173867	116.215273	2.902733	0.011228	19.1
708	-0.170558	117.215262	2.881732	0.012175	36.2
709	-0.177199	116.419280	2.898424	0.007306	17.3
710	-0.173068	117.126822	2.883577	0.010163	20.2
711	-0.167623	116.325745	2.900398	0.009298	27.8
712	-0.171967	115.524433	2.917421	0.008757	10.1
713	-0.164205	114.723146	2.934645	0.010574	28.3
714	-0.176802	115.696721	2.913744	0.006026	24.9
715	-0.171993	116.696636	2.892586	0.007988	9.6
716	-0.170595	116.150797	2.904098	0.005614	41.3
717	-0.173091	116.624736	2.894097	0.007712	17.2
718	-0.178363	115.825345	2.911005	0.010386	11.9
719	-0.177412	116.825311	2.889885	0.012249	29.4
720	-0.171287	116.024186	2.906781	0.012264	36.9
721	-0.171358	115.222875	2.923880	0.007670	14.7
722	-0.175412	116.193334	2.903197	0.006275	44.8
723	-0.171649	116.529265	2.896106	0.006780	14.5
724	-0.174012	115.730639	2.913022	0.006040	24.4
725	-0.174742	114.932559	2.930124	0.008042	32.6
726	-0.176282	115.931562	2.908747	0.009801	21.3
727	-0.171807	116.931560	2.887659	0.008268	34.6
728	-0.174482	116.130249	2.904533	0.008006	10.5
729	-0.169436	115.328939	2.921605	0.009151	12.8
730	-0.166765	114.734786	2.934394	0.015094	24.0
731	-0.177324	115.734434	2.912941	0.009461	20.7
732	-0.175345	116.730365	2.891877	0.008696	13.1
733	-0.175510	117.723590	2.871172	0.010227	20.5
734	-0.174145	116.922279	2.887853	0.010095	27.7
735	-0.173632	117.922279	2.867066	0.009244	31.0
736	-0.174166	118.922034	2.846580	0.010084	12.3
737	-0.166678	119.922034	2.826381	0.006414	36.2
738	-0.176245	120.503076	2.814775	0.008515	24.0
739	-0.169436	121.143565	2.802092	0.005733	15.3
740	-0.179369	120.342264	2.817977	0.010671	35.7
741	-0.176771	121.342230	2.798181	0.007072	20.0
742	-0.176430	120.540923	2.814022	0.009094	20.6
743	-0.173924	121.244022	2.800113	0.009669	35.9
744	-0.176112	122.243719	2.780571	0.006131	20.2
745	-0.175962	121.481779	2.795440	0.007604	17.9
746	-0.175443	120.685696	2.811147	0.007794	31.9
747	-0.170260	119.884635	2.827131	0.010173	19.6
748	-0.171219	120.520363	2.814431	0.010999	13.2
749	-0.177540	121.520363	2.794684	0.010373	29.6
750	-0.173323	122.520359	2.775211	0.010658	22.7
751	-0.169994	121.721217	2.790751	0.010035	45.5
752	-0.166372	122.721217	2.771333	0.007403	10.8
753	-0.173187	121.919944	2.786870	0.009480	17.2
754	-0.168921	121.118634	2.802583	0.008965	34.0
755	-0.175871	120.467557	2.815482	0.007250	14.6
756	-0.169535	120.827817	2.808330	0.009945	12.9
757	-0.171402	121.827817	2.788668	0.008001	43.6
758	-0.174992	121.029986	2.804333	0.009624	18.3
759	-0.172871	120.229356	2.820230	0.009553	21.5
760	-0.182755	119.533901	2.834187	0.009067	31.8
761	-0.171837	118.732913	2.850433	0.010207	14.8
762	-0.171016	119.718356	2.830472	0.009688	27.0
763	-0.175536	118.917045	2.846682	0.007785	48.3
764	-0.176304	119.914723	2.826527	0.006571	11.6
765	-0.176888	120.910515	2.806693	0.008016	36.5
766	-0.172845	121.905334	2.787155	0.009179	30.6
767	-0.171255	121.141550	2.802131	0.010325	11.8
768	-0.177027	120.365554	2.817513	0.008298	18.5
769	-0.169684	119.564389	2.833572	0.006419	33.5
770	-0.165946	118.765772	2.849763	0.006650	17.9
771	-0.172587	119.757828	2.829678	0.008564	42.6
772	-0.177747	118.956517	2.845879	0.008739	15.2
773	-0.171976	119.641836	2.832012	0.008134	35.2
774	-0.174516	118.844023	2.848168	0.007386	19.4
775	-0.172085	119.798339	2.828864	0.010126	28.5
776	-0.166566	118.998260	2.845030	0.008005	32.7
777	-0.169734	118.724268	2.850609	0.005751	12.7
778	-0.172809	119.313114	2.838646	0.010740	24.1
779	-0.176144	120.175265	2.821311	0.010879	25.5
780	-0.173309	119.373953	2.837416	0.009339	20.3
781	-0.176385	118.572662	2.853706	0.006512	20.3
782	-0.171603	117.771416	2.870183	0.007798	31.0
783	-0.171496	118.768569	2.849706	0.008732	17.1
784	-0.172341	117.968133	2.866120	0.006121	23.1
785	-0.177443	117.367099	2.878570	0.010436	20.1
786	-0.166928	116.565788	2.895337	0.012659	23.7
787	-0.166022	115.764476	2.912301	0.008891	19.5
788	-0.178049	116.764476	2.891161	0.006032	35.2
789	-0.173634	117.631632	2.873077	0.009168	15.4
790	-0.173005	118.608607	2.852971	0.008480	19.4
791	-0.166649	119.608589	2.832681	0.008693	32.7
792	-0.167689	118.807279	2.848917	0.011749	11.3
793	-0.176644	119.807074	2.828688	0.009080	10.8
794	-0.173177	119.005763	2.844878	0.008793	41.6
795	-0.176374	120.005763	2.824702	0.009615	24.0
796	-0.173753	119.204761	2.840840	0.009531	19.9
797	-0.172031	118.403449	2.857170	0.012666	37.3
798	-0.174426	117.602418	2.873682	0.009261	21.3
799	-0.171677	116.801107	2.890393	0.009729	27.0
800	-0.172699	117.801107	2.869569	0.010349	15.6
801	-0.175958	118.800781	2.849049	0.010210	33.2
802	-0.168139	119.782973	2.829172	0.015117	29.0
803	-0.172248	118.981661	2.845368	0.008973	8.9
804	-0.176810	118.180350	2.861750	0.010494	33.9
805	-0.170626	119.180348	2.841335	0.009258	31.1
806	-0.176605	118.437146	2.856479	0.007135	20.2
807	-0.173108	117.635837	2.872990	0.005805	52.4
808	-0.174400	118.631446	2.852504	0.008936	19.0
809	-0.174665	117.847701	2.868606	0.009213	20.1
810	-0.170850	118.847701	2.848093	0.010928	31.3
811	-0.175857	119.632124	2.832207	0.008659	17.4
812	-0.175708	120.215769	2.820502	0.007380	61.0
813	-0.168645	120.458190	2.815668	0.010909	43.2
814	-0.171896	121.458171	2.795904	0.013295	13.6
815	-0.172912	122.430188	2.776956	0.008851	29.4
816	-0.171512	121.628877	2.792557	0.007179	29.8
817	-0.175923	122.383790	2.777855	0.007267	24.3
818	-0.176354	121.994641	2.785414	0.006013	24.4
819	-0.169508	121.194198	2.801094	0.009520	45.7
820	-0.173141	120.392896	2.816968	0.009733	19.9
821	-0.174992	119.591695	2.833022	0.007650	48.0
822	-0.175504	120.591695	2.813013	0.004922	15.1
823	-0.169689	121.510135	2.794884	0.005211	23.1
824	-0.176888	122.461937	2.776341	0.005641	34.8
825	-0.167912	123.288765	2.760432	0.009431	28.2
826	-0.170421	123.366435	2.758947	0.009037	17.1
827	-0.173357	122.565123	2.774346	0.008474	40.3
828	-0.170243	123.565123	2.755155	0.006175	27.3
829	-0.166889	123.160300	2.762892	0.008252	15.6
830	-0.171051	122.394592	2.777645	0.009772	44.1
831	-0.172386	123.394463	2.758411	0.012012	15.8
832	-0.175556	124.394463	2.739439	0.010218	9.2
833	-0.171919	125.394186	2.720732	0.007900	33.3
834	-0.170427	126.394158	2.702273	0.008482	33.6
835	-0.167422	125.592848	2.717045	0.007882	15.2
836	-0.172499	125.276198	2.722926	0.007541	19.1
837	-0.169892	124.475531	2.737913	0.009649	30.3
838	-0.168128	125.439167	2.719896	0.007561	17.9
839	-0.172531	124.644444	2.734737	0.007844	27.3
840	-0.176090	125.621111	2.716521	0.008814	45.2
841	-0.167060	124.819803	2.731449	0.005764	16.4
842	-0.178044	124.018509	2.746541	0.006780	37.6
843	-0.173810	125.018346	2.727735	0.011494	41.8
844	-0.176977	124.888899	2.730155	0.009746	18.8
845	-0.171880	124.158338	2.743896	0.006882	20.0
846	-0.170525	125.158312	2.725123	0.007951	42.6
847	-0.173235	126.158308	2.706604	0.007017	21.2
848	-0.171553	127.158308	2.688336	0.007584	26.0
849	-0.170711	126.362545	2.702853	0.009770	34.7
850	-0.172846	125.561237	2.717631	0.009007	19.9
851	-0.176204	124.943629	2.729131	0.009381	10.2
852	-0.174852	125.938085	2.710661	0.011013	16.6
853	-0.177301	125.138238	2.725497	0.009035	25.8
854	-0.173119	124.336940	2.740524	0.014057	23.9
855	-0.173186	125.336940	2.721796	0.007919	12.4
856	-0.174358	126.336940	2.703323	0.006222	46.5
857	-0.167305	125.646506	2.716050	0.007452	28.4
858	-0.177942	126.588122	2.698722	0.008478	21.4
859	-0.173002	125.787039	2.713450	0.006658	26.3
860	-0.173573	124.994584	2.728179	0.007335	35.6
861	-0.170201	124.193280	2.743235	0.011009	9.7
862	-0.163369	123.391969	2.758459	0.007786	27.1
863	-0.175521	124.391969	2.739486	0.009779	28.2
864	-0.173937	123.892160	2.748936	0.009807	16.7
865	-0.172405	124.572942	2.736081	0.010701	25.3
866	-0.175708	123.771925	2.751219	0.005952	64.0
867	-0.176901	122.972417	2.766497	0.008610	25.3
868	-0.172750	122.229736	2.780842	0.007729	79.0
869	-0.173479	121.504343	2.794998	0.008414	36.4
870	-0.167038	122.486201	2.775872	0.007201	36.0
871	-0.170822	121.684890	2.791461	0.006749	52.8
872	-0.173022	122.362371	2.778270	0.006698	22.5
873	-0.176310	121.637397	2.792390	0.008729	53.8
874	-0.174464	121.230129	2.800386	0.013228	26.1
875	-0.174032	120.428817	2.816253	0.009762	17.5
876	-0.171909	119.681060	2.831222	0.008246	31.4
877	-0.172211	118.879753	2.847441	0.008375	42.3
878	-0.170340	119.866882	2.827487	0.009382	16.7
879	-0.172205	119.174155	2.841460	0.009242	46.8
880	-0.173453	120.174155	2.821333	0.010597	36.6
881	-0.172705	121.174155	2.801489	0.006922	15.0
882	-0.177797	122.174154	2.781922	0.009161	25.6
883	-0.175453	122.758593	2.770612	0.006091	37.4
884	-0.169444	121.957324	2.786141	0.008569	20.8
885	-0.176451	121.156417	2.801838	0.013031	32.7
886	-0.173660	122.156416	2.782267	0.008726	15.6
887	-0.173996	121.355109	2.797928	0.008263	16.8
888	-0.174671	122.344333	2.778619	0.008538	53.4
889	-0.173206	121.552458	2.794054	0.009710	16.5
890	-0.168415	122.552442	2.774591	0.009957	47.4
891	-0.171107	123.542170	2.755592	0.008331	25.5
892	-0.172602	122.740859	2.770954	0.008014	27.6
893	-0.170639	122.081051	2.783732	0.008097	50.2
894	-0.167299	121.289075	2.799226	0.009035	29.9
895	-0.171266	120.487779	2.815079	0.008448	33.7
896	-0.172536	119.711798	2.830604	0.008686	23.4
897	-0.174383	120.569879	2.813447	0.005488	32.1
898	-0.172568	119.770179	2.829430	0.009412	18.7
899	-0.174049	120.597798	2.812892	0.008040	47.7
900	-0.172316	119.796487	2.828901	0.006085	32.7
901	-0.170386	120.795107	2.808978	0.009448	29.5
902	-0.172573	121.727540	2.790627	0.007299	42.3
903	-0.177648	122.727520	2.771211	0.009882	17.3
904	-0.178637	123.708676	2.752422	0.010051	18.1
905	-0.171267	122.922459	2.767458	0.005990	31.4
906	-0.171350	122.121165	2.782952	0.009577	13.2
907	-0.165909	121.319854	2.798621	0.008184	22.8
908	-0.175457	122.319031	2.779110	0.011046	26.7
909	-0.178946	121.517722	2.794735	0.010497	19.7
910	-0.172142	122.517722	2.775262	0.008607	12.0
911	-0.170075	122.664831	2.772420	0.008508	16.2
912	-0.177794	123.664753	2.753257	0.008740	28.0
913	-0.177818	122.863456	2.768593	0.010779	24.6
914	-0.167443	122.062165	2.784100	0.007442	13.9
915	-0.168227	123.061952	2.764778	0.006354	17.7
916	-0.177547	124.043593	2.746066	0.007329	32.4
917	-0.172271	125.043402	2.727267	0.008687	24.3
918	-0.173474	124.242091	2.742313	0.013199	43.1
919	-0.170630	125.242091	2.723561	0.009296	35.7
920	-0.176337	126.228532	2.705313	0.010083	13.6
921	-0.174105	127.228531	2.687062	0.010952	22.1
922	-0.175844	128.226631	2.669090	0.008367	30.2
923	-0.177086	127.425320	2.683500	0.009402	15.8
924	-0.171777	128.418227	2.665668	0.009156	25.7
925	-0.171928	129.361994	2.648936	0.008747	56.4
926	-0.173609	128.560747	2.663127	0.006128	21.9
927	-0.165996	127.759467	2.677472	0.006160	46.4
928	-0.177329	128.744386	2.659861	0.008101	28.3
929	-0.170165	129.739635	2.642300	0.007354	18.0
930	-0.173621	130.124403	2.635572	0.006792	46.8
931	-0.171039	129.324715	2.649593	0.007442	17.0
932	-0.170339	130.292727	2.632640	0.009059	34.5
933	-0.174583	130.617558	2.627000	0.007137	28.5
934	-0.173579	131.617558	2.609787	0.008091	20.8
935	-0.176790	130.816422	2.623559	0.011377	34.5
936	-0.173568	131.816341	2.606392	0.006063	29.0
937	-0.171775	131.152895	2.617757	0.007949	18.1
938	-0.177773	130.351880	2.631611	0.007961	40.6
939	-0.171433	131.351795	2.614339	0.009899	26.1
940	-0.166944	130.550484	2.628163	0.008902	23.8
941	-0.173168	131.550257	2.610938	0.007305	28.7
942	-0.172559	131.254745	2.616006	0.007957	22.8
943	-0.173321	130.491557	2.629185	0.009380	25.3
944	-0.178522	131.404841	2.613430	0.007967	42.3
945	-0.171890	130.605599	2.627207	0.007776	23.8
946	-0.171646	131.598941	2.610105	0.007480	41.1
947	-0.176835	132.269238	2.598691	0.005922	19.4
948	-0.169205	132.743781	2.590669	0.010152	12.6
949	-0.177677	133.743682	2.573929	0.006634	34.6
950	-0.172148	134.743498	2.557406	0.010273	20.9
951	-0.176650	133.942189	2.570632	0.007936	16.4
952	-0.169696	133.140877	2.583995	0.007294	48.5
953	-0.180043	132.339568	2.597499	0.005806	31.9
954	-0.172545	131.658938	2.609080	0.008625	29.3
955	-0.174203	132.653599	2.592190	0.007576	28.1
956	-0.173796	131.852292	2.605779	0.007891	13.3
957	-0.163048	132.841308	2.589027	0.011426	43.8
958	-0.174737	133.841307	2.572307	0.010001	27.8
959	-0.171681	134.841302	2.555801	0.007231	20.0
960	-0.169893	135.612242	2.543220	0.007522	34.8
961	-0.174814	136.612203	2.527084	0.007541	20.3
962	-0.171968	137.460375	2.513558	0.008629	57.0
963	-0.170996	136.659083	2.526333	0.009215	13.8
964	-0.169166	135.858754	2.539223	0.008354	19.4
965	-0.176042	136.855242	2.523193	0.009591	57.8
966	-0.170139	137.855236	2.507310	0.007591	17.9
967	-0.169788	137.628735	2.510890	0.006003	21.2
968	-0.177016	136.827440	2.523638	0.010976	41.4
969	-0.175188	136.027560	2.536493	0.009987	16.0
970	-0.173323	137.027560	2.520442	0.008270	48.7
971	-0.169956	136.226249	2.533288	0.009348	20.2
972	-0.175053	135.439238	2.546032	0.010831	24.8
973	-0.175240	134.662291	2.558740	0.007318	34.6
974	-0.167598	135.657994	2.542477	0.009014	15.8
975	-0.165030	135.209069	2.549784	0.006131	35.2
976	-0.176309	134.412617	2.562851	0.007581	39.3
977	-0.169585	133.699923	2.574657	0.010700	14.8
978	-0.175094	134.699095	2.558135	0.006287	23.5
979	-0.177174	133.905940	2.571233	0.005026	21.5
980	-0.172784	133.112164	2.584477	0.007641	23.2
981	-0.174303	132.319434	2.597840	0.011156	36.3
982	-0.169857	131.518123	2.611488	0.011931	23.0
983	-0.170653	130.716811	2.625281	0.009081	15.8
984	-0.180823	131.716811	2.608091	0.008087	29.1
985	-0.171442	132.716722	2.591125	0.005435	38.9
986	-0.171212	133.671333	2.575133	0.006236	19.8
987	-0.171981	134.637124	2.559154	0.008416	48.2
988	-0.177118	135.633030	2.542882	0.007191	22.0
989	-0.172923	136.620873	2.526945	0.009213	22.7
990	-0.172741	137.019429	2.520572	0.009949	30.2
991	-0.172063	137.850660	2.507382	0.010221	24.5
992	-0.172382	138.850658	2.491696	0.009010	19.5
993	-0.172977	138.868329	2.491421	0.009184	38.3
994	-0.170960	139.868329	2.475934	0.009038	12.4
995	-0.175632	140.861973	2.460734	0.003539	21.7
996	-0.177325	140.665109	2.463731	0.005323	33.5
997	-0.171194	141.209936	2.455456	0.007566	20.4
998	-0.176188	140.746967	2.462484	0.006392	20.7
999	-0.173976	140.182202	2.471112	0.005670	40.5
1000	-0.173566	139.411886	2.482979	0.011135	14.0
1001	-0.170077	140.372760	2.468194	0.008601	13.0
1002	-0.180143	139.627800	2.479641	0.009410	69.3
1003	-0.168546	138.843510	2.491808	0.007711	10.8
1004	-0.168824	138.042199	2.504362	0.007231	33.9
1005	-0.181383	139.041359	2.488727	0.008116	36.8
1006	-0.172426	138.250735	2.501083	0.007890	20.1
1007	-0.176496	139.102102	2.487783	0.005469	29.9
1008	-0.173082	140.089249	2.472538	0.009515	26.4
1009	-0.172738	141.054919	2.457805	0.007338	27.5
1010	-0.169252	141.994564	2.443636	0.008180	40.9
1011	-0.169162	141.193336	2.455707	0.007268	14.7
1012	-0.175544	142.192440	2.440673	0.009268	23.8
1013	-0.171082	143.192328	2.425810	0.011001	19.0
1014	-0.170220	142.391030	2.437706	0.009730	25.0
1015	-0.176669	141.601828	2.449538	0.004632	41.3
1016	-0.167611	140.801031	2.461661	0.008404	24.5
1017	-0.172518	141.664317	2.448597	0.005963	11.8
1018	-0.169318	141.859968	2.445655	0.007463	19.3
1019	-0.176427	142.859934	2.430730	0.007819	36.0
1020	-0.178067	143.859853	2.415987	0.007530	12.0
1021	-0.172876	143.058724	2.427785	0.009595	19.3
1022	-0.177015	144.040163	2.413348	0.009717	37.1
1023	-0.173988	145.040070	2.398814	0.009049	15.3
1024	-0.175240	144.238759	2.410447	0.009177	25.1
1025	-0.175324	143.441915	2.422128	0.009850	45.6
1026	-0.173401	144.130744	2.412024	0.013826	14.4
1027	-0.174866	143.329433	2.423786	0.006069	17.3
1028	-0.171684	142.542217	2.435453	0.010369	54.2
1029	-0.172699	141.743665	2.447403	0.006743	16.9
1030	-0.175265	140.947056	2.459442	0.009012	35.6
1031	-0.170175	141.936232	2.444510	0.009869	46.5
1032	-0.169587	142.936232	2.429599	0.005960	13.7
1033	-0.173332	142.135744	2.441521	0.009102	38.6
1034	-0.170873	141.341128	2.453471	0.007679	28.3
1035	-0.170213	140.801583	2.461653	0.007259	19.7
1036	-0.174304	140.000539	2.473900	0.008935	38.2
1037	-0.173068	140.404155	2.467714	0.008087	22.4
1038	-0.175658	141.404155	2.452519	0.008269	15.5
1039	-0.168026	140.602856	2.464680	0.007899	72.9
1040	-0.180211	141.602856	2.449522	0.008292	72.6
1041	-0.172020	140.812005	2.461494	0.004303	33.1
1042	-0.173608	141.794561	2.446638	0.011671	18.8
1043	-0.179127	140.993525	2.458736	0.008939	50.9
1044	-0.173354	141.993480	2.443652	0.009449	22.0
1045	-0.175753	142.993419	2.428752	0.008245	36.1
1046	-0.172943	143.588384	2.419972	0.007271	14.5
1047	-0.175945	144.588383	2.405358	0.007049	22.4
1048	-0.171344	145.443398	2.393002	0.009196	38.1
1049	-0.172870	146.407579	2.379219	0.005296	21.4
1050	-0.170889	145.628379	2.390345	0.010401	19.9
1051	-0.173140	146.499623	2.377912	0.012433	28.8
1052	-0.172429	145.698312	2.389342	0.009146	24.3
1053	-0.174121	146.698312	2.375094	0.009334	22.6
1054	-0.170343	147.698312	2.361015	0.008239	27.2
1055	-0.176510	148.697872	2.347108	0.008679	38.5
1056	-0.173135	147.896569	2.358244	0.007479	14.7
1057	-0.171212	148.896569	2.344363	0.008229	20.4
1058	-0.170586	148.095417	2.355471	0.011414	53.0
1059	-0.173172	149.095417	2.341623	0.011144	21.9
1060	-0.175695	150.095417	2.327937	0.007373	35.2
1061	-0.173221	149.294222	2.338889	0.010150	21.2
1062	-0.171553	150.280790	2.325417	0.010195	35.5
1063	-0.174605	151.247349	2.312368	0.010401	33.5
1064	-0.175478	150.446062	2.323176	0.007782	20.5
1065	-0.170638	151.297344	2.311697	0.010722	33.6
1066	-0.165175	151.838521	2.304459	0.010162	15.8
1067	-0.172123	151.037209	2.315193	0.007057	22.1
1068	-0.172324	152.037051	2.301815	0.006317	43.2
1069	-0.171936	151.558052	2.308205	0.007994	32.3
1070	-0.174602	151.321195	2.311377	0.008825	25.6
1071	-0.164185	150.519945	2.322175	0.007743	17.1
1072	-0.173987	151.519945	2.308715	0.009125	37.7
1073	-0.175384	150.718965	2.319484	0.009151	24.5
1074	-0.171713	151.717784	2.306070	0.005733	47.7
1075	-0.169581	152.694300	2.293105	0.007941	16.4
1076	-0.178305	151.900934	2.303627	0.007781	18.6
1077	-0.172953	151.164938	2.313475	0.011528	34.9
1078	-0.171445	150.392807	2.323897	0.005219	26.3
1079	-0.173320	151.360711	2.310847	0.010145	26.8
1080	-0.177019	150.570984	2.321484	0.005957	51.2
1081	-0.174562	149.778195	2.332261	0.006695	12.6
1082	-0.170246	149.904103	2.330543	0.008689	23.6
1083	-0.172411	149.109613	2.341427	0.006020	42.7
1084	-0.170217	148.308309	2.352509	0.010453	15.5
1085	-0.178069	147.506998	2.363696	0.006870	9.8
1086	-0.166310	147.906172	2.358110	0.009171	39.6
1087	-0.173688	147.105356	2.369343	0.006300	33.7
1088	-0.175755	146.304170	2.380690	0.011272	20.8
1089	-0.173890	145.546507	2.391520	0.008117	40.0
1090	-0.172359	146.539516	2.377345	0.007309	14.7
1091	-0.173340	146.717334	2.374825	0.007658	28.3
1092	-0.169164	145.916768	2.386215	0.008524	19.9
1093	-0.174737	146.916706	2.372005	0.010936	10.4
1094	-0.168014	147.036844	2.370309	0.009248	20.2
1095	-0.174645	148.036843	2.356287	0.006955	33.9
1096	-0.177550	149.036618	2.342433	0.008071	12.2
1097	-0.175198	149.936295	2.330104	0.007753	12.6
1098	-0.167278	149.291592	2.338925	0.006974	27.4
1099	-0.176794	150.291579	2.325271	0.005490	29.8
1100	-0.171898	150.888124	2.317201	0.011386	10.1
1101	-0.169230	150.148705	2.327212	0.008857	78.6
1102	-0.172092	149.347459	2.338158	0.006709	15.0
1103	-0.171029	150.061175	2.328403	0.009812	12.9
1104	-0.175264	151.061141	2.314871	0.007114	48.7
1105	-0.169782	152.060986	2.301497	0.009404	16.6
1106	-0.169536	153.007803	2.288974	0.011413	41.5
1107	-0.166276	152.206849	2.299559	0.006406	18.2
1108	-0.174376	153.202717	2.286413	0.011386	23.0
1109	-0.172384	154.065788	2.275141	0.010911	38.7
1110	-0.175097	153.264476	2.285602	0.005836	11.8
1111	-0.168912	152.463165	2.296161	0.014417	20.4
1112	-0.173446	153.329851	2.284745	0.006121	30.9
1113	-0.173202	154.327797	2.271741	0.008874	11.4
1114	-0.173349	153.598864	2.281225	0.009807	19.3
1115	-0.171583	154.598860	2.268234	0.009403	37.5
1116	-0.175568	155.598859	2.255390	0.008783	12.8
1117	-0.176103	154.797635	2.265669	0.008861	12.7
1118	-0.170019	154.907629	2.264253	0.009129	35.8
1119	-0.169186	155.907628	2.251454	0.011240	20.9
1120	-0.172268	155.106482	2.261696	0.009298	9.6
1121	-0.176368	154.305171	2.272034	0.006044	24.1
1122	-0.175109	155.305150	2.259147	0.009472	36.6
1123	-0.171967	156.079227	2.249272	0.008259	10.6
1124	-0.173081	157.079183	2.236642	0.009143	21.5
1125	-0.173415	158.079182	2.224152	0.008534	33.7
1126	-0.172485	159.079152	2.211801	0.007169	17.1
1127	-0.173869	160.062397	2.199790	0.005642	20.3
1128	-0.173679	159.303417	2.209050	0.009396	47.0
1129	-0.174401	158.502105	2.218912	0.009554	25.0
1130	-0.169110	157.711859	2.228723	0.008891	35.9
1131	-0.172952	158.711851	2.216322	0.009251	10.2
1132	-0.173340	159.694486	2.204269	0.007539	48.3
1133	-0.174891	160.247257	2.197547	0.010036	18.7
1134	-0.170726	159.445946	2.207305	0.008143	60.7
1135	-0.173387	158.772372	2.215576	0.006353	13.5
1136	-0.176102	157.971065	2.225496	0.010051	20.6
1137	-0.173974	158.814417	2.215058	0.005490	36.1
1138	-0.177548	159.814408	2.202807	0.009989	11.7
1139	-0.169911	159.024537	2.212472	0.008854	17.4
1140	-0.174043	158.300940	2.221401	0.006046	33.8
1141	-0.167447	159.191594	2.210421	0.006783	15.8
1142	-0.171707	158.390967	2.220286	0.011696	19.5
1143	-0.177543	157.589656	2.230249	0.011052	24.5
1144	-0.174748	156.788353	2.240300	0.013390	21.2
1145	-0.176371	155.987041	2.250443	0.004666	29.0
1146	-0.169192	156.984743	2.237828	0.009897	19.9
1147	-0.171002	157.982062	2.225359	0.009936	20.1
1148	-0.177189	158.759942	2.215729	0.009417	29.4
1149	-0.166251	159.643346	2.204893	0.006184	15.1
1150	-0.168188	158.844562	2.214686	0.010772	23.0
1151	-0.173200	158.043252	2.224598	0.007802	38.1
1152	-0.171169	159.043252	2.212242	0.007283	11.7
1153	-0.169853	159.922152	2.201496	0.009569	21.2
1154	-0.168601	159.271333	2.209443	0.010762	46.3
1155	-0.177564	159.831719	2.202597	0.009445	16.5
1156	-0.177095	159.590945	2.205533	0.011279	36.2
1157	-0.173870	160.562300	2.193734	0.011905	17.4
1158	-0.170663	159.760989	2.203458	0.012336	57.7
1159	-0.178720	160.760989	2.191336	0.009174	15.5
1160	-0.173811	161.760989	2.179345	0.008558	20.2
1161	-0.169633	161.009874	2.188339	0.010146	31.6
1162	-0.169645	162.006951	2.176416	0.007916	18.1
1163	-0.171610	162.993526	2.164746	0.010331	20.5
1164	-0.168432	162.194837	2.174184	0.007607	32.1
1165	-0.172814	162.961786	2.165120	0.008902	17.4
1166	-0.172244	163.961762	2.153414	0.007086	28.0
1167	-0.168479	163.160860	2.162779	0.007761	33.7
1168	-0.172756	162.389230	2.171880	0.004203	12.6
1169	-0.172698	163.384614	2.160155	0.010389	29.0
1170	-0.167957	162.583405	2.169582	0.008335	42.8
1171	-0.164987	161.960823	2.176965	0.007945	18.1
1172	-0.171400	162.063511	2.175744	0.008017	28.4
1173	-0.170732	161.262200	2.185309	0.006020	17.7
1174	-0.175089	160.460938	2.194959	0.010035	34.1
1175	-0.173070	159.672134	2.204542	0.012103	47.6
1176	-0.172258	159.106472	2.211466	0.006099	22.3
1177	-0.171182	158.508462	2.218833	0.008865	46.5
1178	-0.167974	159.508431	2.206541	0.010015	14.0
1179	-0.177146	159.927279	2.201433	0.008502	41.0
1180	-0.166802	159.125968	2.211226	0.009596	26.6
1181	-0.172705	159.752003	2.203568	0.008302	21.8
1182	-0.173475	160.752003	2.191444	0.007201	32.6
1183	-0.170181	160.206824	2.198037	0.008011	20.2
1184	-0.173359	161.176078	2.186343	0.008398	32.3
1185	-0.169206	160.374980	2.195999	0.008761	53.6
1186	-0.173805	159.578688	2.205683	0.008668	23.3
1187	-0.173003	158.782370	2.215453	0.007211	34.3
1188	-0.178122	157.981413	2.225367	0.007608	32.1
1189	-0.179054	157.180122	2.235375	0.010549	22.8
1190	-0.175072	158.180108	2.222899	0.012180	32.9
1191	-0.179515	159.180108	2.210562	0.011022	15.7
1192	-0.178799	160.180039	2.198362	0.007848	10.6
1193	-0.172933	161.180039	2.186295	0.007786	19.6
1194	-0.170780	162.180002	2.174360	0.009334	34.4
1195	-0.168471	163.131840	2.163120	0.005509	20.9
1196	-0.175632	164.131837	2.151436	0.014251	22.0
1197	-0.176455	163.332741	2.160763	0.008489	35.6
1198	-0.170921	162.531429	2.170197	0.007733	17.3
1199	-0.172308	161.741927	2.179573	0.011276	20.3
1200	-0.175603	162.706932	2.168123	0.008453	36.0
1201	-0.178554	161.905626	2.177622	0.010453	15.9
1202	-0.171307	162.905622	2.165781	0.009816	21.6
1203	-0.170483	162.126227	2.174999	0.011423	42.7
1204	-0.175527	163.126227	2.163186	0.009231	23.4
1205	-0.175873	164.126227	2.151501	0.011114	39.1
1206	-0.175191	165.126227	2.139942	0.009714	20.2
1207	-0.170668	164.324916	2.149195	0.006393	14.4
1208	-0.173941	165.324509	2.137665	0.007373	38.1
1209	-0.174156	166.248950	2.127111	0.010225	15.1
1210	-0.173369	165.861560	2.131521	0.007594	19.2
1211	-0.167975	165.064513	2.140652	0.010211	38.5
1212	-0.170771	164.264880	2.149891	0.004797	13.1
1213	-0.175582	163.463882	2.159227	0.011446	31.8
1214	-0.167917	162.673014	2.168524	0.009768	28.8
1215	-0.178122	163.648364	2.157069	0.008167	10.8
1216	-0.183337	163.941904	2.153646	0.005665	16.6
1217	-0.175746	164.941166	2.142072	0.008085	23.6
1218	-0.172823	165.901613	2.131064	0.012025	20.3
1219	-0.167706	166.901613	2.119723	0.008561	14.4
1220	-0.167288	166.100302	2.128801	0.009014	25.9
1221	-0.175489	167.100301	2.117484	0.012415	43.9
1222	-0.170492	168.100301	2.106286	0.009557	26.2
1223	-0.169194	169.084446	2.095381	0.009325	24.3
1224	-0.172326	170.077876	2.084487	0.005110	33.1
1225	-0.173834	169.380272	2.092125	0.008504	9.9
1226	-0.175502	168.578961	2.100968	0.008808	17.3
1227	-0.172462	169.578751	2.089946	0.010501	41.1
1228	-0.173183	169.221795	2.093868	0.007589	10.2
1229	-0.175537	170.221681	2.082919	0.008499	21.7
1230	-0.171003	169.420538	2.091683	0.009058	43.9
1231	-0.166715	170.420512	2.080756	0.007294	14.2
1232	-0.169800	171.420512	2.069942	0.008031	17.0
1233	-0.172669	172.413062	2.059320	0.010934	21.1
1234	-0.172765	173.412544	2.048733	0.010002	36.7
1235	-0.170099	172.611233	2.057212	0.012212	30.8
1236	-0.174673	173.611233	2.046641	0.006701	38.6
1237	-0.175736	172.809921	2.055103	0.012295	17.8
1238	-0.169945	173.809462	2.044558	0.007149	35.5
1239	-0.173532	173.008167	2.053003	0.005515	15.5
1240	-0.173647	172.208663	2.061498	0.006510	19.4
1241	-0.169937	173.206733	2.050904	0.008923	40.8
1242	-0.170114	172.502652	2.058366	0.009769	13.5
1243	-0.170939	173.452921	2.048307	0.008634	21.5
1244	-0.175007	174.452123	2.037836	0.012115	49.6
1245	-0.169734	175.430851	2.027682	0.008463	10.9
1246	-0.172991	176.430815	2.017412	0.012068	19.6
1247	-0.179436	175.629741	2.025631	0.008196	48.2
1248	-0.178300	175.396716	2.028034	0.009086	14.6
1249	-0.171630	176.396413	2.017764	0.008104	21.4
1250	-0.174341	175.610736	2.025827	0.009013	42.1
1251	-0.172136	176.610611	2.015577	0.008459	11.1
1252	-0.175465	175.809300	2.023783	0.009504	37.0
1253	-0.176615	175.008284	2.032053	0.008793	26.9
1254	-0.176467	174.206972	2.040395	0.008698	18.4
1255	-0.168166	175.205265	2.030013	0.008017	39.0
1256	-0.174297	176.205050	2.019722	0.005061	12.7
1257	-0.170528	177.204508	2.009537	0.009824	42.8
1258	-0.168246	178.173682	1.999759	0.008347	18.9
1259	-0.164456	179.173682	1.989769	0.010550	32.7
1260	-0.175495	178.375948	1.997730	0.007825	33.6
1261	-0.168169	177.575091	2.005787	0.008807	21.0
1262	-0.174896	176.783401	2.013816	0.008969	32.2
1263	-0.176945	177.783101	2.003688	0.008290	12.4
1264	-0.175244	176.981850	2.011797	0.008014	19.5
1265	-0.174394	177.981846	2.001687	0.009312	48.0
1266	-0.173461	177.339672	2.008168	0.006380	12.7
1267	-0.170814	177.799447	2.003523	0.006665	24.7
1268	-0.181838	177.008028	2.011531	0.008690	43.1
1269	-0.175309	177.436111	2.007192	0.010166	23.0
1270	-0.167655	178.436111	1.997127	0.011189	31.1
1271	-0.169335	177.634800	2.005184	0.006666	19.7
1272	-0.178900	176.834013	2.013300	0.009390	33.6
1273	-0.172582	177.394445	2.007613	0.008849	31.7
1274	-0.170362	176.593575	2.015750	0.008573	12.2
1275	-0.175182	175.793899	2.023941	0.010592	68.5
1276	-0.167981	174.992588	2.032216	0.007741	20.6
1277	-0.175940	175.992588	2.021900	0.011206	32.4
1278	-0.175590	175.227699	2.029781	0.006624	32.3
1279	-0.179488	174.426388	2.038104	0.007822	38.3
1280	-0.171850	175.379781	2.028209	0.009484	37.4
1281	-0.167832	174.578472	2.036519	0.011776	19.6
1282	-0.174451	173.777161	2.044897	0.008576	30.9
1283	-0.168717	172.975850	2.053345	0.008268	17.1
1284	-0.171908	173.646995	2.046265	0.006853	15.5
1285	-0.174560	172.976163	2.053342	0.008073	42.3
1286	-0.168660	173.960405	2.042975	0.006182	19.2
1287	-0.175042	173.159155	2.051406	0.011794	27.4
1288	-0.173162	174.158556	2.040901	0.010956	26.6
1289	-0.176706	173.357309	2.049315	0.008294	16.8
1290	-0.176746	174.357309	2.038825	0.008368	32.5
1291	-0.171100	175.357154	2.028443	0.010503	28.2
1292	-0.170751	174.684078	2.035420	0.013695	23.9
1293	-0.176482	175.684000	2.025072	0.007948	29.1
1294	-0.169818	176.684000	2.014828	0.009405	24.9
1295	-0.173756	177.683457	2.004693	0.006295	21.1
1296	-0.177357	178.651326	1.994975	0.005089	44.3
1297	-0.173646	179.650948	1.985036	0.007682	58.8
1298	-0.173255	179.143196	1.990072	0.007115	28.2
1299	-0.173029	178.341884	1.998071	0.009340	36.3
1300	-0.177456	179.335296	1.988163	0.009493	30.9
1301	-0.168672	180.335296	1.978289	0.008162	15.1
1302	-0.168852	179.534150	1.986192	0.010804	20.9
1303	-0.172582	180.438539	1.977275	0.008760	35.8
1304	-0.172529	180.004551	1.981544	0.007115	16.8
1305	-0.172731	179.216269	1.989345	0.008596	20.9
1306	-0.174164	178.745185	1.994037	0.008090	42.2
1307	-0.170863	177.943875	2.002069	0.006689	16.0
1308	-0.174837	177.223664	2.009343	0.007156	20.3
1309	-0.176773	178.223663	1.999257	0.007389	58.1
1310	-0.172655	178.874689	1.992745	0.008273	15.5
1311	-0.172078	178.073422	2.000766	0.008692	38.9
1312	-0.174892	177.273843	2.008834	0.004116	23.6
1313	-0.169396	178.228930	1.999204	0.004527	28.9
1314	-0.165817	179.216838	1.989340	0.010119	28.4
1315	-0.174504	180.216367	1.979458	0.008477	17.4
1316	-0.165795	181.216321	1.969669	0.005600	35.7
1317	-0.171613	180.428159	1.977377	0.010363	13.6
1318	-0.172740	181.245140	1.969389	0.017004	21.0
1319	-0.177399	182.245140	1.959699	0.008686	47.2
1320	-0.168328	181.463370	1.967266	0.004612	20.3
1321	-0.172378	180.663696	1.975067	0.007712	41.3
1322	-0.170823	180.639185	1.975307	0.008539	12.2
1323	-0.174234	181.631051	1.965638	0.006979	9.0
1324	-0.174478	180.829742	1.973442	0.007438	30.9
1325	-0.170229	181.824806	1.963760	0.005302	23.0
1326	-0.173637	182.673319	1.955579	0.011754	11.6
1327	-0.174511	181.872013	1.963303	0.009064	22.0
1328	-0.171520	181.078362	1.971014	0.010450	31.1
1329	-0.171949	180.277051	1.978861	0.010384	29.0
1330	-0.178402	181.277051	1.969078	0.012834	19.5
1331	-0.174686	182.277050	1.959391	0.010190	44.2
1332	-0.165108	181.475781	1.967145	0.007748	21.1
1333	-0.172330	182.475780	1.957478	0.008367	46.5
1334	-0.175651	182.800131	1.954362	0.006012	27.9
1335	-0.175221	182.010917	1.961960	0.009247	15.7
1336	-0.170462	181.230628	1.969530	0.008877	17.3
1337	-0.165106	182.225777	1.959886	0.006518	28.8
1338	-0.170929	183.225758	1.950289	0.008201	11.3
1339	-0.173094	184.085869	1.942110	0.008452	81.3
1340	-0.173274	183.284558	1.949728	0.009090	20.2
1341	-0.168424	184.284487	1.940231	0.006873	32.2
1342	-0.173514	185.271804	1.930944	0.007131	32.3
1343	-0.172345	186.116446	1.923069	0.004910	8.9
1344	-0.174475	186.941142	1.915443	0.007001	22.7
1345	-0.175103	186.186283	1.922421	0.008774	32.9
1346	-0.174901	185.606169	1.927819	0.011454	12.3
1347	-0.176815	186.606169	1.918533	0.011899	19.2
1348	-0.170319	185.804858	1.925967	0.005602	35.8
1349	-0.171307	186.804858	1.916699	0.008791	34.3
1350	-0.179994	186.022275	1.923944	0.012006	10.2
1351	-0.167196	185.289080	1.930782	0.010118	37.8
1352	-0.169951	184.487769	1.938312	0.011015	20.8
1353	-0.170045	183.686457	1.945900	0.006330	9.4
1354	-0.173684	182.959629	1.952834	0.006182	14.4
1355	-0.179431	183.537870	1.947313	0.008023	25.3
1356	-0.173231	184.333342	1.939769	0.007193	25.7
1357	-0.177021	185.328891	1.930410	0.006870	18.5
1358	-0.173675	185.403643	1.929711	0.008576	15.0
1359	-0.165606	184.616057	1.937102	0.007816	11.8
1360	-0.173075	184.802854	1.935344	0.007929	31.6
1361	-0.173455	184.001543	1.942909	0.008943	23.0
1362	-0.171154	183.216785	1.950375	0.006601	26.9
1363	-0.173838	182.415473	1.958058	0.009032	37.4
1364	-0.173826	181.614162	1.965802	0.009625	12.2
1365	-0.169619	182.613171	1.956157	0.007749	23.5
1366	-0.175620	183.613060	1.946598	0.006575	55.2
1367	-0.170716	182.811752	1.954251	0.012055	51.3
1368	-0.172361	183.809402	1.944732	0.012912	77.1
1369	-0.169262	184.793311	1.935434	0.011046	58.6
1370	-0.167200	183.992000	1.942999	0.005805	92.5
1371	-0.174304	184.990811	1.933578	0.006372	75.2
1372	-0.171963	185.467136	1.929117	0.006243	61.2
1373	-0.172922	186.452649	1.919953	0.007313	18.9
1374	-0.171416	187.009749	1.914811	0.010907	20.3
1375	-0.173355	188.009748	1.905649	0.009180	64.1
1376	-0.172391	187.208437	1.912984	0.012336	33.0
1377	-0.173903	186.879841	1.916007	0.010768	65.9
1378	-0.171300	186.078651	1.923420	0.007854	59.6
1379	-0.174721	185.294955	1.930727	0.006351	66.1
1380	-0.177513	184.615415	1.937108	0.007082	42.9
1381	-0.170351	183.814229	1.944686	0.005576	13.4
1382	-0.172161	184.451479	1.938654	0.010163	29.6
1383	-0.177014	185.439361	1.929377	0.007796	23.1
1384	-0.171126	186.439359	1.920076	0.006465	19.2
1385	-0.180111	185.762974	1.926357	0.006728	19.0
1386	-0.175743	185.168428	1.931912	0.005460	48.4
1387	-0.176814	184.608984	1.937169	0.008891	42.7
1388	-0.166733	185.607440	1.927807	0.009233	46.1
1389	-0.173230	186.607440	1.918521	0.008408	60.2
1390	-0.178595	187.605769	1.909340	0.011278	65.2
1391	-0.169686	188.602279	1.900262	0.012962	38.1
1392	-0.173507	189.578919	1.891449	0.010174	39.7
1393	-0.173805	190.578919	1.882509	0.009853	38.4
1394	-0.174450	189.777608	1.889666	0.007998	21.6
1395	-0.170815	190.777608	1.880743	0.011372	44.7
1396	-0.175847	191.777608	1.871904	0.005692	84.1
1397	-0.172957	192.766009	1.863249	0.007475	35.9
1398	-0.180245	192.300420	1.867316	0.007046	39.8
1399	-0.175282	191.499284	1.874356	0.006903	21.4
1400	-0.174749	191.069234	1.878157	0.006346	29.1
1401	-0.169786	190.302551	1.884972	0.010544	34.0
1402	-0.170514	191.194115	1.877052	0.010127	40.0
1403	-0.175742	192.191618	1.868269	0.009309	18.3
1404	-0.171225	193.191197	1.859550	0.006000	37.4
1405	-0.167887	192.792634	1.863017	0.010701	32.8
1406	-0.175210	193.792561	1.854344	0.004442	23.3
1407	-0.171717	194.792530	1.845751	0.007213	43.5
1408	-0.173056	193.992702	1.852618	0.005599	26.1
1409	-0.168576	193.694487	1.855191	0.009156	34.7
1410	-0.175431	194.694417	1.846591	0.011963	23.2
1411	-0.171443	195.487438	1.839826	0.009696	20.3
1412	-0.178434	196.487437	1.831367	0.008482	50.1
1413	-0.176536	195.686373	1.838137	0.007951	27.9
1414	-0.167634	196.686372	1.829693	0.005379	30.1
1415	-0.174925	196.078662	1.834816	0.005788	70.1
1416	-0.172803	195.527574	1.839485	0.008733	32.2
1417	-0.176828	196.367416	1.832378	0.013056	64.6
1418	-0.172238	195.574377	1.839088	0.005896	59.7
1419	-0.166046	196.125784	1.834417	0.007098	21.2
1420	-0.162337	195.521805	1.839534	0.010417	77.9
1421	-0.168043	196.521674	1.831079	0.007503	36.9
1422	-0.171150	195.720428	1.837849	0.007961	30.4
1423	-0.182085	196.720428	1.829407	0.009322	39.5
1424	-0.172340	195.957687	1.835839	0.006173	61.3
1425	-0.170936	196.690497	1.829659	0.010559	25.0
1426	-0.173532	197.690497	1.821292	0.008083	80.0
1427	-0.172724	197.700737	1.821207	0.009850	41.2
1428	-0.174779	198.633187	1.813475	0.011094	40.3
1429	-0.174612	197.831932	1.820115	0.007453	65.9
1430	-0.169798	198.831471	1.811839	0.006672	80.1
1431	-0.172721	199.830824	1.803640	0.008707	22.0
1432	-0.171692	199.080295	1.809791	0.004258	53.4
1433	-0.172665	199.284848	1.808110	0.005760	69.8
1434	-0.168184	198.622363	1.813564	0.009295	86.9
1435	-0.170485	197.821052	1.820206	0.010220	59.5
1436	-0.175115	198.821052	1.811925	0.008847	70.5
1437	-0.174289	199.821052	1.803720	0.005448	61.9
1438	-0.174142	199.254706	1.808358	0.012751	23.0
1439	-0.176923	200.226498	1.800414	0.008860	50.3
1440	-0.171507	199.425186	1.806959	0.011258	39.0
1441	-0.167646	198.623875	1.813552	0.007733	27.7
1442	-0.173926	199.622299	1.805345	0.009135	44.9
1443	-0.167231	198.822059	1.811917	0.006122	16.5
1444	-0.165914	199.817757	1.803747	0.007201	60.0
1445	-0.169545	200.606185	1.797329	0.011021	50.6
1446	-0.168441	201.605892	1.789258	0.005799	23.3
1447	-0.168540	200.806147	1.795709	0.008277	56.1
1448	-0.174633	201.801835	1.787684	0.008385	41.8
1449	-0.171518	202.786782	1.779816	0.008909	35.5
1450	-0.173362	203.530842	1.773918	0.009384	71.8
1451	-0.176850	204.530187	1.766058	0.010519	50.8
1452	-0.172048	205.178128	1.760998	0.005946	65.3
1453	-0.172710	205.901811	1.755382	0.007670	47.4
1454	-0.171818	205.100592	1.761602	0.010012	52.4
1455	-0.170388	206.100563	1.753846	0.010664	59.6
1456	-0.173905	207.061142	1.746458	0.008337	24.2
1457	-0.170158	206.261528	1.752603	0.006453	56.1
1458	-0.171203	207.254819	1.744977	0.009533	30.6
1459	-0.172295	206.453508	1.751124	0.009749	19.1
1460	-0.175597	205.675672	1.757133	0.007106	34.7
1461	-0.180305	206.675672	1.749415	0.008642	42.9
1462	-0.175469	207.014236	1.746818	0.005834	31.2
1463	-0.175342	207.993285	1.739349	0.008167	67.3
1464	-0.165060	207.192337	1.745454	0.007887	44.2
1465	-0.169286	208.192336	1.737839	0.007129	51.1
1466	-0.172950	209.178493	1.730393	0.008973	64.1
1467	-0.171952	209.748341	1.726120	0.006082	38.5
1468	-0.180562	210.747766	1.718676	0.007129	67.7
1469	-0.180278	211.289318	1.714669	0.009065	41.5
1470	-0.172152	210.793221	1.718339	0.008896	25.8
1471	-0.174666	209.991951	1.724300	0.009371	48.9
1472	-0.176073	210.991950	1.716867	0.009636	52.1
1473	-0.178299	210.315688	1.721886	0.008551	46.1
1474	-0.173860	209.514377	1.727872	0.009070	52.9
1475	-0.170158	208.945643	1.732146	0.009459	29.3
1476	-0.177196	208.144394	1.738202	0.010565	62.2
1477	-0.168356	209.144393	1.730650	0.006285	56.0
1478	-0.174614	210.143716	1.723167	0.007687	49.6
1479	-0.174535	209.421112	1.728571	0.005665	47.7
1480	-0.172470	209.918753	1.724846	0.009803	36.3
1481	-0.176318	209.119046	1.730840	0.010646	41.8
1482	-0.178751	209.065316	1.731245	0.008434	45.5
1483	-0.174795	210.053350	1.723841	0.006631	31.0
1484	-0.171586	210.712585	1.718937	0.008624	57.9
1485	-0.175707	211.712078	1.711554	0.009409	43.8
1486	-0.168132	210.910766	1.717468	0.009638	31.5
1487	-0.174072	210.476975	1.720687	0.010571	41.0
1488	-0.169541	209.675663	1.726664	0.008274	28.0
1489	-0.179013	208.874352	1.732683	0.007349	46.0
1490	-0.173533	208.073041	1.738744	0.008945	53.2
1491	-0.172176	207.339768	1.744327	0.004497	41.3
1492	-0.177178	207.224656	1.745207	0.004892	34.5
1493	-0.171311	206.664646	1.749500	0.007525	46.3
1494	-0.170594	205.999999	1.754623	0.008175	22.1
1495	-0.175522	205.198690	1.760838	0.010681	48.2
1496	-0.175650	204.397379	1.767098	0.006577	20.9
1497	-0.175316	205.397379	1.759293	0.009243	57.2
1498	-0.176353	204.681858	1.764871	0.006095	40.5
1499	-0.167955	205.681734	1.757086	0.006777	30.0
1500	-0.175057	205.048327	1.762010	0.009268	27.7
1501	-0.171181	204.990654	1.762459	0.008677	34.4
1502	-0.171718	204.190816	1.768719	0.010928	84.8
1503	-0.173057	205.190815	1.760900	0.010209	27.7
1504	-0.175044	206.072699	1.754061	0.009300	47.4
1505	-0.178272	207.072699	1.746370	0.010923	37.9
1506	-0.170097	208.071686	1.738754	0.009135	34.2
1507	-0.177054	209.013441	1.731635	0.007940	26.5
1508	-0.170544	208.212212	1.737688	0.005462	40.2
1509	-0.178303	207.422449	1.743696	0.011834	44.3
1510	-0.168712	206.621169	1.749834	0.008203	28.0
1511	-0.172935	207.621167	1.742180	0.006141	27.8
1512	-0.176240	208.324178	1.736840	0.005179	27.1
1513	-0.173059	209.113108	1.730885	0.009982	48.9
1514	-0.173077	208.466513	1.735762	0.008183	56.3
1515	-0.167706	209.466513	1.728231	0.008646	50.0
1516	-0.170794	210.466436	1.720765	0.007461	25.8
1517	-0.169504	209.995455	1.724273	0.010455	45.6
1518	-0.173995	210.995387	1.716842	0.009803	52.7
1519	-0.180352	210.194411	1.722790	0.009907	39.4
1520	-0.169895	209.393100	1.728781	0.006897	53.9
1521	-0.171524	208.592055	1.734813	0.009301	26.8
1522	-0.174189	207.840369	1.740512	0.006918	29.9
1523	-0.178195	208.076383	1.738718	0.009917	57.4
1524	-0.170925	209.076362	1.731161	0.009056	53.7
1525	-0.172597	210.076360	1.723670	0.008111	69.6
1526	-0.169154	209.275049	1.729668	0.007265	29.2
1527	-0.174079	210.097210	1.723514	0.009343	63.9
1528	-0.169894	211.097207	1.716088	0.008496	38.8
1529	-0.169688	210.295896	1.722034	0.009293	45.3
1530	-0.170339	211.295896	1.714621	0.009847	24.2
1531	-0.177020	212.295879	1.707271	0.011470	47.6
1532	-0.171675	211.497246	1.713136	0.007160	48.5
1533	-0.168313	210.695980	1.719060	0.007834	26.1
1534	-0.169175	211.687888	1.711732	0.011113	13.1
1535	-0.179501	212.686807	1.704415	0.008394	49.0
1536	-0.173672	211.885524	1.710279	0.009959	40.5
1537	-0.174483	211.084602	1.716182	0.008737	38.7
1538	-0.178149	212.079188	1.708858	0.009320	47.1
1539	-0.173475	212.920897	1.702709	0.008760	32.0
1540	-0.171151	212.119615	1.708562	0.005503	44.1
1541	-0.177826	211.364704	1.714113	0.008896	40.4
1542	-0.175101	212.364487	1.706769	0.009537	24.6
1543	-0.170014	211.563175	1.712650	0.009967	36.8
1544	-0.170127	210.761864	1.718571	0.010000	54.1
1545	-0.169124	209.960552	1.724534	0.006607	77.2
1546	-0.169322	210.955817	1.717134	0.008551	59.2
1547	-0.173902	210.768442	1.718523	0.009591	37.2
1548	-0.171386	210.526926	1.720315	0.009705	47.7
1549	-0.169379	209.725630	1.726290	0.011079	41.3
1550	-0.173325	208.924574	1.732304	0.009985	39.7
1551	-0.169755	209.924505	1.724803	0.007193	36.4
1552	-0.165523	209.781561	1.725871	0.011330	24.7
1553	-0.172308	210.781557	1.718425	0.007286	26.8
1554	-0.170548	209.980374	1.724386	0.010369	49.1
1555	-0.174518	210.960872	1.717097	0.010077	42.7
1556	-0.170174	210.159662	1.723049	0.005922	37.9
1557	-0.172488	209.568112	1.727469	0.008884	25.7
1558	-0.172754	210.566904	1.720018	0.007635	14.7
1559	-0.171352	211.358887	1.714156	0.008377	33.2
1560	-0.177549	210.557610	1.720087	0.008632	29.5
1561	-0.172969	209.797899	1.725749	0.007488	52.0
1562	-0.173029	210.627477	1.719568	0.008486	46.5
1563	-0.177363	209.826166	1.725538	0.006123	34.4
1564	-0.173603	210.824068	1.718110	0.012294	37.3
1565	-0.174891	210.035964	1.723971	0.006860	36.6
1566	-0.176416	209.234682	1.729971	0.005992	24.4
1567	-0.168882	209.812950	1.725637	0.009759	52.1
1568	-0.177209	210.812932	1.718193	0.005766	40.3
1569	-0.170918	210.012687	1.724145	0.005349	24.1
1570	-0.169730	209.257048	1.729803	0.011551	41.2
1571	-0.178464	208.458169	1.735825	0.011475	24.9
1572	-0.168390	209.458169	1.728293	0.010309	31.9
1573	-0.180921	208.989458	1.731816	0.005648	47.1
1574	-0.170216	209.989440	1.724318	0.004873	26.5
1575	-0.168025	209.269231	1.729711	0.009063	46.7
1576	-0.173692	208.470631	1.735731	0.010039	31.0
1577	-0.171539	209.470631	1.728200	0.007108	50.9
1578	-0.171175	208.684953	1.734111	0.007473	33.3
1579	-0.166929	209.473828	1.728176	0.008265	42.6
1580	-0.175880	210.447604	1.720905	0.007292	52.0
1581	-0.170405	211.446764	1.713508	0.009313	74.3
1582	-0.175246	212.445667	1.706176	0.005552	56.3
1583	-0.176161	211.650287	1.712009	0.007326	54.0
1584	-0.174689	210.876736	1.717720	0.009084	24.5
1585	-0.169405	210.075425	1.723677	0.005746	41.4
1586	-0.176771	209.639756	1.726933	0.008827	26.8
1587	-0.171654	208.947914	1.732128	0.009099	29.8
1588	-0.173073	208.146604	1.738186	0.007350	26.8
1589	-0.176936	208.133456	1.738285	0.011576	48.6
1590	-0.175763	209.073095	1.731186	0.012610	21.1
1591	-0.179908	210.073095	1.723694	0.009539	32.2
1592	-0.173521	211.073095	1.716267	0.007819	36.0
1593	-0.175402	210.380983	1.721400	0.010772	49.9
1594	-0.166429	211.380968	1.713993	0.010584	32.8
1595	-0.171985	212.380962	1.706649	0.010363	20.0
1596	-0.171150	213.380860	1.699368	0.010451	50.5
1597	-0.174462	214.316652	1.692610	0.011941	47.6
1598	-0.170802	213.643894	1.697463	0.009100	48.1
1599	-0.174936	214.643775	1.690260	0.008129	33.7
1600	-0.172173	214.642621	1.690269	0.010943	36.8
1601	-0.172356	213.853618	1.695947	0.008642	42.1
1602	-0.169798	214.853617	1.688756	0.006770	36.3
1603	-0.180315	214.052312	1.694513	0.005930	45.1
1604	-0.175977	215.026513	1.687519	0.009278	59.7
1605	-0.171392	216.026498	1.680400	0.008373	16.4
1606	-0.169551	215.225186	1.686100	0.006942	45.1
1607	-0.171179	216.223610	1.679004	0.009576	46.2
1608	-0.174128	215.588889	1.683508	0.012020	38.7
1609	-0.173710	214.787578	1.689229	0.007014	50.3
1610	-0.179427	213.987460	1.694981	0.008597	31.5
1611	-0.179522	213.189173	1.700759	0.009397	32.0
1612	-0.170403	214.189160	1.693528	0.007515	28.1
1613	-0.166679	213.392764	1.699282	0.008304	66.3
1614	-0.170072	214.392470	1.692065	0.006018	46.7
1615	-0.168763	214.165883	1.693695	0.012348	57.6
1616	-0.169208	213.374760	1.699412	0.009357	36.6
1617	-0.180272	212.573449	1.705242	0.010755	39.9
1618	-0.172752	213.223250	1.700511	0.007518	53.0
1619	-0.175433	214.223250	1.693282	0.007725	69.6
1620	-0.177690	213.422130	1.699069	0.005439	58.0
1621	-0.176561	212.628388	1.704841	0.012113	31.7
1622	-0.176042	213.623867	1.697608	0.008393	10.5
1623	-0.173098	214.623867	1.690403	0.009484	53.9
1624	-0.178871	215.623867	1.683259	0.005728	47.1
1625	-0.171960	214.950006	1.688067	0.009898	21.5
1626	-0.176217	215.950002	1.680942	0.014605	30.9
1627	-0.173037	216.949999	1.673878	0.006944	18.3
1628	-0.173774	216.148698	1.679534	0.007024	38.0
1629	-0.179811	215.349456	1.685214	0.009013	40.3
1630	-0.175900	216.347983	1.678124	0.007406	69.0
1631	-0.178023	215.546687	1.683808	0.008345	73.3
1632	-0.169651	215.036266	1.687450	0.007172	52.2
1633	-0.167910	215.462510	1.684408	0.007774	40.7
1634	-0.171844	216.462500	1.677315	0.005542	44.7
1635	-0.172969	217.124075	1.672655	0.007701	45.8
1636	-0.173971	216.683551	1.675755	0.009230	31.1
1637	-0.174346	215.882249	1.681423	0.005683	43.2
1638	-0.175934	215.080972	1.687130	0.010453	49.8
1639	-0.173336	216.080972	1.680014	0.010069	36.6
1640	-0.175820	217.080972	1.672957	0.007133	21.4
1641	-0.172681	216.280981	1.678598	0.009660	39.6
1642	-0.173782	215.479673	1.684286	0.006126	40.6
1643	-0.176142	214.679639	1.690003	0.009676	30.0
1644	-0.172966	215.679446	1.682864	0.010107	83.5
1645	-0.169562	216.679446	1.675784	0.005127	83.1
1646	-0.169957	217.677948	1.668773	0.008612	38.8
1647	-0.167023	218.651311	1.661995	0.009388	39.3
1648	-0.175423	219.331795	1.657289	0.007817	43.6
1649	-0.176897	219.777958	1.654218	0.008426	23.5
1650	-0.174147	220.686068	1.648003	0.009510	40.3
1651	-0.171698	221.685937	1.641213	0.007544	53.6
1652	-0.174186	222.685908	1.634478	0.007798	59.7
1653	-0.178092	222.571445	1.635246	0.007727	40.6
1654	-0.172949	221.786144	1.640536	0.010930	20.8
1655	-0.177056	222.718757	1.634258	0.008311	27.0
1656	-0.174749	223.715762	1.627600	0.006739	22.9
1657	-0.170655	224.714000	1.620987	0.016989	44.6
1658	-0.168535	223.914399	1.626280	0.006154	32.5
1659	-0.173494	223.113091	1.631618	0.010456	29.2
1660	-0.168271	224.107249	1.625000	0.007574	34.4
1661	-0.175164	223.305938	1.630330	0.009416	47.5
1662	-0.173515	224.301123	1.623716	0.006665	36.7
1663	-0.170819	223.500862	1.629030	0.008123	53.4
1664	-0.172523	222.710904	1.634311	0.008439	30.3
1665	-0.171361	223.709820	1.627639	0.007613	48.5
1666	-0.175844	224.709805	1.621015	0.008504	52.4
1667	-0.177494	225.312962	1.617046	0.008838	48.7
1668	-0.176111	226.312958	1.610507	0.010779	30.5
1669	-0.169869	225.516979	1.615707	0.005140	41.9
1670	-0.168830	225.934162	1.612978	0.007559	37.9
1671	-0.173134	226.877870	1.606837	0.005969	26.0
1672	-0.171868	227.877102	1.600386	0.009105	55.0
1673	-0.172707	227.471177	1.603000	0.008079	41.5
1674	-0.173635	227.411921	1.603382	0.007515	31.5
1675	-0.177739	226.610651	1.608571	0.009046	74.0
1676	-0.177721	225.825992	1.613685	0.009573	81.6
1677	-0.172095	225.167196	1.618003	0.008425	59.5
1678	-0.172211	226.167196	1.611457	0.008964	77.7
1679	-0.178113	225.366114	1.616697	0.012688	21.5
1680	-0.170057	226.366114	1.610161	0.006932	35.3
1681	-0.169464	227.366065	1.603678	0.009920	60.7
1682	-0.171136	228.366060	1.597247	0.011809	49.9
1683	-0.171810	229.011567	1.593124	0.008843	57.9
1684	-0.173522	230.011505	1.586777	0.006659	31.0
1685	-0.169934	229.214633	1.591831	0.009314	38.0
1686	-0.168947	228.413435	1.596944	0.005704	23.5
1687	-0.175188	229.322030	1.591148	0.008657	40.4
1688	-0.172212	229.136691	1.592327	0.006945	59.5
1689	-0.174946	230.136512	1.585987	0.009213	48.5
1690	-0.173919	231.130555	1.579734	0.007915	64.8
1691	-0.172927	232.127122	1.573515	0.007367	53.5
1692	-0.169861	231.429911	1.577861	0.005800	26.6
1693	-0.168854	230.636071	1.582839	0.005700	45.5
1694	-0.175070	231.528798	1.577243	0.009238	31.6
1695	-0.175511	232.525479	1.571043	0.005974	34.4
1696	-0.178236	231.724170	1.576024	0.011411	44.4
1697	-0.172092	232.724154	1.569812	0.009909	51.9
1698	-0.170534	233.682652	1.563904	0.006358	28.9
1699	-0.170393	233.935309	1.562354	0.007534	33.9
1700	-0.176726	233.486351	1.565111	0.010826	57.3
1701	-0.174703	232.685040	1.570054	0.006237	36.0
1702	-0.177632	231.883730	1.575029	0.005536	26.6
1703	-0.177105	232.366589	1.572028	0.009926	56.5
1704	-0.169177	231.567731	1.577000	0.004977	44.1
1705	-0.171884	230.903722	1.581157	0.011268	59.6
1706	-0.171625	231.903679	1.574905	0.008209	42.3
1707	-0.173418	231.102511	1.579910	0.008510	40.7
1708	-0.176447	230.325784	1.584793	0.006272	54.1
1709	-0.172363	229.887562	1.587561	0.007008	24.3
1710	-0.171827	229.431603	1.590451	0.012633	44.2
1711	-0.173504	230.431603	1.584126	0.008153	65.6
1712	-0.172686	231.431603	1.577850	0.005840	59.6
1713	-0.178303	230.630393	1.582874	0.009555	44.8
1714	-0.174713	231.137752	1.579689	0.008787	25.0
1715	-0.173194	232.137752	1.573449	0.009087	85.5
1716	-0.175480	233.137752	1.567258	0.010192	23.0
1717	-0.171973	234.096551	1.561367	0.006783	50.3
1718	-0.176551	235.096551	1.555270	0.010447	51.8
1719	-0.177529	236.035995	1.549586	0.008407	55.2
1720	-0.173089	235.285678	1.554122	0.008209	22.9
1721	-0.177389	236.266901	1.548195	0.010592	25.1
1722	-0.171113	237.195153	1.542629	0.007656	44.3
1723	-0.171347	236.393855	1.547431	0.009960	37.7
1724	-0.166590	237.393844	1.541443	0.010075	46.4
1725	-0.170603	236.592533	1.546238	0.006851	63.2
1726	-0.174568	237.592383	1.540259	0.008845	18.3
1727	-0.171080	238.592383	1.534326	0.008268	47.9
1728	-0.173550	239.592320	1.528438	0.007428	48.2
1729	-0.170711	240.592311	1.522596	0.005573	38.8
1730	-0.174733	240.111124	1.525402	0.008956	49.5
1731	-0.177842	241.110404	1.519586	0.009600	65.1
1732	-0.173561	240.309093	1.524246	0.008726	21.7
1733	-0.175259	241.160138	1.519298	0.006859	59.3
1734	-0.171505	242.160138	1.513524	0.007050	36.9
1735	-0.171623	243.160006	1.507796	0.007233	40.5
1736	-0.169736	242.358747	1.512383	0.010157	34.3
1737	-0.171644	241.558985	1.516990	0.010578	55.4
1738	-0.177299	242.523845	1.511436	0.008263	47.1
1739	-0.174546	241.726076	1.516025	0.011279	43.5
1740	-0.175142	242.725986	1.510277	0.006480	22.5
1741	-0.171368	241.924675	1.514880	0.009239	47.8
1742	-0.171052	242.920770	1.509162	0.008637	33.7
1743	-0.173470	243.920770	1.503466	0.009732	46.4
1744	-0.172410	244.917742	1.497829	0.007964	48.1
1745	-0.172928	244.116430	1.502356	0.011438	47.0
1746	-0.174132	243.315269	1.506910	0.008332	27.3
1747	-0.174700	242.515023	1.511486	0.008191	46.4
1748	-0.173831	243.479658	1.505973	0.008869	23.6
1749	-0.171937	244.479658	1.500301	0.009224	34.4
1750	-0.169138	243.909045	1.503532	0.006898	26.2
1751	-0.171795	244.908089	1.497883	0.006616	24.0
1752	-0.171900	244.106894	1.502410	0.009356	18.7
1753	-0.173136	245.106217	1.496768	0.007292	42.8
1754	-0.171763	246.106216	1.491165	0.008194	49.0
1755	-0.171219	245.639291	1.493776	0.007218	47.8
1756	-0.172496	246.639288	1.488194	0.013237	27.1
1757	-0.175534	247.328843	1.484370	0.012328	40.9
1758	-0.179884	248.328843	1.478859	0.010305	58.7
1759	-0.172452	249.328843	1.473388	0.007793	67.7
1760	-0.171907	248.560476	1.477588	0.007141	42.3
1761	-0.171728	249.558542	1.472137	0.011702	54.4
1762	-0.168248	250.289867	1.468169	0.006461	33.7
1763	-0.170871	249.503838	1.472435	0.006425	34.4
1764	-0.166704	249.923560	1.470154	0.008821	34.9
1765	-0.169850	249.122249	1.474515	0.009719	66.0
1766	-0.174729	248.475815	1.478052	0.005634	65.2
1767	-0.169130	249.475815	1.472588	0.008980	34.1
1768	-0.169580	250.475691	1.467164	0.008830	60.8
1769	-0.176788	251.466637	1.461828	0.005176	27.9
1770	-0.169380	252.466494	1.456483	0.008954	30.7
1771	-0.169596	251.672604	1.460724	0.006919	32.6
1772	-0.174835	250.871294	1.465029	0.011922	40.3
1773	-0.166852	251.840220	1.459826	0.012522	54.0
1774	-0.172575	252.840212	1.454495	0.008578	53.4
1775	-0.171054	252.385731	1.456913	0.006337	43.3
1776	-0.172324	251.584421	1.461196	0.013660	47.8
1777	-0.169959	251.876781	1.459631	0.008151	36.8
1778	-0.172963	252.876781	1.454301	0.005796	39.4
1779	-0.172186	252.419598	1.456733	0.009687	34.6
1780	-0.167367	252.084554	1.458520	0.007485	39.2
1781	-0.172407	251.286862	1.462793	0.010255	55.9
1782	-0.176607	252.249658	1.457639	0.007371	51.2
1783	-0.172236	252.188868	1.457963	0.004680	63.7
1784	-0.165448	251.406037	1.462153	0.008787	36.6
1785	-0.170967	252.236572	1.457709	0.013394	63.2
1786	-0.173841	251.435261	1.461996	0.008802	56.4
1787	-0.174690	252.435256	1.456649	0.007626	38.3
1788	-0.169979	251.781777	1.460139	0.009032	27.4
1789	-0.178064	250.980468	1.464441	0.006992	28.6
1790	-0.173137	250.406859	1.467536	0.004474	28.1
1791	-0.174516	251.044050	1.464099	0.009897	57.9
1792	-0.173089	250.267545	1.468290	0.008303	56.6
1793	-0.172381	250.979171	1.464448	0.007149	39.7
1794	-0.172436	251.967976	1.459143	0.008406	77.4
1795	-0.178064	251.222137	1.463141	0.009851	59.4
1796	-0.175936	252.111534	1.458376	0.008509	40.4
1797	-0.174965	251.719407	1.460473	0.009761	60.3
1798	-0.179451	250.929440	1.464716	0.008918	16.3
1799	-0.173249	251.656631	1.460809	0.010099	43.4
1800	-0.165908	252.655034	1.455480	0.010971	44.7
1801	-0.168299	251.853723	1.459754	0.009103	33.3
1802	-0.169881	252.853723	1.454424	0.008097	31.8
1803	-0.175940	253.853682	1.449132	0.010046	40.1
1804	-0.171519	253.052371	1.453369	0.008220	49.1
1805	-0.173895	252.256957	1.457600	0.006918	46.6
1806	-0.170530	252.428369	1.456686	0.008031	28.0
1807	-0.169100	253.428368	1.451378	0.007783	58.5
1808	-0.168386	252.627056	1.455628	0.008303	40.9
1809	-0.169328	253.627055	1.450328	0.011919	32.4
1810	-0.170331	252.825744	1.454572	0.005432	85.5
1811	-0.164719	252.024437	1.458841	0.010842	34.7
1812	-0.175896	253.023209	1.453524	0.006727	44.6
1813	-0.167765	253.950575	1.448621	0.008428	34.1
1814	-0.177947	254.081491	1.447932	0.007927	26.9
1815	-0.174121	255.053911	1.442832	0.008858	49.9
1816	-0.172336	256.047152	1.437659	0.010553	28.5
1817	-0.171453	255.245841	1.441829	0.007590	37.6
1818	-0.167129	256.245833	1.436629	0.012395	48.9
1819	-0.169787	257.245832	1.431466	0.007037	28.5
1820	-0.166024	258.245741	1.426340	0.006161	45.3
1821	-0.174591	257.549058	1.429907	0.008966	41.0
1822	-0.167597	258.549047	1.424792	0.007669	10.8
1823	-0.172066	259.506872	1.419927	0.012009	57.1
1824	-0.175211	258.705561	1.423995	0.004746	43.5
1825	-0.172677	259.448334	1.420223	0.005208	48.5
1826	-0.176587	260.427537	1.415282	0.009114	47.0
1827	-0.173696	259.629059	1.419309	0.008804	36.7
1828	-0.179729	258.829456	1.423364	0.010215	36.8
1829	-0.168033	258.028157	1.427452	0.008497	48.4
1830	-0.173036	257.226846	1.431563	0.010119	37.0
1831	-0.170899	258.225547	1.426443	0.005437	42.4
1832	-0.164400	259.225546	1.421353	0.007399	43.1
1833	-0.166896	258.791436	1.423558	0.009801	65.3
1834	-0.175491	257.990129	1.427647	0.006509	31.7
1835	-0.173116	258.569895	1.424686	0.006009	128.0
1836	-0.169268	257.778337	1.428731	0.010893	75.1
1837	-0.173979	256.977088	1.432849	0.007683	46.2
1838	-0.172369	257.977088	1.427713	0.008592	56.8
1839	-0.170112	258.951583	1.422744	0.007756	43.3
1840	-0.176952	258.151706	1.426820	0.012393	37.7
1841	-0.177022	257.351933	1.430920	0.003540	53.3
1842	-0.171761	257.031369	1.432570	0.011021	66.1
1843	-0.175092	258.029556	1.427445	0.011752	50.8
1844	-0.179124	259.029556	1.422347	0.008634	40.6
1845	-0.174596	260.029511	1.417286	0.007513	36.8
1846	-0.173224	259.375164	1.420594	0.008026	41.1
1847	-0.171240	258.602444	1.424520	0.006687	20.7
1848	-0.173215	259.598693	1.419462	0.006712	29.8
1849	-0.174635	260.593293	1.414449	0.006482	81.6
1850	-0.177030	259.795252	1.418469	0.010653	32.4
1851	-0.170587	258.994437	1.422526	0.009847	28.3
1852	-0.172901	258.193128	1.426609	0.009722	35.4
1853	-0.172258	257.429377	1.430522	0.007507	43.6
1854	-0.174488	256.629449	1.434644	0.006740	56.7
1855	-0.173632	255.828437	1.438795	0.007740	72.2
1856	-0.168016	255.027188	1.442971	0.009200	49.1
1857	-0.174325	254.226819	1.447168	0.009079	52.8
1858	-0.173616	253.425508	1.451393	0.005255	35.8
1859	-0.168753	254.362736	1.446453	0.011922	48.3
1860	-0.174053	254.664820	1.444868	0.008710	43.1
1861	-0.171362	255.664723	1.439646	0.007739	53.6
1862	-0.175135	256.659670	1.434487	0.009874	54.7
1863	-0.164805	255.858358	1.438639	0.005506	41.7
1864	-0.170255	256.858148	1.433463	0.012694	52.9
1865	-0.174706	257.857885	1.428324	0.008795	32.7
1866	-0.168765	258.856541	1.423227	0.006080	36.6
1867	-0.171275	258.055230	1.427314	0.009146	57.4
1868	-0.174055	258.942731	1.422789	0.008514	33.9
1869	-0.165911	259.259805	1.421179	0.008552	29.0
1870	-0.170134	260.241556	1.416218	0.009382	55.5
1871	-0.170058	260.158953	1.416634	0.004277	27.0
1872	-0.175681	259.357694	1.420683	0.006394	51.8
1873	-0.171127	260.355437	1.415645	0.008856	55.4
1874	-0.173758	261.352224	1.410647	0.011388	52.9
1875	-0.172315	262.352224	1.405669	0.010458	42.2
1876	-0.173571	261.559393	1.409613	0.010042	60.7
1877	-0.169916	260.758082	1.413622	0.006916	22.5
1878	-0.170773	261.755857	1.408633	0.004064	29.7
1879	-0.166738	261.984304	1.407496	0.006154	57.6
1880	-0.174218	262.044288	1.407198	0.013565	23.8
1881	-0.169677	262.825151	1.403326	0.013219	62.0
1882	-0.174305	262.023839	1.407300	0.010465	50.5
1883	-0.171098	261.222528	1.411295	0.009844	41.9
1884	-0.172485	262.222528	1.406312	0.008492	44.2
1885	-0.170697	261.421221	1.410302	0.007251	54.8
1886	-0.176579	260.855430	1.413133	0.009543	55.1
1887	-0.175757	260.054969	1.417158	0.007901	36.0
1888	-0.168681	261.054735	1.412135	0.006770	40.2
1889	-0.171749	260.746632	1.413679	0.006996	55.1
1890	-0.171625	259.957384	1.417650	0.009001	42.2
1891	-0.171336	260.265167	1.416099	0.005883	35.2
1892	-0.167029	259.463957	1.420144	0.008732	53.7
1893	-0.170748	259.828851	1.418299	0.007969	48.3
1894	-0.174050	260.828219	1.413270	0.012450	53.7
1895	-0.168968	261.828219	1.408273	0.010757	39.5
1896	-0.172644	261.027091	1.412273	0.006834	39.2
1897	-0.168445	262.027057	1.407284	0.012866	43.3
1898	-0.173111	263.027057	1.402329	0.009660	56.8
1899	-0.174642	263.590521	1.399552	0.005513	46.2
1900	-0.181763	264.590352	1.394653	0.008245	59.2
1901	-0.167191	265.386157	1.390777	0.008548	25.5
1902	-0.175844	266.386157	1.385938	0.006038	53.2
1903	-0.174794	267.360856	1.381253	0.009715	43.1
1904	-0.174481	268.355658	1.376504	0.011112	34.2
1905	-0.175688	267.554519	1.380326	0.010347	69.6
1906	-0.168569	268.554519	1.375559	0.006520	76.0
1907	-0.178503	268.275141	1.376887	0.007794	45.8
1908	-0.175478	267.629863	1.379966	0.008598	40.8
1909	-0.171137	266.865753	1.383629	0.006541	53.6
1910	-0.171983	267.865730	1.378839	0.008256	40.8
1911	-0.175864	267.965897	1.378361	0.012194	56.8
1912	-0.168585	267.164586	1.382194	0.010845	32.5
1913	-0.174455	266.522468	1.385281	0.004649	49.9
1914	-0.173568	267.522432	1.380480	0.007743	57.7
1915	-0.168645	266.721283	1.384323	0.007013	43.9
1916	-0.166020	266.816068	1.383868	0.008854	50.0
1917	-0.170047	267.805917	1.379124	0.010424	41.8
1918	-0.171539	268.761516	1.374576	0.008960	22.3
1919	-0.174718	269.618792	1.370522	0.010830	21.8
1920	-0.170816	268.817490	1.374311	0.014627	47.1
1921	-0.171184	268.016179	1.378121	0.007448	46.1
1922	-0.173626	269.016177	1.373369	0.009095	50.6
1923	-0.172352	268.215850	1.377170	0.010848	54.5
1924	-0.171612	269.213197	1.372437	0.013140	29.9
1925	-0.176179	268.422306	1.376187	0.008227	51.4
1926	-0.175518	269.421642	1.371452	0.008421	36.1
1927	-0.169387	270.415351	1.366775	0.005259	24.9
1928	-0.172587	269.615041	1.370539	0.009270	34.4
1929	-0.173855	268.917278	1.373838	0.009799	42.9
1930	-0.172581	269.674916	1.370257	0.007008	40.2
1931	-0.168453	268.873631	1.374045	0.008661	24.1
1932	-0.175862	269.873560	1.369321	0.010138	60.8
1933	-0.177220	269.072467	1.373103	0.010776	45.7
1934	-0.175954	268.271256	1.376906	0.006072	77.7
1935	-0.173685	269.183790	1.372576	0.007229	23.7
1936	-0.174880	270.183642	1.367863	0.011278	30.9
1937	-0.172071	269.385083	1.371625	0.005392	68.1
1938	-0.173231	268.584575	1.375416	0.007491	24.4
1939	-0.168888	268.801985	1.374384	0.010831	20.1
1940	-0.168045	269.801983	1.369658	0.012170	45.1
1941	-0.170574	269.000680	1.373443	0.012262	42.5
1942	-0.174200	270.000680	1.368723	0.015092	35.5
1943	-0.176775	269.199368	1.372502	0.009069	37.3
1944	-0.173906	268.398057	1.376303	0.010089	76.6
1945	-0.176167	269.398057	1.371563	0.008541	24.1
1946	-0.175367	270.390884	1.366890	0.008995	23.3
1947	-0.172567	271.236374	1.362935	0.008413	26.7
1948	-0.162452	272.216646	1.358379	0.006493	53.8
1949	-0.173936	273.216569	1.353762	0.008731	33.0
1950	-0.172268	272.577224	1.356711	0.008422	13.2
1951	-0.174953	273.577206	1.352105	0.009676	48.5
1952	-0.171276	272.821422	1.355583	0.009235	81.3
1953	-0.175081	272.025390	1.359266	0.009480	38.4
1954	-0.172903	272.989555	1.354808	0.005530	50.2
1955	-0.181085	273.989497	1.350215	0.009387	62.6
1956	-0.172847	273.198173	1.353847	0.009635	50.8
1957	-0.173320	273.021482	1.354661	0.004673	28.7
1958	-0.173204	272.497436	1.357079	0.006844	28.9
1959	-0.169553	273.494428	1.352485	0.012107	54.6
1960	-0.167866	272.693117	1.356175	0.007174	27.8
1961	-0.174265	273.693083	1.351573	0.012653	31.3
1962	-0.172605	274.691074	1.347012	0.009139	35.8
1963	-0.166404	275.691073	1.342472	0.008571	45.5
1964	-0.173069	276.691073	1.337962	0.008519	44.6
1965	-0.178205	276.021691	1.340977	0.008624	50.7
1966	-0.173463	275.220603	1.344604	0.008235	42.9
1967	-0.168785	276.220603	1.340080	0.013378	39.7
1968	-0.174130	277.220602	1.335586	0.007019	36.1
1969	-0.170335	276.540711	1.338638	0.007104	41.2
1970	-0.176480	277.501689	1.334329	0.007156	62.1
1971	-0.169489	278.501688	1.329873	0.007182	42.4
1972	-0.173550	277.704877	1.333421	0.009899	56.8
1973	-0.176594	276.903958	1.337006	0.007529	28.4
1974	-0.174430	276.164310	1.340334	0.007364	42.3
1975	-0.176360	277.113646	1.336065	0.006525	55.4
1976	-0.169021	276.353351	1.339481	0.008705	43.8
1977	-0.169918	275.552377	1.343099	0.007639	55.6
1978	-0.174027	274.751065	1.346738	0.008693	44.8
1979	-0.174177	275.738872	1.342255	0.007715	38.3
1980	-0.173404	276.657630	1.338112	0.008008	57.2
1981	-0.169844	277.657615	1.333632	0.007303	45.8
1982	-0.176421	276.856868	1.337217	0.006421	57.6
1983	-0.171248	277.335984	1.335070	0.010180	48.1
1984	-0.175902	278.152214	1.331427	0.008532	48.5
1985	-0.171598	277.351543	1.335000	0.006815	27.9
1986	-0.169118	276.551920	1.338588	0.009038	46.3
1987	-0.174199	276.131574	1.340481	0.010539	42.2
1988	-0.172714	275.330345	1.344106	0.010272	32.2
1989	-0.172520	276.330302	1.339585	0.008459	65.1
1990	-0.173951	277.270781	1.335361	0.012322	44.5
1991	-0.170649	276.619561	1.338283	0.010314	21.2
1992	-0.177805	275.818250	1.341896	0.006648	51.2
1993	-0.170263	276.395338	1.339292	0.007242	41.0
1994	-0.171486	275.605954	1.342857	0.010418	14.3
1995	-0.173266	276.605938	1.338345	0.006662	65.5
1996	-0.171582	277.605930	1.333863	0.008496	76.9
1997	-0.176177	276.804918	1.337450	0.005724	28.8
1998	-0.173591	276.031855	1.340931	0.008508	50.3
1999	-0.171747	275.850395	1.341751	0.007142	69.8
