1:ItNr	2:Metric	3a:Time	3b:StepSize	4:||Gradient||	Time[ms]
0	-0.143220	0.000000	61.171061	0.005665	793.5
1	-0.147902	0.000000	61.171061	0.005127	9.8
2	-0.146468	0.000000	61.171061	0.003403	14.3
3	-0.145783	0.000000	61.171061	0.005326	13.3
4	-0.148632	0.000000	61.171061	0.004926	13.7
5	-0.147717	0.000000	61.171061	0.004108	14.7
6	-0.149554	0.999999	58.390560	0.005244	23.0
7	-0.146043	0.473204	59.823037	0.004871	17.9
8	-0.152345	0.000000	61.171061	0.007360	11.8
9	-0.147401	0.000000	61.171061	0.005741	9.8
10	-0.148595	0.000000	61.171061	0.004383	19.2
11	-0.150384	0.000000	61.171061	0.005982	24.2
12	-0.157365	0.000000	61.171061	0.006981	19.1
13	-0.149905	0.000000	61.171061	0.005136	19.3
14	-0.151062	0.000000	61.171061	0.006222	21.9
15	-0.148072	0.000000	61.171061	0.004741	32.3
16	-0.152460	0.000000	61.171061	0.004834	34.9
17	-0.151746	0.000000	61.171061	0.005371	28.2
18	-0.160647	0.000000	61.171061	0.005332	25.9
19	-0.159697	0.000000	61.171061	0.003181	19.4
20	-0.159098	0.000000	61.171061	0.004645	33.7
21	-0.158267	0.000000	61.171061	0.004250	14.8
22	-0.155424	0.000000	61.171061	0.006910	15.8
23	-0.161973	0.000000	61.171061	0.005717	15.8
24	-0.161092	0.000000	61.171061	0.005808	14.3
25	-0.158002	0.000000	61.171061	0.006760	19.9
26	-0.161977	0.000000	61.171061	0.007718	15.2
27	-0.165847	0.000000	61.171061	0.005562	13.7
28	-0.167947	0.000000	61.171061	0.004435	15.7
29	-0.162812	0.000000	61.171061	0.004321	12.9
30	-0.167376	0.000000	61.171061	0.005360	15.9
31	-0.163532	0.000000	61.171061	0.003781	11.8
32	-0.169152	0.000000	61.171061	0.005916	11.6
33	-0.169321	0.000000	61.171061	0.005091	11.5
34	-0.176212	0.000000	61.171061	0.006932	17.5
35	-0.165848	0.000000	61.171061	0.005122	17.3
36	-0.169272	0.000000	61.171061	0.005774	11.6
37	-0.178517	0.000000	61.171061	0.005895	18.8
38	-0.173027	0.000000	61.171061	0.005837	12.9
39	-0.171068	0.000000	61.171061	0.005773	12.1
40	-0.170150	1.000000	58.390558	0.005445	16.2
41	-0.172886	1.999921	55.852030	0.006385	16.7
42	-0.170063	1.473125	57.161265	0.003660	21.4
43	-0.171511	0.946330	58.533353	0.005601	11.2
44	-0.181241	0.419546	59.972898	0.004222	13.5
45	-0.176193	0.000000	61.171061	0.005965	18.2
46	-0.178280	0.000000	61.171061	0.006225	14.3
47	-0.177423	0.000000	61.171061	0.005778	16.1
48	-0.178292	0.000000	61.171061	0.005919	14.0
49	-0.181645	0.000000	61.171061	0.004349	7.7
50	-0.179065	0.000000	61.171061	0.002770	10.5
51	-0.180581	0.584506	59.514554	0.006020	14.1
52	-0.176293	0.057746	61.003314	0.007679	25.5
53	-0.186347	0.000000	61.171061	0.005700	22.0
54	-0.184697	0.000000	61.171061	0.004744	15.6
55	-0.186108	0.000000	61.171061	0.006662	20.3
56	-0.189893	0.000000	61.171061	0.005619	16.1
57	-0.189543	0.000000	61.171061	0.007318	14.3
58	-0.192705	0.000000	61.171061	0.004722	13.0
59	-0.187924	0.000000	61.171061	0.004184	23.1
60	-0.192416	0.000000	61.171061	0.007627	22.5
61	-0.191987	0.000000	61.171061	0.003943	28.4
62	-0.194428	0.000000	61.171061	0.006182	18.0
63	-0.194522	0.000000	61.171061	0.002666	19.6
64	-0.201310	0.999997	58.390565	0.006851	15.7
65	-0.195588	1.927726	56.027897	0.007042	15.2
66	-0.198794	1.400931	57.345487	0.006197	16.5
67	-0.204378	0.874135	58.726539	0.007504	23.0
68	-0.201388	0.347340	60.175754	0.007431	28.3
69	-0.193476	0.000000	61.171061	0.004682	22.0
70	-0.201061	0.000000	61.171061	0.004503	25.5
71	-0.200398	0.000000	61.171061	0.005941	17.6
72	-0.195591	0.000000	61.171061	0.006319	17.1
73	-0.204236	0.000000	61.171061	0.005760	21.8
74	-0.208969	0.000000	61.171061	0.008873	23.6
75	-0.201667	0.000000	61.171061	0.005595	14.8
76	-0.206468	0.000000	61.171061	0.004767	10.9
77	-0.204813	0.000000	61.171061	0.006525	15.2
78	-0.206956	0.000000	61.171061	0.005315	16.5
79	-0.203488	0.000000	61.171061	0.006995	20.9
80	-0.206351	0.000000	61.171061	0.003420	17.4
81	-0.209667	0.000000	61.171061	0.007120	13.1
82	-0.211236	0.000000	61.171061	0.005941	12.1
83	-0.210964	0.000000	61.171061	0.006701	15.5
84	-0.217136	0.000000	61.171061	0.003881	10.4
85	-0.215885	0.991456	58.413243	0.002808	11.8
86	-0.214646	1.922109	56.041626	0.005593	17.3
87	-0.217258	2.922074	53.699035	0.004588	15.5
88	-0.218118	2.520480	54.615904	0.004668	12.0
89	-0.218818	1.993685	55.867178	0.004317	8.2
90	-0.215443	2.933386	53.673655	0.003780	9.3
91	-0.220185	2.406591	54.881648	0.003797	20.1
92	-0.214562	1.879833	56.145176	0.003821	12.8
93	-0.213596	1.487899	57.123711	0.003987	18.4
94	-0.219190	0.964641	58.484556	0.003192	10.0
95	-0.219423	1.959227	55.951025	0.004278	16.3
96	-0.217112	2.883715	53.785279	0.004363	8.6
97	-0.221090	2.357180	54.997748	0.004311	10.9
98	-0.217448	1.830384	56.266783	0.006481	17.3
99	-0.221829	1.303589	57.595765	0.005417	21.4
100	-0.223267	0.776794	58.989046	0.005785	21.9
101	-0.223964	0.249998	60.451406	0.004577	15.5
102	-0.218531	0.000000	61.171061	0.004862	15.0
103	-0.219761	0.000000	61.171061	0.003039	15.8
104	-0.222274	0.000000	61.171061	0.004135	13.0
105	-0.218151	0.000000	61.171061	0.004782	18.2
106	-0.231413	0.000000	61.171061	0.006891	17.0
107	-0.224930	0.000000	61.171061	0.007113	17.0
108	-0.234586	0.000000	61.171061	0.005502	17.3
109	-0.224243	0.000000	61.171061	0.005404	17.0
110	-0.228057	0.000000	61.171061	0.004765	14.3
111	-0.219778	0.000000	61.171061	0.005270	15.4
112	-0.229005	0.000000	61.171061	0.006403	12.4
113	-0.223346	0.000000	61.171061	0.003885	11.8
114	-0.231152	0.999059	58.393057	0.004875	13.9
115	-0.227913	1.970380	55.923859	0.006055	15.1
116	-0.230349	1.443584	57.236503	0.003648	12.2
117	-0.221486	0.918532	58.607587	0.003901	10.0
118	-0.229988	0.391746	60.050839	0.004023	11.2
119	-0.226605	0.000000	61.171061	0.005068	8.6
120	-0.228551	1.000000	58.390558	0.001577	16.6
121	-0.228997	1.733441	56.506723	0.003272	15.2
122	-0.222692	1.307747	57.585029	0.004951	13.1
123	-0.221603	0.780952	58.977784	0.004055	13.1
124	-0.218890	0.254157	60.439579	0.004273	12.5
125	-0.225587	1.051921	58.253077	0.003956	17.5
126	-0.230352	0.529457	59.666730	0.003089	17.2
127	-0.232696	0.002661	61.163310	0.006713	17.6
128	-0.231147	0.000000	61.171061	0.002952	18.4
129	-0.231596	0.971199	58.467100	0.004442	14.4
130	-0.229796	1.971198	55.921867	0.004080	19.1
131	-0.233168	1.444403	57.234416	0.005370	14.8
132	-0.225303	1.391918	57.368569	0.003980	17.6
133	-0.226418	1.836534	56.251632	0.004798	15.6
134	-0.223160	1.344113	57.491308	0.005710	15.9
135	-0.222416	0.817318	58.879478	0.005022	22.0
136	-0.229797	0.290522	60.336344	0.002570	14.6
137	-0.230443	0.097965	60.887023	0.004497	11.0
138	-0.224060	0.000000	61.171061	0.004477	17.5
139	-0.231870	0.999086	58.392984	0.004957	17.7
140	-0.232437	0.472291	59.825582	0.004181	17.3
141	-0.226943	0.000000	61.171061	0.005775	16.8
142	-0.238256	0.000000	61.171061	0.004649	10.4
143	-0.226922	0.000000	61.171061	0.003497	14.9
144	-0.231602	0.000000	61.171061	0.004910	16.9
145	-0.235260	0.180257	60.650458	0.003914	14.6
146	-0.232712	0.000000	61.171061	0.004706	16.9
147	-0.233719	0.000000	61.171061	0.004462	15.3
148	-0.232119	0.000000	61.171061	0.005728	19.2
149	-0.236430	0.000000	61.171061	0.005787	23.9
150	-0.237172	0.000000	61.171061	0.004234	14.3
151	-0.232879	0.000000	61.171061	0.002669	16.4
152	-0.230490	0.999989	58.390587	0.005741	20.1
153	-0.227880	1.960630	55.947606	0.007240	26.4
154	-0.231734	1.433835	57.261377	0.005205	22.4
155	-0.230791	2.433817	54.817884	0.004533	20.6
156	-0.234661	1.907022	56.078537	0.003905	16.0
157	-0.237506	1.380230	57.398528	0.004268	16.4
158	-0.239998	0.853448	58.782134	0.002435	10.3
159	-0.242877	0.839373	58.820017	0.003716	14.1
160	-0.241143	0.320135	60.252540	0.003530	11.1
161	-0.243083	0.000000	61.171061	0.005126	9.6
162	-0.241451	0.924760	58.590938	0.005228	8.6
163	-0.235396	0.397966	60.033383	0.003807	13.8
164	-0.240400	0.202238	60.587581	0.003878	10.7
165	-0.231773	1.202237	57.858686	0.003348	11.6
166	-0.237037	2.016784	55.811110	0.004138	12.1
167	-0.243731	3.009503	53.503494	0.005910	16.2
168	-0.237917	4.009503	51.364167	0.003531	14.5
169	-0.233477	4.547255	50.282986	0.003929	11.2
170	-0.234652	4.020512	51.341567	0.004633	16.3
171	-0.240912	5.020511	49.368449	0.003541	15.8
172	-0.235380	6.011233	47.557705	0.003799	15.1
173	-0.241906	7.011233	45.859898	0.006665	14.4
174	-0.237946	8.011197	44.279189	0.004219	10.8
175	-0.238937	9.011197	42.803767	0.003509	18.4
176	-0.237696	8.484412	43.568523	0.003964	17.7
177	-0.240670	7.957617	44.361119	0.003512	11.7
178	-0.235594	7.431763	45.181590	0.004170	22.0
179	-0.238680	8.101141	44.142334	0.003894	21.2
180	-0.234132	9.101140	42.675868	0.005934	29.4
181	-0.238980	10.101139	41.303705	0.004338	20.8
182	-0.242322	9.591644	41.991606	0.007341	20.3
183	-0.234924	10.591644	40.662407	0.004661	19.7
184	-0.238576	10.436436	40.863165	0.004810	15.7
185	-0.236209	11.436436	39.603373	0.004253	18.3
186	-0.236982	10.909641	40.257183	0.005991	15.6
187	-0.237721	10.382846	40.932944	0.003487	16.0
188	-0.236653	9.856051	41.631778	0.006104	14.9
189	-0.245563	9.329256	42.354890	0.003018	14.3
190	-0.238091	10.328331	41.004172	0.004281	18.8
191	-0.236043	11.324212	39.740869	0.005616	17.6
192	-0.240949	12.229595	38.658078	0.004025	18.5
193	-0.246311	11.702800	39.280804	0.002368	16.4
194	-0.242827	11.288064	39.785361	0.005356	16.5
195	-0.239556	10.791755	40.406460	0.004870	15.3
196	-0.245671	10.264960	41.087284	0.005989	10.4
197	-0.231382	11.264960	39.813850	0.002772	9.0
198	-0.244808	11.187435	39.909744	0.004213	8.6
199	-0.238996	11.344488	39.715957	0.004767	11.4
200	-0.239171	10.817692	40.373521	0.005023	8.9
201	-0.242332	11.797784	39.167045	0.003932	13.8
202	-0.233447	12.203456	38.688511	0.004457	11.0
203	-0.241214	13.203456	37.557382	0.004226	11.4
204	-0.232580	14.203411	36.490563	0.004841	9.8
205	-0.239310	13.676615	37.044915	0.003211	10.2
206	-0.240489	13.150246	37.615901	0.003603	9.0
207	-0.242880	13.702566	37.017213	0.002892	10.7
208	-0.240945	14.696054	35.986955	0.002957	15.7
209	-0.237220	14.169286	36.525969	0.003636	8.8
210	-0.238126	13.642498	37.081398	0.004847	12.0
211	-0.237023	14.546458	36.138405	0.002808	15.6
212	-0.233953	14.019675	36.682016	0.003832	18.9
213	-0.238296	13.494021	37.241012	0.003605	14.8
214	-0.237639	12.967338	37.818456	0.003863	16.1
215	-0.239363	12.462882	38.388573	0.004284	14.8
216	-0.250693	13.462882	37.274662	0.005353	15.7
217	-0.236310	14.462882	36.223573	0.003474	20.8
218	-0.240821	15.462881	35.230136	0.003535	13.0
219	-0.236185	15.541929	35.153926	0.005496	8.3
220	-0.242897	16.541895	34.217566	0.006050	8.4
221	-0.237231	17.541895	33.329764	0.004248	11.0
222	-0.242451	17.015100	33.791633	0.005403	14.8
223	-0.236975	18.015100	32.925516	0.003993	14.6
224	-0.233928	17.488304	33.376172	0.006805	10.2
225	-0.241188	17.535244	33.335517	0.004442	16.1
226	-0.240363	18.535244	32.492332	0.004946	16.7
227	-0.241853	18.008449	32.931129	0.004371	13.9
228	-0.241660	17.481654	33.381940	0.004764	19.5
229	-0.234487	18.481654	32.536435	0.003378	10.1
230	-0.240573	18.518258	32.506298	0.002805	14.5
231	-0.241732	19.518257	31.704036	0.004673	15.5
232	-0.244063	18.991560	32.121585	0.003669	20.2
233	-0.239824	18.493733	32.526484	0.004158	18.7
234	-0.240705	19.132011	32.009168	0.004025	16.2
235	-0.242930	20.132010	31.230963	0.004545	18.8
236	-0.240252	21.132010	30.489698	0.004959	15.1
237	-0.242644	22.132010	29.782806	0.003013	16.3
238	-0.239735	23.129848	29.109375	0.005610	15.7
239	-0.239092	24.129395	28.464646	0.004688	14.9
240	-0.238868	24.456230	28.259983	0.002140	14.0
241	-0.243595	23.949114	28.578812	0.005817	12.0
242	-0.236984	24.851488	28.016370	0.005376	16.3
243	-0.237474	25.851488	27.418388	0.002869	17.4
244	-0.242781	26.851488	26.845399	0.003179	18.8
245	-0.244378	27.839753	26.302186	0.004832	14.5
246	-0.242539	28.839741	25.774457	0.004097	17.8
247	-0.245951	28.313032	26.049752	0.006199	16.8
248	-0.243633	27.786237	26.331038	0.004075	16.3
249	-0.242737	28.785930	25.802316	0.003107	7.6
250	-0.243528	28.327556	26.042082	0.002792	20.4
251	-0.241539	29.325587	25.525629	0.004461	16.0
252	-0.239341	28.798791	25.795652	0.003767	13.3
253	-0.237474	29.798791	25.287851	0.003223	18.4
254	-0.243050	29.303603	25.536784	0.003430	16.3
255	-0.239420	30.303603	25.039026	0.003535	15.9
256	-0.239045	31.279278	24.571729	0.003970	10.3
257	-0.247710	30.757052	24.819657	0.003956	11.5
258	-0.240846	31.757052	24.349205	0.004948	10.8
259	-0.240911	32.167334	24.161307	0.004925	15.0
260	-0.243188	33.167334	23.715258	0.003434	13.0
261	-0.240309	32.640539	23.948161	0.003291	16.9
262	-0.233525	33.631614	23.513717	0.004838	14.8
263	-0.236702	33.104818	23.742659	0.004460	14.0
264	-0.236292	34.104751	23.311825	0.004154	8.6
265	-0.241422	34.942282	22.962815	0.005057	11.6
266	-0.242873	34.415487	23.181106	0.004844	10.2
267	-0.245710	33.899104	23.399148	0.005356	12.2
268	-0.242224	33.372309	23.625855	0.005044	12.4
269	-0.241438	34.372309	23.199182	0.004406	19.9
270	-0.241644	35.372309	22.787647	0.004152	15.3
271	-0.247865	34.845514	23.002605	0.003499	16.7
272	-0.239645	35.845272	22.598050	0.004495	14.8
273	-0.242083	36.688904	22.267580	0.003991	17.9
274	-0.236928	37.688904	21.888163	0.005215	19.9
275	-0.242727	38.688887	21.521465	0.004730	10.2
276	-0.242320	39.688887	21.166845	0.002693	13.2
277	-0.240579	39.163999	21.351511	0.002996	17.4
278	-0.241398	39.952836	21.075185	0.003333	13.8
279	-0.239837	39.658389	21.177488	0.004645	13.0
280	-0.249177	39.720566	21.155802	0.003815	20.3
281	-0.244177	40.720525	20.813048	0.003439	19.9
282	-0.243199	41.720525	20.481210	0.002849	16.5
283	-0.243270	42.716931	20.160925	0.004717	17.7
284	-0.242862	43.716931	19.849400	0.002859	16.3
285	-0.238530	43.190136	20.012300	0.004342	16.3
286	-0.239118	44.190135	19.705317	0.001995	14.1
287	-0.246157	44.947033	19.479152	0.003763	8.3
288	-0.241234	44.495583	19.613418	0.001976	9.2
289	-0.236239	43.968796	19.772450	0.003771	16.4
290	-0.240711	44.967867	19.473000	0.004399	13.8
291	-0.238564	45.967867	19.182219	0.004411	25.1
292	-0.235394	46.967867	18.899994	0.005384	20.8
293	-0.239378	47.068504	18.872051	0.004587	15.2
294	-0.236034	47.972471	18.624710	0.005691	19.0
295	-0.233218	48.972469	18.358539	0.004761	13.8
296	-0.231762	48.445674	18.497801	0.005154	12.9
297	-0.239874	47.921890	18.638379	0.003921	17.2
298	-0.238187	48.510477	18.480556	0.004196	13.7
299	-0.242442	47.983741	18.621667	0.005874	17.6
300	-0.238146	48.983741	18.355582	0.004227	17.1
301	-0.250102	49.983741	18.096993	0.004611	15.2
302	-0.236979	49.457349	18.232197	0.003540	13.9
303	-0.243666	50.457268	17.977069	0.005882	15.2
304	-0.236822	51.450759	17.730557	0.002776	14.8
305	-0.240500	52.450325	17.489266	0.003837	15.0
306	-0.242637	52.263046	17.533973	0.003981	16.0
307	-0.239982	53.263046	17.297867	0.003921	20.6
308	-0.240574	52.750661	17.418044	0.004065	15.5
309	-0.238358	52.223865	17.543355	0.003943	17.2
310	-0.240861	53.223865	17.306998	0.004042	15.0
311	-0.238187	54.223815	17.076936	0.006438	16.1
312	-0.238273	55.223815	16.852899	0.005504	14.6
313	-0.251460	54.697020	16.970183	0.004153	19.1
314	-0.247773	54.641329	16.982677	0.005131	19.0
315	-0.239330	55.021143	16.897829	0.005030	9.8
316	-0.244595	56.021143	16.678437	0.003341	17.7
317	-0.241945	57.018611	16.465203	0.003031	14.5
318	-0.241562	57.898523	16.281576	0.006984	16.6
319	-0.237976	58.898320	16.077838	0.002313	16.9
320	-0.236716	59.898320	15.879097	0.005404	14.9
321	-0.244637	60.898148	15.685242	0.005003	13.1
322	-0.239803	61.898148	15.496031	0.003971	18.5
323	-0.239464	61.437019	15.582711	0.004813	14.2
324	-0.234851	60.910224	15.682930	0.002872	13.4
325	-0.245636	60.478469	15.766034	0.005471	17.8
326	-0.242512	61.478349	15.574903	0.004873	18.9
327	-0.237789	62.478349	15.388329	0.003648	16.1
328	-0.235524	63.213592	15.253978	0.003082	15.5
329	-0.240777	63.917068	15.127610	0.003799	16.0
330	-0.237724	63.441950	15.212726	0.005597	17.6
331	-0.239081	64.441931	15.034682	0.004366	12.2
332	-0.243911	65.441931	14.860754	0.003719	18.0
333	-0.237883	64.960554	14.943974	0.004725	17.3
334	-0.244229	64.433770	15.036118	0.004200	17.2
335	-0.240693	65.433751	14.862160	0.006292	15.9
336	-0.241680	64.906961	14.953297	0.003242	14.6
337	-0.240111	64.380165	15.045559	0.003880	9.9
338	-0.238331	64.003073	15.112304	0.003068	15.6
339	-0.241810	63.478352	15.206171	0.003038	15.0
340	-0.240882	62.951895	15.301528	0.003099	17.4
341	-0.240086	63.592307	15.185687	0.004503	17.1
342	-0.234339	63.065516	15.280847	0.004650	16.2
343	-0.236220	62.538721	15.377208	0.002663	18.9
344	-0.240828	62.754952	15.337508	0.005560	16.6
345	-0.239710	62.228156	15.434588	0.005787	14.2
346	-0.240947	63.063232	15.281262	0.005083	15.6
347	-0.241234	64.063232	15.101616	0.004622	13.3
348	-0.243472	65.063232	14.926145	0.005257	8.2
349	-0.240677	66.063232	14.754705	0.003163	6.8
350	-0.247315	67.033251	14.592126	0.004773	8.4
351	-0.237469	68.033251	14.428231	0.004281	15.4
352	-0.236337	69.033251	14.267976	0.004583	12.3
353	-0.239525	68.506455	14.351951	0.003028	7.2
354	-0.238160	67.979675	14.436918	0.004139	13.1
355	-0.236186	68.979639	14.276477	0.005121	19.4
356	-0.242607	69.979190	14.119628	0.004263	17.6
357	-0.240671	70.968397	13.967758	0.003571	16.6
358	-0.239491	70.719385	14.005679	0.003127	15.9
359	-0.240979	70.199506	14.085518	0.003506	13.9
360	-0.242566	71.087078	13.949756	0.003449	12.3
361	-0.237366	70.561392	14.029847	0.004564	10.3
362	-0.241326	70.045221	14.109387	0.004495	24.7
363	-0.236682	71.044878	13.956152	0.004303	22.9
364	-0.236510	72.044869	13.806159	0.002960	19.2
365	-0.235720	72.818546	13.692306	0.003566	13.5
366	-0.243586	72.854061	13.687125	0.003991	12.2
367	-0.238185	72.327266	13.764384	0.002199	16.9
368	-0.240218	71.800471	13.842519	0.003406	19.7
369	-0.242725	71.273713	13.921541	0.002687	20.0
370	-0.235839	70.751889	14.000717	0.006027	13.0
371	-0.233234	70.225094	14.081567	0.003455	17.8
372	-0.244417	69.698316	14.163353	0.003355	18.7
373	-0.241022	69.223008	14.237968	0.005912	16.3
374	-0.240286	70.223008	14.081889	0.005425	18.0
375	-0.238630	69.757353	14.154140	0.002526	19.4
376	-0.240016	69.230561	14.236776	0.004067	17.9
377	-0.244303	70.222843	14.081915	0.005657	20.3
378	-0.242338	69.696323	14.163664	0.004146	19.6
379	-0.247723	69.169528	14.246412	0.005253	20.9
380	-0.240088	70.169525	14.090150	0.004967	9.7
381	-0.240599	69.642730	14.172039	0.005652	8.0
382	-0.246413	69.453112	14.201748	0.003488	9.4
383	-0.240890	68.926316	14.284943	0.004523	19.0
384	-0.231297	69.905165	14.131125	0.002883	12.2
385	-0.243749	70.905163	13.977368	0.003579	14.0
386	-0.244351	70.650711	14.016174	0.004082	13.9
387	-0.239466	70.123915	14.097202	0.004588	14.2
388	-0.243909	69.597130	14.179172	0.004025	9.2
389	-0.237684	69.103066	14.256921	0.005124	13.5
390	-0.237395	68.772161	14.309473	0.002756	11.2
391	-0.238484	68.245396	14.393933	0.004198	15.6
392	-0.239528	69.243283	14.234769	0.005628	16.4
393	-0.243600	68.716488	14.318352	0.005910	20.4
394	-0.246828	69.716488	14.160516	0.004258	12.5
395	-0.240490	70.684551	14.011000	0.004393	16.0
396	-0.236617	71.680431	13.860448	0.004155	14.1
397	-0.248828	71.153636	13.939681	0.004292	11.0
398	-0.246459	72.153636	13.790039	0.002837	14.0
399	-0.245699	71.626841	13.868467	0.005101	14.4
400	-0.240167	71.174789	13.936482	0.006280	12.5
401	-0.236464	70.647994	14.016589	0.003125	10.4
402	-0.245711	71.647994	13.865301	0.004352	10.9
403	-0.241472	71.121198	13.944589	0.002991	15.9
404	-0.241663	70.594719	14.024742	0.003001	15.9
405	-0.241711	71.594198	13.873356	0.004934	12.2
406	-0.242710	71.067402	13.952737	0.004704	15.3
407	-0.238326	72.067402	13.802817	0.004746	15.5
408	-0.237424	71.540708	13.881375	0.003243	17.2
409	-0.236631	71.013913	13.960848	0.003123	14.8
410	-0.243779	70.544101	14.032496	0.005137	19.0
411	-0.241564	70.241450	14.079043	0.003575	16.7
412	-0.242360	71.234531	13.927455	0.004325	9.6
413	-0.242801	71.088828	13.949491	0.005538	14.3
414	-0.239554	71.969227	13.817392	0.003937	14.1
415	-0.241393	71.442432	13.896132	0.007712	9.6
416	-0.246633	72.442432	13.747419	0.004282	9.6
417	-0.246612	73.442277	13.601877	0.005172	14.0
418	-0.250419	74.442277	13.459363	0.005271	13.2
419	-0.244758	75.442277	13.319805	0.003571	10.1
420	-0.240304	74.990513	13.382492	0.003190	8.4
421	-0.238427	74.463750	13.456336	0.005216	11.5
422	-0.246314	73.938158	13.530832	0.005104	12.1
423	-0.244779	74.938158	13.389795	0.003874	11.4
424	-0.251070	74.411364	13.463724	0.004174	8.1
425	-0.240888	74.103997	13.507238	0.004970	9.1
426	-0.241198	73.577215	13.582471	0.004558	16.0
427	-0.245723	74.577208	13.440362	0.005830	13.2
428	-0.235186	75.577208	13.301195	0.002645	16.7
429	-0.244802	75.050412	13.374146	0.003585	16.5
430	-0.245830	74.528876	13.447162	0.004044	24.7
431	-0.245060	74.002081	13.521728	0.005155	17.6
432	-0.238054	75.001317	13.380986	0.005558	12.0
433	-0.241052	74.474522	13.454818	0.002680	16.8
434	-0.248254	73.947820	13.529455	0.003789	10.1
435	-0.236456	73.453642	13.600241	0.004718	8.4
436	-0.243162	74.453627	13.457763	0.006423	11.9
437	-0.238456	75.445586	13.319348	0.003677	12.3
438	-0.237072	76.184245	13.218112	0.004226	15.5
439	-0.241384	77.184239	13.083488	0.003824	17.0
440	-0.242052	78.184239	12.951577	0.004988	8.1
441	-0.247361	79.182954	12.822464	0.003762	12.5
442	-0.242316	78.656159	12.890245	0.004071	14.8
443	-0.246157	78.129784	12.958691	0.002559	18.1
444	-0.240868	79.126693	12.829668	0.002956	17.6
445	-0.245931	78.681286	12.886995	0.005271	9.0
446	-0.236277	79.681284	12.758998	0.003803	12.3
447	-0.240564	79.154489	12.826108	0.002928	11.3
448	-0.246131	78.640952	12.892212	0.003698	14.2
449	-0.241632	79.636643	12.764657	0.004041	14.1
450	-0.243703	79.109848	12.831827	0.005022	16.5
451	-0.240931	80.109773	12.704927	0.003404	16.5
452	-0.242081	81.109770	12.580503	0.002726	18.2
453	-0.238593	82.109770	12.458492	0.005697	15.8
454	-0.244128	83.109769	12.338826	0.005551	18.5
455	-0.243951	84.106651	12.221798	0.004265	15.5
456	-0.240158	83.579855	12.283363	0.003756	17.0
457	-0.240504	83.059086	12.344835	0.004044	12.0
458	-0.242304	84.059086	12.227331	0.003955	8.2
459	-0.238306	85.059082	12.112044	0.004155	14.3
460	-0.248372	84.532287	12.172505	0.005838	17.7
461	-0.236116	84.253376	12.204761	0.004584	16.8
462	-0.244245	83.726580	12.266153	0.003831	17.2
463	-0.247504	84.726529	12.150141	0.004066	17.0
464	-0.245807	84.201655	12.210761	0.003766	19.4
465	-0.235908	83.693159	12.270069	0.003174	16.8
466	-0.240861	83.166365	12.332122	0.003923	23.6
467	-0.238371	84.166365	12.214859	0.006392	22.7
468	-0.243248	85.166365	12.099805	0.005207	18.8
469	-0.243422	86.166360	11.986898	0.004739	7.5
470	-0.238717	87.166360	11.876079	0.005265	9.6
471	-0.245670	86.639565	11.934202	0.004110	9.1
472	-0.249392	87.639542	11.824353	0.004561	11.0
473	-0.236450	88.639542	11.716505	0.002919	15.2
474	-0.244172	89.639542	11.610607	0.004102	16.9
475	-0.240951	89.112747	11.666154	0.004943	16.2
476	-0.241547	90.112747	11.561160	0.003490	14.3
477	-0.244195	91.112746	11.458040	0.003543	12.5
478	-0.242692	90.585954	11.512132	0.006317	15.8
479	-0.240977	90.594339	11.511267	0.004735	15.9
480	-0.248582	91.594216	11.409043	0.003538	16.6
481	-0.251374	91.067533	11.462662	0.003908	18.0
482	-0.233806	90.571869	11.513586	0.003601	16.9
483	-0.244123	90.045107	11.568202	0.005488	17.6
484	-0.242254	91.045107	11.464957	0.002176	17.4
485	-0.245841	90.518319	11.519114	0.002955	17.3
486	-0.239536	90.023216	11.570483	0.003622	16.7
487	-0.235115	90.029707	11.569807	0.003519	16.7
488	-0.247942	89.502912	11.624963	0.004352	15.8
489	-0.243217	88.976116	11.680648	0.004447	16.9
490	-0.237793	88.449321	11.736868	0.004497	16.3
491	-0.246389	87.923595	11.793517	0.004836	19.9
492	-0.247608	88.804243	11.698931	0.004100	12.2
493	-0.239557	88.277448	11.755328	0.005075	14.7
494	-0.242116	89.062289	11.671502	0.005264	17.6
495	-0.247760	88.535494	11.727635	0.004505	22.3
496	-0.240591	88.008699	11.784310	0.005016	16.1
497	-0.245356	87.481904	11.841535	0.004979	19.6
498	-0.241467	88.481903	11.733375	0.004254	13.8
499	-0.246139	89.481903	11.627174	0.002922	16.6
500	-0.243429	88.955115	11.682879	0.006063	10.8
501	-0.236246	88.428319	11.739121	0.002750	12.5
502	-0.244983	89.426765	11.632979	0.004069	14.0
503	-0.236856	90.421787	11.529094	0.004811	15.4
504	-0.242137	91.421787	11.426542	0.004768	17.7
505	-0.240507	92.421787	11.325798	0.003544	17.0
506	-0.245226	92.334095	11.334562	0.006264	10.5
507	-0.242619	93.333845	11.235451	0.005018	16.9
508	-0.248540	94.333845	11.138034	0.003052	15.3
509	-0.242801	95.333089	11.042364	0.002726	19.5
510	-0.237484	94.806294	11.092595	0.006048	15.3
511	-0.244595	94.279567	11.143278	0.004461	15.0
512	-0.236531	93.752771	11.194434	0.005224	17.8
513	-0.241698	93.225976	11.246061	0.004501	17.8
514	-0.242311	92.700118	11.298073	0.003904	16.2
515	-0.241937	92.173324	11.350663	0.004395	16.7
516	-0.243969	91.646529	11.403745	0.005304	13.2
517	-0.245438	92.400379	11.327936	0.003103	20.6
518	-0.244860	91.873583	11.380805	0.003788	11.2
519	-0.241732	91.346788	11.434170	0.004797	14.9
520	-0.243764	90.823302	11.487698	0.003837	16.1
521	-0.241515	90.424495	11.528814	0.005245	15.7
522	-0.246218	89.897735	11.583575	0.006006	17.8
523	-0.238278	89.370940	11.638863	0.003946	15.2
524	-0.246023	88.844144	11.694681	0.005291	15.7
525	-0.245974	88.317349	11.751038	0.004048	20.2
526	-0.246284	87.791004	11.807891	0.005196	17.0
527	-0.238538	87.268087	11.864921	0.002950	16.9
528	-0.246517	88.268087	11.756335	0.004861	14.0
529	-0.243339	87.930327	11.792788	0.002790	15.1
530	-0.240089	87.403532	11.850096	0.005310	18.1
531	-0.245893	86.978513	11.896740	0.003806	9.7
532	-0.246605	86.451718	11.955065	0.005680	16.1
533	-0.241323	87.451690	11.844834	0.004660	18.5
534	-0.244052	88.451690	11.736614	0.003948	18.5
535	-0.248421	87.956029	11.790006	0.004136	24.2
536	-0.245262	88.956029	11.682782	0.002657	23.5
537	-0.237583	89.194850	11.657462	0.004313	25.0
538	-0.241569	89.666286	11.607802	0.003327	11.8
539	-0.240975	89.139496	11.663321	0.003683	11.0
540	-0.246549	88.612701	11.719374	0.006161	14.6
541	-0.243504	89.612700	11.613425	0.005230	8.3
542	-0.249785	90.612700	11.509374	0.003702	11.2
543	-0.245091	91.612700	11.407171	0.006327	9.5
544	-0.249370	91.085906	11.460783	0.004512	14.6
545	-0.243985	90.559110	11.514902	0.001951	18.8
546	-0.234745	90.033186	11.569444	0.002630	11.3
547	-0.243412	90.103878	11.562083	0.005463	13.2
548	-0.239305	89.577099	11.617164	0.003940	11.0
549	-0.243896	89.051521	11.672644	0.004411	15.1
550	-0.240313	90.051514	11.567535	0.005320	7.4
551	-0.244624	91.051514	11.464301	0.004595	13.3
552	-0.242863	90.556911	11.515129	0.004210	17.6
553	-0.241981	90.030116	11.569764	0.004401	15.3
554	-0.238281	91.030114	11.466491	0.004080	14.1
555	-0.244353	92.024575	11.365601	0.003644	12.5
556	-0.245111	91.497781	11.418823	0.004674	11.4
557	-0.245511	90.970986	11.472546	0.005007	16.5
558	-0.242746	90.610902	11.509559	0.003300	14.6
559	-0.242154	91.610902	11.407353	0.004593	8.5
560	-0.227870	91.084106	11.460967	0.003615	9.3
561	-0.248447	90.591764	11.511533	0.004986	12.7
562	-0.249474	91.591516	11.409317	0.003405	13.7
563	-0.239969	91.064720	11.462950	0.003351	14.4
564	-0.243785	90.654426	11.505073	0.004408	17.3
565	-0.247416	91.654426	11.402945	0.005901	16.3
566	-0.236555	92.654426	11.302615	0.004498	16.8
567	-0.242939	93.654426	11.204036	0.004447	14.6
568	-0.244671	93.127842	11.255731	0.002306	15.6
569	-0.240772	93.935926	11.176595	0.003925	15.7
570	-0.247358	93.409131	11.228057	0.006022	9.8
571	-0.249565	94.409131	11.130768	0.003478	9.0
572	-0.243990	95.409131	11.035150	0.003395	14.8
573	-0.240943	96.408995	10.941174	0.004550	21.4
574	-0.240680	97.408695	10.848800	0.004013	19.9
575	-0.241658	96.901066	10.895510	0.005515	12.1
576	-0.244861	97.901065	10.803875	0.004379	14.0
577	-0.245900	97.567702	10.834251	0.003733	11.1
578	-0.239454	98.567701	10.743640	0.004388	9.2
579	-0.238875	99.410549	10.668436	0.002863	9.9
580	-0.242074	99.625196	10.649452	0.004690	14.0
581	-0.240235	99.098514	10.696155	0.005771	14.0
582	-0.241735	98.571719	10.743279	0.004376	14.4
583	-0.242676	98.145386	10.781721	0.003106	14.4
584	-0.242488	99.118527	10.694373	0.004631	18.1
585	-0.249387	98.591732	10.741481	0.002747	17.0
586	-0.244194	99.581462	10.653315	0.003230	14.7
587	-0.246069	99.054668	10.700061	0.003089	13.8
588	-0.239856	100.046079	10.612424	0.004404	16.8
589	-0.243596	99.519284	10.658811	0.003999	16.7
590	-0.243298	100.519284	10.571098	0.004974	6.9
591	-0.240505	99.998965	10.616556	0.004815	9.1
592	-0.244723	99.472311	10.662967	0.005210	11.3
593	-0.244196	100.176123	10.601035	0.005499	16.1
594	-0.248196	99.649328	10.647322	0.005439	12.0
595	-0.246362	99.122533	10.694016	0.003925	15.4
596	-0.240017	100.122533	10.605725	0.004653	15.8
597	-0.238584	99.595738	10.652054	0.005105	12.4
598	-0.251029	100.595738	10.564451	0.002992	15.0
599	-0.244986	101.595738	10.478278	0.002609	10.4
600	-0.245504	102.456245	10.405243	0.004652	12.2
601	-0.239706	103.456243	10.321638	0.003963	11.9
602	-0.243547	102.929448	10.365513	0.004987	14.2
603	-0.250390	102.993159	10.360187	0.003620	14.9
604	-0.245756	103.993135	10.277303	0.003933	17.6
605	-0.242932	104.993135	10.195732	0.004406	11.0
606	-0.244921	104.466341	10.238541	0.004213	13.8
607	-0.248568	105.465621	10.157640	0.002430	14.1
608	-0.241723	105.125661	10.185019	0.005672	9.8
609	-0.239964	106.125389	10.104923	0.004547	14.5
610	-0.245911	107.028380	10.033653	0.004545	21.8
611	-0.242377	106.501594	10.075108	0.004631	20.1
612	-0.243509	106.014748	10.113725	0.003757	16.1
613	-0.245440	105.487953	10.155847	0.005780	13.6
614	-0.242000	104.961213	10.198316	0.004266	13.4
615	-0.245055	105.842954	10.127423	0.003819	19.3
616	-0.239729	105.326171	10.168853	0.003004	13.6
617	-0.246552	106.324701	10.089105	0.004801	17.0
618	-0.242847	105.831269	10.128356	0.004280	14.7
619	-0.243426	105.317511	10.169550	0.003829	12.2
620	-0.238923	106.317497	10.089676	0.005235	12.2
621	-0.242545	106.893745	10.044215	0.004860	13.6
622	-0.244534	107.893745	9.966289	0.003071	16.5
623	-0.239915	107.366949	10.007189	0.004251	14.3
624	-0.239339	106.840154	10.048426	0.003565	19.4
625	-0.245260	107.840098	9.970438	0.003032	14.8
626	-0.242720	107.359434	10.007775	0.004481	15.5
627	-0.247917	108.351279	9.931036	0.004313	7.5
628	-0.247421	107.939348	9.962764	0.004293	18.1
629	-0.246337	108.939348	9.886091	0.002854	19.7
630	-0.244544	109.939348	9.810590	0.003641	12.5
631	-0.249044	110.938732	9.736279	0.003945	10.4
632	-0.248066	110.418336	9.774833	0.004149	13.0
633	-0.246282	109.891541	9.814173	0.004942	14.2
634	-0.245877	109.364745	9.853832	0.004110	14.0
635	-0.239307	110.364745	9.778821	0.002551	17.8
636	-0.242986	111.321970	9.708080	0.002662	16.6
637	-0.245224	111.657235	9.683545	0.003186	18.8
638	-0.240095	112.655077	9.611249	0.004964	10.4
639	-0.246281	113.641165	9.540858	0.003600	17.7
640	-0.242089	114.488319	9.481203	0.003498	19.4
641	-0.246549	114.042697	9.512490	0.003919	13.6
642	-0.245318	113.515901	9.549743	0.004614	11.9
643	-0.246474	112.989116	9.587288	0.003271	13.4
644	-0.246710	112.462321	9.625131	0.003746	8.7
645	-0.235478	112.527176	9.620456	0.003583	11.8
646	-0.248729	113.525286	9.549077	0.002783	11.8
647	-0.244550	114.523596	9.478735	0.003482	13.3
648	-0.242334	114.003933	9.515221	0.004322	10.6
649	-0.247095	113.489571	9.551613	0.002854	18.0
650	-0.246520	113.469560	9.553034	0.004076	14.5
651	-0.247900	114.469558	9.482516	0.003535	16.7
652	-0.239220	114.729953	9.464324	0.005092	11.3
653	-0.240816	115.729953	9.395105	0.005859	16.0
654	-0.244205	115.203158	9.431443	0.006559	12.4
655	-0.244904	116.203158	9.362702	0.002734	14.9
656	-0.243044	115.676363	9.398789	0.005029	12.7
657	-0.247849	115.231369	9.429490	0.004050	14.9
658	-0.249434	116.231367	9.360777	0.002906	14.5
659	-0.238904	115.704572	9.396849	0.003555	16.6
660	-0.252422	115.379810	9.419226	0.002727	18.2
661	-0.242862	116.379810	9.350663	0.003102	13.6
662	-0.244638	117.337665	9.285918	0.007084	17.8
663	-0.243289	118.336933	9.219324	0.003616	15.1
664	-0.239641	118.021809	9.240221	0.004426	17.5
665	-0.241580	119.020185	9.174336	0.004130	15.3
666	-0.241932	120.019480	9.109325	0.006578	17.9
667	-0.239141	119.492684	9.143482	0.005250	15.8
668	-0.236622	120.492684	9.078860	0.004581	12.3
669	-0.248416	119.965889	9.112788	0.005796	15.8
670	-0.245472	120.965889	9.048598	0.004689	13.7
671	-0.240874	120.439094	9.082300	0.002424	22.1
672	-0.242870	120.435910	9.082504	0.004207	15.5
673	-0.241861	119.909519	9.116434	0.003448	12.7
674	-0.248827	119.382724	9.150644	0.004596	20.3
675	-0.239461	118.855951	9.185110	0.003006	20.7
676	-0.252031	118.426121	9.213426	0.003222	15.8
677	-0.248688	117.899387	9.248365	0.003766	22.9
678	-0.246587	118.560106	9.204581	0.004934	10.9
679	-0.243142	118.106760	9.234578	0.003490	14.9
680	-0.244063	117.626453	9.266574	0.004088	18.9
681	-0.242095	117.099658	9.301922	0.003754	18.9
682	-0.243538	117.925732	9.246612	0.002809	16.4
683	-0.243372	117.398936	9.281807	0.003315	17.9
684	-0.235917	116.960076	9.311333	0.004626	16.4
685	-0.244843	116.433290	9.347024	0.002635	16.3
686	-0.246979	117.433290	9.279504	0.003766	15.0
687	-0.250096	116.914027	9.314442	0.003173	13.6
688	-0.240266	116.442152	9.346421	0.005227	14.5
689	-0.237444	115.915478	9.382374	0.003027	18.1
690	-0.249675	115.388683	9.418613	0.004485	26.6
691	-0.244035	116.388525	9.350070	0.006725	17.9
692	-0.242991	115.861730	9.386059	0.003519	14.5
693	-0.242313	115.864507	9.385869	0.004071	12.4
694	-0.242736	115.422596	9.416272	0.003987	17.3
695	-0.248833	116.422596	9.347751	0.003909	18.3
696	-0.240335	116.604269	9.335410	0.004029	13.8
697	-0.245750	117.598687	9.268430	0.002423	13.4
698	-0.240723	118.535062	9.206233	0.003939	11.2
699	-0.246497	118.017767	9.240490	0.002842	9.7
700	-0.245362	117.490977	9.275639	0.002805	11.5
701	-0.244093	118.490910	9.209147	0.003732	13.8
702	-0.248786	118.241858	9.225619	0.003722	17.1
703	-0.238159	119.241858	9.159835	0.004665	19.1
704	-0.247150	120.241819	9.094985	0.003815	14.4
705	-0.241328	121.231935	9.031673	0.004422	13.4
706	-0.247605	122.224995	8.969051	0.004886	14.1
707	-0.247788	123.224995	8.906863	0.004244	12.5
708	-0.249764	122.698199	8.939515	0.003333	19.2
709	-0.245145	122.177905	8.972001	0.006329	26.7
710	-0.238971	123.177905	8.909772	0.002515	19.7
711	-0.244700	122.651329	8.942432	0.005140	18.5
712	-0.247135	123.639750	8.881323	0.003114	10.5
713	-0.240973	124.639750	8.820341	0.003858	9.4
714	-0.248635	124.246656	8.844212	0.003747	10.9
715	-0.248304	125.241365	8.784056	0.003096	13.9
716	-0.240070	125.235156	8.784429	0.004201	12.5
717	-0.247102	124.708360	8.816188	0.002944	16.1
718	-0.247813	125.540546	8.766122	0.003899	16.6
719	-0.236820	125.013777	8.797747	0.003408	16.1
720	-0.246048	126.013777	8.737904	0.002978	13.9
721	-0.242380	125.727966	8.754925	0.004113	15.7
722	-0.250001	126.711646	8.696622	0.004150	15.8
723	-0.243057	126.184850	8.727748	0.003492	15.8
724	-0.245021	125.779750	8.751836	0.003762	18.9
725	-0.248868	126.779683	8.692618	0.003847	18.4
726	-0.244874	126.261137	8.723227	0.004778	11.2
727	-0.243830	125.734341	8.754544	0.003623	9.0
728	-0.245347	126.734341	8.695286	0.004883	7.8
729	-0.241915	127.718434	8.637747	0.005027	10.7
730	-0.245816	128.718434	8.580054	0.002735	18.0
731	-0.248291	128.211265	8.609218	0.003218	15.5
732	-0.238793	127.759369	8.635371	0.005766	11.1
733	-0.238896	127.243431	8.665425	0.004037	10.7
734	-0.248357	126.716655	8.696327	0.002238	12.0
735	-0.248613	127.678128	8.640089	0.003641	14.1
736	-0.248078	127.151858	8.670781	0.004125	15.2
737	-0.246565	126.625064	8.701722	0.006603	21.3
738	-0.242636	127.625064	8.643174	0.004014	16.6
739	-0.240651	127.098268	8.673918	0.003816	14.8
740	-0.245311	126.582370	8.704239	0.002985	14.3
741	-0.239728	126.055577	8.735420	0.004221	11.5
742	-0.249325	125.529411	8.766788	0.002448	23.7
743	-0.241407	126.529410	8.707364	0.002456	17.0
744	-0.246758	127.520342	8.649268	0.004498	15.8
745	-0.241725	127.009145	8.679141	0.003934	12.8
746	-0.245677	127.993094	8.621824	0.003201	14.1
747	-0.238148	127.620649	8.643431	0.005641	9.4
748	-0.240746	128.620649	8.585662	0.004405	11.4
749	-0.242053	128.094138	8.615981	0.003935	10.4
750	-0.245763	129.094133	8.558578	0.005308	9.2
751	-0.242806	130.092617	8.502019	0.002333	8.7
752	-0.246521	129.680752	8.525258	0.004848	9.9
753	-0.241731	130.680601	8.469061	0.001986	19.2
754	-0.235273	131.678109	8.413729	0.003709	16.2
755	-0.245009	132.674861	8.359157	0.004544	17.7
756	-0.247676	133.674861	8.305113	0.003870	11.4
757	-0.245401	133.148066	8.333496	0.003152	11.8
758	-0.248575	132.621274	8.362073	0.002355	10.8
759	-0.251378	132.094481	8.390846	0.003710	11.2
760	-0.246631	132.668161	8.359521	0.004484	16.3
761	-0.242812	132.922061	8.345732	0.004026	16.5
762	-0.250244	132.395689	8.374370	0.003459	14.6
763	-0.247415	133.395689	8.320130	0.003766	13.3
764	-0.251324	134.395689	8.266589	0.004773	15.9
765	-0.246260	134.077872	8.283530	0.004887	8.7
766	-0.241578	135.077865	8.230458	0.006225	14.5
767	-0.242664	134.551069	8.258331	0.003620	15.5
768	-0.246265	135.550968	8.205585	0.003633	14.9
769	-0.245010	136.076985	8.178106	0.006190	16.6
770	-0.241820	135.550349	8.205617	0.004975	13.3
771	-0.248376	135.023554	8.233323	0.004335	12.5
772	-0.241150	134.496840	8.261211	0.005466	10.8
773	-0.245888	135.496840	8.208423	0.004475	12.1
774	-0.247668	135.252858	8.221240	0.003642	17.2
775	-0.239309	136.032089	8.180444	0.004035	17.4
776	-0.249534	136.968316	8.131962	0.002974	14.1
777	-0.248636	136.444268	8.159029	0.003997	13.3
778	-0.239818	135.918841	8.186348	0.003549	11.0
779	-0.240556	135.392603	8.213894	0.004007	23.2
780	-0.241512	136.035190	8.180283	0.003630	22.9
781	-0.245271	137.035101	8.128525	0.004145	15.9
782	-0.239491	136.508315	8.155711	0.003789	21.2
783	-0.242583	135.981520	8.183080	0.004327	10.0
784	-0.240108	135.455293	8.210603	0.003701	12.0
785	-0.238395	136.451838	8.158636	0.004266	20.4
786	-0.243013	137.451838	8.107147	0.004140	14.3
787	-0.238401	138.450586	8.056366	0.004319	15.1
788	-0.243129	137.923810	8.083070	0.005278	15.7
789	-0.240969	137.997953	8.079301	0.005327	15.6
790	-0.239043	138.997953	8.028804	0.004823	10.0
791	-0.248503	139.997953	7.978935	0.003768	8.5
792	-0.236615	140.997918	7.929684	0.001896	10.8
793	-0.244627	141.995872	7.881134	0.005032	15.3
794	-0.248740	142.994985	7.833119	0.004751	7.5
795	-0.248331	143.994985	7.785644	0.005392	15.2
796	-0.246867	144.994985	7.738741	0.004135	12.0
797	-0.249594	144.487180	7.762488	0.003482	12.6
798	-0.245254	145.469316	7.716691	0.005083	14.6
799	-0.244200	146.469316	7.670613	0.003896	14.5
800	-0.236580	147.469313	7.625082	0.005045	12.3
801	-0.245244	148.469313	7.580088	0.003330	17.2
802	-0.246829	149.469313	7.535622	0.005445	16.1
803	-0.242978	148.942517	7.558981	0.004072	16.1
804	-0.241761	149.942517	7.514762	0.005275	15.6
805	-0.245543	149.415722	7.537992	0.003680	11.0
806	-0.251734	150.415722	7.494017	0.003853	11.7
807	-0.245446	149.888927	7.517118	0.005283	11.7
808	-0.243206	149.362228	7.540359	0.003370	9.6
809	-0.238046	150.362228	7.496356	0.004866	12.5
810	-0.248086	151.360688	7.452931	0.005067	8.5
811	-0.246887	152.360688	7.409940	0.003132	9.4
812	-0.243179	151.833893	7.432525	0.002884	12.2
813	-0.246892	151.687243	7.438837	0.003133	18.5
814	-0.248665	151.458687	7.448696	0.005772	17.8
815	-0.247408	152.259880	7.414251	0.003743	12.7
816	-0.242418	151.733085	7.436863	0.004854	9.6
817	-0.241373	152.733085	7.394057	0.002674	10.1
818	-0.240602	152.302368	7.412433	0.003766	10.3
819	-0.239090	153.302366	7.369907	0.003432	11.7
820	-0.242422	152.775571	7.392249	0.003713	9.4
821	-0.246396	152.248910	7.414721	0.003625	13.8
822	-0.245336	152.984814	7.383359	0.003814	16.4
823	-0.242490	153.869626	7.346000	0.003405	12.4
824	-0.241845	154.869599	7.304232	0.004033	8.2
825	-0.241368	154.342806	7.326176	0.005266	9.6
826	-0.245889	153.816011	7.348253	0.003680	14.7
827	-0.248479	154.815973	7.306459	0.005520	16.5
828	-0.248839	155.815973	7.265137	0.004608	13.5
829	-0.242301	156.815973	7.224279	0.003491	10.1
830	-0.244948	157.001279	7.216759	0.004654	16.6
831	-0.245781	156.474484	7.238180	0.005986	16.1
832	-0.244919	157.474484	7.197624	0.002996	15.1
833	-0.244882	156.947689	7.218932	0.005479	7.5
834	-0.243793	157.944842	7.178705	0.003318	8.9
835	-0.242291	157.418148	7.199897	0.003032	8.2
836	-0.243452	156.891388	7.221217	0.004567	13.1
837	-0.253906	157.891386	7.180850	0.002567	15.6
838	-0.238213	158.891386	7.140933	0.005169	14.1
839	-0.240717	158.364591	7.161906	0.006554	14.4
840	-0.247078	157.837796	7.183002	0.003714	11.5
841	-0.236491	158.837784	7.143061	0.004590	11.8
842	-0.245073	159.805472	7.104831	0.005491	12.1
843	-0.242956	160.805472	7.065751	0.004014	14.9
844	-0.238744	161.805472	7.027100	0.004509	14.6
845	-0.247195	161.278677	7.047408	0.002601	15.7
846	-0.244030	162.278553	7.008961	0.004713	13.7
847	-0.240322	161.880474	7.024218	0.004194	15.8
848	-0.237190	162.877956	6.986114	0.006083	14.4
849	-0.245728	163.877956	6.948326	0.004889	13.5
850	-0.244323	164.332364	6.931290	0.003874	12.9
851	-0.247591	165.332362	6.894091	0.005361	18.4
852	-0.238788	166.332362	6.857290	0.003331	21.3
853	-0.242647	167.332362	6.820879	0.004080	20.9
854	-0.246848	168.256983	6.787556	0.002655	12.9
855	-0.245472	169.256983	6.751880	0.003428	11.9
856	-0.242524	169.131638	6.756331	0.002785	7.1
857	-0.233565	169.790291	6.733007	0.005347	10.7
858	-0.240035	169.263496	6.751649	0.004075	12.8
859	-0.251479	168.736749	6.770393	0.003865	10.5
860	-0.239341	169.736744	6.734897	0.005380	15.0
861	-0.238202	169.209948	6.753549	0.003708	12.1
862	-0.243227	170.209948	6.718229	0.004690	11.3
863	-0.239716	171.203539	6.683500	0.005713	16.3
864	-0.245807	171.724325	6.665439	0.004751	16.0
865	-0.248546	172.724325	6.631032	0.003547	15.4
866	-0.241667	173.434644	6.606808	0.004724	25.5
867	-0.243082	172.944113	6.623518	0.003733	35.5
868	-0.240920	172.417317	6.641558	0.004797	15.9
869	-0.244089	173.416983	6.607408	0.004765	24.6
870	-0.244456	172.890188	6.625360	0.003068	17.1
871	-0.242755	173.874050	6.591910	0.004347	8.8
872	-0.246895	174.772207	6.561668	0.003564	20.2
873	-0.239537	174.245590	6.579366	0.004526	19.2
874	-0.241355	175.245590	6.545840	0.005966	17.3
875	-0.248265	176.205408	6.513981	0.003569	13.6
876	-0.240878	175.678613	6.531428	0.004355	14.8
877	-0.243002	175.151817	6.548970	0.004231	7.8
878	-0.244222	176.150787	6.515786	0.004918	12.0
879	-0.241762	175.623992	6.533243	0.003500	12.4
880	-0.242113	175.097196	6.550794	0.004868	9.8
881	-0.244755	174.570401	6.568439	0.004500	12.6
882	-0.246283	175.570401	6.535024	0.002433	20.7
883	-0.248725	175.863224	6.525303	0.004354	17.7
884	-0.248349	176.417077	6.506997	0.004451	19.3
885	-0.242328	175.890282	6.524407	0.004212	16.2
886	-0.248367	175.363524	6.541909	0.003981	15.5
887	-0.244150	174.837496	6.559481	0.004039	13.2
888	-0.249221	174.310704	6.577173	0.002364	22.2
889	-0.249788	175.310703	6.543669	0.003808	20.4
890	-0.243886	175.930596	6.523071	0.002871	20.4
891	-0.237806	176.930264	6.490126	0.003496	19.1
892	-0.247047	176.410537	6.507212	0.002931	9.2
893	-0.243927	175.883742	6.524623	0.004540	11.0
894	-0.241866	176.883741	6.491651	0.005755	14.9
895	-0.245151	176.356946	6.508979	0.005079	17.1
896	-0.239420	177.356946	6.476165	0.004407	14.7
897	-0.245717	178.356049	6.443709	0.004356	15.0
898	-0.243943	178.675617	6.433396	0.003713	14.8
899	-0.242347	178.148822	6.450414	0.002629	14.5
900	-0.244733	177.647143	6.466704	0.004233	14.1
901	-0.240692	177.120349	6.483899	0.004842	15.0
902	-0.245496	176.648409	6.499381	0.004868	15.3
903	-0.253511	177.648157	6.466671	0.004019	14.8
904	-0.244915	178.648153	6.434281	0.002887	13.3
905	-0.244497	178.313906	6.445071	0.004150	16.9
906	-0.242745	177.787110	6.462151	0.001927	13.5
907	-0.238873	178.657964	6.433965	0.003242	12.9
908	-0.244736	178.151682	6.450321	0.005028	12.1
909	-0.251993	177.624891	6.467428	0.003995	12.7
910	-0.243517	177.098096	6.484627	0.004219	10.4
911	-0.248672	178.098095	6.452057	0.003781	7.1
912	-0.247324	177.571300	6.469174	0.006001	7.3
913	-0.241918	177.044507	6.486382	0.004529	7.3
914	-0.239145	176.517711	6.503681	0.004893	12.4
915	-0.239683	177.517711	6.470920	0.003779	14.6
916	-0.242687	178.513808	6.438613	0.004810	15.4
917	-0.240517	177.987013	6.455659	0.003444	13.0
918	-0.237524	178.986998	6.423379	0.004367	9.9
919	-0.244266	178.460203	6.440344	0.004195	7.3
920	-0.251316	179.448495	6.408590	0.005029	10.1
921	-0.246549	178.921700	6.425477	0.002980	9.7
922	-0.244197	179.403531	6.410028	0.005081	10.5
923	-0.244834	180.403514	6.378202	0.002753	13.6
924	-0.244081	181.403496	6.346690	0.003722	15.0
925	-0.246706	180.876700	6.363252	0.004967	13.9
926	-0.248550	180.349905	6.379900	0.005016	6.1
927	-0.250293	181.191659	6.353340	0.003944	10.1
928	-0.254184	182.190959	6.322094	0.004146	15.2
929	-0.250958	183.133893	6.292891	0.002463	16.2
930	-0.239972	182.607103	6.309172	0.003525	16.6
931	-0.244904	182.108572	6.324658	0.005466	12.1
932	-0.239868	181.581785	6.341105	0.003865	9.8
933	-0.241365	182.581785	6.309957	0.002788	10.4
934	-0.244562	182.055016	6.326326	0.004364	8.8
935	-0.246669	183.054819	6.295329	0.004967	11.4
936	-0.244619	182.528023	6.311624	0.004302	6.8
937	-0.242950	182.193445	6.322016	0.004888	7.9
938	-0.248374	181.666650	6.338449	0.004434	12.4
939	-0.241204	181.139854	6.354968	0.004852	15.1
940	-0.246025	180.680627	6.369438	0.004059	20.3
941	-0.245973	181.602582	6.340454	0.003700	18.4
942	-0.242127	182.602582	6.309312	0.004592	19.1
943	-0.241814	183.125613	6.293146	0.004544	14.9
944	-0.244953	184.125367	6.262474	0.004517	13.8
945	-0.250943	183.598572	6.278598	0.004159	15.3
946	-0.239542	183.071777	6.294806	0.003705	16.5
947	-0.244007	184.071776	6.264111	0.004603	9.6
948	-0.245678	183.545174	6.280238	0.003986	15.3
949	-0.246958	183.021331	6.296363	0.005227	15.0
950	-0.241470	182.494536	6.312662	0.004457	15.0
951	-0.242028	181.967741	6.329047	0.003100	15.7
952	-0.249792	181.440945	6.345516	0.004219	9.8
953	-0.247729	180.915756	6.362021	0.006480	11.5
954	-0.248414	181.915755	6.330668	0.005484	14.6
955	-0.254733	181.388960	6.347146	0.002834	14.9
956	-0.247300	182.388960	6.315939	0.003762	14.6
957	-0.243159	181.862334	6.332335	0.004926	15.4
958	-0.243504	181.343411	6.348575	0.004199	14.9
959	-0.248840	182.342257	6.317390	0.005340	15.4
960	-0.239380	181.815462	6.333799	0.006132	12.6
961	-0.240491	182.410722	6.315263	0.003485	11.2
962	-0.239949	183.410065	6.284389	0.003694	13.9
963	-0.242500	182.883412	6.300622	0.002275	14.9
964	-0.243386	183.276678	6.288492	0.004053	14.3
965	-0.245758	182.750086	6.304745	0.003670	14.3
966	-0.244492	183.742563	6.274183	0.003940	14.7
967	-0.245143	183.215866	6.290365	0.004502	16.1
968	-0.248111	183.689748	6.275802	0.003506	13.1
969	-0.243434	184.689748	6.245291	0.003761	9.6
970	-0.244253	184.162954	6.261327	0.002502	14.2
971	-0.241755	185.161544	6.230999	0.004538	13.9
972	-0.246087	186.104401	6.202631	0.003855	15.1
973	-0.248189	185.577612	6.218449	0.004412	15.8
974	-0.246439	185.050817	6.234347	0.003355	16.1
975	-0.238676	184.666652	6.245992	0.002874	13.8
976	-0.251039	185.666500	6.215774	0.004162	14.0
977	-0.241281	186.666377	6.185846	0.004103	14.7
978	-0.242258	186.139582	6.201578	0.002953	14.1
979	-0.242519	185.613241	6.217376	0.005253	14.7
980	-0.246345	186.610478	6.187512	0.003992	14.5
981	-0.247814	187.610469	6.157851	0.005322	13.9
982	-0.243282	188.603333	6.128682	0.003264	10.7
983	-0.245653	189.603333	6.099582	0.003513	14.5
984	-0.241098	190.603124	6.070762	0.003332	17.0
985	-0.241838	191.603123	6.042208	0.003922	16.3
986	-0.244668	191.076330	6.057217	0.005475	15.1
987	-0.234541	192.076330	6.028789	0.004869	16.8
988	-0.242859	191.549534	6.043731	0.004052	15.9
989	-0.253869	191.022739	6.058748	0.003962	23.5
990	-0.240970	192.022739	6.030306	0.003706	24.7
991	-0.241740	191.502678	6.045064	0.002482	18.4
992	-0.244635	192.501462	6.016784	0.004825	21.7
993	-0.251902	191.974875	6.031661	0.003719	16.4
994	-0.247827	192.961290	6.003854	0.004949	9.0
995	-0.247145	193.961011	5.975931	0.005463	14.1
996	-0.252663	194.961011	5.948260	0.005260	16.5
997	-0.243180	195.961011	5.920844	0.003837	15.1
998	-0.240260	196.961011	5.893679	0.004634	14.1
999	-0.252427	197.961011	5.866763	0.004005	13.0
1000	-0.245359	197.514851	5.878741	0.004492	13.1
1001	-0.247543	198.514850	5.851961	0.004826	11.8
1002	-0.244587	197.988055	5.866038	0.005348	18.1
1003	-0.234007	198.988055	5.839373	0.003448	14.7
1004	-0.249063	199.984626	5.813039	0.006744	17.1
1005	-0.244121	200.984219	5.786863	0.003071	13.7
1006	-0.240674	200.457431	5.800628	0.004638	17.7
1007	-0.246215	201.108331	5.783629	0.003920	17.0
1008	-0.242746	200.581840	5.797372	0.004360	11.2
1009	-0.243674	201.581840	5.771326	0.004238	8.5
1010	-0.237549	202.570540	5.745803	0.003712	7.5
1011	-0.243749	202.043747	5.759374	0.003785	8.8
1012	-0.239681	203.043738	5.733667	0.003625	7.9
1013	-0.245569	202.522856	5.747029	0.004843	10.1
1014	-0.242308	202.066020	5.758799	0.005979	8.5
1015	-0.242713	201.539225	5.772431	0.003386	13.0
1016	-0.242851	202.539225	5.746608	0.004552	12.6
1017	-0.244971	203.539195	5.721016	0.004447	10.0
1018	-0.245436	203.018343	5.734317	0.002467	11.8
1019	-0.242423	203.709747	5.716674	0.003030	10.7
1020	-0.248643	204.709365	5.691356	0.005326	9.7
1021	-0.246768	205.709365	5.666251	0.004695	17.9
1022	-0.242262	206.709365	5.641368	0.002494	9.3
1023	-0.239358	207.038721	5.633220	0.004249	8.9
1024	-0.247354	206.512155	5.646258	0.004592	10.6
1025	-0.244286	207.460076	5.622830	0.003598	14.4
1026	-0.243664	208.459847	5.598331	0.003439	13.1
1027	-0.246063	207.933051	5.611214	0.003575	13.2
1028	-0.247224	208.933051	5.586810	0.003368	11.4
1029	-0.239458	208.406586	5.599631	0.004004	7.5
1030	-0.243383	209.405816	5.575347	0.002557	8.1
1031	-0.246446	208.880038	5.588098	0.004595	10.2
1032	-0.244258	209.876012	5.563992	0.003898	14.0
1033	-0.244620	209.654085	5.569345	0.003422	14.1
1034	-0.242744	210.654085	5.545304	0.003406	13.0
1035	-0.239131	210.127315	5.557942	0.003602	8.4
1036	-0.245739	211.125760	5.534036	0.005595	9.4
1037	-0.245191	211.909865	5.515405	0.004721	16.2
1038	-0.245561	212.909805	5.491827	0.003980	19.6
1039	-0.245321	212.383009	5.504224	0.003246	25.8
1040	-0.237157	213.382998	5.480740	0.005415	15.1
1041	-0.244111	212.856204	5.493086	0.004913	20.2
1042	-0.244763	213.856204	5.469697	0.003024	26.3
1043	-0.251682	213.329408	5.481993	0.005065	21.1
1044	-0.244850	213.722322	5.472817	0.003782	26.5
1045	-0.245389	214.538826	5.453845	0.003926	20.8
1046	-0.238361	215.538826	5.430788	0.003296	11.2
1047	-0.248489	216.538825	5.407926	0.004800	17.4
1048	-0.238286	216.012125	5.419943	0.004675	15.3
1049	-0.245035	217.012125	5.397172	0.005317	21.8
1050	-0.245127	218.012125	5.374590	0.004681	18.5
1051	-0.249678	219.012096	5.352198	0.003778	12.5
1052	-0.239377	220.012066	5.329992	0.002768	22.4
1053	-0.242112	220.459682	5.320111	0.005374	24.9
1054	-0.242743	221.459682	5.298169	0.004237	22.3
1055	-0.251666	220.932886	5.309705	0.003636	22.8
1056	-0.242003	221.932886	5.287848	0.004086	16.9
1057	-0.250063	222.932886	5.266171	0.004726	16.6
1058	-0.245656	222.406161	5.277567	0.003526	19.2
1059	-0.237001	223.406161	5.255973	0.003437	23.0
1060	-0.242739	224.406138	5.234556	0.003590	24.9
1061	-0.240230	224.549256	5.231505	0.004418	22.3
1062	-0.237509	224.022901	5.242744	0.005572	25.5
1063	-0.243921	225.022901	5.221434	0.003127	11.9
1064	-0.244901	224.496105	5.232638	0.004728	11.1
1065	-0.250658	225.496101	5.211410	0.004349	17.6
1066	-0.248281	226.496101	5.190354	0.005784	15.4
1067	-0.240027	227.496101	5.169467	0.003100	16.0
1068	-0.244297	228.494870	5.148772	0.004152	23.6
1069	-0.250122	228.473108	5.149221	0.005671	26.3
1070	-0.244136	229.473108	5.128663	0.004233	22.9
1071	-0.244745	228.946313	5.139473	0.002916	20.1
1072	-0.248077	229.878011	5.120386	0.004288	9.7
1073	-0.246985	230.877943	5.100059	0.005985	13.2
1074	-0.246020	230.351147	5.110748	0.003123	14.7
1075	-0.238203	231.347060	5.090578	0.003715	13.8
1076	-0.242903	232.347059	5.070484	0.003973	13.2
1077	-0.247275	233.347059	5.050549	0.005411	16.1
1078	-0.250838	232.820264	5.061031	0.004377	14.9
1079	-0.243627	232.293482	5.071557	0.002864	11.2
1080	-0.241902	233.293266	5.051617	0.003212	16.5
1081	-0.249036	232.766471	5.062104	0.002571	14.6
1082	-0.242713	233.635832	5.044821	0.002350	14.0
1083	-0.246822	234.499617	5.027766	0.005234	13.9
1084	-0.246589	235.499345	5.008170	0.004079	13.8
1085	-0.247128	234.972550	5.018477	0.002678	14.8
1086	-0.240569	234.899354	5.019912	0.004582	10.8
1087	-0.244441	235.283137	5.012395	0.003430	15.8
1088	-0.242075	236.283137	4.992913	0.005114	14.8
1089	-0.244316	235.756341	5.003157	0.003009	15.8
1090	-0.243684	235.229799	5.013438	0.004026	10.5
1091	-0.251357	236.228956	4.993965	0.004232	14.7
1092	-0.236057	235.702257	5.004211	0.004536	14.5
1093	-0.244232	236.702257	4.984792	0.007041	13.4
1094	-0.242413	237.702257	4.965524	0.004541	14.1
1095	-0.239788	238.702256	4.946404	0.003404	13.8
1096	-0.241444	238.175461	4.956458	0.004084	12.5
1097	-0.245487	237.649852	4.966530	0.005763	16.1
1098	-0.249055	238.649852	4.947402	0.003507	15.2
1099	-0.244360	238.123061	4.957460	0.003906	13.6
1100	-0.251790	237.658081	4.966372	0.005186	11.7
1101	-0.243660	238.658081	4.947246	0.004908	15.6
1102	-0.241291	238.131285	4.957303	0.004782	15.1
1103	-0.242571	237.604490	4.967401	0.003064	13.2
1104	-0.244997	238.593940	4.948468	0.004897	13.9
1105	-0.241394	239.413815	4.932888	0.004107	13.8
1106	-0.246113	240.409495	4.914100	0.005949	8.5
1107	-0.241459	239.882700	4.924022	0.005354	10.2
1108	-0.241166	240.882687	4.905220	0.003636	10.8
1109	-0.248073	241.882379	4.886567	0.003419	10.9
1110	-0.240883	241.423071	4.895119	0.005134	12.0
1111	-0.244845	240.896276	4.904966	0.004378	14.7
1112	-0.243729	240.369480	4.914852	0.005102	9.6
1113	-0.249786	241.369480	4.896119	0.003682	12.4
1114	-0.242506	240.842685	4.905970	0.004393	8.0
1115	-0.246525	240.315891	4.915860	0.004392	9.0
1116	-0.248593	241.315891	4.897120	0.004782	7.6
1117	-0.238155	240.830615	4.906196	0.003592	8.6
1118	-0.247286	241.830605	4.887529	0.002982	12.5
1119	-0.244384	241.304287	4.897336	0.005100	16.2
1120	-0.250915	242.304282	4.878737	0.003795	15.9
1121	-0.248432	243.304282	4.860278	0.004886	14.5
1122	-0.238175	243.874867	4.849808	0.002329	14.9
1123	-0.246615	244.866143	4.831726	0.002959	23.9
1124	-0.243661	245.861932	4.813696	0.003306	26.8
1125	-0.247681	246.861923	4.795726	0.004142	22.8
1126	-0.243090	247.861921	4.777888	0.002479	23.5
1127	-0.245614	248.861921	4.760184	0.005883	11.6
1128	-0.234091	249.861921	4.742609	0.004708	13.2
1129	-0.245008	250.861920	4.725164	0.004536	10.8
1130	-0.242787	251.861920	4.707847	0.005415	10.1
1131	-0.245497	252.861920	4.690657	0.003975	14.4
1132	-0.238324	252.335686	4.699687	0.004034	10.8
1133	-0.243079	251.808893	4.708762	0.005399	7.9
1134	-0.245823	251.282185	4.717871	0.003001	9.2
1135	-0.240801	250.755390	4.727017	0.004520	14.9
1136	-0.243324	250.228594	4.736198	0.003952	10.8
1137	-0.244454	251.228594	4.718800	0.003005	14.1
1138	-0.246120	250.702528	4.727936	0.003549	11.1
1139	-0.248630	251.702292	4.710603	0.004953	10.4
1140	-0.244684	251.175498	4.719720	0.004322	10.5
1141	-0.240871	250.648703	4.728873	0.004810	12.0
1142	-0.241240	251.472159	4.714582	0.003789	14.9
1143	-0.242198	252.472159	4.697342	0.005463	14.8
1144	-0.244136	251.945363	4.706408	0.003487	14.7
1145	-0.244215	251.685574	4.710892	0.004763	15.1
1146	-0.242090	251.158791	4.720010	0.004547	13.5
1147	-0.244431	250.631996	4.729164	0.003621	10.4
1148	-0.239779	251.631994	4.711818	0.004311	10.1
1149	-0.246264	252.631992	4.694598	0.003263	14.6
1150	-0.241578	253.631992	4.677504	0.003921	14.8
1151	-0.244887	253.132044	4.686035	0.003610	13.9
1152	-0.241760	252.605248	4.695057	0.003098	16.2
1153	-0.245214	253.583931	4.678323	0.003297	13.5
1154	-0.251736	254.583803	4.661349	0.003064	9.5
1155	-0.242539	255.582753	4.644513	0.003317	7.9
1156	-0.246547	256.503853	4.629097	0.002441	8.5
1157	-0.255906	255.979596	4.637859	0.005916	11.3
1158	-0.236006	255.453339	4.646688	0.002577	12.5
1159	-0.251149	254.926549	4.655559	0.004067	12.6
1160	-0.244170	255.926237	4.638753	0.004731	10.4
1161	-0.245700	256.147038	4.635057	0.002310	10.6
1162	-0.238441	255.621765	4.643858	0.003274	11.8
1163	-0.245684	256.618481	4.627186	0.003139	13.5
1164	-0.247982	256.091686	4.635983	0.004863	12.4
1165	-0.242833	257.087479	4.619382	0.004291	10.3
1166	-0.244289	258.087470	4.602830	0.004608	11.8
1167	-0.241521	257.560674	4.611535	0.003358	10.8
1168	-0.249910	257.159469	4.618186	0.003917	14.9
1169	-0.247552	257.079726	4.619511	0.003753	13.9
1170	-0.248718	258.079726	4.602958	0.005091	17.7
1171	-0.243635	257.552931	4.611663	0.002541	12.5
1172	-0.244065	258.552930	4.595167	0.003457	12.4
1173	-0.247695	258.083939	4.602889	0.002756	16.0
1174	-0.240763	257.989215	4.604451	0.003343	15.0
1175	-0.245429	258.911050	4.589287	0.005259	15.4
1176	-0.248159	258.384270	4.597941	0.005801	14.3
1177	-0.242355	257.857474	4.606627	0.003011	18.8
1178	-0.242875	258.856977	4.590174	0.003008	23.3
1179	-0.249905	258.601989	4.594360	0.004496	25.2
1180	-0.249839	258.075406	4.603029	0.004365	13.3
1181	-0.243939	259.075403	4.586594	0.004290	10.4
1182	-0.240447	258.548608	4.595238	0.003494	10.1
1183	-0.238087	259.548608	4.578858	0.004612	12.9
1184	-0.251012	259.131775	4.585671	0.004583	9.7
1185	-0.240694	258.605244	4.594307	0.003757	7.1
1186	-0.244704	258.078949	4.602971	0.003351	9.8
1187	-0.242431	259.078949	4.586536	0.005332	14.3
1188	-0.246950	258.552153	4.595179	0.004303	15.9
1189	-0.236945	259.552153	4.578800	0.003547	13.8
1190	-0.246079	259.786758	4.574975	0.004114	12.7
1191	-0.241574	260.624758	4.561361	0.005978	7.0
1192	-0.243992	260.097963	4.569910	0.004772	11.9
1193	-0.239562	260.944238	4.556193	0.004955	9.8
1194	-0.244947	260.643097	4.561064	0.004751	7.2
1195	-0.239945	261.643097	4.544927	0.004058	8.2
1196	-0.241930	261.116302	4.553414	0.003576	9.6
1197	-0.245040	260.589507	4.561932	0.003159	11.1
1198	-0.241056	260.073579	4.570306	0.003553	11.9
1199	-0.245568	259.616208	4.577755	0.003892	9.2
1200	-0.242318	259.089412	4.586365	0.004809	11.9
1201	-0.242768	260.089412	4.570049	0.004194	11.9
1202	-0.241526	259.562617	4.578630	0.003369	10.2
1203	-0.244674	259.035872	4.587242	0.003949	10.7
1204	-0.242108	258.509112	4.595887	0.001842	10.6
1205	-0.249477	257.982520	4.604562	0.003337	10.8
1206	-0.248876	257.456156	4.613266	0.005503	10.0
1207	-0.248710	256.996997	4.620885	0.004294	10.4
1208	-0.245919	256.470305	4.629657	0.003232	11.2
1209	-0.250738	255.944400	4.638448	0.004374	10.0
1210	-0.247087	256.944381	4.621760	0.005623	11.1
1211	-0.245666	257.932174	4.605393	0.004947	10.5
1212	-0.242811	257.405378	4.614107	0.003550	8.2
1213	-0.236615	256.878583	4.622855	0.004473	8.1
1214	-0.244918	257.878524	4.606279	0.002688	7.5
1215	-0.245884	257.424535	4.613790	0.004368	7.8
1216	-0.242992	258.424530	4.597278	0.004172	9.2
1217	-0.241091	259.422281	4.580921	0.003240	10.1
1218	-0.244225	259.005782	4.587735	0.005370	9.9
1219	-0.243408	260.005782	4.571409	0.004931	10.7
1220	-0.244264	259.478987	4.579995	0.002661	10.6
1221	-0.241288	260.478987	4.563724	0.004813	22.7
1222	-0.243499	259.954497	4.572243	0.005037	33.9
1223	-0.244500	259.427701	4.580832	0.003553	11.0
1224	-0.245925	258.916148	4.589204	0.003844	17.0
1225	-0.246007	259.073188	4.586631	0.003736	17.3
1226	-0.244115	258.546393	4.595274	0.002480	21.3
1227	-0.245865	258.019598	4.603950	0.003710	11.7
1228	-0.242597	259.017240	4.587547	0.005563	14.0
1229	-0.248021	260.016555	4.571233	0.003787	16.2
1230	-0.245078	259.489760	4.579819	0.005133	13.5
1231	-0.243696	260.043584	4.570794	0.004740	7.9
1232	-0.249916	260.979154	4.555629	0.004412	14.3
1233	-0.246483	261.592077	4.545748	0.003966	17.3
1234	-0.240770	262.590753	4.529740	0.005218	7.9
1235	-0.238751	263.588749	4.513855	0.005113	14.1
1236	-0.240311	263.061954	4.522226	0.004022	14.6
1237	-0.244472	264.061405	4.506370	0.003114	13.5
1238	-0.247796	265.061403	4.490617	0.002578	12.9
1239	-0.241610	266.059557	4.475003	0.001970	12.5
1240	-0.242743	265.535186	4.483192	0.003338	6.6
1241	-0.250925	266.534867	4.467605	0.004681	9.4
1242	-0.236678	266.008586	4.475797	0.003719	9.7
1243	-0.239955	267.008586	4.460257	0.003940	9.4
1244	-0.242943	267.983734	4.445206	0.004119	12.4
1245	-0.246697	267.456941	4.453324	0.003707	14.3
1246	-0.240836	266.930249	4.461470	0.002617	14.4
1247	-0.243485	267.930248	4.446029	0.006503	14.9
1248	-0.243202	267.403453	4.454150	0.003533	11.7
1249	-0.240534	266.876658	4.462301	0.005065	15.8
1250	-0.244427	266.349863	4.470482	0.004189	13.4
1251	-0.241955	266.857837	4.462593	0.004831	13.4
1252	-0.247413	266.333199	4.470741	0.004763	14.1
1253	-0.248514	267.333199	4.455235	0.005465	16.0
1254	-0.249269	268.207740	4.441763	0.002885	15.1
1255	-0.235152	267.680944	4.449869	0.003488	15.2
1256	-0.242780	267.849547	4.447271	0.004719	14.9
1257	-0.241937	267.323041	4.455392	0.003863	13.9
1258	-0.245151	268.213117	4.441681	0.002625	8.9
1259	-0.241870	269.213077	4.426376	0.005476	13.1
1260	-0.246411	268.686378	4.434424	0.003670	14.0
1261	-0.244774	268.159583	4.442503	0.004497	15.3
1262	-0.247139	267.633233	4.450604	0.003894	12.5
1263	-0.238243	268.633233	4.435238	0.003941	15.1
1264	-0.240089	268.521589	4.436948	0.003577	16.2
1265	-0.243718	269.521586	4.421676	0.003654	12.2
1266	-0.245535	268.994791	4.429708	0.003844	14.4
1267	-0.239202	268.468477	4.437762	0.002964	13.4
1268	-0.240846	269.468474	4.422484	0.003531	11.4
1269	-0.248761	270.467813	4.407321	0.003791	11.4
1270	-0.239494	271.467782	4.392252	0.003308	11.5
1271	-0.247064	270.941315	4.400173	0.003798	12.4
1272	-0.249207	271.941314	4.385152	0.003777	14.7
1273	-0.241276	272.830794	4.371878	0.002803	16.0
1274	-0.246884	272.304593	4.379721	0.003105	14.4
1275	-0.245121	271.778655	4.387589	0.004344	14.4
1276	-0.248003	271.287382	4.394963	0.003795	13.1
1277	-0.239640	272.287382	4.379978	0.006438	11.1
1278	-0.243204	273.287382	4.365095	0.004652	9.3
1279	-0.245437	274.194030	4.351688	0.005862	11.6
1280	-0.244508	275.155440	4.337561	0.004988	6.8
1281	-0.241268	274.628644	4.345290	0.007120	12.3
1282	-0.244165	275.628644	4.330641	0.004510	8.6
1283	-0.245901	275.102249	4.338340	0.005007	7.2
1284	-0.241494	274.584599	4.345938	0.006612	7.2
1285	-0.239955	275.584599	4.331284	0.003962	10.7
1286	-0.251934	275.064173	4.338898	0.003691	11.5
1287	-0.246830	274.537539	4.346630	0.003319	11.7
1288	-0.245243	274.010942	4.354389	0.003305	13.1
1289	-0.239907	275.010597	4.339683	0.006574	10.2
1290	-0.246575	274.483802	4.347420	0.003825	8.6
1291	-0.247918	275.311536	4.335276	0.003525	7.6
1292	-0.248174	274.803546	4.342721	0.002918	14.5
1293	-0.244855	275.644660	4.330408	0.003411	20.7
1294	-0.246844	275.119102	4.338093	0.004893	19.0
1295	-0.237877	274.872527	4.341709	0.004263	17.4
1296	-0.244959	275.841553	4.327535	0.003587	14.3
1297	-0.239494	276.841552	4.313006	0.004264	11.2
1298	-0.246044	276.314815	4.320647	0.004755	9.6
1299	-0.243945	277.314815	4.306163	0.004032	11.3
1300	-0.243325	276.788020	4.313781	0.005008	13.0
1301	-0.243972	277.788020	4.299343	0.003930	14.1
1302	-0.249917	278.788014	4.285002	0.004839	10.7
1303	-0.242129	278.261218	4.292545	0.004642	7.1
1304	-0.246669	279.261114	4.278251	0.004017	10.7
1305	-0.246128	280.260594	4.264057	0.004695	12.5
1306	-0.239230	280.882618	4.255271	0.004449	12.9
1307	-0.238351	281.882618	4.241222	0.005036	14.9
1308	-0.245680	282.882618	4.227265	0.003952	11.9
1309	-0.244498	282.355823	4.234606	0.004288	13.6
1310	-0.250084	283.355823	4.220692	0.003190	10.6
1311	-0.242325	284.355822	4.206870	0.004100	6.9
1312	-0.239593	283.829297	4.214137	0.005552	7.3
1313	-0.241618	284.826996	4.200389	0.002596	13.4
1314	-0.241481	284.471544	4.205276	0.003699	10.3
1315	-0.245447	284.657268	4.202721	0.004170	10.4
1316	-0.246270	285.657078	4.189019	0.005666	7.8
1317	-0.248710	286.657078	4.175403	0.003935	19.4
1318	-0.245554	286.130284	4.182565	0.003976	14.9
1319	-0.237770	285.679757	4.188709	0.006970	12.9
1320	-0.239638	286.679757	4.175095	0.003569	13.8
1321	-0.244828	286.152961	4.182256	0.003905	13.7
1322	-0.248140	285.643630	4.189203	0.004245	13.4
1323	-0.243184	285.116836	4.196412	0.003852	15.0
1324	-0.241115	286.111020	4.182827	0.006020	14.4
1325	-0.243223	287.111020	4.169251	0.004537	14.2
1326	-0.249180	288.111020	4.155763	0.002998	13.0
1327	-0.245668	287.596314	4.162695	0.004783	15.1
1328	-0.247089	287.070376	4.169801	0.002602	13.7
1329	-0.245831	287.865108	4.159072	0.004630	14.3
1330	-0.246147	287.338315	4.166178	0.003531	14.9
1331	-0.246239	286.811520	4.173308	0.004287	13.4
1332	-0.245875	286.285214	4.180456	0.003982	15.1
1333	-0.242759	287.285214	4.166896	0.004160	14.0
1334	-0.241790	286.759245	4.174017	0.004556	13.9
1335	-0.240126	286.517518	4.177298	0.004717	17.0
1336	-0.252095	286.447479	4.178250	0.003444	11.6
1337	-0.248466	285.938159	4.185183	0.002498	13.7
1338	-0.250725	286.938031	4.171593	0.003453	18.7
1339	-0.249755	287.103230	4.169357	0.005317	16.7
1340	-0.243684	286.576434	4.176498	0.003330	12.1
1341	-0.243291	286.049639	4.183663	0.003851	10.5
1342	-0.246396	285.915421	4.185493	0.004923	8.0
1343	-0.245581	285.388626	4.192689	0.005774	15.2
1344	-0.247844	284.861830	4.199910	0.003370	13.1
1345	-0.244293	284.335035	4.207156	0.004718	13.6
1346	-0.242241	285.326672	4.193537	0.004357	11.7
1347	-0.247422	284.806031	4.200677	0.004468	11.4
1348	-0.245368	285.771580	4.187455	0.003669	16.5
1349	-0.246965	286.771558	4.173850	0.004752	12.9
1350	-0.252425	286.978953	4.171039	0.005342	12.0
1351	-0.249521	286.484992	4.177740	0.005196	9.2
1352	-0.239970	285.958196	4.184910	0.004427	7.3
1353	-0.240989	286.958195	4.171320	0.003169	17.1
1354	-0.241610	286.431645	4.178465	0.004693	10.9
1355	-0.252138	287.431645	4.164917	0.003732	8.7
1356	-0.247422	286.904849	4.172043	0.005200	16.5
1357	-0.247440	286.378054	4.179193	0.004306	16.0
1358	-0.243998	287.378030	4.165641	0.003300	10.9
1359	-0.245384	286.851239	4.172770	0.005087	17.3
1360	-0.244635	286.324444	4.179922	0.002674	12.3
1361	-0.240722	287.324444	4.166365	0.005401	9.7
1362	-0.244124	288.324444	4.152896	0.005588	9.0
1363	-0.240159	287.797649	4.159981	0.005680	14.9
1364	-0.243033	288.702509	4.147827	0.005627	12.9
1365	-0.250776	289.702509	4.134477	0.006438	12.9
1366	-0.242635	289.175714	4.141499	0.005954	17.1
1367	-0.243370	288.648918	4.148544	0.004325	16.1
1368	-0.243060	288.122125	4.155614	0.003627	17.7
1369	-0.243286	288.990456	4.143974	0.003432	13.1
1370	-0.242272	289.990456	4.130649	0.003327	13.9
1371	-0.244301	290.950242	4.117940	0.003873	11.2
1372	-0.242493	291.950242	4.104781	0.004443	13.8
1373	-0.243507	292.661931	4.095468	0.003310	17.8
1374	-0.246842	292.143361	4.102250	0.003819	12.0
1375	-0.244807	291.681942	4.108303	0.002815	11.0
1376	-0.247672	291.155196	4.115236	0.003391	7.6
1377	-0.250706	290.629078	4.122184	0.004153	13.1
1378	-0.238268	291.628941	4.109000	0.002812	12.9
1379	-0.251303	291.102145	4.115935	0.002542	14.9
1380	-0.240399	292.099615	4.102823	0.003653	14.7
1381	-0.247674	292.472216	4.097946	0.004784	11.5
1382	-0.242629	292.120780	4.102546	0.003518	20.9
1383	-0.243900	291.593985	4.109459	0.005326	10.0
1384	-0.248981	292.593985	4.096355	0.004132	17.9
1385	-0.238048	292.068675	4.103228	0.005680	13.7
1386	-0.240544	293.068675	4.090164	0.003429	11.4
1387	-0.241682	292.595343	4.096337	0.004732	10.2
1388	-0.243875	293.595343	4.083316	0.003637	13.9
1389	-0.248484	293.227663	4.088094	0.004399	13.8
1390	-0.248766	294.227662	4.075125	0.003408	12.0
1391	-0.252803	295.213149	4.062425	0.004156	11.0
1392	-0.245370	296.212992	4.049621	0.002836	10.5
1393	-0.244245	297.212990	4.036895	0.002778	10.9
1394	-0.243717	296.686195	4.043589	0.004246	14.0
1395	-0.241798	297.678898	4.030993	0.002173	7.3
1396	-0.241037	297.183503	4.037269	0.004171	11.0
1397	-0.239920	296.657169	4.043958	0.002965	13.8
1398	-0.243147	297.657146	4.031268	0.005785	11.8
1399	-0.239534	298.618159	4.019147	0.004106	17.7
1400	-0.247343	298.091364	4.025782	0.004688	14.2
1401	-0.248940	299.091364	4.013205	0.003016	13.2
1402	-0.240940	300.091359	4.000706	0.004813	12.2
1403	-0.238346	299.564564	4.007281	0.003598	7.0
1404	-0.239883	299.037768	4.013877	0.004502	7.9
1405	-0.246578	300.037768	4.001374	0.003879	9.8
1406	-0.244409	301.037589	3.988951	0.005564	16.1
1407	-0.244592	300.510793	3.995487	0.004295	17.1
1408	-0.245882	299.983998	4.002045	0.005222	14.9
1409	-0.242057	299.472129	4.008437	0.006677	16.9
1410	-0.243462	298.949879	4.014980	0.004139	12.3
1411	-0.244140	299.949822	4.002471	0.002677	12.2
1412	-0.246755	299.423108	4.009050	0.004473	12.3
1413	-0.239733	299.070784	4.013463	0.003089	15.4
1414	-0.241525	300.070781	4.000963	0.002979	14.8
1415	-0.240872	301.049289	3.988806	0.004075	13.6
1416	-0.244544	302.049289	3.976459	0.004319	16.8
1417	-0.247631	301.522494	3.982954	0.004217	13.9
1418	-0.242947	302.522293	3.970645	0.004732	15.3
1419	-0.236733	303.522287	3.958410	0.006385	14.6
1420	-0.242296	302.995617	3.964845	0.004494	13.8
1421	-0.247050	303.346364	3.960557	0.004344	14.8
1422	-0.250609	304.346364	3.948384	0.005808	14.9
1423	-0.248572	303.819568	3.954787	0.004167	14.4
1424	-0.238133	303.292773	3.961212	0.004123	14.5
1425	-0.238357	302.807209	3.967152	0.004600	13.8
1426	-0.246177	303.802279	3.954998	0.004493	13.4
1427	-0.240795	304.802279	3.942858	0.003538	13.7
1428	-0.240839	305.801886	3.930798	0.003271	11.1
1429	-0.247045	305.426054	3.935324	0.002841	12.2
1430	-0.249448	304.899516	3.941682	0.004735	10.7
1431	-0.235655	304.374022	3.948048	0.006596	13.8
1432	-0.247862	303.847227	3.954450	0.004622	12.0
1433	-0.245705	303.442206	3.959387	0.004127	10.0
1434	-0.244203	304.438857	3.947262	0.005958	14.0
1435	-0.239373	303.912174	3.953660	0.004381	13.6
1436	-0.251664	304.912167	3.941529	0.003799	12.1
1437	-0.243977	305.912167	3.929472	0.006369	15.3
1438	-0.244961	306.912166	3.917489	0.004954	15.3
1439	-0.240718	307.912164	3.905578	0.006971	16.1
1440	-0.241887	307.385369	3.911844	0.004496	14.7
1441	-0.251501	308.384977	3.899972	0.005211	15.5
1442	-0.244441	309.384977	3.888168	0.005170	14.4
1443	-0.244615	310.384777	3.876437	0.003544	9.8
1444	-0.244731	311.384468	3.864778	0.005183	7.2
1445	-0.241293	310.869351	3.870777	0.004339	8.7
1446	-0.242966	310.342563	3.876931	0.002740	12.8
1447	-0.245446	309.815769	3.883105	0.003427	13.2
1448	-0.237916	309.290320	3.889282	0.004530	15.4
1449	-0.243307	310.290320	3.877542	0.004088	16.1
1450	-0.237950	311.290234	3.865874	0.004993	15.4
1451	-0.247356	312.290229	3.854275	0.004698	16.8
1452	-0.241608	311.763434	3.860377	0.003699	19.7
1453	-0.239804	311.236734	3.866497	0.005123	22.0
1454	-0.245058	310.866259	3.870813	0.004052	12.5
1455	-0.245242	310.956254	3.869764	0.006385	12.7
1456	-0.250710	311.956138	3.858143	0.003673	12.5
1457	-0.249244	312.311600	3.854028	0.003254	16.5
1458	-0.250093	311.784807	3.860129	0.003429	16.5
1459	-0.237036	311.258060	3.866249	0.004320	14.9
1460	-0.247377	312.257902	3.854649	0.005292	16.2
1461	-0.245865	311.731107	3.860752	0.002614	15.3
1462	-0.237613	311.204458	3.866872	0.003402	16.7
1463	-0.240783	310.677663	3.873014	0.004230	15.4
1464	-0.242692	310.150868	3.879175	0.004466	18.2
1465	-0.245187	309.631093	3.885274	0.003604	12.4
1466	-0.240772	309.104344	3.891473	0.005061	11.9
1467	-0.246372	309.461335	3.887270	0.003333	14.4
1468	-0.241324	310.461335	3.875542	0.004019	12.3
1469	-0.247252	311.442868	3.864099	0.004425	13.7
1470	-0.242945	312.442868	3.852511	0.004022	16.1
1471	-0.248867	311.916073	3.858607	0.004694	13.3
1472	-0.243883	311.389277	3.864722	0.005169	15.3
1473	-0.237165	312.389277	3.853130	0.003405	14.3
1474	-0.246458	313.389273	3.841607	0.004549	13.9
1475	-0.243355	314.389273	3.830153	0.003801	14.6
1476	-0.246726	313.984956	3.834776	0.004097	16.4
1477	-0.239730	313.477021	3.840599	0.005339	13.3
1478	-0.243985	314.028827	3.834274	0.003962	7.2
1479	-0.239326	315.028827	3.822863	0.003849	7.2
1480	-0.240900	314.508735	3.828789	0.004956	10.6
1481	-0.245877	313.982680	3.834802	0.004583	10.1
1482	-0.247277	314.899963	3.824330	0.003451	7.4
1483	-0.235170	315.899962	3.812978	0.003157	7.7
1484	-0.248333	315.613855	3.816219	0.002679	15.9
1485	-0.242741	316.613584	3.804919	0.004106	10.4
1486	-0.239537	317.434548	3.795689	0.004364	7.5
1487	-0.243132	316.907753	3.801606	0.003719	10.9
1488	-0.245321	317.907753	3.790389	0.002909	10.7
1489	-0.242639	318.158530	3.787587	0.005363	10.1
1490	-0.246186	317.631852	3.793477	0.005105	12.1
1491	-0.242398	317.105056	3.799388	0.003215	12.5
1492	-0.239220	316.578261	3.805317	0.003117	10.0
1493	-0.242444	317.578140	3.794079	0.005764	6.8
1494	-0.250116	318.578140	3.782906	0.003376	7.4
1495	-0.245694	319.578126	3.771799	0.003607	11.8
1496	-0.250725	319.051621	3.777639	0.003825	14.4
1497	-0.242624	319.964268	3.767528	0.003084	12.0
1498	-0.249436	320.638919	3.760088	0.003581	11.1
1499	-0.249157	320.112654	3.765889	0.003938	12.5
1500	-0.238801	321.112654	3.754881	0.005884	14.1
1501	-0.244389	320.585876	3.760672	0.003662	24.9
1502	-0.245126	321.585876	3.749694	0.005555	20.2
1503	-0.250499	321.059081	3.755469	0.003699	15.9
1504	-0.246811	320.532285	3.761262	0.005805	18.0
1505	-0.248827	320.005490	3.767072	0.003622	14.2
1506	-0.239133	321.005475	3.756058	0.004902	13.2
1507	-0.245655	320.478687	3.761852	0.003216	13.6
1508	-0.243329	321.478009	3.750875	0.004961	14.2
1509	-0.244007	321.220359	3.753699	0.003758	13.7
1510	-0.245932	320.693564	3.759486	0.004838	13.4
1511	-0.240335	321.319062	3.752617	0.002389	13.3
1512	-0.242307	320.798338	3.758334	0.002443	14.6
1513	-0.245638	321.600868	3.749530	0.004360	13.0
1514	-0.243942	322.577313	3.738874	0.003676	15.0
1515	-0.236862	323.577313	3.728023	0.003526	13.3
1516	-0.245523	323.050517	3.733732	0.003222	13.5
1517	-0.245933	324.048630	3.722931	0.003761	14.7
1518	-0.242729	323.526413	3.728574	0.005371	14.3
1519	-0.243194	324.526413	3.717783	0.005308	15.6
1520	-0.244244	325.353201	3.708908	0.002540	11.9
1521	-0.246725	324.841622	3.714395	0.003629	12.2
1522	-0.240974	324.384646	3.719309	0.003749	10.8
1523	-0.241581	323.857854	3.724991	0.003112	8.8
1524	-0.244524	323.346363	3.730524	0.005222	16.0
1525	-0.247055	324.346363	3.719721	0.004811	9.6
1526	-0.240014	325.346363	3.708982	0.005306	16.6
1527	-0.246015	324.819732	3.714630	0.005626	8.0
1528	-0.247691	325.819732	3.703919	0.004173	8.4
1529	-0.250868	326.819732	3.693270	0.004734	11.6
1530	-0.243744	326.292936	3.698872	0.003249	14.6
1531	-0.247767	327.292936	3.688252	0.003554	10.6
1532	-0.241233	328.286190	3.677764	0.004290	11.1
1533	-0.246628	329.282067	3.667308	0.005001	9.8
1534	-0.244674	330.282067	3.656868	0.003649	10.7
1535	-0.248660	331.173235	3.647615	0.004613	10.0
1536	-0.245057	330.873802	3.650719	0.004704	7.7
1537	-0.242830	330.347082	3.656192	0.004054	14.5
1538	-0.247757	329.820286	3.661682	0.003715	13.1
1539	-0.249307	330.446264	3.655160	0.004910	15.1
1540	-0.244369	331.446228	3.644789	0.004042	14.4
1541	-0.248862	332.446225	3.634477	0.005688	14.5
1542	-0.246125	331.919430	3.639902	0.003773	15.6
1543	-0.244522	332.919430	3.629618	0.006497	15.1
1544	-0.243862	332.392634	3.635028	0.002792	13.1
1545	-0.244373	331.878962	3.640320	0.005200	13.3
1546	-0.245167	331.352297	3.645761	0.003875	13.9
1547	-0.238887	330.825502	3.651220	0.004204	13.3
1548	-0.239692	330.298706	3.656695	0.004597	19.3
1549	-0.240952	329.771911	3.662187	0.003632	19.0
1550	-0.244524	330.771911	3.651776	0.005255	19.8
1551	-0.246823	330.245116	3.657253	0.004207	19.9
1552	-0.243897	331.245116	3.646870	0.004497	14.6
1553	-0.240411	332.245116	3.636546	0.003397	12.9
1554	-0.248167	331.718321	3.641978	0.004110	12.2
1555	-0.239683	331.297356	3.646330	0.002890	14.0
1556	-0.245804	332.297356	3.636009	0.004079	10.8
1557	-0.245351	333.297350	3.625746	0.005077	10.8
1558	-0.243867	332.770555	3.631145	0.005130	14.0
1559	-0.252318	333.770555	3.620910	0.004855	10.9
1560	-0.241134	333.244019	3.626292	0.004436	10.8
1561	-0.239442	334.243951	3.616085	0.003086	11.2
1562	-0.244283	333.717156	3.621455	0.003705	13.1
1563	-0.243143	333.205404	3.626687	0.005071	13.0
1564	-0.241096	334.205399	3.616477	0.004156	13.4
1565	-0.250654	333.678604	3.621849	0.003004	14.4
1566	-0.243081	334.678604	3.611666	0.003619	14.0
1567	-0.240525	335.540556	3.602935	0.002510	14.1
1568	-0.250480	335.397509	3.604381	0.003779	15.8
1569	-0.240048	336.394605	3.594325	0.003679	14.8
1570	-0.245073	337.394605	3.584296	0.003938	12.9
1571	-0.240621	338.394582	3.574323	0.002773	6.9
1572	-0.245498	339.394404	3.564407	0.004722	8.0
1573	-0.242516	340.380141	3.554684	0.005295	8.0
1574	-0.247596	341.380141	3.544875	0.002897	8.6
1575	-0.245162	340.853808	3.550031	0.003741	7.3
1576	-0.252222	340.415195	3.554339	0.003505	9.2
1577	-0.248099	339.888399	3.559528	0.004680	7.2
1578	-0.244384	340.885139	3.549724	0.004903	14.1
1579	-0.248129	341.885139	3.539942	0.004950	13.9
1580	-0.239325	342.823267	3.530814	0.004364	16.5
1581	-0.241749	343.822616	3.521142	0.003760	16.3
1582	-0.243218	343.296967	3.526223	0.004581	10.1
1583	-0.238957	342.770172	3.531329	0.003823	14.8
1584	-0.248027	343.770172	3.521648	0.005091	14.6
1585	-0.242065	343.243378	3.526742	0.003480	11.4
1586	-0.247237	342.716582	3.531850	0.005318	8.0
1587	-0.240284	342.192306	3.536948	0.003910	10.0
1588	-0.240972	343.192306	3.527236	0.004676	15.9
1589	-0.242092	342.665856	3.532342	0.004149	13.4
1590	-0.235610	342.139060	3.537467	0.003850	16.0
1591	-0.239802	341.612526	3.542603	0.005130	14.8
1592	-0.249595	341.085730	3.547757	0.006682	14.3
1593	-0.246363	342.085730	3.537986	0.004657	16.1
1594	-0.245346	343.085730	3.528269	0.004093	12.4
1595	-0.240598	342.564866	3.533323	0.004030	12.2
1596	-0.247153	343.514090	3.524122	0.004672	11.5
1597	-0.247300	344.514071	3.514481	0.005022	19.3
1598	-0.247810	345.465766	3.505354	0.003543	12.7
1599	-0.241993	344.938971	3.510400	0.003068	10.7
1600	-0.245024	345.056661	3.509272	0.004462	12.4
1601	-0.238352	344.878418	3.510981	0.002792	13.9
1602	-0.243603	345.835610	3.501820	0.005311	8.8
1603	-0.238908	345.309965	3.506845	0.004042	6.8
1604	-0.242246	346.309963	3.497298	0.002792	8.8
1605	-0.242927	346.948665	3.491227	0.004276	11.4
1606	-0.247698	347.948665	3.481764	0.005807	12.2
1607	-0.244291	347.421869	3.486743	0.004334	12.5
1608	-0.250755	346.895074	3.491735	0.003398	12.0
1609	-0.248371	347.013455	3.490612	0.004459	14.0
1610	-0.248572	347.612702	3.484938	0.002636	13.3
1611	-0.238742	348.583371	3.475785	0.002435	12.8
1612	-0.247181	348.064992	3.480667	0.003412	13.9
1613	-0.241183	349.064164	3.471269	0.003856	14.1
1614	-0.243400	348.689857	3.474784	0.003649	15.5
1615	-0.246010	349.688629	3.465421	0.003519	12.6
1616	-0.246060	349.162700	3.470345	0.004288	9.8
1617	-0.246886	348.635904	3.475291	0.003555	14.5
1618	-0.245633	349.635904	3.465914	0.003696	12.8
1619	-0.245806	350.635636	3.456591	0.003438	14.3
1620	-0.238235	351.634855	3.447322	0.002693	12.9
1621	-0.242891	351.109554	3.452188	0.004738	16.0
1622	-0.238467	352.109554	3.442936	0.004432	13.8
1623	-0.249037	351.583901	3.447793	0.004659	14.3
1624	-0.250244	352.583896	3.438564	0.003677	15.1
1625	-0.244476	352.057102	3.443420	0.003054	14.0
1626	-0.252139	351.530307	3.448289	0.005089	11.7
1627	-0.244275	351.003596	3.453172	0.004659	12.4
1628	-0.248253	350.476838	3.458068	0.003739	13.6
1629	-0.244709	351.476838	3.448784	0.004973	13.5
1630	-0.243317	352.476752	3.439551	0.004836	13.3
1631	-0.242245	351.982102	3.444112	0.002703	9.0
1632	-0.243368	352.982092	3.434903	0.004062	7.2
1633	-0.243466	352.819655	3.436396	0.003931	11.6
1634	-0.244423	352.301123	3.441169	0.004097	13.3
1635	-0.242053	351.777942	3.445999	0.003782	15.5
1636	-0.239440	351.251166	3.450875	0.003437	11.2
1637	-0.240721	352.251166	3.441630	0.003274	12.3
1638	-0.251423	351.724372	3.446494	0.005230	12.3
1639	-0.245437	352.722766	3.437287	0.003457	9.1
1640	-0.245828	353.710410	3.428227	0.003679	13.1
1641	-0.242641	354.710175	3.419104	0.005880	8.2
1642	-0.241977	354.183380	3.423905	0.003825	7.5
1643	-0.245133	355.183380	3.414803	0.005417	28.9
1644	-0.246457	354.656585	3.419592	0.003997	15.3
1645	-0.241950	355.656514	3.410514	0.005017	13.6
1646	-0.244715	356.656513	3.401483	0.003533	21.6
1647	-0.250311	356.130217	3.406230	0.002635	15.2
1648	-0.245189	356.754965	3.400597	0.003159	11.7
1649	-0.241234	356.619287	3.401819	0.003288	16.9
1650	-0.240246	357.434669	3.394489	0.003077	16.3
1651	-0.245921	358.426569	3.385615	0.003475	15.2
1652	-0.243618	359.421102	3.376764	0.004939	13.1
1653	-0.241638	358.894405	3.381446	0.002993	11.1
1654	-0.253056	359.894405	3.372568	0.005168	14.7
1655	-0.242951	359.367610	3.377239	0.005409	12.9
1656	-0.241598	360.367610	3.368383	0.003949	14.9
1657	-0.242431	361.367610	3.359574	0.005272	13.6
1658	-0.243480	360.840814	3.364209	0.003939	14.7
1659	-0.234374	361.840814	3.355421	0.003644	6.9
1660	-0.246254	361.314376	3.360042	0.006279	8.1
1661	-0.247139	362.313885	3.351280	0.003803	11.5
1662	-0.252276	363.107714	3.344354	0.003519	9.8
1663	-0.246536	362.580919	3.348947	0.003262	13.2
1664	-0.244738	362.093785	3.353206	0.003456	11.1
1665	-0.242659	361.566990	3.357823	0.004071	10.6
1666	-0.247793	362.566891	3.349070	0.003587	11.2
1667	-0.244077	363.566891	3.340361	0.004465	13.8
1668	-0.246870	364.566859	3.331698	0.004932	13.8
1669	-0.242934	364.040064	3.336256	0.004083	14.1
1670	-0.246747	363.522353	3.340748	0.004694	12.7
1671	-0.240063	362.995785	3.345329	0.005291	13.6
1672	-0.246303	363.031184	3.345021	0.004761	16.0
1673	-0.245535	362.504389	3.349616	0.004516	13.9
1674	-0.249549	363.500793	3.340935	0.003555	15.3
1675	-0.243517	364.482161	3.332430	0.004357	9.9
1676	-0.242391	365.482142	3.323808	0.002039	8.9
1677	-0.242250	366.478744	3.315259	0.006107	7.5
1678	-0.246033	366.088579	3.318600	0.006581	15.6
1679	-0.247633	365.561784	3.323123	0.004741	15.5
1680	-0.237340	366.561784	3.314548	0.003081	7.4
1681	-0.247255	367.561784	3.306018	0.005726	12.9
1682	-0.247854	368.561784	3.297532	0.004188	12.8
1683	-0.239018	368.034989	3.301997	0.004662	15.1
1684	-0.250231	367.659183	3.305190	0.004333	9.6
1685	-0.246743	367.132387	3.309676	0.004424	8.3
1686	-0.248622	367.442473	3.307034	0.006017	10.4
1687	-0.241390	366.915678	3.311525	0.004113	7.8
1688	-0.244587	367.915678	3.303010	0.001714	10.8
1689	-0.246566	367.395810	3.307431	0.003522	13.2
1690	-0.254364	367.142989	3.309585	0.004717	18.2
1691	-0.236634	368.140697	3.301100	0.002551	45.0
1692	-0.250093	369.130264	3.292727	0.003876	37.6
1693	-0.246580	368.603470	3.297179	0.003769	49.4
1694	-0.244031	369.581516	3.288922	0.003843	44.7
1695	-0.245197	370.581012	3.280527	0.003871	38.0
1696	-0.243046	371.130407	3.275931	0.004090	55.4
1697	-0.246762	371.741448	3.270834	0.006413	20.0
1698	-0.240892	372.741448	3.262527	0.002434	13.0
1699	-0.249399	372.214784	3.266897	0.005292	9.7
1700	-0.241611	373.214784	3.258610	0.004087	43.7
1701	-0.239512	374.214783	3.250365	0.003971	38.2
1702	-0.240591	375.214770	3.242162	0.003708	36.6
1703	-0.247052	374.687975	3.246478	0.004317	33.3
1704	-0.242625	375.687089	3.238301	0.003535	45.6
1705	-0.243322	375.160294	3.242607	0.004624	31.3
1706	-0.241018	374.633499	3.246925	0.005989	12.1
1707	-0.242157	375.633499	3.238739	0.003134	19.1
1708	-0.241526	376.009836	3.235669	0.005044	12.9
1709	-0.242962	377.009773	3.227540	0.003104	10.8
1710	-0.243093	378.009772	3.219451	0.005616	12.6
1711	-0.249076	379.009769	3.211402	0.004813	12.2
1712	-0.242726	380.009769	3.203394	0.005398	46.4
1713	-0.237219	381.009401	3.195428	0.003852	49.9
1714	-0.243812	382.009401	3.187500	0.004404	50.4
1715	-0.242819	383.008080	3.179620	0.003441	53.2
1716	-0.239758	384.008080	3.171770	0.003317	27.0
1717	-0.247738	384.991798	3.164084	0.003523	15.7
1718	-0.245942	385.991798	3.156310	0.003725	12.3
1719	-0.247107	385.465002	3.160401	0.004592	14.3
1720	-0.246035	384.938209	3.164502	0.003695	14.2
1721	-0.237351	384.411415	3.168614	0.005139	13.3
1722	-0.244100	385.360774	3.161211	0.003789	23.5
1723	-0.243798	386.360774	3.153451	0.004282	26.1
1724	-0.242550	387.087011	3.147839	0.004591	17.9
1725	-0.247366	388.087011	3.140144	0.002457	34.7
1726	-0.245401	389.085473	3.132499	0.004495	36.6
1727	-0.242431	388.566300	3.136470	0.005087	28.5
1728	-0.244524	389.565924	3.128833	0.003630	19.5
1729	-0.245878	390.558956	3.121284	0.003971	13.8
1730	-0.243218	391.097279	3.117206	0.003735	14.6
1731	-0.243439	392.079919	3.109791	0.003687	13.2
1732	-0.245581	393.076296	3.102308	0.003681	17.9
1733	-0.248480	393.042027	3.102565	0.004807	19.6
1734	-0.239879	394.042026	3.095090	0.003944	27.3
1735	-0.239909	395.040096	3.087665	0.003612	15.7
1736	-0.244069	394.607661	3.090877	0.005339	13.2
1737	-0.243404	394.080870	3.094800	0.004765	14.9
1738	-0.246969	395.080870	3.087362	0.003606	13.7
1739	-0.241126	396.080870	3.079960	0.003363	11.9
1740	-0.245250	397.080870	3.072593	0.004486	8.7
1741	-0.241278	398.080869	3.065261	0.004257	8.1
1742	-0.239336	397.642919	3.068468	0.003555	14.6
1743	-0.240163	398.642388	3.061159	0.006807	13.1
1744	-0.246150	398.553749	3.061806	0.003512	12.0
1745	-0.241674	399.553748	3.054526	0.002933	10.3
1746	-0.245718	400.553713	3.047280	0.003621	14.0
1747	-0.246401	401.553672	3.040069	0.004398	12.2
1748	-0.246054	402.553672	3.032891	0.004737	10.7
1749	-0.248489	403.553672	3.025748	0.006012	12.6
1750	-0.246106	403.026876	3.029507	0.003041	7.1
1751	-0.248267	402.500095	3.033275	0.003546	11.8
1752	-0.243809	401.983432	3.036980	0.002166	11.2
1753	-0.242545	402.982184	3.029826	0.005889	14.2
1754	-0.245757	403.946389	3.022951	0.003316	42.4
1755	-0.242687	403.420248	3.026699	0.004140	14.5
1756	-0.244417	404.419507	3.019590	0.003077	22.2
1757	-0.246710	403.892712	3.023333	0.003903	15.9
1758	-0.244150	403.544496	3.025813	0.002644	11.8
1759	-0.247745	404.540162	3.018733	0.004650	40.5
1760	-0.242305	404.017299	3.022447	0.004023	13.1
1761	-0.244479	403.490504	3.026198	0.004220	27.8
1762	-0.248541	402.963709	3.029958	0.003786	46.3
1763	-0.242329	402.436915	3.033728	0.003928	24.1
1764	-0.243162	401.910120	3.037507	0.003503	17.0
1765	-0.243357	402.910075	3.030341	0.006540	10.1
1766	-0.236948	402.383280	3.034112	0.004313	17.5
1767	-0.241506	403.383280	3.026963	0.002916	23.8
1768	-0.239260	402.892838	3.030465	0.003156	19.7
1769	-0.244149	403.303283	3.027533	0.003871	24.8
1770	-0.241640	402.799621	3.031131	0.003430	9.1
1771	-0.246228	402.272831	3.034904	0.003774	12.4
1772	-0.242646	403.270494	3.027767	0.003533	21.1
1773	-0.245469	402.744815	3.031523	0.003805	30.5
1774	-0.243659	402.218430	3.035294	0.004744	22.6
1775	-0.246714	401.691634	3.039077	0.005178	24.2
1776	-0.247759	401.164839	3.042869	0.004543	61.0
1777	-0.244214	400.638044	3.046671	0.003332	18.3
1778	-0.241912	401.638044	3.039462	0.004074	16.5
1779	-0.249400	401.111258	3.043255	0.004848	51.7
1780	-0.246460	402.111258	3.036063	0.005707	38.3
1781	-0.242840	401.584462	3.039847	0.005646	16.2
1782	-0.246263	402.285704	3.034811	0.003845	14.2
1783	-0.237368	401.763048	3.038563	0.004681	39.0
1784	-0.243032	401.261959	3.042169	0.006281	17.8
1785	-0.251990	400.737240	3.045954	0.003160	15.9
1786	-0.246573	400.210445	3.049764	0.004771	23.1
1787	-0.245453	399.686308	3.053563	0.005874	44.5
1788	-0.249042	400.686308	3.046322	0.004294	13.9
1789	-0.249150	400.159517	3.050132	0.004277	14.3
1790	-0.248651	401.159517	3.042907	0.003018	36.3
1791	-0.243199	400.632737	3.046709	0.003718	12.4
1792	-0.242463	401.632724	3.039500	0.003476	9.1
1793	-0.243814	402.630847	3.032339	0.003128	13.1
1794	-0.246241	402.104063	3.036114	0.005594	40.3
1795	-0.243057	402.947243	3.030076	0.004881	17.6
1796	-0.244611	402.420583	3.033845	0.003779	14.9
1797	-0.240526	403.120668	3.028837	0.004780	21.3
1798	-0.244978	404.120649	3.021712	0.005148	28.7
1799	-0.244134	403.595948	3.025446	0.004680	19.2
1800	-0.247864	404.595806	3.018339	0.004288	31.8
1801	-0.247202	405.314179	3.013253	0.002517	39.2
1802	-0.237520	405.878034	3.009272	0.002712	24.8
1803	-0.243060	406.876282	3.002252	0.004515	22.0
1804	-0.246302	407.870122	2.995294	0.004397	43.0
1805	-0.250619	407.346061	2.998959	0.002575	20.5
1806	-0.248405	408.335316	2.992049	0.003830	10.8
1807	-0.239404	409.331723	2.985121	0.004562	25.2
1808	-0.248784	409.842088	2.981585	0.004364	13.5
1809	-0.243491	410.841665	2.974684	0.002717	22.2
1810	-0.242613	410.314876	2.978317	0.003107	13.6
1811	-0.249322	411.314825	2.971428	0.003683	36.3
1812	-0.244618	412.235193	2.965115	0.003781	13.8
1813	-0.247590	413.234894	2.958289	0.004377	10.7
1814	-0.245334	414.234894	2.951492	0.005060	20.8
1815	-0.238098	415.234811	2.944727	0.003491	40.2
1816	-0.241851	414.708872	2.948281	0.004208	14.0
1817	-0.246379	415.704137	2.941562	0.005015	17.6
1818	-0.243856	415.177341	2.945115	0.003216	43.1
1819	-0.242670	416.177341	2.938378	0.003544	18.1
1820	-0.244150	415.650604	2.941923	0.004664	15.6
1821	-0.249795	415.123808	2.945476	0.005944	40.9
1822	-0.257487	414.597013	2.949038	0.004328	22.1
1823	-0.245113	414.350818	2.950706	0.004636	22.2
1824	-0.246001	413.973832	2.953263	0.004750	36.3
1825	-0.236240	413.631947	2.955586	0.002657	15.9
1826	-0.245509	414.631851	2.948802	0.004608	28.2
1827	-0.246722	414.265631	2.951284	0.003363	40.9
1828	-0.243673	415.265631	2.944519	0.001583	10.3
1829	-0.242451	414.741310	2.948062	0.004046	15.5
1830	-0.248219	415.701164	2.941582	0.005993	19.9
1831	-0.241770	415.174369	2.945135	0.003178	33.7
1832	-0.253838	416.169790	2.938429	0.005386	15.4
1833	-0.248595	417.169790	2.931723	0.003129	20.0
1834	-0.241809	416.642994	2.935252	0.004390	20.4
1835	-0.247728	416.116200	2.938789	0.003338	22.4
1836	-0.248922	415.589404	2.942335	0.004274	42.8
1837	-0.237232	415.062609	2.945890	0.003842	31.1
1838	-0.252403	416.061231	2.939159	0.004420	40.4
1839	-0.243764	415.534436	2.942705	0.003811	16.4
1840	-0.242005	415.074531	2.945809	0.004048	11.4
1841	-0.246028	414.547827	2.949371	0.003258	26.4
1842	-0.251677	415.482206	2.943058	0.004437	30.4
1843	-0.247643	416.480182	2.936344	0.005405	24.1
1844	-0.246726	415.961532	2.939829	0.004821	29.3
1845	-0.240248	415.434736	2.943378	0.004230	13.5
1846	-0.236012	414.907941	2.946935	0.004003	33.4
1847	-0.239995	414.381968	2.950495	0.002931	33.4
1848	-0.243015	413.855173	2.954069	0.003880	23.6
1849	-0.242752	414.855119	2.947292	0.003584	33.6
1850	-0.247942	414.328328	2.950858	0.004193	25.7
1851	-0.246765	413.801701	2.954433	0.003882	14.8
1852	-0.240108	413.274905	2.958016	0.005349	33.0
1853	-0.243701	412.748113	2.961609	0.003567	16.5
1854	-0.240541	413.748113	2.954797	0.005384	19.6
1855	-0.247339	413.221319	2.958381	0.003022	29.8
1856	-0.237999	414.217249	2.951612	0.002382	20.0
1857	-0.253740	414.585397	2.949117	0.005061	27.2
1858	-0.244102	415.513614	2.942846	0.006426	33.2
1859	-0.250267	414.986819	2.946402	0.005133	20.2
1860	-0.241188	415.986819	2.939659	0.003577	26.3
1861	-0.245865	416.986819	2.932947	0.003460	26.9
1862	-0.247091	417.986819	2.926266	0.002658	13.3
1863	-0.243613	417.462284	2.929767	0.003423	32.4
1864	-0.240394	418.459031	2.923122	0.004692	30.3
1865	-0.242718	417.932235	2.926630	0.003676	8.9
1866	-0.236472	417.405440	2.930147	0.004407	21.4
1867	-0.243274	416.878645	2.933672	0.003272	51.2
1868	-0.242438	416.401824	2.936870	0.004409	15.6
1869	-0.243569	415.875029	2.940411	0.003901	17.2
1870	-0.249087	416.875028	2.933696	0.004363	40.4
1871	-0.241899	416.348237	2.937230	0.003365	19.9
1872	-0.239672	415.821441	2.940772	0.005216	14.7
1873	-0.245710	416.821441	2.934055	0.004517	13.8
1874	-0.242883	416.301455	2.937544	0.003907	33.6
1875	-0.247798	417.301449	2.930842	0.003526	24.1
1876	-0.244868	418.301449	2.924170	0.003444	19.7
1877	-0.242578	419.239000	2.917943	0.005997	32.6
1878	-0.245540	419.017016	2.919415	0.003184	26.3
1879	-0.248404	420.017016	2.912795	0.002750	14.0
1880	-0.247901	421.017001	2.906206	0.004481	19.6
1881	-0.244289	421.771696	2.901252	0.003926	31.3
1882	-0.244285	421.244901	2.904708	0.004318	19.5
1883	-0.243734	420.719094	2.908166	0.004809	20.8
1884	-0.241936	420.192299	2.911638	0.003417	12.3
1885	-0.240272	419.665504	2.915119	0.003710	28.5
1886	-0.240529	420.665504	2.908518	0.003783	16.2
1887	-0.244444	420.139058	2.911989	0.004233	38.0
1888	-0.241315	421.139058	2.905403	0.003940	28.6
1889	-0.243400	420.614837	2.908852	0.003078	16.2
1890	-0.247939	420.396310	2.910292	0.006166	23.6
1891	-0.250835	421.396306	2.903714	0.004520	31.6
1892	-0.243082	420.871008	2.907166	0.003540	12.1
1893	-0.242976	420.344292	2.910635	0.005147	28.1
1894	-0.248324	421.344292	2.904055	0.004313	57.0
1895	-0.247510	420.817647	2.907517	0.004891	13.1
1896	-0.241853	421.817647	2.900951	0.002492	16.3
1897	-0.240654	421.951479	2.900074	0.003795	14.4
1898	-0.241669	421.424692	2.903528	0.003780	24.8
1899	-0.240329	421.109325	2.905599	0.003613	13.3
1900	-0.244815	422.102565	2.899086	0.004115	18.6
1901	-0.244487	422.046978	2.899449	0.003742	36.1
1902	-0.247879	423.046978	2.892920	0.005036	37.2
1903	-0.247154	422.539866	2.896227	0.003956	38.5
1904	-0.242075	423.539863	2.889712	0.003823	19.3
1905	-0.247110	423.015072	2.893128	0.004179	45.3
1906	-0.235608	423.985969	2.886815	0.003812	16.3
1907	-0.241141	423.459252	2.890236	0.003862	23.3
1908	-0.250656	422.935816	2.893644	0.003962	29.6
1909	-0.256271	422.819622	2.894402	0.002593	14.4
1910	-0.243469	422.298598	2.897804	0.004104	16.1
1911	-0.243828	423.227856	2.891742	0.003892	13.3
1912	-0.245909	424.227234	2.885251	0.003566	33.0
1913	-0.243167	424.915591	2.880797	0.004264	24.8
1914	-0.238589	424.388796	2.884204	0.003693	16.5
1915	-0.245541	425.377763	2.877814	0.003233	38.9
1916	-0.248764	424.850970	2.881214	0.005115	18.2
1917	-0.248364	425.636508	2.876147	0.004412	23.9
1918	-0.237875	425.109713	2.879543	0.002827	42.4
1919	-0.239399	424.582961	2.882947	0.005011	16.2
1920	-0.246135	424.953854	2.880550	0.005403	32.2
1921	-0.236467	425.953854	2.874105	0.003273	38.3
1922	-0.243978	426.953854	2.867689	0.004836	10.9
1923	-0.248163	426.494909	2.870630	0.003563	47.6
1924	-0.242635	427.287021	2.865558	0.002522	15.0
1925	-0.246832	428.284306	2.859197	0.003633	17.4
1926	-0.241895	429.118480	2.853898	0.003843	42.5
1927	-0.246620	428.600383	2.857187	0.003253	19.0
1928	-0.244118	428.462095	2.858066	0.005312	36.2
1929	-0.245185	428.086419	2.860457	0.004848	38.2
1930	-0.245850	429.086419	2.854101	0.003640	14.2
1931	-0.248711	428.602088	2.857176	0.004874	48.1
1932	-0.245538	428.620464	2.857059	0.003992	16.5
1933	-0.246473	428.115500	2.860272	0.003883	21.7
1934	-0.245171	429.115494	2.853917	0.003389	26.2
1935	-0.245913	428.588704	2.857261	0.007666	25.6
1936	-0.245892	429.588704	2.850920	0.003578	22.6
1937	-0.247787	429.061908	2.854257	0.005368	49.6
1938	-0.242532	428.535233	2.857601	0.004664	12.6
1939	-0.244767	428.008443	2.860954	0.002757	23.3
1940	-0.247571	429.008443	2.854596	0.002950	24.7
1941	-0.237958	428.620014	2.857062	0.004514	14.3
1942	-0.250033	429.598318	2.850859	0.003788	18.1
1943	-0.241561	429.071523	2.854196	0.003831	39.6
1944	-0.244834	429.074435	2.854177	0.004540	11.4
1945	-0.243173	430.074435	2.847850	0.003927	35.6
1946	-0.235387	431.073273	2.841558	0.003023	23.9
1947	-0.239716	432.041821	2.835483	0.004674	20.1
1948	-0.251749	431.515026	2.838784	0.004104	42.4
1949	-0.244895	430.988230	2.842092	0.001686	19.8
1950	-0.247452	430.461437	2.845409	0.003234	9.1
1951	-0.249144	429.978954	2.848453	0.004544	66.5
1952	-0.245798	430.975483	2.842172	0.005332	13.7
1953	-0.248776	431.975483	2.835898	0.003546	27.9
1954	-0.245986	431.450568	2.839188	0.004143	29.5
1955	-0.240458	430.923774	2.842498	0.003716	11.8
1956	-0.246658	431.923774	2.836222	0.004000	17.6
1957	-0.239884	432.923774	2.829974	0.003011	44.4
1958	-0.250541	433.898984	2.823907	0.003389	10.2
1959	-0.242052	434.894895	2.817738	0.003753	40.4
1960	-0.244312	434.457468	2.820444	0.004329	28.0
1961	-0.247035	435.457468	2.814265	0.003016	11.2
1962	-0.243277	436.054163	2.810591	0.004062	21.7
1963	-0.249345	435.527542	2.813833	0.004547	30.8
1964	-0.250592	436.505644	2.807817	0.002794	22.0
1965	-0.241486	437.505582	2.801694	0.003548	22.4
1966	-0.246743	438.505559	2.795597	0.003649	45.7
1967	-0.239404	437.978764	2.798805	0.005122	16.9
1968	-0.237456	438.845860	2.793528	0.005571	11.2
1969	-0.244845	439.845860	2.787466	0.003796	28.7
1970	-0.242710	439.319124	2.790656	0.005264	16.9
1971	-0.248114	440.265103	2.784933	0.004633	25.3
1972	-0.246705	441.245203	2.779028	0.004037	40.1
1973	-0.250464	442.014844	2.774408	0.003157	12.9
1974	-0.246964	441.488052	2.777569	0.003966	8.9
1975	-0.243803	442.488051	2.771576	0.003407	34.5
1976	-0.248005	441.961257	2.774730	0.004233	10.5
1977	-0.238403	442.960608	2.768753	0.004057	13.7
1978	-0.246354	442.433813	2.771900	0.006941	36.1
1979	-0.242606	443.433813	2.765932	0.003773	29.2
1980	-0.235229	442.907017	2.769073	0.003146	27.0
1981	-0.245035	443.907014	2.763117	0.003461	34.5
1982	-0.243773	443.384293	2.766227	0.005115	16.8
1983	-0.242942	442.857497	2.769368	0.004232	22.5
1984	-0.244373	443.857497	2.763411	0.003674	42.2
1985	-0.245278	443.330713	2.766546	0.003213	20.7
1986	-0.246265	444.305424	2.760751	0.004810	28.7
1987	-0.245236	443.778629	2.763880	0.005692	27.0
1988	-0.240921	443.251837	2.767016	0.003211	20.9
1989	-0.243331	444.224032	2.761234	0.003675	47.7
1990	-0.236178	445.224032	2.755311	0.004683	28.7
1991	-0.245667	446.223860	2.749415	0.003538	43.3
1992	-0.242260	445.780272	2.752028	0.004399	12.0
1993	-0.247599	446.780255	2.746145	0.006020	19.2
1994	-0.237529	446.277395	2.749100	0.003121	37.4
1995	-0.243694	447.277145	2.743231	0.003321	23.1
1996	-0.246159	448.277065	2.737386	0.005884	18.5
1997	-0.239758	447.750327	2.740462	0.004318	35.3
1998	-0.249961	447.223542	2.743545	0.004280	16.7
1999	-0.239685	448.223542	2.737698	0.003580	24.2
