1:ItNr	2:Metric	3a:Time	3b:StepSize	4:||Gradient||	Time[ms]
0	-0.664632	0.000000	49.488672	0.009653	167.1
1	-0.665867	0.000000	49.488672	0.006825	15.6
2	-0.663968	0.000000	49.488672	0.006770	9.4
3	-0.676520	0.000000	49.488672	0.007560	14.5
4	-0.676337	0.000000	49.488672	0.007641	11.7
5	-0.673697	0.000000	49.488672	0.007802	10.6
6	-0.681607	0.000000	49.488672	0.007884	11.5
7	-0.681483	0.000000	49.488672	0.007382	14.5
8	-0.683822	0.000000	49.488672	0.007139	12.3
9	-0.685260	0.000000	49.488672	0.007311	7.7
10	-0.687991	0.000000	49.488672	0.007473	8.9
11	-0.692484	0.000000	49.488672	0.007660	13.3
12	-0.705690	0.000000	49.488672	0.011010	16.9
13	-0.696156	0.000000	49.488672	0.008373	13.2
14	-0.701261	0.000000	49.488672	0.007669	8.9
15	-0.710922	0.000000	49.488672	0.008109	10.4
16	-0.710797	0.000000	49.488672	0.009503	13.1
17	-0.709691	0.000000	49.488672	0.007577	18.8
18	-0.713341	0.000000	49.488672	0.007996	11.3
19	-0.713044	0.000000	49.488672	0.008693	9.7
20	-0.713256	0.000000	49.488672	0.007764	10.6
21	-0.714461	0.000000	49.488672	0.007489	10.3
22	-0.714171	1.000000	47.239186	0.006215	16.1
23	-0.716688	2.000000	45.185309	0.006729	18.8
24	-0.722621	3.000000	43.302588	0.006519	12.0
25	-0.710880	4.000000	41.570484	0.006638	9.9
26	-0.719288	5.000000	39.971619	0.006440	12.2
27	-0.730462	6.000000	38.491189	0.006492	22.2
28	-0.721515	7.000000	37.116504	0.005437	11.2
29	-0.720124	8.000000	35.836624	0.006255	14.9
30	-0.716781	9.000000	34.642070	0.005131	9.4
31	-0.728566	10.000000	33.524584	0.004636	16.5
32	-0.718644	9.987866	33.537711	0.007095	13.3
33	-0.718135	10.987866	32.489260	0.004228	9.5
34	-0.716715	11.987866	31.504375	0.006639	9.1
35	-0.723000	12.987866	30.577445	0.004880	10.6
36	-0.720265	13.987866	29.703500	0.004454	10.9
37	-0.720376	13.975733	29.713805	0.007128	13.8
38	-0.724589	14.975733	28.887865	0.004703	9.6
39	-0.716260	15.975733	28.106599	0.004067	13.8
40	-0.722534	15.963599	28.115826	0.007166	15.2
41	-0.716714	16.963599	27.375226	0.004288	12.7
42	-0.723579	17.963599	26.672641	0.006696	10.4
43	-0.714910	18.963599	26.005218	0.004809	14.1
44	-0.723626	19.963599	25.370381	0.004176	11.3
45	-0.726934	19.951465	25.377898	0.007762	9.0
46	-0.717429	20.951465	24.772963	0.004280	22.6
47	-0.726288	21.951465	24.196197	0.003471	12.7
48	-0.719129	21.939332	24.203034	0.007239	10.3
49	-0.716938	22.939332	23.652206	0.004299	13.7
50	-0.718814	23.939332	23.125891	0.004460	8.4
51	-0.719802	23.927198	23.132137	0.007033	10.0
52	-0.725673	24.927198	22.628467	0.004335	10.9
53	-0.723875	25.927198	22.146264	0.006903	10.0
54	-0.720574	26.927198	21.684182	0.004865	9.0
55	-0.720909	27.927198	21.240990	0.004739	10.6
56	-0.722630	27.915064	21.246259	0.007254	13.4
57	-0.719391	28.915064	20.820610	0.004008	9.7
58	-0.717351	29.915064	20.411682	0.003770	6.5
59	-0.721790	29.902930	20.416548	0.007310	9.1
60	-0.720092	30.902930	20.023187	0.004034	6.0
61	-0.718295	31.902930	19.644698	0.003840	7.1
62	-0.720145	31.890797	19.649205	0.007240	8.5
63	-0.720098	32.890797	19.284593	0.004105	11.2
64	-0.721484	33.890797	18.933267	0.003986	13.1
65	-0.726561	33.878663	18.937453	0.007065	11.4
66	-0.725552	34.878663	18.598550	0.004459	8.0
67	-0.728652	35.878663	18.271563	0.007168	7.9
68	-0.716488	36.878663	17.955876	0.004269	11.5
69	-0.714511	37.878663	17.650912	0.003804	18.9
70	-0.718694	37.866529	17.654550	0.007259	13.2
71	-0.726159	38.866529	17.359652	0.004192	15.0
72	-0.724017	39.866529	17.074443	0.003967	14.7
73	-0.717920	39.854396	17.077848	0.006745	10.1
74	-0.718963	40.854396	16.801750	0.004363	6.8
75	-0.722286	41.854396	16.534438	0.004682	15.5
76	-0.719985	41.842262	16.537630	0.007291	10.5
77	-0.721002	42.842262	16.278591	0.004220	9.5
78	-0.717842	43.842262	16.027542	0.006908	14.4
79	-0.720121	44.842262	15.784119	0.004450	10.4
80	-0.719498	45.842262	15.547979	0.004124	12.3
81	-0.722720	45.830128	15.550802	0.007011	13.9
82	-0.721711	46.830128	15.321541	0.004123	12.4
83	-0.723698	47.830128	15.098942	0.004560	7.5
84	-0.716495	47.817995	15.101604	0.007566	8.0
85	-0.725168	48.817995	14.885304	0.004603	12.4
86	-0.720815	49.817995	14.675113	0.006978	6.4
87	-0.714911	50.817995	14.470776	0.004013	7.7
88	-0.719910	51.817995	14.272051	0.004132	9.9
89	-0.718932	51.805861	14.274429	0.006540	10.3
90	-0.722191	52.805861	14.081024	0.004309	14.3
91	-0.716453	53.805861	13.892790	0.003897	17.0
92	-0.719685	53.793727	13.895044	0.007504	10.4
93	-0.716831	54.793727	13.711717	0.003889	14.3
94	-0.717200	55.793727	13.533164	0.004155	12.4
95	-0.717591	55.781594	13.535303	0.007297	10.3
96	-0.718509	56.781594	13.361286	0.003799	10.7
97	-0.723965	57.781594	13.191687	0.006751	11.7
98	-0.715827	58.781594	13.026339	0.004143	9.1
99	-0.713568	59.781594	12.865085	0.003722	12.7
100	-0.717532	59.769460	12.867018	0.006529	12.6
101	-0.724709	60.769460	12.709661	0.004403	12.7
102	-0.720721	61.769460	12.556106	0.004499	10.7
103	-0.724839	61.757326	12.557947	0.007258	11.5
104	-0.723944	62.757326	12.408014	0.004376	11.4
105	-0.716866	63.757326	12.261620	0.006663	9.2
106	-0.726703	64.757326	12.118639	0.004566	9.9
107	-0.725743	65.757326	11.978955	0.004159	7.0
108	-0.726561	65.745193	11.980631	0.007495	20.2
109	-0.721735	66.745193	11.844092	0.003919	14.3
110	-0.728316	67.745193	11.710630	0.004463	12.2
111	-0.716025	67.733059	11.712231	0.006617	10.6
112	-0.725894	68.733059	11.581708	0.004808	12.3
113	-0.721033	69.733059	11.454062	0.006597	13.2
114	-0.720624	70.733059	11.329199	0.004182	13.2
115	-0.721454	71.733059	11.207029	0.004243	8.9
116	-0.725264	71.720925	11.208496	0.006879	11.4
117	-0.723432	72.720925	11.088901	0.003834	13.0
118	-0.718869	73.720925	10.971832	0.006677	12.2
119	-0.716247	74.720925	10.857209	0.004356	12.9
120	-0.729330	75.720925	10.744956	0.004489	12.2
121	-0.722298	75.708791	10.746304	0.007343	12.4
122	-0.719791	76.708791	10.636321	0.003765	12.2
123	-0.716862	77.708791	10.528567	0.003564	13.3
124	-0.720428	77.696658	10.529861	0.006968	11.7
125	-0.717665	78.696658	10.424242	0.003768	11.4
126	-0.718591	79.696658	10.320721	0.004012	10.9
127	-0.715748	79.684524	10.321965	0.006703	7.3
128	-0.715461	80.684524	10.220455	0.003964	6.6
129	-0.723764	81.684524	10.120922	0.006712	10.4
130	-0.720688	82.684524	10.023310	0.004181	7.9
131	-0.716735	83.684524	9.927562	0.003666	11.6
132	-0.726294	83.672390	9.928713	0.007145	10.6
133	-0.724387	84.672390	9.834755	0.004016	10.1
134	-0.725304	85.672390	9.742559	0.004539	13.7
135	-0.719376	85.660257	9.743668	0.006615	10.0
136	-0.718296	86.660257	9.653164	0.004062	12.8
137	-0.719800	87.660257	9.564326	0.006995	11.4
138	-0.720416	88.660257	9.477108	0.004053	13.8
139	-0.722912	89.660257	9.391467	0.004209	13.4
140	-0.721627	89.648123	9.392496	0.007174	10.8
141	-0.722053	90.648123	9.308371	0.004338	15.9
142	-0.718479	91.648123	9.225738	0.004138	15.1
143	-0.721401	91.635989	9.226732	0.007407	13.0
144	-0.726443	92.635989	9.145537	0.004320	13.0
145	-0.719815	93.635989	9.065758	0.003962	21.7
146	-0.716942	93.623856	9.066717	0.006850	14.5
147	-0.723381	94.623856	8.988302	0.004219	6.9
148	-0.723086	95.623856	8.911231	0.006678	11.6
149	-0.731319	96.623856	8.835470	0.004877	11.7
150	-0.723250	97.623856	8.760987	0.004162	13.9
151	-0.729355	97.611722	8.761884	0.006728	12.3
152	-0.716970	98.611722	8.688631	0.004432	14.7
153	-0.724053	99.611722	8.616593	0.006521	13.0
154	-0.719940	100.611722	8.545740	0.004037	12.0
155	-0.729859	101.611722	8.476042	0.004535	10.3
156	-0.722463	101.599588	8.476881	0.007202	10.6
157	-0.717999	102.599588	8.408297	0.004319	10.5
158	-0.725321	103.599588	8.340815	0.006558	9.8
159	-0.722290	104.599588	8.274407	0.004211	11.6
160	-0.722447	105.599588	8.209048	0.004057	14.1
161	-0.720967	105.587455	8.209835	0.006883	10.4
162	-0.724218	106.587455	8.145488	0.004714	13.5
163	-0.718991	107.587455	8.082142	0.004537	11.8
164	-0.726208	107.575321	8.082905	0.006905	9.0
165	-0.725442	108.575321	8.020525	0.004591	7.3
166	-0.716441	109.575321	7.959101	0.007061	9.5
167	-0.722989	110.575321	7.898610	0.004306	11.2
168	-0.720040	111.575321	7.839031	0.004121	8.2
169	-0.723254	111.563187	7.839749	0.007284	15.2
170	-0.724111	112.563187	7.781052	0.004339	8.4
171	-0.718164	113.563187	7.723227	0.006656	10.0
172	-0.718067	114.563187	7.666256	0.003650	7.3
173	-0.720691	115.563187	7.610119	0.003590	12.6
174	-0.718825	115.551053	7.610795	0.006743	13.7
175	-0.722217	116.551053	7.555465	0.004481	6.7
176	-0.722585	117.551053	7.500933	0.004390	10.2
177	-0.725183	117.538920	7.501589	0.007210	7.3
178	-0.724202	118.538920	7.447830	0.004461	8.8
179	-0.723758	119.538920	7.394835	0.006523	12.2
180	-0.726320	120.538920	7.342589	0.004927	11.9
181	-0.718577	121.538920	7.291076	0.004093	6.8
182	-0.721974	121.526786	7.291697	0.006545	7.2
183	-0.716483	122.526786	7.240893	0.004042	10.3
184	-0.721461	123.526786	7.190792	0.006275	11.3
185	-0.723123	124.526786	7.141380	0.004102	9.4
186	-0.726698	125.526786	7.092642	0.004341	6.7
187	-0.730842	125.514652	7.093230	0.006933	11.5
188	-0.717300	126.514652	7.045145	0.003939	20.2
189	-0.716347	127.514652	6.997708	0.004231	12.3
190	-0.726376	127.502519	6.998279	0.006643	10.4
191	-0.716860	128.502519	6.951469	0.003838	12.1
192	-0.718583	129.502519	6.905280	0.006763	6.7
193	-0.718837	130.502519	6.859702	0.004024	6.2
194	-0.719645	131.502519	6.814721	0.003976	8.7
195	-0.721558	131.490385	6.815263	0.006588	10.8
196	-0.716640	132.490385	6.770861	0.004366	11.2
197	-0.720914	133.490385	6.727034	0.004776	13.0
198	-0.720826	133.478251	6.727563	0.006514	12.1
199	-0.722594	134.478251	6.684292	0.004108	10.9
200	-0.718986	135.478251	6.641575	0.006378	12.1
201	-0.719932	136.478251	6.599401	0.004255	12.5
202	-0.715970	137.478251	6.557759	0.003735	9.7
203	-0.720511	137.466118	6.558261	0.006426	10.3
204	-0.730183	138.466118	6.517134	0.004767	10.5
205	-0.721517	139.466118	6.476521	0.006791	10.6
206	-0.722505	140.466118	6.436410	0.004440	9.4
207	-0.720919	141.466118	6.396793	0.004721	12.7
208	-0.719531	141.453984	6.397271	0.006334	7.6
209	-0.720424	142.453984	6.358133	0.004338	10.4
210	-0.719145	143.453984	6.319471	0.006824	9.2
211	-0.718237	144.453984	6.281276	0.004031	10.1
212	-0.721613	145.453984	6.243540	0.004495	12.5
213	-0.723659	145.441850	6.243995	0.006962	15.1
214	-0.723388	146.441850	6.206705	0.004301	10.8
215	-0.714122	147.441850	6.169857	0.003753	8.3
216	-0.720578	147.429717	6.170301	0.007164	10.3
217	-0.722287	148.429717	6.133883	0.004084	9.9
218	-0.725027	149.429717	6.097893	0.006335	11.9
219	-0.723873	150.429717	6.062322	0.004648	12.2
220	-0.722530	151.429717	6.027164	0.003939	13.4
221	-0.726844	151.417583	6.027588	0.006354	18.7
222	-0.719306	152.417583	5.992830	0.004576	6.3
223	-0.720818	153.417583	5.958471	0.006451	9.6
224	-0.717926	154.417583	5.924504	0.004209	12.7
225	-0.721260	155.417583	5.890921	0.004390	13.0
226	-0.724546	155.405449	5.891327	0.006732	13.1
227	-0.727548	156.405449	5.858118	0.004273	18.4
228	-0.723311	157.405449	5.825282	0.006373	19.5
229	-0.731823	158.405449	5.792812	0.004756	36.9
230	-0.717688	159.405449	5.760702	0.004177	20.1
231	-0.723128	159.393315	5.761090	0.006992	22.0
232	-0.728276	160.393315	5.729330	0.004585	12.0
233	-0.720004	161.393315	5.697918	0.006280	16.4
234	-0.722732	162.393315	5.666848	0.004428	13.8
235	-0.721602	163.393315	5.636116	0.004124	22.1
236	-0.723611	163.381182	5.636487	0.006513	25.7
237	-0.723863	164.381182	5.606082	0.004444	24.3
238	-0.726466	165.381182	5.576003	0.006598	18.6
239	-0.719405	166.381182	5.546246	0.004370	8.6
240	-0.721745	167.381182	5.516804	0.005290	14.0
241	-0.719304	167.369048	5.517160	0.006693	10.4
242	-0.716304	168.369048	5.488025	0.004392	11.8
243	-0.717981	169.369048	5.459197	0.006440	23.8
244	-0.720020	170.369048	5.430670	0.004203	8.9
245	-0.715161	171.369048	5.402439	0.004398	8.9
246	-0.716871	171.356914	5.402780	0.006803	9.0
247	-0.725902	172.356914	5.374838	0.004640	9.0
248	-0.722033	173.356914	5.347184	0.006993	13.2
249	-0.728693	174.356914	5.319812	0.004641	16.8
250	-0.717995	175.356914	5.292720	0.004106	16.7
251	-0.713795	175.344781	5.293047	0.006997	10.8
252	-0.720532	176.344781	5.266225	0.004307	15.9
253	-0.716583	177.344781	5.239675	0.006241	20.3
254	-0.721318	178.344781	5.213390	0.004693	15.3
255	-0.720906	179.344781	5.187368	0.004497	9.1
256	-0.726875	179.332647	5.187682	0.006474	12.0
257	-0.716733	180.332647	5.161915	0.004124	7.2
258	-0.716847	181.332647	5.136403	0.006071	9.7
259	-0.724535	182.332647	5.111142	0.004623	9.7
260	-0.726345	183.332647	5.086129	0.004310	9.9
261	-0.718763	183.320513	5.086431	0.006808	13.4
262	-0.718988	184.320513	5.061657	0.004507	11.5
263	-0.722475	185.320513	5.037124	0.006442	9.9
264	-0.727789	186.320513	5.012828	0.004743	10.7
265	-0.717075	187.320513	4.988765	0.004093	14.7
266	-0.722556	187.308380	4.989056	0.006382	10.1
267	-0.719187	188.308380	4.965220	0.004249	14.9
268	-0.716772	189.308380	4.941611	0.006864	10.4
269	-0.725607	190.308380	4.918225	0.004201	9.6
270	-0.723907	191.308380	4.895059	0.004437	10.7
271	-0.722621	191.296246	4.895339	0.006413	14.8
272	-0.722027	192.296246	4.872388	0.004541	10.3
273	-0.717820	193.296246	4.849651	0.006302	11.7
274	-0.720213	194.296246	4.827126	0.004365	10.4
275	-0.723116	195.296246	4.804809	0.004510	13.7
276	-0.723888	195.284112	4.805078	0.006651	9.0
277	-0.720210	196.284112	4.782964	0.004651	8.1
278	-0.718322	197.284112	4.761052	0.006166	10.4
279	-0.718764	198.284112	4.739341	0.004097	11.4
280	-0.719634	199.284112	4.717826	0.004841	11.1
281	-0.722995	199.271979	4.718086	0.006403	12.9
282	-0.720316	200.271979	4.696763	0.003982	11.6
283	-0.720702	201.271979	4.675633	0.006432	7.8
284	-0.720510	202.271979	4.654691	0.004456	6.9
285	-0.723303	203.271979	4.633936	0.004377	13.2
286	-0.718471	203.259845	4.634187	0.006685	8.6
287	-0.719445	204.259845	4.613615	0.004204	8.2
288	-0.718941	205.259845	4.593224	0.006589	8.7
289	-0.722447	206.259845	4.573012	0.004265	8.4
290	-0.729388	207.259845	4.552978	0.004669	6.7
291	-0.725034	207.247711	4.553220	0.006516	13.2
292	-0.722685	208.247711	4.533359	0.004582	11.8
293	-0.725791	209.247711	4.513670	0.006644	13.2
294	-0.726428	210.247711	4.494151	0.004861	11.5
295	-0.716468	211.247711	4.474800	0.004153	9.5
296	-0.720984	211.235578	4.475034	0.007169	10.2
297	-0.726421	212.235578	4.455847	0.004706	16.2
298	-0.727779	213.235578	4.436824	0.006287	10.9
299	-0.719692	214.235578	4.417963	0.004530	9.0
300	-0.727656	215.235578	4.399262	0.004261	6.6
301	-0.722443	215.223444	4.399488	0.006261	12.1
302	-0.725527	216.223444	4.380942	0.004524	8.2
303	-0.718329	217.223444	4.362552	0.006968	8.5
304	-0.716256	218.223444	4.344315	0.004240	12.6
305	-0.718369	219.223444	4.326231	0.004498	11.5
306	-0.718953	219.211310	4.326449	0.006616	9.0
307	-0.720634	220.211310	4.308513	0.004309	7.8
308	-0.722168	221.211310	4.290725	0.006663	12.0
309	-0.716693	222.211310	4.273083	0.004177	8.2
310	-0.719992	223.211310	4.255585	0.004531	13.5
311	-0.725277	223.199176	4.255797	0.006513	8.3
312	-0.722719	224.199176	4.238440	0.004383	11.6
313	-0.724649	225.199176	4.221225	0.006341	10.7
314	-0.726362	226.199176	4.204149	0.004367	13.4
315	-0.720585	227.199176	4.187210	0.006879	12.3
316	-0.722572	228.199176	4.170407	0.004360	9.8
317	-0.711093	229.199176	4.153739	0.004244	10.5
318	-0.724294	229.187043	4.153941	0.006221	11.5
319	-0.723876	230.187043	4.137403	0.004760	11.8
320	-0.716070	231.187043	4.120997	0.006802	10.8
321	-0.724216	232.187043	4.104721	0.004342	12.7
322	-0.723026	233.187043	4.088572	0.004424	7.7
323	-0.726435	233.174909	4.088767	0.006446	9.9
324	-0.722104	234.174909	4.072744	0.003988	13.9
325	-0.722769	235.174909	4.056846	0.006549	10.8
326	-0.729343	236.174909	4.041071	0.004496	15.2
327	-0.713158	237.174909	4.025419	0.004496	10.0
328	-0.729146	237.162775	4.025608	0.006476	10.4
329	-0.722799	238.162775	4.010075	0.004285	11.7
330	-0.723974	239.162775	3.994661	0.004492	12.2
331	-0.724559	239.150642	3.994847	0.006757	12.7
332	-0.719568	240.150642	3.979550	0.004212	9.7
333	-0.716066	241.150642	3.964370	0.006944	14.2
334	-0.717644	242.150642	3.949305	0.005175	7.3
335	-0.724009	243.150642	3.934354	0.006483	7.5
336	-0.719953	244.150642	3.919516	0.004492	10.6
337	-0.725565	245.150642	3.904789	0.004753	7.9
338	-0.719367	245.138508	3.904967	0.006551	12.3
339	-0.730301	246.138508	3.890349	0.004439	12.2
340	-0.722961	247.138508	3.875841	0.006542	9.6
341	-0.726588	248.138508	3.861440	0.004527	12.8
342	-0.725989	249.138508	3.847145	0.004314	6.6
343	-0.722441	249.126374	3.847318	0.006371	8.0
344	-0.715118	250.126374	3.833128	0.004225	9.3
345	-0.719503	251.126374	3.819042	0.006367	8.2
346	-0.720573	252.126374	3.805059	0.004570	10.3
347	-0.720644	253.126374	3.791179	0.004775	9.1
348	-0.714593	253.114241	3.791347	0.006096	10.9
349	-0.718179	254.114241	3.777566	0.004643	11.8
350	-0.724184	255.114241	3.763884	0.006207	14.6
351	-0.719964	256.114241	3.750302	0.004439	12.6
352	-0.723113	257.114241	3.736817	0.004784	18.7
353	-0.716682	257.102107	3.736980	0.006460	10.8
354	-0.728238	258.102107	3.723591	0.004594	10.8
355	-0.718677	259.102107	3.710297	0.006114	7.3
356	-0.727179	260.102107	3.697098	0.004699	8.5
357	-0.720060	261.102107	3.683993	0.006748	10.2
358	-0.725336	262.102107	3.670980	0.004992	10.7
359	-0.722905	263.102107	3.658058	0.004814	9.5
360	-0.724464	263.089973	3.658215	0.006494	9.7
361	-0.718219	264.089973	3.645383	0.004632	11.0
362	-0.720977	265.089973	3.632641	0.006182	9.7
363	-0.721506	266.089973	3.619987	0.004814	8.5
364	-0.721293	267.089973	3.607422	0.004623	9.9
365	-0.725085	267.077840	3.607574	0.006320	7.9
366	-0.717172	268.077840	3.595094	0.004440	8.0
367	-0.727371	269.077840	3.582701	0.006511	8.1
368	-0.726338	270.077840	3.570392	0.004941	7.6
369	-0.719234	271.077840	3.558168	0.006121	9.5
370	-0.722420	272.077840	3.546028	0.004251	8.4
371	-0.721214	273.077840	3.533969	0.004059	11.2
372	-0.723526	273.065706	3.534115	0.006881	8.6
373	-0.722816	274.065706	3.522138	0.004706	9.0
374	-0.721354	275.065706	3.510241	0.006255	9.5
375	-0.722983	276.065706	3.498425	0.004269	12.5
376	-0.717869	277.065706	3.486688	0.004366	10.5
377	-0.720672	277.053572	3.486830	0.006421	11.3
378	-0.717596	278.053572	3.475170	0.004852	10.2
379	-0.725101	279.053572	3.463588	0.006377	10.7
380	-0.719563	280.053572	3.452084	0.004248	13.7
381	-0.724493	281.053572	3.440655	0.004804	7.3
382	-0.719957	281.041438	3.440793	0.006883	7.2
383	-0.717005	282.041438	3.429439	0.004209	8.0
384	-0.724705	283.041438	3.418159	0.005921	9.1
385	-0.716121	284.041438	3.406954	0.004568	8.9
386	-0.722697	285.041438	3.395822	0.006167	9.5
387	-0.721359	286.041438	3.384762	0.004474	9.9
388	-0.726078	287.041438	3.373774	0.004663	8.7
389	-0.726852	287.029305	3.373907	0.006650	10.2
390	-0.723638	288.029305	3.362989	0.004810	8.4
391	-0.723382	289.029305	3.352142	0.006108	9.1
392	-0.722627	290.029305	3.341364	0.004680	6.4
393	-0.726786	291.029305	3.330655	0.004674	7.6
394	-0.716093	291.017171	3.330785	0.007073	10.1
395	-0.722234	292.017171	3.320144	0.004526	12.9
396	-0.724758	293.017171	3.309571	0.006447	6.7
397	-0.725808	294.017171	3.299065	0.004703	8.0
398	-0.722519	295.017171	3.288625	0.006247	9.4
399	-0.721847	296.017171	3.278252	0.004400	8.5
400	-0.719496	297.017171	3.267943	0.004588	6.8
401	-0.720637	297.005037	3.268068	0.005982	9.6
402	-0.723864	298.005037	3.257823	0.004408	10.4
403	-0.722168	299.005037	3.247643	0.006334	9.2
404	-0.719008	300.005037	3.237526	0.004639	11.6
405	-0.723481	301.005037	3.227472	0.004711	7.1
406	-0.717171	300.992904	3.227593	0.006753	7.7
407	-0.724229	301.992904	3.217600	0.005057	7.6
408	-0.724300	302.992904	3.207669	0.006054	6.4
409	-0.720700	303.992904	3.197799	0.004675	5.9
410	-0.724733	304.992904	3.187990	0.006953	15.2
411	-0.715984	305.992904	3.178241	0.003831	12.5
412	-0.718655	306.992904	3.168551	0.004182	11.2
413	-0.724950	306.980770	3.168668	0.006554	6.2
414	-0.723132	307.980770	3.159036	0.004693	8.7
415	-0.719401	308.980770	3.149463	0.005978	9.8
416	-0.725149	309.980770	3.139947	0.005221	10.2
417	-0.725164	310.980770	3.130489	0.004289	9.2
418	-0.718112	310.968636	3.130603	0.006738	9.0
419	-0.722698	311.968636	3.121201	0.004461	9.2
420	-0.724317	312.968636	3.111855	0.006166	9.6
421	-0.717764	313.968636	3.102565	0.004266	9.4
422	-0.721323	314.968636	3.093331	0.004648	8.9
423	-0.718323	314.956503	3.093442	0.006770	11.2
424	-0.725410	315.956503	3.084262	0.004842	7.9
425	-0.717420	316.956503	3.075136	0.006304	9.6
426	-0.719238	317.956503	3.066063	0.004448	10.6
427	-0.720673	318.956503	3.057044	0.005899	12.2
428	-0.721670	319.956503	3.048078	0.004671	7.6
429	-0.725650	320.956503	3.039165	0.005023	6.4
430	-0.720843	320.944369	3.039272	0.006696	8.9
431	-0.721063	321.944369	3.030410	0.004418	8.8
432	-0.726740	322.944369	3.021599	0.006260	10.7
433	-0.726705	323.944369	3.012840	0.004948	13.4
434	-0.727794	324.944369	3.004131	0.006644	6.9
435	-0.723843	325.944369	2.995472	0.005039	15.0
436	-0.726358	326.944369	2.986863	0.004561	8.5
437	-0.719554	326.932235	2.986967	0.006326	12.6
438	-0.724898	327.932235	2.978407	0.004511	12.6
439	-0.727008	328.932235	2.969895	0.006492	7.9
440	-0.720891	329.932235	2.961432	0.004511	11.8
441	-0.722555	330.932235	2.953018	0.006241	10.7
442	-0.721845	331.932235	2.944651	0.004330	13.7
443	-0.723869	332.932235	2.936331	0.004632	13.3
444	-0.724714	332.920102	2.936431	0.006677	11.3
445	-0.720627	333.920102	2.928158	0.004749	8.7
446	-0.722057	334.920102	2.919931	0.006262	8.3
447	-0.725971	335.920102	2.911750	0.004412	13.7
448	-0.722080	336.920102	2.903615	0.004094	10.2
449	-0.724274	336.907968	2.903713	0.006049	13.3
450	-0.718930	337.907968	2.895623	0.004335	10.5
451	-0.719644	338.907968	2.887577	0.006583	9.0
452	-0.721388	339.907968	2.879576	0.004597	10.0
453	-0.727043	340.907968	2.871620	0.004624	13.0
454	-0.721455	340.895834	2.871716	0.006271	12.5
455	-0.715059	341.895834	2.863803	0.004296	8.4
456	-0.719927	342.895834	2.855933	0.006647	10.5
457	-0.719046	343.895834	2.848106	0.004613	8.9
458	-0.728084	344.895834	2.840322	0.006548	9.9
459	-0.721342	345.895834	2.832581	0.004809	10.0
460	-0.723267	346.895834	2.824881	0.005134	11.5
461	-0.731244	346.883700	2.824975	0.006338	9.1
462	-0.727789	347.883700	2.817316	0.004685	10.7
463	-0.718870	348.883700	2.809700	0.006063	12.3
464	-0.722655	349.883700	2.802124	0.004539	9.7
465	-0.719984	350.883700	2.794589	0.006456	9.8
466	-0.727226	351.883700	2.787094	0.004575	12.6
467	-0.726895	352.883700	2.779640	0.004602	7.4
468	-0.722716	352.871567	2.779730	0.006397	9.5
469	-0.721109	353.871567	2.772315	0.004363	8.1
470	-0.717844	354.871567	2.764939	0.006860	13.3
471	-0.718724	355.871567	2.757603	0.004440	12.0
472	-0.715427	356.871567	2.750305	0.004531	7.4
473	-0.725501	356.859433	2.750393	0.006078	9.8
474	-0.725137	357.859433	2.743134	0.004601	8.0
475	-0.717275	358.859433	2.735912	0.006449	9.7
476	-0.720482	359.859433	2.728729	0.004325	10.1
477	-0.713680	360.859433	2.721583	0.004545	10.5
478	-0.721572	360.847299	2.721669	0.006419	10.9
479	-0.725198	361.847299	2.714560	0.005142	11.5
480	-0.721356	362.847299	2.707488	0.006116	9.9
481	-0.726001	363.847299	2.700453	0.004578	11.8
482	-0.712625	364.847299	2.693454	0.006244	8.6
483	-0.724843	365.847299	2.686492	0.005004	10.1
484	-0.727184	366.847299	2.679565	0.006557	12.2
485	-0.718445	367.847299	2.672674	0.004573	9.2
486	-0.727468	368.847299	2.665818	0.004530	10.3
487	-0.724505	368.835166	2.665901	0.006275	10.4
488	-0.731812	369.835166	2.659080	0.004934	12.0
489	-0.724044	370.835166	2.652294	0.006284	9.7
490	-0.722639	371.835166	2.645542	0.004901	10.3
491	-0.720289	372.835166	2.638825	0.005946	9.4
492	-0.716292	373.835166	2.632142	0.004547	7.8
493	-0.724450	374.835166	2.625492	0.004355	7.7
494	-0.725929	374.823032	2.625573	0.006335	9.7
495	-0.720865	375.823032	2.618956	0.004580	7.9
496	-0.724067	376.823032	2.612373	0.006409	9.1
497	-0.721934	377.823032	2.605823	0.004972	11.1
498	-0.721947	378.823032	2.599305	0.006557	7.4
499	-0.723118	379.823032	2.592820	0.004735	7.2
500	-0.731115	380.823032	2.586368	0.004413	7.5
501	-0.720244	380.810898	2.586446	0.006683	5.8
502	-0.719583	381.810898	2.580025	0.004160	6.2
503	-0.723945	382.810898	2.573636	0.006082	8.7
504	-0.723305	383.810898	2.567278	0.004733	5.9
505	-0.723408	384.810898	2.560952	0.004448	10.0
506	-0.721135	384.798765	2.561028	0.006347	8.4
507	-0.723160	385.798765	2.554733	0.004903	11.6
508	-0.721389	386.798765	2.548468	0.005841	6.9
509	-0.719343	387.798765	2.542234	0.004465	5.6
510	-0.720738	388.798765	2.536030	0.006291	10.1
511	-0.720054	389.798765	2.529857	0.004858	9.7
512	-0.725717	390.798765	2.523713	0.004687	9.1
513	-0.718044	390.786631	2.523788	0.005903	8.6
514	-0.724544	391.786631	2.517674	0.004602	9.0
515	-0.721230	392.786631	2.511589	0.006081	8.2
516	-0.720124	393.786631	2.505534	0.004357	9.1
517	-0.718361	394.786631	2.499508	0.006580	9.3
518	-0.726008	395.786631	2.493511	0.004580	9.6
519	-0.728502	396.786631	2.487543	0.004709	11.3
520	-0.724631	396.774497	2.487615	0.006303	8.8
521	-0.720061	397.774497	2.481675	0.004320	9.5
522	-0.722902	398.774497	2.475763	0.006532	7.9
523	-0.729526	399.774497	2.469879	0.004990	7.0
524	-0.718022	400.774497	2.464023	0.004124	8.7
525	-0.718658	400.762364	2.464094	0.006076	11.3
526	-0.714488	401.762364	2.458265	0.003886	9.3
527	-0.721553	402.762364	2.452464	0.006610	7.3
528	-0.726681	403.762364	2.446691	0.004790	6.1
529	-0.726047	404.762364	2.440944	0.004359	6.6
530	-0.728083	404.750230	2.441014	0.006396	6.7
531	-0.712526	405.750230	2.435294	0.004255	9.4
532	-0.723485	406.750230	2.429600	0.006343	8.3
533	-0.725764	407.750230	2.423934	0.004848	7.6
534	-0.721421	408.750230	2.418293	0.005947	11.8
535	-0.726673	409.750230	2.412679	0.004929	8.5
536	-0.721937	410.750230	2.407091	0.004613	8.4
537	-0.725061	410.738096	2.407159	0.006262	6.1
538	-0.717971	411.738096	2.401596	0.004934	9.4
539	-0.721196	412.738096	2.396059	0.006713	7.4
540	-0.721203	413.738096	2.390548	0.004928	8.1
541	-0.725304	414.738096	2.385061	0.006286	11.8
542	-0.723062	415.738096	2.379600	0.004369	10.7
543	-0.721763	416.738096	2.374164	0.004859	12.4
544	-0.726774	416.725963	2.374230	0.006205	13.1
545	-0.715554	417.725963	2.368818	0.004528	9.7
546	-0.720607	418.725963	2.363431	0.006174	9.4
547	-0.727986	419.725963	2.358069	0.005320	9.6
548	-0.724796	420.725963	2.352730	0.006057	9.5
549	-0.725428	421.725963	2.347416	0.004892	9.4
550	-0.718352	422.725963	2.342126	0.004422	8.3
551	-0.720826	422.713829	2.342190	0.006478	9.2
552	-0.723099	423.713829	2.336923	0.004246	10.0
553	-0.720884	424.713829	2.331680	0.006655	9.6
554	-0.721551	425.713829	2.326461	0.004947	7.7
555	-0.717683	426.713829	2.321264	0.004080	5.6
556	-0.720284	426.701695	2.321327	0.006382	11.7
557	-0.727403	427.701695	2.316154	0.004830	7.0
558	-0.730198	428.701695	2.311003	0.006321	7.2
559	-0.720230	429.701695	2.305876	0.004583	8.6
560	-0.722659	430.701695	2.300771	0.005822	10.0
561	-0.716048	431.701695	2.295689	0.004574	8.0
562	-0.718399	432.701695	2.290629	0.003799	8.1
563	-0.722285	432.689561	2.290690	0.006640	7.9
564	-0.718711	433.689561	2.285652	0.004392	7.8
565	-0.720867	434.689561	2.280636	0.006022	10.1
566	-0.720934	435.689561	2.275642	0.004990	6.4
567	-0.724947	436.689561	2.270670	0.004581	8.9
568	-0.719545	436.677428	2.270731	0.006966	7.1
569	-0.727687	437.677428	2.265780	0.004715	12.3
570	-0.716998	438.677428	2.260851	0.005735	8.5
571	-0.722274	439.677428	2.255943	0.004255	8.6
572	-0.727716	440.677428	2.251057	0.006372	10.4
573	-0.720693	441.677428	2.246191	0.004789	8.0
574	-0.720979	442.677428	2.241347	0.004575	11.3
575	-0.717579	442.665294	2.241406	0.006071	6.5
576	-0.722147	443.665294	2.236582	0.004698	6.4
577	-0.722828	444.665294	2.231779	0.006783	10.9
578	-0.722441	445.665294	2.226997	0.004934	10.0
579	-0.723895	446.665294	2.222235	0.006022	10.3
580	-0.717285	447.665294	2.217493	0.004484	7.7
581	-0.720202	448.665294	2.212772	0.004644	11.2
582	-0.721093	448.653160	2.212829	0.006118	9.2
583	-0.724480	449.653160	2.208127	0.004642	9.9
584	-0.718994	450.653160	2.203446	0.006179	9.4
585	-0.717911	451.653160	2.198784	0.004757	8.5
586	-0.725944	452.653160	2.194142	0.006607	9.5
587	-0.719917	453.653160	2.189519	0.004804	7.4
588	-0.720809	454.653160	2.184916	0.004413	8.8
589	-0.719971	454.641027	2.184972	0.005898	9.2
590	-0.719429	455.641027	2.180387	0.004513	6.2
591	-0.720284	456.641027	2.175823	0.005914	7.7
592	-0.722617	457.641027	2.171277	0.004654	8.9
593	-0.723304	458.641027	2.166750	0.005856	9.9
594	-0.725076	459.641027	2.162242	0.004583	10.4
595	-0.719306	460.641027	2.157752	0.004275	8.6
596	-0.723239	460.628893	2.157807	0.005930	8.0
597	-0.719045	461.628893	2.153336	0.004353	7.8
598	-0.725211	462.628893	2.148883	0.006933	9.4
599	-0.728516	463.628893	2.144449	0.004739	12.4
600	-0.723905	464.628893	2.140034	0.004465	6.9
601	-0.723692	464.616759	2.140087	0.006326	10.9
602	-0.721393	465.616759	2.135689	0.004742	9.3
603	-0.725705	466.616759	2.131309	0.006618	7.4
604	-0.722453	467.616759	2.126947	0.004341	11.1
605	-0.727416	468.616759	2.122603	0.006472	12.5
606	-0.717519	469.616759	2.118277	0.004647	7.5
607	-0.719978	470.616759	2.113968	0.005067	9.7
608	-0.726205	470.604626	2.114020	0.006395	6.4
609	-0.725639	471.604626	2.109729	0.005026	6.6
610	-0.721645	472.604626	2.105455	0.005806	6.9
611	-0.723915	473.604626	2.101198	0.004602	10.7
612	-0.718259	474.604626	2.096958	0.006118	10.5
613	-0.723964	475.604626	2.092735	0.004489	9.8
614	-0.723498	476.604626	2.088530	0.004970	11.5
615	-0.720442	476.592492	2.088581	0.006261	9.4
616	-0.723864	477.592492	2.084392	0.004638	9.8
617	-0.723521	478.592492	2.080220	0.005885	10.6
618	-0.720592	479.592492	2.076064	0.004201	9.7
619	-0.718196	480.592492	2.071925	0.006041	10.7
620	-0.731785	481.592492	2.067803	0.004545	9.1
621	-0.723183	482.592492	2.063697	0.004776	9.2
622	-0.716965	482.580358	2.063746	0.006144	10.0
623	-0.720842	483.580358	2.059656	0.004145	9.9
624	-0.724443	484.580358	2.055582	0.006781	11.3
625	-0.726242	485.580358	2.051525	0.004969	7.9
626	-0.720236	486.580358	2.047483	0.005577	12.7
627	-0.728131	487.580358	2.043457	0.005089	12.5
628	-0.711541	488.580358	2.039447	0.004741	11.9
629	-0.722754	488.568225	2.039496	0.005759	14.5
630	-0.718088	489.568225	2.035501	0.005003	10.6
631	-0.718429	490.568225	2.031522	0.006577	8.8
632	-0.718788	491.568225	2.027559	0.004661	8.9
633	-0.723980	492.568225	2.023611	0.006107	6.8
634	-0.722209	493.568225	2.019678	0.005017	8.3
635	-0.719977	494.568225	2.015761	0.005978	8.2
636	-0.723453	495.568225	2.011858	0.004572	8.5
637	-0.720151	496.568225	2.007971	0.004561	8.6
638	-0.726170	496.556091	2.008018	0.005977	10.5
639	-0.720895	497.556091	2.004146	0.004602	10.1
640	-0.721223	498.556091	2.000289	0.006912	10.2
641	-0.721414	499.556091	1.996446	0.004840	10.0
642	-0.721903	500.556091	1.992618	0.006313	8.6
643	-0.724267	501.556091	1.988805	0.004840	10.7
644	-0.717084	502.556091	1.985006	0.003897	6.1
645	-0.718530	502.543957	1.985052	0.006368	8.6
646	-0.718722	503.543957	1.981268	0.004839	10.4
647	-0.716708	504.543957	1.977498	0.006242	7.6
648	-0.719452	505.543957	1.973742	0.004522	11.0
649	-0.716294	506.543957	1.970001	0.004294	11.0
650	-0.722361	506.531823	1.970046	0.006449	9.5
651	-0.727916	507.531823	1.966319	0.004830	9.6
652	-0.727666	508.531823	1.962606	0.006372	8.1
653	-0.724525	509.531823	1.958906	0.004956	9.5
654	-0.723870	510.531823	1.955221	0.006600	6.8
655	-0.719080	511.531823	1.951549	0.004588	7.3
656	-0.722544	512.531823	1.947891	0.004737	11.0
657	-0.727655	512.519690	1.947936	0.006238	8.7
658	-0.722571	513.519690	1.944292	0.004629	7.5
659	-0.718328	514.519690	1.940661	0.005949	12.0
660	-0.720058	515.519690	1.937044	0.004642	12.4
661	-0.719779	516.519690	1.933440	0.006241	8.0
662	-0.717134	517.519690	1.929850	0.004840	7.0
663	-0.724931	518.519690	1.926273	0.004688	11.4
664	-0.722577	518.507556	1.926316	0.006394	6.5
665	-0.727188	519.507556	1.922752	0.004784	9.6
666	-0.725071	520.507556	1.919201	0.006558	13.2
667	-0.724145	521.507556	1.915664	0.004998	15.5
668	-0.721986	522.507556	1.912139	0.006154	9.4
669	-0.719724	523.507556	1.908628	0.005038	7.2
670	-0.720924	524.507556	1.905129	0.004608	6.4
671	-0.718239	524.495422	1.905171	0.006154	15.1
672	-0.720327	525.495422	1.901685	0.004791	7.6
673	-0.725038	526.495422	1.898211	0.006002	7.5
674	-0.723928	527.495422	1.894751	0.004875	11.3
675	-0.721149	528.495422	1.891303	0.006089	11.1
676	-0.723925	529.495422	1.887867	0.004979	9.6
677	-0.719393	530.495422	1.884444	0.004760	10.7
678	-0.712860	530.483289	1.884485	0.005437	11.5
679	-0.720696	531.483289	1.881074	0.004840	10.6
680	-0.721234	532.483289	1.877676	0.005883	8.1
681	-0.722852	533.483289	1.874289	0.004701	11.7
682	-0.720622	534.483289	1.870915	0.005813	9.5
683	-0.724075	535.483289	1.867553	0.004655	9.8
684	-0.721427	536.483289	1.864203	0.005543	10.2
685	-0.722276	537.483289	1.860865	0.004555	9.2
686	-0.723746	538.483289	1.857539	0.004714	10.8
687	-0.727774	538.471155	1.857579	0.006750	9.8
688	-0.723008	539.471155	1.854265	0.004734	10.1
689	-0.718860	540.471155	1.850963	0.005765	9.3
690	-0.713018	541.471155	1.847672	0.004857	10.3
691	-0.722335	542.471155	1.844393	0.006335	8.7
692	-0.720619	543.471155	1.841125	0.004804	8.8
693	-0.718375	544.471155	1.837869	0.006201	8.3
694	-0.722339	545.471155	1.834625	0.004598	6.6
695	-0.724596	546.471155	1.831392	0.005066	6.2
696	-0.726321	546.459021	1.831431	0.006458	6.9
697	-0.724168	547.459021	1.828209	0.004309	6.0
698	-0.723283	548.459021	1.824999	0.006364	9.4
699	-0.730344	549.459021	1.821800	0.004961	8.8
700	-0.726462	550.459021	1.818612	0.006851	6.5
701	-0.722138	551.459021	1.815435	0.003995	9.4
702	-0.718672	552.459021	1.812269	0.004566	10.1
703	-0.715938	552.446888	1.812308	0.006393	12.4
704	-0.725767	553.446888	1.809153	0.004877	9.6
705	-0.720952	554.446888	1.806009	0.005932	11.5
706	-0.720995	555.446888	1.802876	0.004792	9.6
707	-0.720207	556.446888	1.799754	0.004712	8.0
708	-0.718379	556.434754	1.799791	0.005932	9.9
709	-0.727058	557.434754	1.796680	0.005021	9.9
710	-0.722071	558.434754	1.793579	0.006786	9.7
711	-0.716072	559.434754	1.790489	0.004596	6.7
712	-0.718265	560.434754	1.787410	0.005836	10.3
713	-0.722932	561.434754	1.784341	0.004625	8.6
714	-0.724337	562.434754	1.781282	0.005174	6.5
715	-0.721896	562.422620	1.781320	0.006237	7.3
716	-0.717654	563.422620	1.778272	0.004225	10.2
717	-0.719168	564.422620	1.775234	0.005986	13.4
718	-0.722865	565.422620	1.772207	0.004799	9.6
719	-0.728282	566.422620	1.769190	0.006712	6.6
720	-0.725106	567.422620	1.766183	0.004658	10.6
721	-0.725856	568.422620	1.763187	0.005655	12.7
722	-0.717552	569.422620	1.760200	0.004110	8.4
723	-0.723205	570.422620	1.757224	0.004830	6.6
724	-0.724106	570.410487	1.757260	0.006450	7.7
725	-0.718806	571.410487	1.754294	0.004687	10.5
726	-0.714474	572.410487	1.751338	0.006324	13.6
727	-0.723805	573.410487	1.748391	0.004797	11.2
728	-0.722715	574.410487	1.745455	0.005885	8.9
729	-0.718688	575.410487	1.742528	0.004331	10.9
730	-0.724755	576.410487	1.739611	0.005037	9.3
731	-0.724723	576.398353	1.739647	0.005635	7.4
732	-0.718676	577.398353	1.736740	0.004840	9.5
733	-0.719715	578.398353	1.733842	0.005900	8.8
734	-0.721056	579.398353	1.730954	0.004682	9.4
735	-0.718608	580.398353	1.728076	0.006042	12.8
736	-0.727698	581.398353	1.725207	0.004853	6.4
737	-0.724849	582.398353	1.722348	0.006633	9.0
738	-0.729214	583.398353	1.719499	0.004409	12.0
739	-0.730559	584.398353	1.716658	0.004808	9.7
740	-0.725914	584.386219	1.716693	0.006054	9.4
741	-0.716801	585.386219	1.713862	0.004682	9.8
742	-0.716411	586.386219	1.711040	0.006538	8.2
743	-0.720929	587.386219	1.708228	0.004601	13.2
744	-0.716436	588.386219	1.705424	0.006248	9.4
745	-0.727637	589.386219	1.702630	0.005259	9.8
746	-0.720265	590.386219	1.699845	0.004685	7.2
747	-0.727571	590.374086	1.699879	0.006242	7.8
748	-0.730981	591.374086	1.697103	0.005329	7.4
749	-0.724091	592.374086	1.694337	0.006218	8.0
750	-0.718822	593.374086	1.691579	0.004300	10.1
751	-0.722634	594.374086	1.688830	0.005965	9.3
752	-0.723324	595.374086	1.686090	0.005071	6.2
753	-0.718551	596.374086	1.683359	0.004485	7.2
754	-0.717357	596.361952	1.683392	0.005891	7.2
755	-0.725644	597.361952	1.680670	0.004840	10.2
756	-0.724414	598.361952	1.677956	0.006731	8.4
757	-0.720746	599.361952	1.675251	0.004623	11.0
758	-0.716504	600.361952	1.672555	0.006239	8.0
759	-0.724016	601.361952	1.669868	0.004786	9.2
760	-0.722170	602.361952	1.667189	0.004984	11.1
761	-0.730072	602.349818	1.667221	0.006523	9.9
762	-0.723365	603.349818	1.664551	0.004584	9.0
763	-0.725299	604.349818	1.661889	0.005912	10.4
764	-0.721334	605.349818	1.659236	0.004913	8.9
765	-0.723728	606.349818	1.656591	0.006115	8.2
766	-0.723051	607.349818	1.653955	0.004827	12.2
767	-0.727398	608.349818	1.651327	0.004576	10.6
768	-0.723174	608.337684	1.651358	0.006553	10.2
769	-0.727365	609.337684	1.648739	0.004895	11.0
770	-0.720908	610.337684	1.646127	0.005855	12.1
771	-0.721837	611.337684	1.643524	0.004702	9.9
772	-0.725625	612.337684	1.640929	0.005759	9.6
773	-0.722098	613.337684	1.638342	0.004506	9.2
774	-0.718424	614.337684	1.635763	0.005716	10.2
775	-0.726907	615.337684	1.633193	0.005481	6.9
776	-0.724311	616.337684	1.630630	0.005164	12.1
777	-0.723680	616.325551	1.630661	0.005634	12.5
778	-0.720326	617.325551	1.628107	0.004794	8.1
779	-0.726820	618.325551	1.625560	0.006584	7.5
780	-0.720642	619.325551	1.623021	0.004546	12.1
781	-0.730429	620.325551	1.620491	0.006018	11.2
782	-0.722874	621.325551	1.617968	0.004378	11.5
783	-0.722180	622.325551	1.615453	0.006085	15.9
784	-0.722461	623.325551	1.612946	0.004626	13.1
785	-0.724091	624.325551	1.610446	0.004809	10.8
786	-0.719020	624.313417	1.610477	0.005694	9.5
787	-0.723419	625.313417	1.607985	0.004499	8.9
788	-0.717997	626.313417	1.605501	0.006330	16.2
789	-0.727097	627.313417	1.603024	0.004863	11.3
790	-0.724380	628.313417	1.600555	0.006156	8.9
791	-0.724725	629.313417	1.598094	0.004816	9.7
792	-0.724616	630.313417	1.595641	0.004765	14.8
793	-0.723758	630.301283	1.595670	0.005998	10.8
794	-0.723445	631.301283	1.593224	0.004495	11.3
795	-0.721725	632.301283	1.590785	0.006381	11.2
796	-0.725151	633.301283	1.588354	0.005069	11.1
797	-0.716931	634.301283	1.585930	0.005789	8.3
798	-0.722568	635.301283	1.583514	0.005111	13.4
799	-0.726367	636.301283	1.581105	0.006667	9.0
800	-0.719624	637.301283	1.578703	0.004757	9.4
801	-0.717738	638.301283	1.576308	0.004646	6.0
802	-0.721435	638.289150	1.576337	0.006921	12.7
803	-0.718938	639.289150	1.573950	0.004369	11.3
804	-0.721226	640.289150	1.571570	0.005676	13.8
805	-0.716361	641.289150	1.569197	0.004839	13.2
806	-0.720956	642.289150	1.566831	0.004811	10.2
807	-0.726186	642.277016	1.566860	0.006020	11.0
808	-0.722620	643.277016	1.564501	0.004562	8.2
809	-0.725693	644.277016	1.562149	0.006061	12.3
810	-0.722321	645.277016	1.559805	0.004782	14.4
811	-0.719255	646.277016	1.557467	0.006645	10.7
812	-0.720220	647.277016	1.555137	0.004842	9.1
813	-0.724888	648.277016	1.552813	0.005156	13.6
814	-0.721839	648.264882	1.552841	0.006303	15.1
815	-0.716791	649.264882	1.550524	0.004617	11.8
816	-0.729490	650.264882	1.548215	0.006307	11.3
817	-0.720751	651.264882	1.545912	0.004530	10.3
818	-0.722205	652.264882	1.543615	0.006035	8.5
819	-0.722501	653.264882	1.541326	0.005035	8.9
820	-0.724583	654.264882	1.539044	0.005288	8.5
821	-0.722671	654.252749	1.539071	0.006242	11.7
822	-0.724067	655.252749	1.536795	0.004518	10.3
823	-0.719920	656.252749	1.534526	0.006516	11.3
824	-0.718179	657.252749	1.532264	0.004335	26.4
825	-0.727715	658.252749	1.530008	0.006177	47.8
826	-0.722165	659.252749	1.527759	0.004951	22.3
827	-0.721384	660.252749	1.525516	0.004629	10.9
828	-0.716089	660.240615	1.525543	0.005823	9.7
829	-0.720450	661.240615	1.523307	0.004618	4.9
830	-0.727341	662.240615	1.521078	0.006235	8.7
831	-0.717046	663.240615	1.518855	0.004902	8.9
832	-0.729851	664.240615	1.516638	0.006261	13.4
833	-0.722300	665.240615	1.514428	0.004412	10.1
834	-0.721626	666.240615	1.512225	0.004790	9.6
835	-0.721438	666.228481	1.512251	0.006530	10.5
836	-0.716296	667.228481	1.510054	0.004413	13.2
837	-0.728895	668.228481	1.507863	0.006124	10.3
838	-0.724719	669.228481	1.505678	0.005333	7.2
839	-0.722734	670.228481	1.503500	0.006751	8.2
840	-0.724515	671.228481	1.501328	0.004384	8.7
841	-0.721578	672.228481	1.499162	0.004788	11.0
842	-0.720866	672.216348	1.499189	0.006470	16.1
843	-0.718872	673.216348	1.497029	0.004159	10.7
844	-0.724123	674.216348	1.494876	0.006285	12.0
845	-0.729123	675.216348	1.492729	0.004905	10.7
846	-0.717726	676.216348	1.490588	0.005705	8.8
847	-0.731366	677.216348	1.488453	0.004959	8.6
848	-0.720589	678.216348	1.486324	0.004628	10.3
849	-0.720650	678.204214	1.486350	0.005940	9.8
850	-0.725350	679.204214	1.484227	0.005024	9.3
851	-0.725043	680.204214	1.482110	0.006691	9.8
852	-0.720698	681.204214	1.480000	0.004635	11.8
853	-0.721994	682.204214	1.477895	0.006076	11.4
854	-0.723968	683.204214	1.475796	0.004891	7.8
855	-0.722931	684.204214	1.473704	0.006812	10.7
856	-0.725065	685.204214	1.471617	0.004737	10.1
857	-0.715585	686.204214	1.469536	0.004770	11.3
858	-0.725772	686.192080	1.469561	0.006570	11.2
859	-0.723998	687.192080	1.467486	0.004395	9.2
860	-0.721353	688.192080	1.465417	0.006002	8.6
861	-0.721677	689.192080	1.463354	0.004902	9.8
862	-0.726286	690.192080	1.461296	0.004747	9.3
863	-0.724921	690.179946	1.461321	0.005999	7.4
864	-0.721923	691.179946	1.459269	0.005086	6.2
865	-0.718707	692.179946	1.457223	0.006379	7.8
866	-0.720126	693.179946	1.455182	0.004700	7.3
867	-0.722812	694.179946	1.453148	0.005887	8.9
868	-0.728413	695.179946	1.451119	0.004943	8.3
869	-0.722798	696.179946	1.449095	0.006299	6.3
870	-0.726808	697.179946	1.447078	0.004655	6.7
871	-0.724217	698.179946	1.445065	0.004839	8.9
872	-0.723053	698.167813	1.445090	0.006774	7.7
873	-0.721255	699.167813	1.443083	0.004704	7.5
874	-0.720121	700.167813	1.441082	0.005916	10.5
875	-0.718404	701.167813	1.439087	0.004648	7.2
876	-0.720887	702.167813	1.437097	0.006318	8.5
877	-0.728275	703.167813	1.435112	0.004447	8.2
878	-0.724056	704.167813	1.433133	0.005086	11.9
879	-0.719549	704.155679	1.433157	0.005801	21.7
880	-0.726036	705.155679	1.431184	0.004617	11.3
881	-0.720907	706.155679	1.429215	0.006376	13.3
882	-0.730706	707.155679	1.427253	0.004927	25.5
883	-0.725364	708.155679	1.425295	0.006280	75.5
884	-0.718008	709.155679	1.423343	0.004972	37.1
885	-0.720711	710.155679	1.421396	0.005525	35.8
886	-0.723660	711.155679	1.419455	0.004844	30.4
887	-0.722150	712.155679	1.417519	0.004753	22.0
888	-0.723121	712.143545	1.417542	0.006458	27.0
889	-0.719627	713.143545	1.415612	0.004758	14.7
890	-0.729557	714.143545	1.413686	0.005796	10.5
891	-0.724088	715.143545	1.411766	0.004633	10.5
892	-0.721359	716.143545	1.409850	0.006360	12.6
893	-0.716115	717.143545	1.407940	0.004462	9.2
894	-0.726249	718.143545	1.406036	0.004943	23.3
895	-0.724603	718.131412	1.406059	0.006016	49.6
896	-0.718185	719.131412	1.404159	0.004353	29.2
897	-0.724902	720.131412	1.402264	0.006167	84.2
898	-0.720742	721.131412	1.400375	0.004731	31.1
899	-0.720214	722.131412	1.398490	0.005967	14.2
900	-0.721334	723.131412	1.396611	0.004321	7.8
901	-0.719654	724.131412	1.394737	0.004839	10.8
902	-0.717601	724.119278	1.394759	0.005873	8.3
903	-0.723267	725.119278	1.392890	0.004551	9.0
904	-0.718370	726.119278	1.391026	0.005931	7.6
905	-0.724630	727.119278	1.389166	0.005204	7.6
906	-0.721076	728.119278	1.387312	0.005799	7.7
907	-0.716812	729.119278	1.385462	0.004767	24.2
908	-0.722365	730.119278	1.383618	0.006290	34.7
909	-0.725153	731.119278	1.381778	0.005126	18.6
910	-0.729610	732.119278	1.379944	0.004939	36.7
911	-0.724301	732.107144	1.379966	0.006533	33.3
912	-0.727222	733.107144	1.378136	0.004937	93.9
913	-0.723440	734.107144	1.376311	0.006037	27.1
914	-0.725864	735.107144	1.374491	0.004852	14.8
915	-0.727772	736.107144	1.372675	0.006539	9.8
916	-0.726482	737.107144	1.370864	0.005077	7.9
917	-0.725561	738.107144	1.369059	0.005893	11.0
918	-0.720342	739.107144	1.367257	0.004381	10.3
919	-0.718528	740.107144	1.365461	0.004880	8.7
920	-0.725861	740.095011	1.365483	0.005773	8.6
921	-0.719257	741.095011	1.363691	0.005101	9.6
922	-0.718791	742.095011	1.361904	0.006480	11.9
923	-0.724218	743.095011	1.360122	0.004899	32.0
924	-0.723239	744.095011	1.358344	0.006080	31.9
925	-0.721049	745.095011	1.356571	0.004880	26.3
926	-0.719625	746.095011	1.354802	0.006177	29.6
927	-0.728448	747.095011	1.353038	0.004934	14.4
928	-0.720793	748.095011	1.351279	0.004323	18.0
929	-0.727776	748.082877	1.351301	0.006091	8.4
930	-0.721002	749.082877	1.349546	0.004116	11.3
931	-0.720661	750.082877	1.347796	0.005895	8.7
932	-0.722969	751.082877	1.346050	0.004895	10.8
933	-0.719320	752.082877	1.344309	0.006017	9.4
934	-0.719727	753.082877	1.342572	0.005040	10.8
935	-0.726753	754.082877	1.340840	0.004904	9.5
936	-0.713826	754.070743	1.340861	0.006182	9.3
937	-0.720410	755.070743	1.339133	0.004710	10.8
938	-0.727437	756.070743	1.337410	0.005974	8.0
939	-0.718770	757.070743	1.335691	0.004888	9.2
940	-0.716147	758.070743	1.333977	0.006295	11.6
941	-0.720402	759.070743	1.332266	0.004479	6.2
942	-0.721162	760.070743	1.330561	0.004463	9.2
943	-0.722035	760.058610	1.330581	0.006266	11.0
944	-0.721541	761.058610	1.328880	0.004792	13.5
945	-0.716851	762.058610	1.327183	0.006209	12.9
946	-0.728797	763.058610	1.325490	0.005572	12.6
947	-0.721980	764.058610	1.323802	0.006420	9.4
948	-0.721549	765.058610	1.322118	0.004541	6.9
949	-0.716088	766.058610	1.320438	0.005677	20.8
950	-0.725620	767.058610	1.318762	0.004244	7.5
951	-0.727900	768.058610	1.317091	0.005123	9.0
952	-0.726638	768.046476	1.317111	0.006291	10.6
953	-0.719261	769.046476	1.315444	0.004708	6.7
954	-0.719902	770.046476	1.313781	0.006275	9.3
955	-0.720384	771.046476	1.312123	0.004705	9.9
956	-0.724997	772.046476	1.310468	0.006276	11.4
957	-0.725535	773.046476	1.308818	0.004865	8.0
958	-0.727614	774.046476	1.307172	0.005331	9.5
959	-0.718622	774.034342	1.307191	0.006135	9.3
960	-0.723317	775.034342	1.305549	0.004670	10.4
961	-0.715061	776.034342	1.303911	0.006470	10.5
962	-0.723816	777.034342	1.302277	0.004567	10.5
963	-0.724891	778.034342	1.300648	0.006015	10.3
964	-0.725456	779.034342	1.299022	0.004829	10.2
965	-0.726399	780.034342	1.297400	0.005979	9.2
966	-0.721618	781.034342	1.295783	0.004745	7.7
967	-0.723120	782.034342	1.294169	0.004654	11.6
968	-0.721977	782.022208	1.294188	0.006492	12.2
969	-0.720513	783.022208	1.292579	0.004911	9.1
970	-0.724271	784.022208	1.290973	0.006082	11.6
971	-0.717167	785.022208	1.289372	0.004812	11.5
972	-0.719547	786.022208	1.287774	0.006433	10.8
973	-0.719701	787.022208	1.286180	0.005129	13.7
974	-0.722323	788.022208	1.284590	0.005330	10.5
975	-0.720973	788.010075	1.284610	0.006216	11.4
976	-0.719566	789.010075	1.283024	0.004501	11.1
977	-0.723818	790.010075	1.281442	0.005982	6.3
978	-0.718941	791.010075	1.279864	0.004998	7.1
979	-0.718230	792.010075	1.278289	0.005925	7.8
980	-0.722490	793.010075	1.276719	0.004634	6.9
981	-0.719087	794.010075	1.275152	0.005957	9.3
982	-0.723050	795.010075	1.273590	0.005065	12.6
983	-0.722788	796.010075	1.272031	0.005195	9.3
984	-0.720307	795.997941	1.272050	0.005704	12.1
985	-0.725820	796.997941	1.270495	0.004846	12.2
986	-0.723338	797.997941	1.268943	0.005881	13.1
987	-0.728896	798.997941	1.267396	0.005136	7.5
988	-0.721906	799.997941	1.265852	0.006411	15.1
989	-0.726883	800.997941	1.264312	0.004901	13.7
990	-0.722260	801.997941	1.262776	0.005802	6.2
991	-0.726224	802.997941	1.261244	0.005190	10.2
992	-0.719332	803.997941	1.259715	0.006148	10.3
993	-0.724869	804.997941	1.258190	0.004825	12.1
994	-0.719177	805.997941	1.256668	0.004820	11.6
995	-0.722335	805.985807	1.256687	0.006021	14.1
996	-0.721763	806.985807	1.255169	0.004652	10.7
997	-0.730287	807.985807	1.253655	0.005688	8.9
998	-0.711220	808.985807	1.252144	0.004698	10.5
999	-0.719679	809.985807	1.250638	0.005735	10.0
1000	-0.718495	810.985807	1.249134	0.004582	11.1
1001	-0.722911	811.985807	1.247635	0.005888	9.4
1002	-0.727824	812.985807	1.246139	0.005065	12.1
1003	-0.723091	813.985807	1.244646	0.004629	8.4
1004	-0.714031	813.973674	1.244665	0.006444	6.3
1005	-0.727090	814.973674	1.243176	0.004589	6.3
1006	-0.717957	815.973674	1.241690	0.006110	7.4
1007	-0.717506	816.973674	1.240209	0.004709	8.2
1008	-0.720313	817.973674	1.238730	0.006480	10.2
1009	-0.721471	818.973674	1.237256	0.004998	8.3
1010	-0.720132	819.973674	1.235784	0.004305	10.8
1011	-0.717162	819.961540	1.235802	0.005748	7.8
1012	-0.730261	820.961540	1.234334	0.005289	9.1
1013	-0.724826	821.961540	1.232870	0.006210	10.3
1014	-0.725780	822.961540	1.231409	0.004924	11.3
1015	-0.718606	823.961540	1.229952	0.006223	10.6
1016	-0.720079	824.961540	1.228498	0.004682	11.2
1017	-0.717794	825.961540	1.227048	0.005981	5.7
1018	-0.716009	826.961540	1.225601	0.005184	9.0
1019	-0.726966	827.961540	1.224157	0.004504	9.3
1020	-0.718029	827.949406	1.224174	0.006044	12.8
1021	-0.721511	828.949406	1.222734	0.004827	10.3
1022	-0.724147	829.949406	1.221297	0.005579	11.5
1023	-0.723912	830.949406	1.219864	0.004907	9.7
1024	-0.717908	831.949406	1.218433	0.006031	7.9
1025	-0.718573	832.949406	1.217007	0.004656	9.9
1026	-0.720693	833.949406	1.215583	0.005642	11.1
1027	-0.724695	834.949406	1.214163	0.005023	11.0
1028	-0.726447	835.949406	1.212746	0.005228	8.4
1029	-0.726373	835.937273	1.212763	0.005671	8.5
1030	-0.727633	836.937273	1.211350	0.005127	9.4
1031	-0.718535	837.937273	1.209939	0.006124	11.6
1032	-0.725645	838.937273	1.208532	0.004759	11.5
1033	-0.726676	839.937273	1.207129	0.005891	11.8
1034	-0.727383	840.937273	1.205728	0.005420	9.8
1035	-0.726267	841.937273	1.204331	0.005620	13.6
1036	-0.719999	842.937273	1.202937	0.004609	8.9
1037	-0.717833	843.937273	1.201546	0.006282	8.1
1038	-0.730102	844.937273	1.200159	0.004747	12.5
1039	-0.716874	845.937273	1.198774	0.004525	10.4
1040	-0.727083	845.925139	1.198791	0.006265	11.3
1041	-0.721785	846.925139	1.197410	0.005018	12.2
1042	-0.722899	847.925139	1.196032	0.005905	12.7
1043	-0.725164	848.925139	1.194657	0.005060	10.8
1044	-0.719018	849.925139	1.193285	0.005643	13.4
1045	-0.723791	850.925139	1.191917	0.005036	13.0
1046	-0.720950	851.925139	1.190551	0.006384	10.4
1047	-0.721982	852.925139	1.189189	0.004632	10.1
1048	-0.725919	853.925139	1.187830	0.005418	10.5
1049	-0.715919	853.913005	1.187846	0.006403	11.8
1050	-0.724251	854.913005	1.186490	0.005158	10.0
1051	-0.720845	855.913005	1.185137	0.005773	11.2
1052	-0.724713	856.913005	1.183787	0.004968	10.7
1053	-0.726318	857.913005	1.182440	0.006714	11.5
1054	-0.717249	858.913005	1.181096	0.005309	13.3
1055	-0.723916	859.913005	1.179756	0.005825	11.7
1056	-0.721455	860.913005	1.178418	0.005142	13.2
1057	-0.727340	861.913005	1.177083	0.006341	10.1
1058	-0.717785	862.913005	1.175752	0.004447	10.1
1059	-0.718306	863.913005	1.174423	0.004604	10.0
1060	-0.720852	863.900872	1.174439	0.006366	13.6
1061	-0.724993	864.900872	1.173113	0.005154	16.9
1062	-0.721893	865.900872	1.171791	0.005621	8.1
1063	-0.723585	866.900872	1.170471	0.004634	11.3
1064	-0.721722	867.900872	1.169154	0.006420	9.4
1065	-0.724937	868.900872	1.167840	0.004917	17.5
1066	-0.714640	869.900872	1.166529	0.005996	17.3
1067	-0.720120	870.900872	1.165222	0.004766	7.6
1068	-0.715067	871.900872	1.163917	0.004382	10.0
1069	-0.718235	871.888738	1.163932	0.005759	7.9
1070	-0.722887	872.888738	1.162630	0.004622	6.4
1071	-0.722656	873.888738	1.161331	0.006171	8.3
1072	-0.723923	874.888738	1.160035	0.004425	9.1
1073	-0.723050	875.888738	1.158741	0.006158	11.9
1074	-0.725009	876.888738	1.157451	0.005094	6.6
1075	-0.718057	877.888738	1.156163	0.004757	10.4
1076	-0.723679	877.876604	1.156179	0.006024	11.0
1077	-0.724957	878.876604	1.154894	0.004914	10.8
1078	-0.719674	879.876604	1.153612	0.005694	10.5
1079	-0.723556	880.876604	1.152333	0.004990	11.3
1080	-0.723054	881.876604	1.151057	0.006319	6.7
1081	-0.720663	882.876604	1.149783	0.005034	7.5
1082	-0.727578	883.876604	1.148513	0.006567	14.7
1083	-0.723094	884.876604	1.147245	0.004497	4.6
1084	-0.729851	885.876604	1.145980	0.005134	9.4
1085	-0.718412	885.864471	1.145995	0.006485	9.8
1086	-0.726262	886.864471	1.144733	0.004932	8.7
1087	-0.725843	887.864471	1.143473	0.006010	9.7
1088	-0.720638	888.864471	1.142216	0.005143	12.0
1089	-0.728054	889.864471	1.140962	0.006770	13.3
1090	-0.726794	890.864471	1.139711	0.004987	12.0
1091	-0.723299	891.864471	1.138463	0.005865	8.1
1092	-0.721131	892.864471	1.137217	0.004779	6.7
1093	-0.720435	893.864471	1.135974	0.004928	7.7
1094	-0.722744	893.852337	1.135989	0.005833	10.5
1095	-0.730926	894.852337	1.134749	0.004983	9.1
1096	-0.721684	895.852337	1.133511	0.005978	11.4
1097	-0.725395	896.852337	1.132276	0.005503	14.7
1098	-0.722448	897.852337	1.131044	0.005722	10.0
1099	-0.718488	898.852337	1.129814	0.004832	13.4
1100	-0.722194	899.852337	1.128587	0.006269	9.3
1101	-0.723525	900.852337	1.127363	0.004828	13.2
1102	-0.721542	901.852337	1.126141	0.004615	12.2
1103	-0.725083	901.840203	1.126156	0.006191	12.1
1104	-0.728119	902.840203	1.124937	0.005219	13.0
1105	-0.727057	903.840203	1.123721	0.006312	13.8
1106	-0.721836	904.840203	1.122507	0.004553	14.2
1107	-0.724591	905.840203	1.121296	0.005746	11.6
1108	-0.722061	906.840203	1.120087	0.005099	9.5
1109	-0.720686	907.840203	1.118881	0.006640	20.8
1110	-0.724574	908.840203	1.117678	0.004908	15.2
1111	-0.718050	909.840203	1.116477	0.004652	12.6
1112	-0.722550	909.828069	1.116492	0.006363	16.8
1113	-0.723415	910.828069	1.115294	0.005084	9.4
1114	-0.726834	911.828069	1.114098	0.005962	9.2
1115	-0.718709	912.828069	1.112905	0.004704	13.4
1116	-0.718202	913.828069	1.111715	0.006091	9.0
1117	-0.720678	914.828069	1.110527	0.004740	11.4
1118	-0.723809	915.828069	1.109341	0.005938	14.9
1119	-0.720015	916.828069	1.108158	0.005101	10.6
1120	-0.723404	917.828069	1.106978	0.005305	12.1
1121	-0.721662	917.815936	1.106992	0.006234	9.5
1122	-0.727049	918.815936	1.105815	0.005148	11.4
1123	-0.718272	919.815936	1.104639	0.005734	11.5
1124	-0.722936	920.815936	1.103466	0.004887	8.2
1125	-0.723297	921.815936	1.102296	0.006498	7.6
1126	-0.725088	922.815936	1.101128	0.005057	13.3
1127	-0.723529	923.815936	1.099963	0.005557	13.4
1128	-0.719005	924.815936	1.098800	0.005015	8.6
1129	-0.726140	925.815936	1.097639	0.006452	12.8
1130	-0.727069	926.815936	1.096481	0.005175	11.2
1131	-0.720946	927.815936	1.095325	0.004687	10.1
1132	-0.721029	927.803802	1.095339	0.006122	12.0
1133	-0.720157	928.803802	1.094186	0.004739	11.1
1134	-0.723348	929.803802	1.093035	0.006087	11.4
1135	-0.729874	930.803802	1.091887	0.004836	12.1
1136	-0.717829	931.803802	1.090741	0.005736	13.7
1137	-0.719029	932.803802	1.089597	0.004574	10.6
1138	-0.724333	933.803802	1.088456	0.006359	10.6
1139	-0.724365	934.803802	1.087317	0.004840	14.1
1140	-0.723260	935.803802	1.086181	0.004920	11.5
1141	-0.721684	935.791668	1.086195	0.005941	9.5
1142	-0.722437	936.791668	1.085061	0.004805	10.7
1143	-0.717261	937.791668	1.083929	0.006020	10.3
1144	-0.725545	938.791668	1.082800	0.005224	9.7
1145	-0.719596	939.791668	1.081673	0.005631	8.6
1146	-0.715639	940.791668	1.080548	0.004457	9.0
1147	-0.724900	941.791668	1.079426	0.005868	7.1
1148	-0.716401	942.791668	1.078306	0.004882	9.1
1149	-0.721783	943.791668	1.077188	0.005948	8.0
1150	-0.719229	944.791668	1.076073	0.005204	11.0
1151	-0.724072	945.791668	1.074960	0.005471	21.7
1152	-0.726024	945.779535	1.074973	0.005782	9.1
1153	-0.726496	946.779535	1.073862	0.004929	9.3
1154	-0.728214	947.779535	1.072754	0.006018	7.2
1155	-0.724896	948.779535	1.071648	0.004515	11.5
1156	-0.721733	949.779535	1.070544	0.005963	9.1
1157	-0.726884	950.779535	1.069442	0.005394	5.7
1158	-0.718890	951.779535	1.068343	0.006079	9.6
1159	-0.731138	952.779535	1.067246	0.005324	13.6
1160	-0.725304	953.779535	1.066151	0.005899	9.1
1161	-0.717690	954.779535	1.065058	0.004795	5.9
1162	-0.723482	955.779535	1.063968	0.005051	7.3
1163	-0.723296	955.767401	1.063981	0.005867	9.3
1164	-0.725621	956.767401	1.062893	0.005106	11.1
1165	-0.719896	957.767401	1.061807	0.006298	12.8
1166	-0.723585	958.767401	1.060723	0.004693	10.8
1167	-0.719999	959.767401	1.059642	0.005724	8.0
1168	-0.725176	960.767401	1.058562	0.004609	7.4
1169	-0.724197	961.767401	1.057485	0.005667	9.5
1170	-0.725172	962.767401	1.056410	0.005600	9.0
1171	-0.720991	963.767401	1.055338	0.006083	9.7
1172	-0.724286	964.767401	1.054267	0.005289	8.3
1173	-0.721159	965.767401	1.053199	0.005684	9.0
1174	-0.726800	966.767401	1.052132	0.004922	10.3
1175	-0.722099	967.767401	1.051068	0.004484	10.7
1176	-0.730388	967.755267	1.051081	0.006242	8.3
1177	-0.724973	968.755267	1.050019	0.004706	8.7
1178	-0.721591	969.755267	1.048959	0.006088	10.5
1179	-0.715390	970.755267	1.047902	0.004264	12.1
1180	-0.728171	971.755267	1.046846	0.005866	10.7
1181	-0.723837	972.755267	1.045793	0.005002	10.1
1182	-0.723519	973.755267	1.044741	0.005077	9.1
1183	-0.720048	973.743134	1.044754	0.006204	8.2
1184	-0.727003	974.743134	1.043705	0.004598	7.1
1185	-0.726241	975.743134	1.042658	0.006074	9.3
1186	-0.717270	976.743134	1.041613	0.004948	9.6
1187	-0.726089	977.743134	1.040570	0.005915	10.8
1188	-0.722390	978.743134	1.039529	0.005025	10.6
1189	-0.726964	979.743134	1.038490	0.005828	11.3
1190	-0.717180	980.743134	1.037454	0.004788	12.8
1191	-0.720762	981.743134	1.036419	0.004438	19.1
1192	-0.722225	981.731000	1.036432	0.006369	13.6
1193	-0.720852	982.731000	1.035399	0.004947	8.1
1194	-0.726299	983.731000	1.034369	0.005865	8.0
1195	-0.725089	984.731000	1.033340	0.005369	11.8
1196	-0.720513	985.731000	1.032314	0.006215	20.0
1197	-0.718989	986.731000	1.031289	0.005319	18.2
1198	-0.720386	987.731000	1.030267	0.005707	11.0
1199	-0.726340	988.731000	1.029247	0.005010	6.7
1200	-0.726060	989.731000	1.028228	0.005984	5.7
1201	-0.719834	990.731000	1.027212	0.004950	7.4
1202	-0.723167	991.731000	1.026198	0.005417	9.0
1203	-0.720246	991.718866	1.026210	0.006137	11.3
1204	-0.718886	992.718866	1.025198	0.004871	8.2
1205	-0.724647	993.718866	1.024187	0.006574	8.2
1206	-0.718803	994.718866	1.023179	0.004964	9.0
1207	-0.717744	995.718866	1.022173	0.005369	10.5
1208	-0.728750	996.718866	1.021168	0.005257	12.0
1209	-0.724970	997.718866	1.020166	0.005955	10.8
1210	-0.726152	998.718866	1.019165	0.005382	7.1
1211	-0.722761	999.718866	1.018167	0.006122	6.9
1212	-0.724243	1000.718866	1.017170	0.004648	5.4
1213	-0.721267	1001.718866	1.016176	0.005751	9.9
1214	-0.726709	1002.718866	1.015183	0.005560	9.1
1215	-0.723864	1003.718866	1.014192	0.004805	9.0
1216	-0.722426	1003.706733	1.014204	0.005935	8.6
1217	-0.721047	1004.706733	1.013216	0.005325	9.4
1218	-0.717922	1005.706733	1.012229	0.005612	10.7
1219	-0.721222	1006.706733	1.011244	0.005366	7.9
1220	-0.715310	1007.706733	1.010261	0.006195	9.0
1221	-0.722227	1008.706733	1.009280	0.004991	11.9
1222	-0.716608	1009.706733	1.008300	0.005592	10.9
1223	-0.720167	1010.706733	1.007323	0.005198	14.7
1224	-0.723111	1011.706733	1.006348	0.006173	10.7
1225	-0.718217	1012.706733	1.005374	0.004821	6.7
1226	-0.728490	1013.706733	1.004403	0.005876	17.4
1227	-0.731220	1014.706733	1.003433	0.004845	9.7
1228	-0.718895	1015.706733	1.002465	0.004871	10.8
1229	-0.716821	1015.694599	1.002477	0.005999	10.7
1230	-0.721227	1016.694599	1.001511	0.005045	11.7
1231	-0.709748	1017.694599	1.000546	0.005741	9.7
1232	-0.716288	1018.694599	0.999584	0.005189	12.5
1233	-0.725413	1019.694599	0.998624	0.006151	11.6
1234	-0.720267	1020.694599	0.997665	0.005232	10.1
1235	-0.727119	1021.694599	0.996708	0.006131	8.8
1236	-0.715544	1022.694599	0.995753	0.004766	11.9
1237	-0.719154	1023.694599	0.994800	0.005434	11.7
1238	-0.726052	1024.694599	0.993849	0.004973	9.4
1239	-0.724170	1025.694599	0.992899	0.005072	9.7
1240	-0.723523	1025.682465	0.992911	0.005561	7.8
1241	-0.716133	1026.682465	0.991963	0.004876	9.5
1242	-0.721886	1027.682465	0.991017	0.005972	8.7
1243	-0.725680	1028.682465	0.990073	0.004785	10.4
1244	-0.718131	1029.682465	0.989131	0.005965	11.2
1245	-0.716536	1030.682465	0.988190	0.005007	18.4
1246	-0.720589	1031.682465	0.987251	0.005549	13.0
1247	-0.728195	1032.682465	0.986314	0.005228	14.2
1248	-0.726484	1033.682465	0.985379	0.006363	6.4
1249	-0.722260	1034.682465	0.984446	0.004814	15.0
1250	-0.722086	1035.682465	0.983514	0.005263	11.3
1251	-0.723872	1035.670331	0.983525	0.005663	12.2
1252	-0.719057	1036.670331	0.982595	0.005143	8.9
1253	-0.725464	1037.670331	0.981667	0.005781	5.6
1254	-0.723124	1038.670331	0.980741	0.005097	8.6
1255	-0.724353	1039.670331	0.979816	0.006255	10.2
1256	-0.718898	1040.670331	0.978893	0.004807	12.2
1257	-0.722943	1041.670331	0.977972	0.005793	11.1
1258	-0.722925	1042.670331	0.977053	0.005035	10.2
1259	-0.729645	1043.670331	0.976135	0.005949	12.3
1260	-0.718813	1044.670331	0.975219	0.004853	12.3
1261	-0.719047	1045.670331	0.974305	0.006249	8.9
1262	-0.729951	1046.670331	0.973392	0.004590	8.3
1263	-0.723855	1047.670331	0.972481	0.004525	9.5
1264	-0.724113	1047.658198	0.972493	0.006184	12.6
1265	-0.719884	1048.658198	0.971583	0.004883	6.2
1266	-0.729063	1049.658198	0.970676	0.005992	9.2
1267	-0.724334	1050.658198	0.969770	0.005539	8.9
1268	-0.721505	1051.658198	0.968866	0.005721	12.4
1269	-0.724867	1052.658198	0.967964	0.005358	9.9
1270	-0.721229	1053.658198	0.967063	0.005886	9.5
1271	-0.721527	1054.658198	0.966164	0.005011	11.4
1272	-0.724063	1055.658198	0.965267	0.006212	9.0
1273	-0.723693	1056.658198	0.964371	0.004751	10.4
1274	-0.727809	1057.658198	0.963477	0.005437	7.4
1275	-0.725593	1057.646064	0.963488	0.006147	7.6
1276	-0.713054	1058.646064	0.962595	0.004593	10.2
1277	-0.719974	1059.646064	0.961704	0.005729	8.8
1278	-0.721469	1060.646064	0.960815	0.005229	9.2
1279	-0.725412	1061.646064	0.959928	0.005960	10.4
1280	-0.720531	1062.646064	0.959042	0.005119	10.3
1281	-0.720845	1063.646064	0.958158	0.005507	10.5
1282	-0.726781	1064.646064	0.957275	0.004890	10.3
1283	-0.718908	1065.646064	0.956394	0.005937	10.0
1284	-0.723115	1066.646064	0.955515	0.005061	15.1
1285	-0.724216	1067.646064	0.954637	0.006217	16.0
1286	-0.722947	1068.646064	0.953761	0.005037	8.6
1287	-0.718781	1069.646064	0.952887	0.005865	11.5
1288	-0.718239	1070.646064	0.952014	0.004859	9.2
1289	-0.721350	1071.646064	0.951142	0.004739	12.4
1290	-0.724454	1071.633930	0.951153	0.005734	9.1
1291	-0.726348	1072.633930	0.950283	0.004850	10.3
1292	-0.724410	1073.633930	0.949415	0.006112	9.5
1293	-0.723450	1074.633930	0.948549	0.005509	10.9
1294	-0.720251	1075.633930	0.947684	0.005818	10.1
1295	-0.717509	1076.633930	0.946820	0.004894	9.4
1296	-0.721751	1077.633930	0.945958	0.005251	7.0
1297	-0.720962	1078.633930	0.945098	0.005032	11.2
1298	-0.715936	1079.633930	0.944240	0.006188	11.1
1299	-0.724054	1080.633930	0.943382	0.004752	9.3
1300	-0.720916	1081.633930	0.942527	0.005026	6.6
1301	-0.722414	1081.621797	0.942537	0.006242	9.7
1302	-0.723210	1082.621797	0.941683	0.005202	7.5
1303	-0.723281	1083.621797	0.940831	0.005867	8.5
1304	-0.717667	1084.621797	0.939980	0.004906	4.4
1305	-0.725571	1085.621797	0.939130	0.005909	8.0
1306	-0.725225	1086.621797	0.938282	0.004735	9.0
1307	-0.720032	1087.621797	0.937436	0.006151	9.0
1308	-0.725721	1088.621797	0.936591	0.005506	9.2
1309	-0.719332	1089.621797	0.935748	0.005849	11.1
1310	-0.720886	1090.621797	0.934906	0.004692	11.4
1311	-0.714640	1091.621797	0.934066	0.005103	12.0
1312	-0.722594	1091.609663	0.934076	0.006070	10.2
1313	-0.725030	1092.609663	0.933237	0.005502	8.1
1314	-0.723125	1093.609663	0.932400	0.005822	9.4
1315	-0.730747	1094.609663	0.931564	0.004902	10.3
1316	-0.714594	1095.609663	0.930730	0.006246	10.7
1317	-0.719457	1096.609663	0.929897	0.004678	8.0
1318	-0.722599	1097.609663	0.929066	0.005948	11.5
1319	-0.721278	1098.609663	0.928236	0.004773	10.1
1320	-0.726247	1099.609663	0.927408	0.005961	10.5
1321	-0.727843	1100.609663	0.926581	0.005103	9.1
1322	-0.725269	1101.609663	0.925756	0.005010	13.5
1323	-0.718404	1101.597529	0.925766	0.005373	9.6
1324	-0.722909	1102.597529	0.924942	0.005002	11.1
1325	-0.714454	1103.597529	0.924119	0.006113	8.0
1326	-0.724031	1104.597529	0.923298	0.004685	9.2
1327	-0.718293	1105.597529	0.922479	0.006131	10.9
1328	-0.720699	1106.597529	0.921660	0.005050	10.5
1329	-0.719863	1107.597529	0.920844	0.005466	12.1
1330	-0.717776	1108.597529	0.920029	0.004728	16.2
1331	-0.718281	1109.597529	0.919215	0.005749	13.8
1332	-0.731358	1110.597529	0.918403	0.005411	17.1
1333	-0.721594	1111.597529	0.917592	0.005510	15.6
1334	-0.718610	1112.597529	0.916782	0.005070	11.3
1335	-0.721763	1113.597529	0.915974	0.005917	9.9
1336	-0.720252	1114.597529	0.915168	0.004856	7.2
1337	-0.727951	1115.597529	0.914362	0.005623	12.7
1338	-0.717920	1115.585396	0.914372	0.005596	12.1
1339	-0.723465	1116.585396	0.913568	0.004660	12.0
1340	-0.722381	1117.585396	0.912766	0.006087	9.8
1341	-0.727263	1118.585396	0.911965	0.004822	12.9
1342	-0.722201	1119.585396	0.911166	0.005718	10.0
1343	-0.722292	1120.585396	0.910367	0.005390	9.4
1344	-0.722610	1121.585396	0.909571	0.006084	10.5
1345	-0.720450	1122.585396	0.908775	0.005063	12.2
1346	-0.723328	1123.585396	0.907981	0.006113	11.3
1347	-0.719691	1124.585396	0.907189	0.004813	13.4
1348	-0.722990	1125.585396	0.906397	0.005716	10.7
1349	-0.718868	1126.585396	0.905608	0.004868	10.3
1350	-0.724659	1127.585396	0.904819	0.004776	8.9
1351	-0.724374	1127.573262	0.904829	0.005613	11.3
1352	-0.728230	1128.573262	0.904042	0.005181	9.4
1353	-0.722391	1129.573262	0.903256	0.005793	8.8
1354	-0.715842	1130.573262	0.902472	0.004911	6.6
1355	-0.723679	1131.573262	0.901689	0.005877	9.4
1356	-0.727849	1132.573262	0.900907	0.005859	8.2
1357	-0.726553	1133.573262	0.900127	0.005896	11.3
1358	-0.722453	1134.573262	0.899348	0.004582	11.7
1359	-0.723356	1135.573262	0.898570	0.005983	12.3
1360	-0.724339	1136.573262	0.897794	0.005104	13.0
1361	-0.720769	1137.573262	0.897019	0.006309	9.9
1362	-0.721634	1138.573262	0.896245	0.004559	12.7
1363	-0.722453	1139.573262	0.895473	0.004893	12.0
1364	-0.719185	1139.561128	0.895482	0.006049	12.0
1365	-0.724064	1140.561128	0.894712	0.004768	11.4
1366	-0.724054	1141.561128	0.893942	0.006214	9.3
1367	-0.719848	1142.561128	0.893174	0.004519	14.4
1368	-0.724976	1143.561128	0.892407	0.005478	7.0
1369	-0.725460	1144.561128	0.891641	0.004678	17.8
1370	-0.724893	1145.561128	0.890877	0.005087	8.7
1371	-0.724887	1145.548995	0.890886	0.006028	9.0
1372	-0.724832	1146.548995	0.890123	0.005005	7.8
1373	-0.724296	1147.548995	0.889361	0.006007	8.0
1374	-0.719531	1148.548995	0.888601	0.004919	6.6
1375	-0.729035	1149.548995	0.887842	0.005659	9.7
1376	-0.719254	1150.548995	0.887084	0.005067	8.2
1377	-0.716653	1151.548995	0.886327	0.005744	9.2
1378	-0.730377	1152.548995	0.885572	0.005142	6.8
1379	-0.724919	1153.548995	0.884818	0.005961	10.1
1380	-0.718770	1154.548995	0.884065	0.004984	6.6
1381	-0.725493	1155.548995	0.883314	0.005803	8.9
1382	-0.720480	1156.548995	0.882564	0.004863	6.5
1383	-0.722873	1157.548995	0.881815	0.004935	7.3
1384	-0.718046	1157.536861	0.881824	0.006001	9.4
1385	-0.724336	1158.536861	0.881076	0.004975	9.5
1386	-0.719082	1159.536861	0.880330	0.005983	9.6
1387	-0.721775	1160.536861	0.879585	0.005066	12.0
1388	-0.724556	1161.536861	0.878841	0.006387	12.2
1389	-0.714012	1162.536861	0.878099	0.005016	12.0
1390	-0.715930	1163.536861	0.877357	0.005721	14.0
1391	-0.719177	1164.536861	0.876617	0.004486	11.3
1392	-0.722512	1165.536861	0.875878	0.005165	12.5
1393	-0.725144	1165.524727	0.875887	0.006041	11.9
1394	-0.724993	1166.524727	0.875150	0.004792	11.9
1395	-0.730583	1167.524727	0.874414	0.005705	10.5
1396	-0.723282	1168.524727	0.873678	0.004809	12.8
1397	-0.725757	1169.524727	0.872945	0.005770	11.0
1398	-0.720089	1170.524727	0.872212	0.004914	9.6
1399	-0.724691	1171.524727	0.871481	0.006048	8.4
1400	-0.725676	1172.524727	0.870750	0.005610	6.7
1401	-0.716087	1173.524727	0.870021	0.005842	6.5
1402	-0.726407	1174.524727	0.869294	0.005321	8.9
1403	-0.724769	1175.524727	0.868567	0.005776	10.0
1404	-0.721145	1176.524727	0.867842	0.004877	11.2
1405	-0.716265	1177.524727	0.867118	0.005442	10.5
1406	-0.723648	1177.512593	0.867127	0.006045	10.0
1407	-0.716219	1178.512593	0.866404	0.004716	7.9
1408	-0.728135	1179.512593	0.865682	0.005941	12.6
1409	-0.722978	1180.512593	0.864961	0.005035	10.8
1410	-0.721636	1181.512593	0.864242	0.005739	9.3
1411	-0.725723	1182.512593	0.863524	0.004884	6.7
1412	-0.723842	1183.512593	0.862807	0.005882	10.3
1413	-0.720909	1184.512593	0.862091	0.004943	7.6
1414	-0.726251	1185.512593	0.861377	0.005793	8.0
1415	-0.723518	1186.512593	0.860664	0.004815	9.0
1416	-0.722248	1187.512593	0.859951	0.005231	7.2
1417	-0.722277	1187.500460	0.859960	0.005779	8.5
1418	-0.728370	1188.500460	0.859249	0.005241	10.0
1419	-0.718283	1189.500460	0.858539	0.005780	14.4
1420	-0.726537	1190.500460	0.857831	0.005317	12.6
1421	-0.724342	1191.500460	0.857123	0.005758	12.2
1422	-0.721739	1192.500460	0.856417	0.004810	13.7
1423	-0.721402	1193.500460	0.855712	0.006497	7.3
1424	-0.725498	1194.500460	0.855008	0.005086	11.5
1425	-0.724171	1195.500460	0.854305	0.005406	9.7
1426	-0.723206	1196.500460	0.853603	0.005188	10.3
1427	-0.719375	1197.500460	0.852903	0.006333	8.6
1428	-0.729992	1198.500460	0.852203	0.005114	10.2
1429	-0.719409	1199.500460	0.851505	0.006219	8.2
1430	-0.719792	1200.500460	0.850808	0.005004	9.3
1431	-0.725363	1201.500460	0.850112	0.004969	9.0
1432	-0.724152	1201.488326	0.850120	0.006071	11.6
1433	-0.713325	1202.488326	0.849425	0.004160	10.4
1434	-0.718361	1203.488326	0.848732	0.005843	10.7
1435	-0.726378	1204.488326	0.848039	0.005171	12.0
1436	-0.723747	1205.488326	0.847348	0.005703	11.9
1437	-0.725423	1206.488326	0.846657	0.005261	7.1
1438	-0.719274	1207.488326	0.845968	0.005817	7.8
1439	-0.725595	1208.488326	0.845280	0.005063	7.4
1440	-0.720274	1209.488326	0.844593	0.005913	6.2
1441	-0.725355	1210.488326	0.843907	0.004839	5.3
1442	-0.723430	1211.488326	0.843223	0.005124	6.3
1443	-0.729438	1211.476192	0.843231	0.006101	10.8
1444	-0.717551	1212.476192	0.842547	0.005001	10.6
1445	-0.719790	1213.476192	0.841865	0.005707	9.8
1446	-0.731201	1214.476192	0.841183	0.005258	9.8
1447	-0.722343	1215.476192	0.840503	0.005861	8.9
1448	-0.723458	1216.476192	0.839824	0.004868	9.4
1449	-0.723645	1217.476192	0.839146	0.005729	7.8
1450	-0.718934	1218.476192	0.838469	0.005283	9.5
1451	-0.724681	1219.476192	0.837793	0.005884	8.9
1452	-0.726536	1220.476192	0.837118	0.005075	11.3
1453	-0.722565	1221.476192	0.836444	0.006148	9.9
1454	-0.720790	1222.476192	0.835772	0.005210	9.2
1455	-0.721019	1223.476192	0.835100	0.004756	12.4
1456	-0.721462	1223.464059	0.835108	0.005697	10.8
1457	-0.725865	1224.464059	0.834438	0.005478	11.1
1458	-0.727852	1225.464059	0.833768	0.006054	17.5
1459	-0.716167	1226.464059	0.833100	0.004539	18.2
1460	-0.719765	1227.464059	0.832433	0.005814	12.3
1461	-0.718617	1228.464059	0.831766	0.005503	7.1
1462	-0.717451	1229.464059	0.831101	0.006239	9.1
1463	-0.720333	1230.464059	0.830437	0.004759	10.5
1464	-0.718711	1231.464059	0.829774	0.005773	8.2
1465	-0.715119	1232.464059	0.829112	0.005126	8.7
1466	-0.723051	1233.464059	0.828451	0.004866	12.5
1467	-0.721119	1233.451925	0.828459	0.005884	9.8
1468	-0.726191	1234.451925	0.827799	0.005269	13.7
1469	-0.716830	1235.451925	0.827140	0.005361	10.0
1470	-0.718878	1236.451925	0.826483	0.004755	15.0
1471	-0.720910	1237.451925	0.825826	0.006257	11.2
1472	-0.721771	1238.451925	0.825170	0.005308	14.4
1473	-0.725380	1239.451925	0.824515	0.005999	10.4
1474	-0.723528	1240.451925	0.823862	0.005317	10.2
1475	-0.722165	1241.451925	0.823209	0.005867	7.2
1476	-0.715537	1242.451925	0.822558	0.005008	6.3
1477	-0.718630	1243.451925	0.821907	0.005842	9.6
1478	-0.724474	1244.451925	0.821258	0.004898	9.6
1479	-0.722588	1245.451925	0.820609	0.005058	8.2
1480	-0.728739	1245.439791	0.820617	0.006300	7.6
1481	-0.723550	1246.439791	0.819970	0.005145	5.7
1482	-0.719236	1247.439791	0.819323	0.006100	8.2
1483	-0.726795	1248.439791	0.818678	0.005482	7.3
1484	-0.723781	1249.439791	0.818033	0.005760	8.4
1485	-0.722232	1250.439791	0.817390	0.005028	11.5
1486	-0.723367	1251.439791	0.816748	0.005892	12.6
1487	-0.721985	1252.439791	0.816106	0.004827	11.1
1488	-0.728132	1253.439791	0.815466	0.006294	14.3
1489	-0.719276	1254.439791	0.814826	0.004754	7.7
1490	-0.724199	1255.439791	0.814188	0.005208	9.0
1491	-0.722446	1255.427658	0.814196	0.005426	9.2
1492	-0.715238	1256.427658	0.813558	0.005046	9.1
1493	-0.719408	1257.427658	0.812922	0.005849	8.1
1494	-0.722952	1258.427658	0.812287	0.004997	9.0
1495	-0.719113	1259.427658	0.811652	0.005573	10.5
1496	-0.722799	1260.427658	0.811019	0.005208	10.3
1497	-0.722340	1261.427658	0.810387	0.005960	7.0
1498	-0.715211	1262.427658	0.809755	0.004709	10.5
1499	-0.715028	1263.427658	0.809125	0.006016	8.5
1500	-0.720846	1264.427658	0.808495	0.004688	8.1
1501	-0.727245	1265.427658	0.807867	0.005270	10.5
1502	-0.721063	1266.427658	0.807239	0.005371	18.8
1503	-0.721391	1267.427658	0.806613	0.005680	11.1
1504	-0.720571	1268.427658	0.805987	0.005100	14.7
1505	-0.718500	1269.427658	0.805363	0.005970	13.1
1506	-0.716878	1270.427658	0.804739	0.005013	10.9
1507	-0.726833	1271.427658	0.804116	0.004823	14.2
1508	-0.721648	1271.415524	0.804124	0.005829	9.0
1509	-0.721116	1272.415524	0.803502	0.005158	10.4
1510	-0.725336	1273.415524	0.802881	0.005878	11.1
1511	-0.731661	1274.415524	0.802262	0.005328	11.5
1512	-0.728198	1275.415524	0.801643	0.005530	10.0
1513	-0.723228	1276.415524	0.801025	0.005354	8.2
1514	-0.724337	1277.415524	0.800408	0.006055	10.4
1515	-0.722546	1278.415524	0.799792	0.005144	12.0
1516	-0.722241	1279.415524	0.799177	0.005905	11.8
1517	-0.720035	1280.415524	0.798563	0.004700	13.2
1518	-0.722549	1281.415524	0.797950	0.006539	11.6
1519	-0.724940	1282.415524	0.797338	0.005236	9.9
1520	-0.715951	1283.415524	0.796726	0.004999	12.7
1521	-0.721142	1283.403390	0.796734	0.006074	10.3
1522	-0.722306	1284.403390	0.796123	0.005117	8.8
1523	-0.723899	1285.403390	0.795514	0.005560	6.2
1524	-0.722224	1286.403390	0.794905	0.004652	5.9
1525	-0.727163	1287.403390	0.794298	0.006329	5.6
1526	-0.721601	1288.403390	0.793691	0.005262	8.4
1527	-0.719641	1289.403390	0.793086	0.005824	10.9
1528	-0.726082	1290.403390	0.792481	0.005114	15.2
1529	-0.724209	1291.403390	0.791877	0.005461	10.5
1530	-0.715118	1292.403390	0.791274	0.004335	9.0
1531	-0.718477	1293.403390	0.790672	0.005097	8.4
1532	-0.719501	1293.391257	0.790679	0.005738	9.4
1533	-0.723209	1294.391257	0.790078	0.004917	5.8
1534	-0.721811	1295.391257	0.789478	0.005729	12.0
1535	-0.726876	1296.391257	0.788879	0.005154	8.3
1536	-0.725274	1297.391257	0.788280	0.006171	12.5
1537	-0.718497	1298.391257	0.787683	0.004943	19.3
1538	-0.723086	1299.391257	0.787086	0.006198	16.1
1539	-0.727529	1300.391257	0.786491	0.005396	9.2
1540	-0.720398	1301.391257	0.785896	0.006315	11.8
1541	-0.719964	1302.391257	0.785302	0.005164	8.3
1542	-0.725863	1303.391257	0.784709	0.005897	10.8
1543	-0.712793	1304.391257	0.784117	0.004802	12.0
1544	-0.724665	1305.391257	0.783526	0.004785	8.8
1545	-0.717937	1305.379123	0.783533	0.005902	9.5
1546	-0.724852	1306.379123	0.782943	0.005029	11.3
1547	-0.723835	1307.379123	0.782354	0.005718	7.2
1548	-0.722971	1308.379123	0.781765	0.004992	9.0
1549	-0.726647	1309.379123	0.781177	0.005771	11.5
1550	-0.720574	1310.379123	0.780591	0.004591	9.5
1551	-0.716249	1311.379123	0.780005	0.005541	12.5
1552	-0.719414	1312.379123	0.779420	0.005051	8.8
1553	-0.723134	1313.379123	0.778836	0.005397	13.9
1554	-0.714960	1314.379123	0.778252	0.005235	10.6
1555	-0.720849	1315.379123	0.777670	0.005807	11.2
1556	-0.725232	1316.379123	0.777089	0.005004	7.3
1557	-0.716264	1317.379123	0.776508	0.005078	6.5
1558	-0.716315	1317.366989	0.776515	0.005529	6.4
1559	-0.724984	1318.366989	0.775935	0.005355	6.5
1560	-0.722151	1319.366989	0.775356	0.005624	6.8
1561	-0.724007	1320.366989	0.774778	0.005305	9.1
1562	-0.720273	1321.366989	0.774201	0.006007	7.4
1563	-0.718018	1322.366989	0.773625	0.004919	8.0
1564	-0.718510	1323.366989	0.773049	0.005596	6.2
1565	-0.729758	1324.366989	0.772475	0.005205	7.1
1566	-0.720483	1325.366989	0.771901	0.005452	8.5
1567	-0.725560	1326.366989	0.771328	0.005391	9.1
1568	-0.724310	1327.366989	0.770756	0.005815	8.6
1569	-0.719084	1328.366989	0.770185	0.005059	9.1
1570	-0.721349	1329.366989	0.769615	0.005981	11.2
1571	-0.721391	1330.366989	0.769045	0.004888	6.4
1572	-0.724734	1331.366989	0.768476	0.005530	9.1
1573	-0.717747	1332.366989	0.767909	0.005044	10.8
1574	-0.718825	1333.366989	0.767342	0.004914	9.6
1575	-0.720951	1333.354856	0.767348	0.006319	11.7
1576	-0.723738	1334.354856	0.766782	0.004647	7.8
1577	-0.725460	1335.354856	0.766217	0.005707	8.3
1578	-0.726042	1336.354856	0.765652	0.005230	13.5
1579	-0.726961	1337.354856	0.765089	0.005858	12.0
1580	-0.728408	1338.354856	0.764526	0.005440	16.8
1581	-0.719526	1339.354856	0.763964	0.006025	10.9
1582	-0.724374	1340.354856	0.763403	0.004864	13.4
1583	-0.723057	1341.354856	0.762842	0.005367	7.8
1584	-0.722349	1342.354856	0.762283	0.005125	8.8
1585	-0.717638	1343.354856	0.761724	0.005720	7.5
1586	-0.721882	1344.354856	0.761166	0.005734	9.0
1587	-0.725384	1345.354856	0.760609	0.005878	8.7
1588	-0.720634	1346.354856	0.760053	0.005547	11.9
1589	-0.724802	1347.354856	0.759498	0.005795	12.3
1590	-0.722349	1348.354856	0.758943	0.005334	11.6
1591	-0.719698	1349.354856	0.758389	0.005512	10.6
1592	-0.730114	1350.354856	0.757836	0.005799	9.4
1593	-0.720633	1351.354856	0.757284	0.006184	8.7
1594	-0.724338	1352.354856	0.756732	0.004909	9.9
1595	-0.724922	1353.354856	0.756182	0.004816	13.2
1596	-0.723828	1353.342722	0.756188	0.006062	10.8
1597	-0.720470	1354.342722	0.755639	0.004942	11.9
1598	-0.714972	1355.342722	0.755090	0.005157	12.0
1599	-0.721307	1356.342722	0.754541	0.005070	12.2
1600	-0.722495	1357.342722	0.753994	0.005522	13.0
1601	-0.725132	1358.342722	0.753447	0.005086	9.1
1602	-0.727307	1359.342722	0.752901	0.006077	10.2
1603	-0.720737	1360.342722	0.752356	0.005245	9.8
1604	-0.721250	1361.342722	0.751812	0.005768	6.6
1605	-0.724487	1362.342722	0.751269	0.004581	9.0
1606	-0.722699	1363.342722	0.750726	0.005239	10.0
1607	-0.724647	1364.342722	0.750184	0.005033	11.2
1608	-0.718840	1365.342722	0.749643	0.005775	9.3
1609	-0.724242	1366.342722	0.749103	0.004736	9.3
1610	-0.722931	1367.342722	0.748563	0.004834	16.3
1611	-0.726106	1367.330588	0.748570	0.005982	9.2
1612	-0.724873	1368.330588	0.748031	0.005546	11.7
1613	-0.721225	1369.330588	0.747493	0.006010	12.8
1614	-0.723725	1370.330588	0.746956	0.004862	8.9
1615	-0.724252	1371.330588	0.746419	0.005278	11.9
1616	-0.721857	1372.330588	0.745883	0.004977	13.2
1617	-0.722563	1373.330588	0.745348	0.005443	10.9
1618	-0.721795	1374.330588	0.744814	0.005391	9.6
1619	-0.730620	1375.330588	0.744281	0.005739	9.8
1620	-0.719513	1376.330588	0.743748	0.004801	6.6
1621	-0.723139	1377.330588	0.743216	0.006277	7.7
1622	-0.721284	1378.330588	0.742685	0.005105	8.8
1623	-0.720780	1379.330588	0.742155	0.005910	11.0
1624	-0.720496	1380.330588	0.741625	0.005028	12.7
1625	-0.720675	1381.330588	0.741096	0.004921	12.6
1626	-0.726152	1381.318454	0.741103	0.005568	12.0
1627	-0.719022	1382.318454	0.740575	0.004712	12.3
1628	-0.723700	1383.318454	0.740047	0.005154	13.4
1629	-0.723886	1384.318454	0.739521	0.004938	11.2
1630	-0.720350	1385.318454	0.738995	0.006004	12.3
1631	-0.723217	1386.318454	0.738470	0.005013	11.5
1632	-0.722140	1387.318454	0.737945	0.005364	10.9
1633	-0.725621	1388.318454	0.737422	0.005211	9.4
1634	-0.722814	1389.318454	0.736899	0.005960	8.1
1635	-0.719284	1390.318454	0.736377	0.004828	13.2
1636	-0.720650	1391.318454	0.735855	0.006138	12.8
1637	-0.724898	1392.318454	0.735335	0.005205	10.1
1638	-0.720003	1393.318454	0.734815	0.005518	16.4
1639	-0.720489	1393.306321	0.734821	0.005499	9.4
1640	-0.722766	1394.306321	0.734302	0.005354	10.9
1641	-0.723523	1395.306321	0.733783	0.005858	10.3
1642	-0.717681	1396.306321	0.733266	0.004856	13.0
1643	-0.722630	1397.306321	0.732749	0.005962	10.6
1644	-0.722588	1398.306321	0.732232	0.005173	8.4
1645	-0.718784	1399.306321	0.731717	0.005485	10.1
1646	-0.719168	1400.306321	0.731202	0.005250	6.9
1647	-0.720566	1401.306321	0.730688	0.005506	6.1
1648	-0.723573	1402.306321	0.730175	0.005230	7.0
1649	-0.721140	1403.306321	0.729662	0.005711	7.9
1650	-0.725642	1404.306321	0.729150	0.005099	8.8
1651	-0.718672	1405.306321	0.728639	0.005583	11.6
1652	-0.722778	1406.306321	0.728128	0.005108	11.7
1653	-0.722705	1407.306321	0.727618	0.005526	10.1
1654	-0.719720	1408.306321	0.727109	0.005058	12.2
1655	-0.717724	1409.306321	0.726601	0.005529	14.2
1656	-0.725114	1410.306321	0.726093	0.005477	13.1
1657	-0.716630	1411.306321	0.725586	0.005677	9.7
1658	-0.725283	1412.306321	0.725080	0.005063	11.0
1659	-0.723975	1413.306321	0.724575	0.006046	10.6
1660	-0.731170	1414.306321	0.724070	0.005807	10.9
1661	-0.727486	1415.306321	0.723566	0.005665	11.7
1662	-0.720225	1416.306321	0.723062	0.005218	8.3
1663	-0.719377	1417.306321	0.722560	0.005369	12.4
1664	-0.724689	1417.294187	0.722566	0.005445	8.5
1665	-0.722064	1418.294187	0.722064	0.004897	11.2
1666	-0.722796	1419.294187	0.721562	0.006129	11.1
1667	-0.717044	1420.294187	0.721062	0.004967	18.0
1668	-0.726957	1421.294187	0.720562	0.006031	16.7
1669	-0.719597	1422.294187	0.720063	0.004920	11.5
1670	-0.724004	1423.294187	0.719564	0.005697	17.2
1671	-0.725552	1424.294187	0.719066	0.005477	11.9
1672	-0.719778	1425.294187	0.718569	0.006037	9.9
1673	-0.722820	1426.294187	0.718072	0.005029	11.5
1674	-0.724319	1427.294187	0.717577	0.005929	10.8
1675	-0.720984	1428.294187	0.717082	0.005433	12.1
1676	-0.720293	1429.294187	0.716587	0.005784	11.5
1677	-0.726397	1430.294187	0.716093	0.005521	10.5
1678	-0.724595	1431.294187	0.715600	0.005995	14.0
1679	-0.721223	1432.294187	0.715108	0.004866	11.3
1680	-0.726426	1433.294187	0.714616	0.005073	6.8
1681	-0.722420	1433.282053	0.714622	0.005540	8.8
1682	-0.724700	1434.282053	0.714131	0.005362	8.6
1683	-0.717627	1435.282053	0.713641	0.006097	7.8
1684	-0.728190	1436.282053	0.713151	0.005770	7.9
1685	-0.722444	1437.282053	0.712662	0.005578	14.2
1686	-0.722581	1438.282053	0.712174	0.004767	11.3
1687	-0.724796	1439.282053	0.711686	0.005827	11.5
1688	-0.719361	1440.282053	0.711199	0.005075	11.5
1689	-0.720850	1441.282053	0.710712	0.005732	11.8
1690	-0.721207	1442.282053	0.710227	0.004600	11.1
1691	-0.720055	1443.282053	0.709742	0.005699	11.2
1692	-0.718019	1444.282053	0.709257	0.004851	10.1
1693	-0.725844	1445.282053	0.708774	0.005396	13.0
1694	-0.722751	1446.282053	0.708291	0.005029	10.1
1695	-0.724619	1447.282053	0.707808	0.005855	11.4
1696	-0.725618	1448.282053	0.707326	0.005076	6.7
1697	-0.721571	1449.282053	0.706845	0.005064	11.5
1698	-0.717709	1449.269920	0.706851	0.006277	10.7
1699	-0.722663	1450.269920	0.706371	0.005220	12.4
1700	-0.723755	1451.269920	0.705891	0.006159	14.3
1701	-0.725122	1452.269920	0.705412	0.005330	13.0
1702	-0.718390	1453.269920	0.704933	0.005486	10.5
1703	-0.721651	1454.269920	0.704456	0.005067	13.9
1704	-0.722690	1455.269920	0.703978	0.005853	12.9
1705	-0.720269	1456.269920	0.703502	0.005034	7.6
1706	-0.721879	1457.269920	0.703026	0.005711	13.3
1707	-0.717549	1458.269920	0.702551	0.004766	18.4
1708	-0.723550	1459.269920	0.702076	0.005397	14.0
1709	-0.724640	1460.269920	0.701602	0.005362	21.7
1710	-0.722954	1461.269920	0.701129	0.006205	13.7
1711	-0.732890	1462.269920	0.700656	0.005555	12.2
1712	-0.722262	1463.269920	0.700184	0.005813	13.8
1713	-0.722720	1464.269920	0.699713	0.005294	9.5
1714	-0.722043	1465.269920	0.699242	0.004964	9.9
1715	-0.720952	1465.257786	0.699248	0.005664	9.3
1716	-0.725564	1466.257786	0.698777	0.004557	7.7
1717	-0.718318	1467.257786	0.698308	0.005586	6.9
1718	-0.721098	1468.257786	0.697839	0.004864	11.2
1719	-0.723676	1469.257786	0.697371	0.006156	11.9
1720	-0.722959	1470.257786	0.696903	0.004881	10.9
1721	-0.721187	1471.257786	0.696436	0.005686	12.2
1722	-0.719782	1472.257786	0.695970	0.004755	16.2
1723	-0.715942	1473.257786	0.695504	0.005510	12.3
1724	-0.724743	1474.257786	0.695039	0.005124	14.0
1725	-0.723188	1475.257786	0.694574	0.005818	10.2
1726	-0.723728	1476.257786	0.694110	0.005215	7.5
1727	-0.724692	1477.257786	0.693647	0.005195	12.0
1728	-0.719475	1477.245652	0.693653	0.006727	11.2
1729	-0.719542	1478.245652	0.693190	0.004703	14.6
1730	-0.725964	1479.245652	0.692728	0.005850	11.3
1731	-0.723634	1480.245652	0.692267	0.005301	7.0
1732	-0.720137	1481.245652	0.691806	0.005822	8.4
1733	-0.728037	1482.245652	0.691345	0.005544	7.6
1734	-0.721865	1483.245652	0.690886	0.005448	9.1
1735	-0.718061	1484.245652	0.690427	0.004909	9.0
1736	-0.722233	1485.245652	0.689969	0.006283	9.6
1737	-0.724986	1486.245652	0.689511	0.005165	9.3
1738	-0.726740	1487.245652	0.689054	0.006060	15.1
1739	-0.724858	1488.245652	0.688597	0.004970	12.2
1740	-0.720886	1489.245652	0.688141	0.005266	12.3
1741	-0.729956	1489.233519	0.688147	0.005849	11.7
1742	-0.723397	1490.233519	0.687691	0.005210	9.3
1743	-0.722261	1491.233519	0.687237	0.005567	12.1
1744	-0.719247	1492.233519	0.686782	0.004744	28.5
1745	-0.727057	1493.233519	0.686329	0.005664	25.9
1746	-0.722282	1494.233519	0.685876	0.005012	8.4
1747	-0.720476	1495.233519	0.685424	0.005539	10.0
1748	-0.728401	1496.233519	0.684972	0.005363	13.8
1749	-0.722411	1497.233519	0.684521	0.005963	13.7
1750	-0.724194	1498.233519	0.684070	0.004950	13.7
1751	-0.720536	1499.233519	0.683620	0.005692	16.1
1752	-0.722565	1500.233519	0.683171	0.004973	14.1
1753	-0.725502	1501.233519	0.682722	0.005545	10.8
1754	-0.727771	1502.233519	0.682274	0.005128	7.7
1755	-0.722037	1503.233519	0.681826	0.005798	11.3
1756	-0.717446	1504.233519	0.681379	0.005147	9.0
1757	-0.718637	1505.233519	0.680933	0.004570	12.9
1758	-0.720360	1505.221385	0.680938	0.005766	17.5
1759	-0.723752	1506.221385	0.680492	0.004937	11.6
1760	-0.714747	1507.221385	0.680047	0.005830	8.0
1761	-0.726813	1508.221385	0.679602	0.005024	13.0
1762	-0.727734	1509.221385	0.679158	0.005830	10.5
1763	-0.723697	1510.221385	0.678714	0.005476	9.3
1764	-0.725049	1511.221385	0.678272	0.005575	9.6
1765	-0.720262	1512.221385	0.677829	0.005187	8.3
1766	-0.725774	1513.221385	0.677387	0.006218	10.3
1767	-0.725949	1514.221385	0.676946	0.004632	10.3
1768	-0.724709	1515.221385	0.676505	0.005837	7.2
1769	-0.718617	1516.221385	0.676065	0.005395	6.7
1770	-0.723481	1517.221385	0.675626	0.005150	7.3
1771	-0.725899	1517.209251	0.675631	0.005449	5.7
1772	-0.720735	1518.209251	0.675192	0.005208	9.8
1773	-0.718374	1519.209251	0.674754	0.005609	7.4
1774	-0.721994	1520.209251	0.674316	0.005035	6.3
1775	-0.724402	1521.209251	0.673879	0.005935	11.5
1776	-0.720614	1522.209251	0.673442	0.004818	10.1
1777	-0.717240	1523.209251	0.673006	0.006045	7.4
1778	-0.718787	1524.209251	0.672570	0.004960	13.3
1779	-0.723590	1525.209251	0.672135	0.005716	9.5
1780	-0.721134	1526.209251	0.671701	0.005322	12.7
1781	-0.722169	1527.209251	0.671267	0.005391	14.1
1782	-0.724809	1528.209251	0.670834	0.005061	12.9
1783	-0.724366	1529.209251	0.670401	0.005641	13.5
1784	-0.724575	1530.209251	0.669969	0.005006	6.9
1785	-0.722594	1531.209251	0.669537	0.005892	8.3
1786	-0.726631	1532.209251	0.669106	0.005365	7.8
1787	-0.720474	1533.209251	0.668676	0.006035	9.1
1788	-0.724430	1534.209251	0.668246	0.005206	7.1
1789	-0.725948	1535.209251	0.667816	0.005728	7.3
1790	-0.724121	1535.197118	0.667822	0.006191	8.9
1791	-0.726815	1536.197118	0.667393	0.004826	9.8
1792	-0.720473	1537.197118	0.666964	0.005821	5.7
1793	-0.711481	1538.197118	0.666537	0.004479	9.0
1794	-0.719966	1539.197118	0.666109	0.005540	12.8
1795	-0.719222	1540.197118	0.665683	0.005335	8.1
1796	-0.724109	1541.197118	0.665257	0.005520	7.6
1797	-0.730462	1542.197118	0.664831	0.005358	6.8
1798	-0.721802	1543.197118	0.664406	0.006044	8.9
1799	-0.723164	1544.197118	0.663982	0.005515	10.8
1800	-0.716558	1545.197118	0.663558	0.005782	9.1
1801	-0.718262	1546.197118	0.663134	0.005002	13.4
1802	-0.731583	1547.197118	0.662711	0.005514	8.6
1803	-0.720748	1548.197118	0.662289	0.005322	6.7
1804	-0.720320	1549.197118	0.661867	0.005722	7.6
1805	-0.721426	1550.197118	0.661446	0.005193	6.1
1806	-0.725363	1551.197118	0.661025	0.006163	12.3
1807	-0.718351	1552.197118	0.660605	0.004987	9.0
1808	-0.723480	1553.197118	0.660185	0.005267	8.3
1809	-0.718995	1553.184984	0.660191	0.005523	8.8
1810	-0.722015	1554.184984	0.659771	0.005061	11.4
1811	-0.717688	1555.184984	0.659353	0.005517	14.6
1812	-0.723246	1556.184984	0.658935	0.005152	12.5
1813	-0.723682	1557.184984	0.658517	0.005406	11.4
1814	-0.719198	1558.184984	0.658100	0.004786	11.8
1815	-0.731911	1559.184984	0.657684	0.005995	15.2
1816	-0.720807	1560.184984	0.657268	0.004819	8.1
1817	-0.721448	1561.184984	0.656852	0.006100	7.8
1818	-0.722113	1562.184984	0.656438	0.005270	8.2
1819	-0.722855	1563.184984	0.656023	0.005533	10.1
1820	-0.726020	1564.184984	0.655609	0.005390	11.4
1821	-0.717704	1565.184984	0.655196	0.005491	11.4
1822	-0.719134	1566.184984	0.654783	0.005109	8.3
1823	-0.721910	1567.184984	0.654371	0.006359	17.6
1824	-0.718976	1568.184984	0.653959	0.004739	13.1
1825	-0.717630	1569.184984	0.653548	0.004679	11.9
1826	-0.722290	1569.172850	0.653553	0.005925	17.1
1827	-0.726324	1570.172850	0.653142	0.005381	10.2
1828	-0.715504	1571.172850	0.652732	0.005580	10.8
1829	-0.722869	1572.172850	0.652322	0.004846	13.2
1830	-0.725665	1573.172850	0.651913	0.005665	12.6
1831	-0.722418	1574.172850	0.651504	0.005231	11.1
1832	-0.714753	1575.172850	0.651096	0.005511	11.0
1833	-0.725013	1576.172850	0.650689	0.005436	11.6
1834	-0.723123	1577.172850	0.650281	0.005820	13.1
1835	-0.724332	1578.172850	0.649875	0.004636	12.2
1836	-0.721085	1579.172850	0.649469	0.006025	10.1
1837	-0.726676	1580.172850	0.649063	0.005144	8.1
1838	-0.719247	1581.172850	0.648658	0.005320	12.1
1839	-0.726854	1581.160716	0.648663	0.005673	10.7
1840	-0.724454	1582.160716	0.648258	0.005018	10.1
1841	-0.727995	1583.160716	0.647854	0.006225	8.1
1842	-0.720129	1584.160716	0.647450	0.005239	8.0
1843	-0.722483	1585.160716	0.647047	0.005990	7.2
1844	-0.721215	1586.160716	0.646645	0.004918	9.2
1845	-0.721374	1587.160716	0.646243	0.005656	10.6
1846	-0.721527	1588.160716	0.645841	0.005246	11.9
1847	-0.722487	1589.160716	0.645440	0.005893	11.2
1848	-0.728516	1590.160716	0.645039	0.005006	9.0
1849	-0.718095	1591.160716	0.644639	0.005776	7.5
1850	-0.723474	1592.160716	0.644240	0.004687	10.6
1851	-0.717354	1593.160716	0.643841	0.005836	14.1
1852	-0.724012	1594.160716	0.643442	0.004954	6.7
1853	-0.718629	1595.160716	0.643044	0.005113	8.6
1854	-0.722532	1595.148583	0.643049	0.005235	5.9
1855	-0.723854	1596.148583	0.642651	0.005167	7.9
1856	-0.727156	1597.148583	0.642254	0.005754	13.2
1857	-0.725410	1598.148583	0.641857	0.005457	11.2
1858	-0.721483	1599.148583	0.641461	0.005823	7.8
1859	-0.731538	1600.148583	0.641065	0.005312	10.7
1860	-0.716603	1601.148583	0.640670	0.005672	7.9
1861	-0.720875	1602.148583	0.640275	0.004751	6.4
1862	-0.720665	1603.148583	0.639881	0.005726	8.0
1863	-0.726348	1604.148583	0.639487	0.005557	9.2
1864	-0.719815	1605.148583	0.639094	0.005858	10.7
1865	-0.722903	1606.148583	0.638701	0.005189	7.4
1866	-0.723084	1607.148583	0.638309	0.006169	10.4
1867	-0.721085	1608.148583	0.637917	0.005097	13.2
1868	-0.725471	1609.148583	0.637526	0.005655	6.1
1869	-0.721926	1610.148583	0.637135	0.005419	7.9
1870	-0.718626	1611.148583	0.636745	0.005655	8.9
1871	-0.722298	1612.148583	0.636355	0.005119	9.4
1872	-0.720155	1613.148583	0.635965	0.005316	10.4
1873	-0.724949	1613.136449	0.635970	0.005689	9.1
1874	-0.727131	1614.136449	0.635581	0.005342	8.0
1875	-0.718354	1615.136449	0.635193	0.006048	7.5
1876	-0.724591	1616.136449	0.634805	0.004769	10.0
1877	-0.723516	1617.136449	0.634417	0.005874	6.3
1878	-0.721682	1618.136449	0.634030	0.005236	6.2
1879	-0.718712	1619.136449	0.633644	0.005817	9.8
1880	-0.720913	1620.136449	0.633258	0.004952	8.8
1881	-0.716708	1621.136449	0.632872	0.005498	9.8
1882	-0.725233	1622.136449	0.632487	0.005281	10.2
1883	-0.725562	1623.136449	0.632102	0.005706	5.5
1884	-0.719734	1624.136449	0.631718	0.005174	6.6
1885	-0.722448	1625.136449	0.631334	0.006668	8.5
1886	-0.722995	1626.136449	0.630951	0.005762	10.3
1887	-0.719173	1627.136449	0.630568	0.005470	11.0
1888	-0.726313	1628.136449	0.630186	0.005613	6.7
1889	-0.725628	1629.136449	0.629804	0.005713	8.5
1890	-0.732101	1630.136449	0.629422	0.005198	6.8
1891	-0.724068	1631.136449	0.629041	0.005329	5.5
1892	-0.724155	1631.124315	0.629046	0.005549	12.0
1893	-0.718165	1632.124315	0.628665	0.005044	6.4
1894	-0.726092	1633.124315	0.628285	0.005642	6.6
1895	-0.716599	1634.124315	0.627906	0.004782	7.1
1896	-0.725941	1635.124315	0.627527	0.006076	6.9
1897	-0.726655	1636.124315	0.627148	0.005302	12.3
1898	-0.721852	1637.124315	0.626770	0.005530	8.9
1899	-0.723803	1638.124315	0.626392	0.005023	9.0
1900	-0.719129	1639.124315	0.626015	0.006054	9.4
1901	-0.718177	1640.124315	0.625638	0.005156	10.0
1902	-0.724345	1641.124315	0.625261	0.005794	11.3
1903	-0.717362	1642.124315	0.624885	0.004935	11.9
1904	-0.727451	1643.124315	0.624510	0.005720	10.7
1905	-0.723816	1644.124315	0.624135	0.005192	17.9
1906	-0.722134	1645.124315	0.623760	0.004910	8.8
1907	-0.726340	1645.112182	0.623765	0.005757	14.1
1908	-0.718871	1646.112182	0.623391	0.004885	13.8
1909	-0.722720	1647.112182	0.623017	0.006196	15.5
1910	-0.722544	1648.112182	0.622644	0.005144	9.9
1911	-0.729875	1649.112182	0.622271	0.005822	9.8
1912	-0.726024	1650.112182	0.621898	0.005370	7.4
1913	-0.721452	1651.112182	0.621527	0.005565	8.0
1914	-0.721762	1652.112182	0.621155	0.005130	10.7
1915	-0.729927	1653.112182	0.620784	0.005799	7.5
1916	-0.724573	1654.112182	0.620413	0.005449	10.7
1917	-0.723279	1655.112182	0.620043	0.005996	10.8
1918	-0.721578	1656.112182	0.619674	0.005176	10.6
1919	-0.723456	1657.112182	0.619304	0.005795	9.9
1920	-0.727345	1658.112182	0.618935	0.005486	9.8
1921	-0.723989	1659.112182	0.618567	0.005862	9.7
1922	-0.724167	1660.112182	0.618199	0.004983	12.9
1923	-0.725079	1661.112182	0.617832	0.005235	13.8
1924	-0.723240	1661.100048	0.617836	0.005728	12.9
1925	-0.721456	1662.100048	0.617469	0.005165	13.7
1926	-0.720859	1663.100048	0.617102	0.005923	13.5
1927	-0.726055	1664.100048	0.616736	0.005448	10.0
1928	-0.720276	1665.100048	0.616370	0.005306	11.4
1929	-0.725906	1666.100048	0.616005	0.005177	9.0
1930	-0.720462	1667.100048	0.615640	0.005387	10.3
1931	-0.720154	1668.100048	0.615276	0.004851	11.2
1932	-0.715915	1669.100048	0.614912	0.005655	8.8
1933	-0.717813	1670.100048	0.614548	0.004771	7.6
1934	-0.727317	1671.100048	0.614185	0.005885	10.1
1935	-0.720903	1672.100048	0.613822	0.005266	8.2
1936	-0.725887	1673.100048	0.613460	0.005557	6.2
1937	-0.722480	1674.100048	0.613098	0.005040	10.8
1938	-0.720489	1675.100048	0.612736	0.005908	10.3
1939	-0.725742	1676.100048	0.612375	0.004976	8.0
1940	-0.726415	1677.100048	0.612015	0.005710	7.9
1941	-0.724377	1678.100048	0.611654	0.004778	10.0
1942	-0.720483	1679.100048	0.611295	0.004872	9.4
1943	-0.711246	1679.087914	0.611299	0.005479	20.0
1944	-0.723974	1680.087914	0.610940	0.005241	13.9
1945	-0.723868	1681.087914	0.610581	0.006106	7.6
1946	-0.722234	1682.087914	0.610222	0.005629	8.0
1947	-0.719984	1683.087914	0.609864	0.005364	6.7
1948	-0.722193	1684.087914	0.609506	0.005265	10.6
1949	-0.724839	1685.087914	0.609149	0.005434	11.9
1950	-0.725256	1686.087914	0.608792	0.005113	12.9
1951	-0.722674	1687.087914	0.608436	0.005658	7.6
1952	-0.715697	1688.087914	0.608080	0.005278	8.4
1953	-0.725141	1689.087914	0.607724	0.005647	6.7
1954	-0.722919	1690.087914	0.607369	0.005263	9.6
1955	-0.718494	1691.087914	0.607014	0.004889	8.8
1956	-0.727285	1692.087914	0.606660	0.005385	7.9
1957	-0.722041	1693.087914	0.606306	0.005701	13.0
1958	-0.720442	1694.087914	0.605953	0.005107	11.9
1959	-0.719140	1695.087914	0.605600	0.005970	13.7
1960	-0.727641	1696.087914	0.605247	0.005021	8.3
1961	-0.721502	1697.087914	0.604895	0.005637	10.6
1962	-0.726292	1698.087914	0.604543	0.005301	7.7
1963	-0.724775	1699.087914	0.604191	0.005484	8.9
1964	-0.718934	1700.087914	0.603840	0.005236	9.0
1965	-0.719451	1701.087914	0.603490	0.005494	9.3
1966	-0.722940	1702.087914	0.603139	0.004818	14.9
1967	-0.721906	1703.087914	0.602790	0.005039	8.4
1968	-0.724265	1703.075781	0.602794	0.005793	8.3
1969	-0.717170	1704.075781	0.602444	0.005345	10.8
1970	-0.722429	1705.075781	0.602095	0.005573	11.8
1971	-0.717610	1706.075781	0.601747	0.005091	12.7
1972	-0.727171	1707.075781	0.601398	0.005698	10.7
1973	-0.727237	1708.075781	0.601051	0.005424	9.8
1974	-0.719582	1709.075781	0.600703	0.005743	9.4
1975	-0.721206	1710.075781	0.600356	0.005079	9.2
1976	-0.722355	1711.075781	0.600010	0.005451	9.1
1977	-0.715162	1712.075781	0.599663	0.004672	9.6
1978	-0.719365	1713.075781	0.599318	0.005663	10.4
1979	-0.718418	1714.075781	0.598972	0.004731	11.3
1980	-0.721830	1715.075781	0.598627	0.005380	10.8
1981	-0.723059	1716.075781	0.598283	0.005315	12.1
1982	-0.721963	1717.075781	0.597938	0.005255	11.7
1983	-0.723664	1718.075781	0.597594	0.004989	12.1
1984	-0.728875	1719.075781	0.597251	0.005579	12.7
1985	-0.724710	1720.075781	0.596908	0.004969	9.4
1986	-0.721685	1721.075781	0.596565	0.005874	8.5
1987	-0.722615	1722.075781	0.596223	0.004837	14.9
1988	-0.720642	1723.075781	0.595881	0.005190	9.9
1989	-0.720598	1723.063647	0.595885	0.006046	11.2
1990	-0.720854	1724.063647	0.595544	0.005259	10.6
1991	-0.717726	1725.063647	0.595203	0.005681	7.9
1992	-0.722900	1726.063647	0.594862	0.005130	9.1
1993	-0.721058	1727.063647	0.594522	0.005348	12.7
1994	-0.723701	1728.063647	0.594182	0.004970	7.2
1995	-0.730047	1729.063647	0.593842	0.005361	13.8
1996	-0.722053	1730.063647	0.593503	0.004865	11.4
1997	-0.721623	1731.063647	0.593165	0.006175	8.8
1998	-0.725393	1732.063647	0.592826	0.005083	8.3
1999	-0.727337	1733.063647	0.592488	0.005334	9.0
